1 0.4665093744186046 0.5816749999999999 0.4621875 0.5935374999999999 0.49955937441860465 0.6182833343749999 0.5041343744186046 0.606758334375 0.4665093744186046 0.5816749999999999
1 0.47437343720930236 0.711525 0.45207031162790695 0.6975958343750001 0.4357968744186046 0.687952084375 0.43398749999999997 0.699470834375 0.4498609372093023 0.710989584375 0.46854687441860465 0.72358125 0.47437343720930236 0.711525
0 0.4615140627906976 0.613477084375 0.457295311627907 0.629014584375 0.4876343744186047 0.6453562500000001 0.49125 0.632497915625 0.4615140627906976 0.613477084375
0 0.4552859372093023 0.6370520843749999 0.45207031162790695 0.649641665625 0.4822093744186047 0.6667875000000001 0.48602656279069767 0.6539291656249999 0.4552859372093023 0.6370520843749999
2 0.44885624883720926 0.658214584375 0.4452390627906977 0.6729499999999999 0.47417187441860464 0.688754165625 0.47778906279069766 0.67830625 0.44885624883720926 0.658214584375
2 0.633829688372093 0.733897915625 0.6298515627906976 0.74748125 0.6599343744186046 0.7650958343750001 0.6639140627906976 0.754270834375 0.633829688372093 0.733897915625
0 0.6276218744186046 0.7549083343749999 0.6247578116279069 0.770825 0.6534093744186046 0.788441665625 0.6580250000000001 0.77634375 0.6276218744186046 0.7549083343749999
0 0.6207781255813953 0.778041665625 0.6164796883720931 0.789714584375 0.6459281255813953 0.809239584375 0.6499062488372093 0.799264584375 0.6207781255813953 0.778041665625
1 0.6456093744186047 0.831947915625 0.6306468744186047 0.8219729156250001 0.6062937511627907 0.804145834375 0.6035874999999999 0.817941665625 0.6284187488372093 0.83555625 0.6387640627906976 0.842135415625 0.6456093744186047 0.831947915625
1 0.898217188372093 0.6897541656249999 0.8606531255813954 0.664072915625 0.8579468744186046 0.674897915625 0.869567188372093 0.683810415625 0.893442188372093 0.700789584375 0.898217188372093 0.6897541656249999
1 0.9273468744186047 0.5972208343750001 0.889145311627907 0.5726020843749999 0.8872343744186046 0.580241665625 0.9045843744186046 0.591914584375 0.9248 0.605497915625 0.9273468744186047 0.5972208343750001
0 0.885325 0.602525 0.8824593744186047 0.6129249999999999 0.9109515627906978 0.631814584375 0.9158859372093023 0.621414584375 0.885325 0.602525
0 0.8797531255813953 0.6235375000000001 0.8746609372093023 0.63733125 0.9029937511627907 0.653672915625 0.9063359372093023 0.6426375 0.8797531255813953 0.6235375000000001
2 0.8729093744186046 0.6430625 0.8697265627906976 0.650702084375 0.898695311627907 0.6691666656249999 0.9010828116279069 0.66195 0.8729093744186046 0.6430625
1 0.6769656255813953 0.7277437499999999 0.6395609372093024 0.7020625 0.6354218744186046 0.7128875 0.6519765627906977 0.724983334375 0.6721906255813953 0.738354165625 0.6769656255813953 0.7277437499999999