2 0.5279234372093023 0.705429165625 0.5289234372093023 0.693766665625 0.5213 0.694766665625 0.5090515627906976 0.692766665625 0.49517968837209303 0.69026875 0.49442968837209306 0.7022645843750001 0.5043031255813953 0.705097915625 0.520175 0.705429165625 0.5279234372093023 0.705429165625
2 0.6550437511627907 0.595060415625 0.6555437488372092 0.58373125 0.649045311627907 0.58323125 0.6396718744186046 0.580564584375 0.6222187511627907 0.577333334375 0.620925 0.590895834375 0.6315468744186047 0.5925604156250001 0.644670311627907 0.594560415625 0.6550437511627907 0.595060415625
2 0.7679531255813954 0.660810415625 0.7683281255813954 0.654145834375 0.7608296883720931 0.6533125 0.7510812511627908 0.650979165625 0.7364375 0.648791665625 0.7360828116279069 0.655977084375 0.7450812488372093 0.656977084375 0.754954688372093 0.659310415625 0.7679531255813954 0.660810415625
0 0.7702031255813954 0.646314584375 0.7709515627906977 0.63415 0.7654531255813953 0.63331875 0.753079688372093 0.630485415625 0.7375312511627907 0.6262916656249999 0.7374578116279069 0.639816665625 0.7500812511627907 0.64248125 0.7632031255813954 0.644647915625 0.7702031255813954 0.646314584375
0 0.7710765627906977 0.61965625 0.7719515627906977 0.609158334375 0.7648281255813955 0.608658334375 0.7495812511627906 0.607158334375 0.741457811627907 0.602827084375 0.739082811627907 0.60199375 0.737957811627907 0.61465625 0.7478312511627907 0.61665625 0.759079688372093 0.61815625 0.7710765627906977 0.61965625
0 0.652954688372093 0.616775 0.655079688372093 0.6056125 0.6463312511627907 0.606445834375 0.629957811627907 0.603779165625 0.6200312488372093 0.601291665625 0.6188359372093023 0.613775 0.6282093744186046 0.614941665625 0.6427062488372094 0.616441665625 0.652954688372093 0.616775
0 0.6422 0.6294833343749999 0.6262015627906977 0.627652084375 0.6180781255813954 0.6242473687500001 0.6180781255813954 0.63698125 0.6253265627906976 0.64048125 0.6357 0.6421479156250001 0.6513234372093023 0.641314584375 0.6518234372093024 0.6288166656249999 0.6422 0.6294833343749999
0 0.5300156255813954 0.659358334375 0.5306406255813954 0.6453625 0.519767188372093 0.645529165625 0.503395311627907 0.6438625 0.4962812488372093 0.642541665625 0.4961468744186046 0.657358334375 0.5016453116279069 0.659191665625 0.5130187488372093 0.657858334375 0.5300156255813954 0.659358334375
0 0.5298906255813953 0.683516665625 0.5306406255813954 0.668020834375 0.5263906255813954 0.6681874999999999 0.5058937488372093 0.665689584375 0.49527187441860465 0.664022915625 0.4945625 0.6783750000000001 0.504020311627907 0.68001875 0.5210171883720931 0.682183334375 0.5298906255813953 0.683516665625
1 0.5382640627906976 0.6282 0.5376390627906977 0.612539584375 0.5132687511627907 0.6112062500000001 0.49539687441860464 0.610372915625 0.4950218744186047 0.622202084375 0.505020311627907 0.6235354156249999 0.521142188372093 0.6267 0.5382640627906976 0.6282
1 0.5301406255813953 0.740679165625 0.5316406255813954 0.727516665625 0.5060187488372093 0.725016665625 0.48727187441860464 0.720685415625 0.4875218744186047 0.7365125 0.49939531162790696 0.737679165625 0.517892188372093 0.7401791656250001 0.5301406255813953 0.740679165625
1 0.6518890627906977 0.67630625 0.6548875000000001 0.668975 0.6543875 0.663310415625 0.6428906255813953 0.6631437499999999 0.6300171883720931 0.66164375 0.6206437488372092 0.658977084375 0.6123953116279071 0.6551458343750001 0.6125312511627907 0.6687916656249999 0.6275171883720929 0.674639584375 0.6427656255813954 0.67630625 0.6518890627906977 0.67630625
1 0.662292188372093 0.562322915625 0.662792188372093 0.551327084375 0.6521687488372093 0.550660415625 0.6441703116279069 0.54899375 0.635295311627907 0.545329165625 0.619875 0.543583334375 0.6190484372093024 0.556325 0.6270468744186046 0.5581583343750001 0.6445437511627907 0.5638229156250001 0.662292188372093 0.562322915625
1 0.7793374999999999 0.5794374999999999 0.763692188372093 0.577910415625 0.738125 0.573502084375 0.7382515627906977 0.582829165625 0.7605125 0.585710415625 0.7787015627906977 0.588933334375 0.7793374999999999 0.5794374999999999
1 0.7708156255813954 0.690875 0.7708156255813954 0.6788354156249999 0.7610203116279071 0.678664584375 0.7432124999999999 0.674425 0.7293281255813953 0.6696500000000001 0.7285843744186047 0.68443125 0.7457562488372093 0.6891791656249999 0.7600031255813953 0.69104375 0.7708156255813954 0.690875