0 0.43605937441860465 0.522322915625 0.4273031255813953 0.526 0.4107625 0.533133334375 0.4020531255813954 0.5379625 0.4054109372093023 0.550860415625 0.4161140627906977 0.5441583343749999 0.43784218837209304 0.53529375 0.43605937441860465 0.522322915625
0 0.44184999999999997 0.545945834375 0.43244531162790695 0.5487562500000001 0.41995937441860465 0.554377084375 0.4071484372093023 0.559347915625 0.4094187511627907 0.573183334375 0.424175 0.56496875 0.443957811627907 0.559133334375 0.44184999999999997 0.545945834375
0 0.55525 0.437779165625 0.541142188372093 0.439508334375 0.5221687488372093 0.441454165625 0.523467188372093 0.45485625 0.5401687511627907 0.453775 0.5565468744186046 0.45010000000000006 0.55525 0.437779165625
0 0.5591406255813953 0.46285416562500004 0.5539515627906977 0.461775 0.5430875000000001 0.46415208437500005 0.525920311627907 0.4674125 0.5267093744186047 0.4795 0.539357811627907 0.47625833437500004 0.5601140627906978 0.473014584375 0.5591406255813953 0.46285416562500004
0 0.6782625 0.393620834375 0.6680140627906976 0.395454165625 0.6445625 0.398791665625 0.645892188372093 0.41245000000000004 0.6607640627906978 0.409783334375 0.6798859372093023 0.407116665625 0.6782625 0.393620834375
0 0.6810109372093023 0.415447915625 0.6643890627906976 0.41878125 0.646892188372093 0.4221125 0.647767188372093 0.434441665625 0.6628890627906977 0.432610415625 0.6816359372093024 0.429110415625 0.6810109372093023 0.415447915625
1 0.4314062511627907 0.48783541562500005 0.42387812558139537 0.49191874999999996 0.4007812511627907 0.50144375 0.3912156255813954 0.50673125 0.3928687488372093 0.52151875 0.4058859372093023 0.51454375 0.435107811627907 0.502295834375 0.4314062511627907 0.48783541562500005
1 0.4593531255813953 0.611020834375 0.4585875 0.596391665625 0.44965468837209305 0.601495834375 0.4323 0.6077895843750001 0.41469062558139536 0.615275 0.41800781162790696 0.628714584375 0.4286 0.623270834375 0.4399562488372093 0.622079165625 0.4593531255813953 0.611020834375
1 0.554192188372093 0.391308334375 0.5451625 0.391554165625 0.524525 0.396958334375 0.5123812488372093 0.39875 0.513654688372093 0.41268125 0.5293156255813953 0.4080125 0.5549281255813954 0.405066665625 0.554192188372093 0.391308334375
1 0.5663531255813954 0.493745834375 0.552717188372093 0.494727084375 0.5313437488372093 0.5006229156249999 0.5250515627906978 0.5013395843749999 0.526 0.510204165625 0.5497687488372093 0.5035708343749999 0.5670906255813953 0.50160625 0.5663531255813954 0.493745834375
1 0.6795921883720931 0.34928333437500003 0.6771968744186047 0.33601875 0.6635625 0.337247915625 0.6355546883720931 0.341177084375 0.6355546883720931 0.357635415625 0.6455046883720931 0.354195834375 0.6676156255813954 0.351247915625 0.6795921883720931 0.34928333437500003
1 0.6871468744186047 0.44828124999999996 0.6755390627906976 0.45122916562500004 0.6582187511627907 0.45393125 0.645532811627907 0.453729165625 0.6466093744186047 0.46940625 0.6569281255813952 0.46547499999999997 0.6875156255813953 0.4605625 0.6871468744186047 0.44828124999999996
2 0.6762765627906977 0.370410415625 0.6665109372093023 0.36991874999999996 0.6584031255813954 0.371883334375 0.6436906255813953 0.375097915625 0.6440296883720931 0.387604165625 0.6633781255813953 0.383920834375 0.6760921883720931 0.3822 0.6762765627906977 0.370410415625
2 0.5532687511627907 0.42250416562500004 0.5416609372093023 0.423485415625 0.5291312511627907 0.42717083437500003 0.520675 0.427620834375 0.5208390627906977 0.43453958437500007 0.5346593744186047 0.43257500000000004 0.5538218744186046 0.429872915625 0.5532687511627907 0.42250416562500004
2 0.4455937488372093 0.569264584375 0.43803906279069765 0.572702084375 0.41869218837209304 0.579827084375 0.41224218837209303 0.582775 0.4146375 0.595302084375 0.432879688372093 0.58940625 0.44854218837209303 0.579089584375 0.4455937488372093 0.569264584375