1 0.369645311627907 0.43981250000000005 0.3585187488372093 0.44254791562499995 0.32806562558139535 0.44059375 0.32718593720930234 0.455045834375 0.369645311627907 0.45543750000000005 0.369645311627907 0.43981250000000005
1 0.3714031255813953 0.569495834375 0.37110937441860464 0.5562145843749999 0.328820311627907 0.557041665625 0.3268937488372093 0.561683334375 0.328357811627907 0.569495834375 0.3714031255813953 0.569495834375
1 0.5347984372093023 0.42166249999999994 0.5176781255813954 0.42521458437500004 0.5174890627906976 0.43282708437500006 0.5191749999999999 0.43889166562500004 0.547732811627907 0.43105000000000004 0.5597156255813953 0.429020834375 0.5587640627906977 0.41506458437499993 0.5347984372093023 0.42166249999999994
1 0.5498265627906976 0.5464854156250001 0.5734125 0.54014375 0.5734125 0.526695834375 0.5650421883720931 0.528470834375 0.548304688372093 0.533545834375 0.5317781255813954 0.5368666656250001 0.5317562511627907 0.544710415625 0.5346093744186047 0.548770834375 0.5498265627906976 0.5464854156250001
1 0.8119124999999999 0.43996874999999996 0.811404688372093 0.426885415625 0.790775 0.43207291562499994 0.7694687488372093 0.436133334375 0.7706515627906977 0.44944166562500004 0.788745311627907 0.4476375 0.8119124999999999 0.43996874999999996
1 0.8090375 0.558383334375 0.8259468744186046 0.55229375 0.8256093744186046 0.53763125 0.8039640627906977 0.5448500000000001 0.7950031255813953 0.5473312499999999 0.7843500000000001 0.5462020843750001 0.785025 0.556354165625 0.7875625 0.5606395843749999 0.8090375 0.558383334375
0 0.7949718744186046 0.47829166562500003 0.8120734372093024 0.474989584375 0.8123 0.46028125 0.8035234372093024 0.46328333437499997 0.7929468744186047 0.465683334375 0.779670311627907 0.46928541562500004 0.7803453116279069 0.476189584375 0.7803453116279069 0.48069166562500004 0.7949718744186046 0.47829166562500003
0 0.8158859372093024 0.496952084375 0.8147625 0.48251458437499994 0.803657811627907 0.48663958437500004 0.7918515627906977 0.489452084375 0.7828671883720929 0.49065624999999996 0.7827156255813954 0.505014584375 0.7942406255813953 0.502952084375 0.8158859372093024 0.496952084375
2 0.818592188372093 0.5192625 0.817607811627907 0.5057645843749999 0.7977906255813952 0.5123270843750001 0.7855625 0.5143875 0.7847187511627907 0.5271375 0.804254688372093 0.525825 0.818592188372093 0.5192625
0 0.5595437511627906 0.461245834375 0.5595437511627906 0.446247915625 0.5418343744186046 0.451685415625 0.5259515627906977 0.453747915625 0.526654688372093 0.46912083437499996 0.5478781255813954 0.466120834375 0.5595437511627906 0.461245834375
0 0.561792188372093 0.472870834375 0.5296546883720931 0.478472915625 0.5311515627906976 0.493120834375 0.5631984372093023 0.485808334375 0.561792188372093 0.472870834375
2 0.5655875 0.50980625 0.5648843744186046 0.495933334375 0.5537812511627906 0.500620834375 0.533345311627907 0.503308334375 0.5335406255813954 0.51636875 0.5454890627906976 0.51561875 0.5655875 0.50980625
2 0.36717343720930234 0.48978124999999995 0.36650937441860465 0.47352083437500003 0.33370781162790697 0.476477084375 0.33215625116279074 0.48978124999999995 0.341907811627907 0.48771250000000005 0.36717343720930234 0.48978124999999995
0 0.3669515627906977 0.4995375 0.33173124883720934 0.49809583437500005 0.3314906255813953 0.5131375 0.3662875 0.514320834375 0.3669515627906977 0.4995375
0 0.36717343720930234 0.5220083343749999 0.332007811627907 0.521739584375 0.33215625116279074 0.535608334375 0.3662875 0.535608334375 0.36717343720930234 0.5220083343749999