1 0.48669843720930234 0.493308334375 0.4864968744186047 0.489816665625 0.45609531162790695 0.49303958437500006 0.4561515627906977 0.506845834375 0.483879688372093 0.50646875 0.49757031162790694 0.5051249999999999 0.49636250000000004 0.492502084375 0.48669843720930234 0.493308334375
1 0.49917812558139535 0.605758334375 0.4589109372093023 0.60790625 0.45931406279069764 0.6186499999999999 0.4989765627906977 0.6181125 0.49917812558139535 0.605758334375
1 0.640625 0.483904165625 0.598620311627907 0.483352084375 0.597942188372093 0.497602084375 0.639820311627907 0.498675 0.640625 0.483904165625
1 0.6376046883720929 0.609864584375 0.6392156255813954 0.5991208343750001 0.62935 0.597779165625 0.596857811627907 0.59611875 0.5969359372093024 0.601808334375 0.5989484372093022 0.610939584375 0.6376046883720929 0.609864584375
1 0.7834500000000001 0.5432750000000001 0.7832484372093024 0.5362916656250001 0.7647265627906977 0.52259375 0.7443609372093023 0.510872915625 0.742579688372093 0.525279165625 0.7790218744186046 0.5489145843750001 0.7834500000000001 0.5432750000000001
1 0.8131484372093023 0.446320834375 0.817175 0.432891665625 0.7928140627906978 0.41838749999999997 0.7778390627906977 0.409854165625 0.7752968744186046 0.42134375 0.7871765627906977 0.4277875 0.8131484372093023 0.446320834375
0 0.8024781255813953 0.46216666562500003 0.7819421883720931 0.44793125 0.771545311627907 0.44274375 0.7700625 0.453033334375 0.7918078116279069 0.46592500000000003 0.799457811627907 0.473445834375 0.8024781255813953 0.46216666562500003
0 0.7954312511627907 0.48177083437499996 0.7657562511627908 0.462208334375 0.7608015627906977 0.473983334375 0.793217188372093 0.49493124999999993 0.7954312511627907 0.48177083437499996
2 0.7852890627906978 0.520445834375 0.7890625 0.505683334375 0.7786249999999999 0.4974625 0.7689406255813954 0.4894125 0.7584562511627907 0.486708334375 0.7561140627906977 0.499979165625 0.763282811627907 0.501154165625 0.7852890627906978 0.520445834375
2 0.6356343744186047 0.566395834375 0.615745311627907 0.566395834375 0.6018593744186047 0.5642458343750001 0.6028968744186046 0.576960415625 0.6345781255813953 0.5779 0.6356343744186047 0.566395834375
0 0.6352812488372093 0.5401 0.6192656255813954 0.54268125 0.6018593744186047 0.54048125 0.6020171883720931 0.5530125 0.6356343744186047 0.55348125 0.6352812488372093 0.5401
0 0.6359859372093023 0.5166208343750001 0.6018593744186047 0.51554375 0.6018406255813954 0.528360415625 0.6354578116279069 0.528829165625 0.6359859372093023 0.5166208343750001
2 0.49415 0.525189584375 0.473557811627907 0.525189584375 0.4601812511627907 0.5263625000000001 0.460532811627907 0.539041665625 0.492917188372093 0.54045 0.49415 0.525189584375
0 0.4948531255813954 0.549370834375 0.4603718744186046 0.5507500000000001 0.4603562488372093 0.5646333343750001 0.495029688372093 0.563927084375 0.4948531255813954 0.549370834375
0 0.49467812558139534 0.57331875 0.462292188372093 0.573554165625 0.4614125 0.584354165625 0.4948531255813954 0.585527084375 0.49467812558139534 0.57331875