1 0.4877781255813954 0.596345834375 0.48684999999999995 0.609541665625 0.5270609372093024 0.620264584375 0.527370311627907 0.60706875 0.4877781255813954 0.596345834375
1 0.498767188372093 0.714758334375 0.473545311627907 0.7081270843749999 0.47461093720930236 0.7218625000000001 0.5151093744186046 0.732283334375 0.5172406255813954 0.7166520843749999 0.498767188372093 0.714758334375
1 0.6554312511627908 0.776335415625 0.6344718744186046 0.767808334375 0.6344718744186046 0.782966665625 0.6724843744186046 0.7933874999999999 0.6767468744186046 0.7815458343749999 0.6554312511627908 0.776335415625
1 0.6909562488372092 0.665970834375 0.6721281255813953 0.663602084375 0.649392188372093 0.656970834375 0.648682811627907 0.668339584375 0.6717734372093023 0.678285415625 0.688825 0.678285415625 0.6909562488372092 0.665970834375
1 0.9118765627906976 0.68901875 0.8706421883720931 0.675616665625 0.8690015627906977 0.687104165625 0.8907468744186047 0.697772915625 0.9104406255813953 0.701875 0.9118765627906976 0.68901875
1 0.9272625 0.601216665625 0.9266468744186046 0.592189584375 0.9118765627906976 0.588908334375 0.8995687511627908 0.5839833343749999 0.8874640627906977 0.576052084375 0.8866437511627907 0.585897915625 0.8993625 0.594104165625 0.9182359372093023 0.600122915625 0.9272625 0.601216665625
0 0.918442188372093 0.620089584375 0.9012093744186047 0.613525 0.887670311627907 0.60778125 0.8868484372093023 0.61954375 0.8997734372093024 0.625014584375 0.9161843744186046 0.6299375 0.918442188372093 0.620089584375
0 0.8964906255813954 0.637595834375 0.8831562511627906 0.632945834375 0.8804890627906977 0.646075 0.9110562511627907 0.655375 0.9135187511627907 0.6433395843749999 0.8964906255813954 0.637595834375
2 0.911032811627907 0.668785415625 0.9120156255813954 0.662760415625 0.9031750000000001 0.660664584375 0.8907968744186047 0.656472915625 0.8803843744186047 0.651495834375 0.8792046883720931 0.65830625 0.8919765627906976 0.665904165625 0.9029781255813953 0.668785415625 0.911032811627907 0.668785415625
0 0.6770375 0.734014584375 0.6791984372093023 0.723010415625 0.6660343744186047 0.721439584375 0.6562109372093023 0.718295834375 0.6463875 0.71305625 0.6456015627906977 0.726941665625 0.6567999999999999 0.730345834375 0.6650531255813954 0.7321791656250001 0.6770375 0.734014584375
0 0.6430484372093024 0.7368958343750001 0.642457811627907 0.74973125 0.6538531255813953 0.754970834375 0.662695311627907 0.757327084375 0.6750718744186047 0.757327084375 0.6742859372093023 0.744229165625 0.6685890627906976 0.744491665625 0.6558187488372094 0.742133334375 0.6430484372093024 0.7368958343750001
0 0.5209781255813953 0.6369312500000001 0.4880609372093024 0.6304291656250001 0.487045311627907 0.644245834375 0.5047234372093024 0.648852084375 0.5203687511627907 0.65101875 0.5209781255813953 0.6369312500000001
0 0.5183359372093024 0.6580625 0.48623281162790694 0.652914584375 0.48460625116279066 0.6683583343749999 0.5033000000000001 0.671608334375 0.5175234372093023 0.67350625 0.5183359372093024 0.6580625
2 0.5156953116279069 0.684341665625 0.4953765627906977 0.680008334375 0.4835906255813954 0.677297915625 0.4837937488372093 0.68055 0.4833875 0.6927416656250001 0.5014718744186046 0.69545 0.5150859372093023 0.698158334375 0.5156953116279069 0.684341665625
2 0.680075 0.6978875 0.6595531255813953 0.6943666656249999 0.6481750000000001 0.69246875 0.6477687511627908 0.704389584375 0.666257811627907 0.708454165625 0.6794656255813953 0.71035 0.680075 0.6978875