1 0.4926593744186047 0.545525 0.4806125 0.5505958343749999 0.4664531255813954 0.557077084375 0.452504688372093 0.561304165625 0.45567343720930237 0.572291665625 0.4694109372093023 0.568064584375 0.495407811627907 0.55623125 0.4926593744186047 0.545525
1 0.6769531255813954 0.49509166562500007 0.666175 0.49452708437500004 0.6503234372093023 0.49452708437500004 0.6336687488372093 0.495408334375 0.6353187488372094 0.506641665625 0.6494781255813954 0.5072062500000001 0.676107811627907 0.506641665625 0.6769531255813954 0.49509166562500007
1 0.5822718744186046 0.366235415625 0.5782562511627908 0.352710415625 0.5594468744186046 0.353275 0.5416937511627907 0.357783334375 0.538954688372093 0.358533334375 0.5395812488372093 0.37074375000000004 0.5550093744186047 0.366235415625 0.564942188372093 0.365108334375 0.5822718744186046 0.366235415625
0 0.4759765627906977 0.483235415625 0.463767188372093 0.48866041562499996 0.4491468744186047 0.494085415625 0.44266562558139533 0.49589375 0.4432687511627907 0.49790416562499995 0.44522812558139535 0.5097583343750001 0.45623125116279073 0.505539584375 0.47944218837209307 0.49508958437499995 0.4759765627906977 0.483235415625
0 0.5803656255813954 0.41726041562500005 0.5699656255813953 0.41726041562500005 0.554742188372093 0.418064584375 0.546754688372093 0.41886875 0.547657811627907 0.4335375 0.5615249999999999 0.43032083437499996 0.5808171883720931 0.431327084375 0.5803656255813954 0.41726041562500005
0 0.6728046883720931 0.428864584375 0.6624046883720931 0.42745833437499997 0.645675 0.4284625 0.6384390627906976 0.42966875 0.6384390627906976 0.44272916562500003 0.6517031255813954 0.44172500000000003 0.6725031255813952 0.44212708437500003 0.6728046883720931 0.428864584375
2 0.48114218837209305 0.509479165625 0.4696437488372093 0.51314375 0.45539687441860466 0.518477084375 0.4482718744186046 0.5208083343750001 0.44902187441860464 0.522475 0.45077187441860467 0.5336375 0.465770311627907 0.528472915625 0.48326718837209304 0.521308334375 0.48114218837209305 0.509479165625
2 0.579417188372093 0.40477708437500004 0.578792188372093 0.391947915625 0.5647937511627907 0.391947915625 0.5532968744186046 0.394447915625 0.5460468744186047 0.395947915625 0.5462968744186046 0.40977708437500004 0.557170311627907 0.405110415625 0.5676687488372093 0.405110415625 0.579417188372093 0.40477708437500004
2 0.6716031255813955 0.45747708437499995 0.6564812511627908 0.45414583437499995 0.6379843744186047 0.45514374999999996 0.638732811627907 0.46847500000000003 0.6513562511627907 0.467641665625 0.6717281255813954 0.467641665625 0.6716031255813955 0.45747708437499995
3 0.6773562511627907 0.3902 0.6771062488372093 0.37936875 0.6658578116279069 0.37753541562500004 0.6506109372093023 0.3770375 0.6345625 0.377541665625 0.6338625 0.388866665625 0.6446109372093023 0.389533334375 0.6572343744186045 0.389033334375 0.6773562511627907 0.3902
3 0.6722312511627907 0.405027084375 0.662107811627907 0.404195834375 0.6382374999999999 0.40486041562499997 0.6396124999999999 0.41885625 0.6521093744186047 0.41819166562500004 0.6722312511627907 0.418025 0.6722312511627907 0.405027084375
3 0.5822875 0.43899166562499997 0.5652906255813954 0.44015833437499996 0.547667188372093 0.442158334375 0.5490421883720931 0.457485415625 0.5594156255813953 0.454820834375 0.5816625000000001 0.452654165625 0.5822875 0.43899166562499997
3 0.5884109372093024 0.468316665625 0.5737890627906976 0.46981666562499996 0.549917188372093 0.470483334375 0.5451874999999999 0.471291665625 0.5465437511627907 0.48681041562500005 0.5614156255813953 0.483645834375 0.5887859372093023 0.48081250000000003 0.5884109372093024 0.468316665625
3 0.4729156255813954 0.4448625 0.46966562558139535 0.4337 0.45579218837209307 0.437697915625 0.43779531162790697 0.446029165625 0.42842187441860463 0.450029165625 0.4320468744186047 0.461858334375 0.44404531162790695 0.457858334375 0.457792188372093 0.451527084375 0.4729156255813954 0.4448625
3 0.47216562558139535 0.46052499999999996 0.45579218837209307 0.465189584375 0.44404531162790695 0.471020834375 0.437670311627907 0.47252083437500003 0.442295311627907 0.48585 0.45579218837209307 0.481352084375 0.47429062558139534 0.4721875 0.47216562558139535 0.46052499999999996