3 0.5016468744186047 0.496679165625 0.4805406255813953 0.498972915625 0.4621015627906977 0.5025083343750001 0.46146718837209305 0.5139875 0.5024281255813954 0.5094000000000001 0.5016468744186047 0.496679165625
3 0.499457811627907 0.53943125 0.49930156279069765 0.524625 0.49007812558139535 0.526502084375 0.4673781255813953 0.52883125 0.46678281162790697 0.544227084375 0.4891406255813953 0.54339375 0.499457811627907 0.53943125
0 0.5008656255813954 0.548608334375 0.46757343720930233 0.5525458343749999 0.4686593744186046 0.5655 0.5010218744186047 0.562789584375 0.5008656255813954 0.548608334375
2 0.5019593744186047 0.57405 0.485075 0.575302084375 0.47011562558139536 0.576783334375 0.4705359372093023 0.59156875 0.5013343744186046 0.589483334375 0.5019593744186047 0.57405
1 0.5093078116279071 0.6228520843750001 0.5082140627906977 0.611589584375 0.4963312511627907 0.61471875 0.46819062558139535 0.6184729156250001 0.46850312558139534 0.63015 0.5055562488372093 0.62723125 0.5093078116279071 0.6228520843750001
1 0.5866328116279069 0.477239584375 0.587257811627907 0.48683125 0.6263437488372093 0.48662291562500004 0.6263437488372093 0.4759875 0.6214968744186046 0.47515416562499996 0.5866328116279069 0.477239584375
3 0.6313468744186046 0.601116665625 0.6316593744186048 0.590897915625 0.6083640627906977 0.59215 0.5907125 0.593202084375 0.5921046883720931 0.605191665625 0.6197765627906976 0.602577084375 0.6313468744186046 0.601116665625
3 0.6258734372093023 0.5634812499999999 0.5940359372093024 0.5650666656250001 0.5941375 0.5782875 0.625717188372093 0.57536875 0.6258734372093023 0.5634812499999999
0 0.6258734372093023 0.5384541656249999 0.5914937488372093 0.540829165625 0.593042188372093 0.554304165625 0.6260312511627907 0.553054165625 0.6258734372093023 0.5384541656249999
2 0.6233734372093023 0.513220834375 0.5924718744186046 0.516070834375 0.5919484372093023 0.525941665625 0.6235296883720931 0.525108334375 0.6233734372093023 0.513220834375
1 0.7940890627906977 0.439708334375 0.7801750000000001 0.44179375 0.7539203116279071 0.445175 0.7535968744186046 0.457435415625 0.7956515627906977 0.45201250000000004 0.7940890627906977 0.439708334375
3 0.8033125 0.569427084375 0.8031562511627908 0.5558708343750001 0.7883046883720931 0.559208334375 0.762520311627907 0.561929165625 0.7626640627906976 0.568802084375 0.763445311627907 0.574641665625 0.8033125 0.569427084375
3 0.7970593744186046 0.528135415625 0.7638875 0.533520834375 0.7650093744186046 0.546279165625 0.7978406255813953 0.541272915625 0.7970593744186046 0.528135415625
0 0.795807811627907 0.5062375 0.7900234372093023 0.50519375 0.7809562511627908 0.506027084375 0.7701687511627907 0.5089479156250001 0.7632890627906976 0.5102 0.763445311627907 0.5227125 0.7962781255813953 0.5204187499999999 0.795807811627907 0.5062375
2 0.794245311627907 0.480377084375 0.7801750000000001 0.481627084375 0.7611515627906976 0.484527084375 0.761570311627907 0.494766665625 0.793932811627907 0.49414166562500006 0.794245311627907 0.480377084375