3 0.449367188372093 0.465539584375 0.4451187488372093 0.47923125000000005 0.4854875 0.50189375 0.49079843720930233 0.48961875 0.449367188372093 0.465539584375
3 0.4610531255813954 0.44146041562500005 0.457157811627907 0.4532625 0.48832031162790696 0.47073333437500003 0.4925687511627907 0.4575125 0.4610531255813954 0.44146041562500005
3 0.5513515627906977 0.471204165625 0.5478109372093023 0.484425 0.5786187488372093 0.50614375 0.5828687511627907 0.49009166562499995 0.5513515627906977 0.471204165625
3 0.5375421883720931 0.49575625 0.5347093744186047 0.5070875 0.5736609372093023 0.535416665625 0.5775562511627907 0.5236125 0.5375421883720931 0.49575625
3 0.7068078116279071 0.589241665625 0.7085781255813954 0.6043499999999999 0.7418640627906977 0.593491665625 0.7397390627906977 0.581214584375 0.7068078116279071 0.589241665625
3 0.705745311627907 0.6189875 0.7096406255813953 0.634095834375 0.749654688372093 0.620404165625 0.7478843744186047 0.605766665625 0.705745311627907 0.6189875
0 0.701495311627907 0.568939584375 0.7043281255813953 0.582160415625 0.7376156255813953 0.5713 0.7351359372093024 0.556191665625 0.701495311627907 0.568939584375
0 0.5605593744186046 0.45043125 0.5548937488372093 0.465539584375 0.5825140627906976 0.484425 0.5874718744186047 0.470260415625 0.5605593744186046 0.45043125
0 0.4667187511627907 0.417379165625 0.4631781255813954 0.43154375 0.49434062558139535 0.44712500000000005 0.49717343720930235 0.435320834375 0.4667187511627907 0.417379165625
2 0.47203125116279065 0.39754999999999996 0.4695515627906977 0.40840833437499996 0.49965156279069767 0.42587916562499994 0.5007140627906977 0.41313125 0.47203125116279065 0.39754999999999996
2 0.5665781255813953 0.42918333437499995 0.561975 0.44051458437499996 0.592075 0.4617625 0.5952625 0.45137499999999997 0.5665781255813953 0.42918333437499995
2 0.6986625 0.54344375 0.699370311627907 0.5580791656249999 0.732657811627907 0.5467479156249999 0.7301781255813953 0.533529165625 0.6986625 0.54344375
1 0.6887468744186047 0.5052 0.6901640627906978 0.521725 0.7287625000000001 0.504727084375 0.725220311627907 0.49150625000000003 0.6887468744186047 0.5052
1 0.5729531255813953 0.389522915625 0.5687031255813954 0.40368750000000003 0.6065937511627907 0.428239584375 0.6104890627906976 0.41501875000000005 0.5729531255813953 0.389522915625
1 0.47805156279069766 0.356 0.47380156279069763 0.36733125 0.514525 0.390466665625 0.5155875 0.37724791562500004 0.47805156279069766 0.356