5 0.5744031255813954 0.23565 0.5746234372093023 0.224495834375 0.5611890627906977 0.2259625 0.5457703116279069 0.232420834375 0.5349781255813953 0.236235415625 0.5343187488372093 0.247683334375 0.547532811627907 0.24269375 0.5744031255813954 0.23565
4 0.573742188372093 0.266175 0.573742188372093 0.25179375 0.5514968744186046 0.257077084375 0.5430875000000001 0.26306250000000003 0.5440093744186046 0.2741 0.5563437488372093 0.271164584375 0.573742188372093 0.266175
0 0.577832811627907 0.289575 0.5784937488372093 0.278127084375 0.5643968744186046 0.278127084375 0.546557811627907 0.285170834375 0.548979688372093 0.299260415625 0.5610937511627907 0.290747915625 0.577832811627907 0.289575
2 0.582017188372093 0.30131458437499997 0.5630765627906976 0.302489584375 0.5502390627906977 0.308910415625 0.5514031255813954 0.324502084375 0.5657187488372093 0.316285415625 0.5822375 0.31246874999999996 0.582017188372093 0.30131458437499997
1 0.5912687488372094 0.34622291562499996 0.5925890627906977 0.33330833437499996 0.5771718744186046 0.334483334375 0.5617546883720931 0.340060415625 0.5513406255813954 0.34705625 0.552725 0.35591041562500003 0.5604328116279069 0.35326875 0.5912687488372094 0.34622291562499996
5 0.3949765627906977 0.133745834375 0.37449374883720926 0.1352125 0.37515468837209304 0.14577916562499998 0.38594687441860465 0.1431375 0.4139187488372093 0.145485415625 0.41435937441860465 0.13491875 0.3949765627906977 0.133745834375
4 0.37955937441860466 0.163097915625 0.38 0.172195834375 0.411275 0.173958334375 0.411054688372093 0.1601625 0.37955937441860466 0.163097915625
0 0.41171562558139535 0.18863333437500002 0.40290625116279066 0.185991665625 0.381982811627907 0.186285415625 0.38044062558139535 0.196264584375 0.4119359372093023 0.19831875000000002 0.41171562558139535 0.18863333437500002
2 0.4134906255813954 0.225322915625 0.41172968837209306 0.211233334375 0.39080625116279066 0.2083 0.380232811627907 0.20914375000000002 0.380232811627907 0.222975 0.4002765627906977 0.221508334375 0.4134906255813954 0.225322915625
1 0.417357811627907 0.24670625 0.3955984372093023 0.24670625 0.3766859372093023 0.24670625 0.37685312558139533 0.258527084375 0.41752500000000003 0.259420834375 0.417357811627907 0.24670625
5 0.09163593720930233 0.282625 0.09347499999999999 0.296229165625 0.11039062558139534 0.28925 0.13615156279069768 0.290154165625 0.13524687441860467 0.27599999999999997 0.09163593720930233 0.282625
4 0.13481562558139534 0.306414584375 0.11538281162790698 0.309125 0.10137343720930232 0.312739584375 0.09933906279069768 0.321772915625 0.135267188372093 0.31665416562500004 0.13481562558139534 0.306414584375
0 0.1366234372093023 0.331108334375 0.12125781162790697 0.33381875 0.10222343720930233 0.333860415625 0.10363281162790698 0.346466665625 0.137075 0.33863750000000004 0.1366234372093023 0.331108334375
2 0.13933593720930232 0.353391665625 0.12103281162790698 0.354597915625 0.10385937441860466 0.35791041562500003 0.10453593720930233 0.36845 0.13956093720930232 0.36784791562499997 0.13933593720930232 0.353391665625
1 0.1470187511627907 0.402779165625 0.14769531162790697 0.389227084375 0.12306562558139535 0.394647915625 0.10295468837209303 0.395852084375 0.10498906279069767 0.409102084375 0.12419531162790698 0.404285415625 0.1470187511627907 0.402779165625