5 0.3667562488372093 0.363075 0.3642265627906977 0.354885415625 0.33964531162790695 0.362110415625 0.32681249999999995 0.364760415625 0.32645156279069765 0.3765625 0.3667562488372093 0.36789166562500003 0.3667562488372093 0.363075
4 0.36639531162790695 0.38716041562500003 0.34868281162790693 0.38932916562500003 0.33422343720930237 0.393664584375 0.33458437441860467 0.40113125 0.3667562488372093 0.396314584375 0.36639531162790695 0.38716041562500003
0 0.36982968837209307 0.41847291562500005 0.3696484372093023 0.41004375 0.36296093720930234 0.41004375 0.34850156279069766 0.41437916562500005 0.3370812511627907 0.416933334375 0.3378375 0.42666250000000006 0.3473718744186046 0.42323750000000004 0.36982968837209307 0.41847291562500005
2 0.371232811627907 0.4306 0.3521562511627907 0.434010415625 0.338554688372093 0.43746041562500004 0.34075781162790697 0.45013125 0.37146562558139534 0.44734166562500005 0.371232811627907 0.4306
1 0.380770311627907 0.46625208437500004 0.35587968837209305 0.47090208437500003 0.34052499999999997 0.476172915625 0.34052499999999997 0.487022915625 0.3800718744186046 0.480204165625 0.380770311627907 0.46625208437500004
5 0.5493593744186047 0.42345625 0.5515312511627907 0.435135415625 0.5744843744186047 0.43275625 0.5903031255813953 0.433995834375 0.5903031255813953 0.420975 0.5493593744186047 0.42345625
4 0.5868140627906977 0.448566665625 0.5784390627906977 0.45042708437499995 0.5535656255813953 0.45256875 0.5540125 0.45817708437500004 0.5849515627906976 0.4615875 0.5868140627906977 0.448566665625
0 0.5861156255813953 0.47491874999999995 0.5728562488372093 0.47460833437499994 0.5538562511627907 0.474264584375 0.5535468744186047 0.48421875 0.585417188372093 0.48576874999999997 0.5861156255813953 0.47491874999999995
2 0.58565 0.511191665625 0.5861156255813953 0.49755000000000005 0.5658765627906976 0.496310415625 0.5544781255813953 0.49723958437500004 0.5530812488372093 0.5077812500000001 0.5677375 0.5115000000000001 0.58565 0.511191665625
1 0.588675 0.534752084375 0.567504688372093 0.535372915625 0.5497890627906977 0.53315 0.550057811627907 0.5443625 0.5889062488372093 0.544672915625 0.588675 0.534752084375
5 0.7964968744186046 0.559283334375 0.7990843744186047 0.571889584375 0.8195265627906976 0.5679645843750001 0.8365093744186046 0.567654165625 0.8374390627906977 0.55649375 0.7964968744186046 0.559283334375
4 0.8336593744186046 0.5836187500000001 0.8034437488372094 0.5866125 0.8031843744186047 0.597260415625 0.834357811627907 0.594470834375 0.8336593744186046 0.5836187500000001
0 0.8362187488372094 0.6090416656250001 0.8028625 0.61179375 0.805045311627907 0.6226812500000001 0.836682811627907 0.620820834375 0.8362187488372094 0.6090416656250001
1 0.8457562488372092 0.67879375 0.8452906255813953 0.669183334375 0.8308671883720931 0.668564584375 0.8031843744186047 0.6738354156249999 0.804579688372093 0.684064584375 0.8210968744186047 0.683445834375 0.8457562488372092 0.67879375
2 0.8386187511627907 0.631604165625 0.8166765627906977 0.633222915625 0.806442188372093 0.6360125 0.808070311627907 0.6484125 0.8383859372093023 0.644935415625 0.8386187511627907 0.631604165625