5 0.6170093744186047 0.333047915625 0.6162828116279069 0.34710625 0.6559140627906976 0.34468125 0.6566406255813955 0.333047915625 0.6170093744186047 0.333047915625
5 0.757354688372093 0.612283334375 0.7559015627906976 0.6292500000000001 0.7958953116279069 0.6350687500000001 0.7966234372093023 0.620039584375 0.757354688372093 0.612283334375
5 0.908607811627907 0.9700541656249999 0.8984281255813954 0.9700541656249999 0.8911562511627906 0.9666604156249999 0.8929734372093023 0.984597915625 0.933695311627907 0.979264584375 0.9318781255813953 0.966177084375 0.908607811627907 0.9700541656249999
4 0.8940640627906976 0.943877084375 0.8944281255813953 0.9569645843749999 0.9275140627906977 0.9530875 0.9249687488372093 0.939997915625 0.8940640627906976 0.943877084375
4 0.7631718744186047 0.587075 0.7620812511627907 0.598708334375 0.7944406255813953 0.604527084375 0.7955312511627907 0.5933770843749999 0.7631718744186047 0.587075
4 0.6206453116279069 0.30686874999999997 0.620282811627907 0.318504165625 0.6526421883720931 0.31705 0.6526421883720931 0.3078375 0.6206453116279069 0.30686874999999997
0 0.6199187511627907 0.281175 0.620282811627907 0.293779165625 0.653004688372093 0.293295834375 0.6526421883720931 0.28214583437499996 0.6199187511627907 0.281175
0 0.7646265627906976 0.5628354156250001 0.7635359372093022 0.574954165625 0.79735 0.57931875 0.7969859372093023 0.56816875 0.7646265627906976 0.5628354156250001
0 0.8918828116279071 0.9186666656250001 0.8922468744186046 0.9307874999999999 0.9246062511627907 0.929816665625 0.9253328116279069 0.915758334375 0.8918828116279071 0.9186666656250001
2 0.8893375 0.894427084375 0.8907921883720931 0.9080020843750001 0.9235156255813953 0.905579165625 0.9220609372093023 0.892004165625 0.8893375 0.894427084375
2 0.7660812511627907 0.54005 0.765717188372093 0.553625 0.7977140627906977 0.5579875000000001 0.7995312488372093 0.544897915625 0.7660812511627907 0.54005
2 0.6173734372093023 0.25838958437500004 0.6177374999999999 0.26953958437500003 0.6526421883720931 0.26905625 0.6519140627906976 0.25838958437500004 0.6173734372093023 0.25838958437500004
1 0.6144640627906977 0.221545834375 0.6148281255813954 0.234152084375 0.6562781255813953 0.233666665625 0.6559140627906976 0.22057708437499998 0.6144640627906977 0.221545834375
1 0.765354688372093 0.5032062500000001 0.7631718744186047 0.51775 0.8064390627906977 0.5216291656250001 0.8049859372093023 0.5090250000000001 0.765354688372093 0.5032062500000001
1 0.9238781255813953 0.8527374999999999 0.907517188372093 0.8575854156249999 0.8918828116279071 0.8575854156249999 0.8820656255813955 0.856614584375 0.8838843744186047 0.870672915625 0.9082437488372093 0.870189584375 0.9256968744186047 0.8658250000000001 0.9238781255813953 0.8527374999999999