5 0.36942499999999995 0.05816249999999999 0.36797812558139537 0.048529165624999995 0.360207811627907 0.047564584375 0.34032500000000004 0.050937500000000004 0.32785468837209303 0.055754165625 0.32695156279069765 0.066352084375 0.342495311627907 0.062258334375 0.36942499999999995 0.05816249999999999
1 0.36090781162790697 0.17415208437500002 0.383142188372093 0.173322915625 0.382675 0.1600625 0.357020311627907 0.163377084375 0.342092188372093 0.168764584375 0.3424031255813953 0.177054165625 0.3436484372093024 0.18098958437499998 0.36090781162790697 0.17415208437500002
2 0.3731906255813954 0.12255625 0.363395311627907 0.123797915625 0.34106562558139536 0.129264584375 0.3427140627906977 0.143691665625 0.3495562511627907 0.14058333437499998 0.3744343744186046 0.139339584375 0.3731906255813954 0.12255625
0 0.37148124883720934 0.11178125000000001 0.3700812511627907 0.10224791562499999 0.347845311627907 0.10411250000000001 0.33834687441860467 0.109066665625 0.3383609372093023 0.120691665625 0.35157812558139534 0.11198749999999999 0.37148124883720934 0.11178125000000001
4 0.347082811627907 0.0816375 0.3358875 0.08578125 0.33621093720930234 0.095083334375 0.347704688372093 0.090960415625 0.3677625 0.089304165625 0.36729531162790696 0.078735415625 0.347082811627907 0.0816375
5 0.572629688372093 0.11496458437499998 0.5540968744186047 0.11785625 0.5540968744186047 0.12809375 0.5596062511627907 0.12542291562500002 0.5933343744186047 0.127202084375 0.5943359372093023 0.117189584375 0.572629688372093 0.11496458437499998
4 0.5888265627906977 0.14366874999999998 0.5692906255813953 0.1443375 0.558742188372093 0.145204165625 0.558270311627907 0.152347915625 0.5893265627906977 0.156575 0.5888265627906977 0.14366874999999998
0 0.5572828116279069 0.169395834375 0.5576031255813954 0.178827084375 0.5896609372093023 0.179272915625 0.589995311627907 0.169035415625 0.5572828116279069 0.169395834375
2 0.5893265627906977 0.19151041562499999 0.5646156255813953 0.190620834375 0.557907811627907 0.191641665625 0.5574359372093023 0.20308125000000002 0.5891609372093023 0.20575208437499998 0.5893265627906977 0.19151041562499999
1 0.5936687488372093 0.241354165625 0.5936687488372093 0.229560415625 0.5756359372093023 0.22800416562499998 0.553320311627907 0.229458334375 0.5524265627906977 0.23935208437500002 0.5622781255813953 0.23935208437500002 0.5936687488372093 0.241354165625
5 0.8180859372093023 0.25210625000000003 0.8012218744186046 0.255889584375 0.8023906255813953 0.2672375 0.8214265627906976 0.26323124999999997 0.8426312488372093 0.261897915625 0.8419640627906977 0.252329165625 0.8180859372093023 0.25210625000000003
4 0.8404609372093024 0.290602084375 0.839125 0.278585415625 0.8287734372093023 0.27992083437500004 0.8080687488372092 0.282814584375 0.8077343744186046 0.295275 0.831945311627907 0.29171458437500003 0.8404609372093024 0.290602084375
0 0.8412953116279069 0.304175 0.822595311627907 0.3052875 0.8096265627906978 0.30815000000000003 0.8095703116279069 0.318639584375 0.8414625 0.31530208437499996 0.8412953116279069 0.304175
2 0.8441343744186046 0.33999999999999997 0.8419640627906977 0.326427084375 0.8182531255813953 0.328652084375 0.8112406255813953 0.330210415625 0.8119093744186047 0.34489583437500004 0.8261015627906977 0.340891665625 0.8441343744186046 0.33999999999999997
1 0.850145311627907 0.374045834375 0.850145311627907 0.362475 0.8289406255813954 0.363141665625 0.8094171883720931 0.3671 0.8102390627906977 0.378941665625 0.822595311627907 0.377160415625 0.850145311627907 0.374045834375