2 0.6682328116279069 0.222529165625 0.6260265627906977 0.22467708437499997 0.626992188372093 0.243579165625 0.651479688372093 0.237995834375 0.6691999999999999 0.2397125 0.6682328116279069 0.222529165625
2 0.6224812488372093 0.112125 0.6218375 0.127589584375 0.6656562511627907 0.124152084375 0.664367188372093 0.11169375 0.6224812488372093 0.112125
2 0.4932812511627907 0.11083541562500002 0.49360312558139535 0.10825833437500001 0.45268437441860465 0.12071666562500001 0.4552625 0.138329165625 0.4778156255813954 0.12801875000000001 0.496825 0.125441665625 0.4932812511627907 0.11083541562500002
2 0.513257811627907 0.23370000000000002 0.511325 0.22295833437499998 0.4994031255813954 0.224247915625 0.4832937488372093 0.228972915625 0.4707281255813954 0.23584791562500002 0.47233906279069765 0.24787499999999998 0.4884484372093023 0.238854165625 0.5032687511627907 0.234558334375 0.513257811627907 0.23370000000000002
2 0.35377031162790695 0.198902084375 0.34120468837209306 0.19116875 0.32735000000000003 0.186872915625 0.32284062558139537 0.20105 0.36698125116279073 0.217804165625 0.3663359372093023 0.20577499999999999 0.35377031162790695 0.198902084375
2 0.30962968837209304 0.302864584375 0.3086625 0.31618124999999997 0.3511937511627907 0.32735 0.3515156255813954 0.31403333437500003 0.30962968837209304 0.302864584375
0 0.3582859372093023 0.239014584375 0.33820937441860466 0.23051249999999998 0.32427500000000004 0.2273625 0.32309531162790694 0.240904165625 0.34364218837209304 0.24405208437499998 0.356395311627907 0.25098125 0.3582859372093023 0.239014584375
0 0.35474218837209304 0.262316665625 0.338682811627907 0.255389584375 0.32167812558139536 0.251925 0.3197875 0.26578124999999997 0.34057187441860465 0.269560415625 0.35356250000000006 0.277433334375 0.35474218837209304 0.262316665625
0 0.35167187441860465 0.280897915625 0.33537656279069766 0.27554375000000003 0.320025 0.270820834375 0.31789843720930233 0.284991665625 0.3375015627906977 0.28845416562500004 0.3507281255813954 0.2944375 0.35167187441860465 0.280897915625
0 0.49479687441860465 0.150525 0.47850156279069767 0.151470834375 0.46244062558139537 0.15934375 0.46480312558139536 0.172254165625 0.48133593720930234 0.165641665625 0.497395311627907 0.164695834375 0.49479687441860465 0.150525
0 0.49786875116279067 0.171939584375 0.479445311627907 0.1750875 0.4655109372093023 0.182960415625 0.4674 0.19713125 0.4865312511627907 0.188 0.5009390627906977 0.186739584375 0.49786875116279067 0.171939584375
0 0.5018828116279069 0.1930375 0.4825156255813953 0.195872915625 0.4709437488372093 0.20342916562500002 0.47188749999999996 0.21539583437499998 0.4898375 0.2094125 0.5023546883720931 0.20720833437500003 0.5018828116279069 0.1930375
0 0.6291843744186046 0.145802084375 0.6291843744186046 0.15934375 0.6610687511627907 0.158083334375 0.6615406255813954 0.14328333437500002 0.6291843744186046 0.145802084375
0 0.6296562488372093 0.16438124999999998 0.6296562488372093 0.181385415625 0.663667188372093 0.179497915625 0.663429688372093 0.162177084375 0.6296562488372093 0.16438124999999998
0 0.6298921883720929 0.18894375000000002 0.6301296883720929 0.206579165625 0.6641390627906977 0.202170834375 0.663429688372093 0.187054165625 0.6298921883720929 0.18894375000000002