2 0.3795765627906976 0.6665354156250001 0.3803765627906977 0.679670834375 0.4025125 0.679997915625 0.42196093720930233 0.678772915625 0.4217781255813954 0.6648229156250001 0.3795765627906976 0.6665354156250001
2 0.414254688372093 0.79625625 0.42507968837209303 0.793075 0.4259968744186046 0.779858334375 0.3848968744186046 0.781570834375 0.38361249999999997 0.794297915625 0.40526406279069765 0.795033334375 0.414254688372093 0.79625625
3 0.4192093744186046 0.757095834375 0.4192093744186046 0.74608125 0.40728281162790697 0.747795834375 0.385882811627907 0.747570834375 0.38673281162790696 0.760522915625 0.399392188372093 0.762235415625 0.4192093744186046 0.757095834375
0 0.42030937441860466 0.7230749999999999 0.38496406279069767 0.7249375 0.3850812488372093 0.737025 0.419575 0.735802084375 0.42030937441860466 0.7230749999999999
0 0.419392188372093 0.699577084375 0.38565312558139536 0.7013874999999999 0.3856312511627907 0.7130395843749999 0.418657811627907 0.712060415625 0.419392188372093 0.699577084375
2 0.5762625 0.488214584375 0.5344281255813953 0.486745834375 0.536079688372093 0.499472915625 0.5755281255813953 0.500208334375 0.5762625 0.488214584375
2 0.6447015627906977 0.503389584375 0.6028859372093023 0.506252084375 0.603417188372093 0.519054165625 0.6450687511627907 0.518808334375 0.6447015627906977 0.503389584375
2 0.6496546883720931 0.6167125 0.608392188372093 0.6184999999999999 0.6078218744186047 0.631641665625 0.6491046883720931 0.629683334375 0.6496546883720931 0.6167125
2 0.5768125 0.590522915625 0.5551625 0.591745834375 0.5375468744186046 0.59125625 0.5364468744186046 0.59884375 0.5762625 0.5986 0.5768125 0.590522915625
3 0.5411796883720931 0.523379165625 0.571307811627907 0.52419375 0.571492188372093 0.5192979156249999 0.541217188372093 0.518075 0.5411796883720931 0.523379165625
3 0.6413984372093023 0.5364312499999999 0.6093093744186047 0.539589584375 0.6089218744186047 0.5506270843750001 0.641582811627907 0.548179165625 0.6413984372093023 0.5364312499999999
0 0.642867188372093 0.561152084375 0.6092890627906977 0.5636 0.6092890627906977 0.5758375 0.6436 0.574858334375 0.642867188372093 0.561152084375
0 0.6436 0.583914584375 0.6106859372093023 0.586079165625 0.6107562511627906 0.59884375 0.6425 0.59713125 0.6436 0.583914584375
0 0.572404688372093 0.55669375 0.540032811627907 0.557941665625 0.5408453116279069 0.569664584375 0.5720375 0.568441665625 0.572404688372093 0.55669375
0 0.570570311627907 0.53393125 0.5402625 0.532860415625 0.539745311627907 0.545679165625 0.570570311627907 0.546658334375 0.570570311627907 0.53393125