2 0.39672343720930237 0.22810000000000002 0.37590937441860467 0.22505416562499997 0.3748937488372093 0.24333125 0.4144906255813953 0.25246875 0.41626718837209303 0.23622291562500003 0.39672343720930237 0.22810000000000002
2 0.3662640627906977 0.326245834375 0.36499531162790694 0.347566665625 0.4053531255813953 0.35467291562500003 0.4076375 0.334366665625 0.3662640627906977 0.326245834375
2 0.6500374999999999 0.440295834375 0.647245311627907 0.452141665625 0.6817640627906977 0.48056875000000004 0.6870953116279069 0.46601666562500005 0.6500374999999999 0.440295834375
2 0.6185625 0.529641665625 0.612979688372093 0.546225 0.6469906255813953 0.573975 0.6548593744186048 0.5584083343749999 0.6185625 0.529641665625
0 0.6436921883720931 0.472108334375 0.6398843744186047 0.484629165625 0.668820311627907 0.507304165625 0.6731343744186047 0.492752084375 0.6436921883720931 0.472108334375
0 0.6363312488372093 0.49579791562500003 0.6312546883720931 0.508997915625 0.6599359372093023 0.529641665625 0.6637437488372093 0.5184729156250001 0.6363312488372093 0.49579791562500003
4 0.6304921883720931 0.51271875 0.6254156255813953 0.52355 0.6540984372093024 0.546225 0.658667188372093 0.5357333343749999 0.6304921883720931 0.51271875
4 0.8871062511627907 0.558745834375 0.885582811627907 0.566529165625 0.9135031255813955 0.5854812500000001 0.9178187488372093 0.572620834375 0.8871062511627907 0.558745834375
0 0.8832984372093023 0.57634375 0.8807609372093023 0.58954375 0.90995 0.6057875 0.9145187511627907 0.590895834375 0.8832984372093023 0.57634375
0 0.8779687511627907 0.6000333343750001 0.8741609372093023 0.615939584375 0.9043656255813954 0.631508334375 0.9076656255813954 0.620339584375 0.8779687511627907 0.6000333343750001
2 0.8662937488372092 0.6237250000000001 0.8627390627906977 0.644029165625 0.9025890627906976 0.661966665625 0.906904688372093 0.6464000000000001 0.8662937488372092 0.6237250000000001
2 0.8904062488372093 0.526595834375 0.8865984372093023 0.545547915625 0.9251796883720931 0.5651770843749999 0.928732811627907 0.546225 0.8904062488372093 0.526595834375
0 0.37641406279069767 0.259391665625 0.3757109372093023 0.2769125 0.40786093720930233 0.282858334375 0.4090343744186047 0.27096875 0.37641406279069767 0.259391665625
0 0.37430312558139534 0.2853625 0.373832811627907 0.302258334375 0.40645312558139535 0.304447915625 0.40668750000000004 0.29068125 0.37430312558139534 0.2853625
4 0.374067188372093 0.304760415625 0.3721906255813953 0.319466665625 0.404575 0.323847915625 0.40434062558139533 0.312583334375 0.374067188372093 0.304760415625