2 0.427795311627907 0.54329375 0.4057734372093023 0.545822915625 0.3854093744186047 0.545622915625 0.3856515627906977 0.555939584375 0.4061531255813954 0.555939584375 0.4266562488372093 0.555433334375 0.427795311627907 0.54329375
2 0.5595437511627906 0.39709374999999997 0.5401796883720931 0.39658958437499997 0.5177625 0.3969875 0.5185375 0.40872916562499995 0.5428375000000001 0.4072125 0.5595437511627906 0.4062 0.5595437511627906 0.39709374999999997
2 0.717792188372093 0.50485625 0.7010859372093023 0.50485625 0.6751656255813954 0.504983334375 0.6764062511627907 0.516489584375 0.6980484372093023 0.516489584375 0.717792188372093 0.515985415625 0.717792188372093 0.50485625
7 0.7161421883720931 0.40426875000000007 0.715382811627907 0.39263333437500003 0.694120311627907 0.392129165625 0.6751656255813954 0.393089584375 0.6747562511627907 0.401233334375 0.6751359372093023 0.403764584375 0.694879688372093 0.403764584375 0.7161421883720931 0.40426875000000007
7 0.5620843744186047 0.518745834375 0.5624640627906976 0.508629165625 0.5461374999999999 0.5071104156249999 0.5211031255813954 0.5088812500000001 0.5214578116279069 0.5136875 0.5229765627906977 0.5212749999999999 0.5438593744186047 0.5212749999999999 0.5620843744186047 0.518745834375
7 0.42480156279069764 0.433233334375 0.40126093720930234 0.433233334375 0.38332187441860466 0.432614584375 0.384175 0.44486875000000003 0.4039187488372093 0.445372915625 0.42518124883720926 0.445372915625 0.42480156279069764 0.433233334375
0 0.389167188372093 0.46490208437499997 0.38913593720930234 0.474589584375 0.42140781162790697 0.474589584375 0.42140781162790697 0.46497708437499996 0.389167188372093 0.46490208437499997
0 0.38791562558139536 0.48438749999999997 0.38799687441860464 0.49684791562499997 0.4229265627906976 0.49583541562500005 0.42178750000000004 0.4852125 0.38791562558139536 0.48438749999999997
0 0.389167188372093 0.5094375 0.390654688372093 0.521635415625 0.42178750000000004 0.520622915625 0.42178750000000004 0.51 0.389167188372093 0.5094375
0 0.524025 0.432058334375 0.5250625 0.44529375 0.5577140627906977 0.443777084375 0.556195311627907 0.431635415625 0.524025 0.432058334375
0 0.556954688372093 0.45439999999999997 0.5360718744186047 0.456422915625 0.5252781255813954 0.456552084375 0.525442188372093 0.46603541562500006 0.5523984372093024 0.46350625 0.5577140627906977 0.46350625 0.556954688372093 0.45439999999999997
0 0.5580937488372093 0.475141665625 0.525695311627907 0.47659375 0.5258218744186046 0.48778750000000004 0.5432859372093023 0.48778750000000004 0.5577140627906977 0.48829374999999997 0.5580937488372093 0.475141665625
0 0.7127312511627908 0.423372915625 0.6979234372093023 0.423879165625 0.6797578116279069 0.425377084375 0.6800781255813955 0.435514584375 0.7028593744186047 0.436020834375 0.7131109372093023 0.435514584375 0.7127312511627908 0.423372915625
0 0.7127312511627908 0.444114584375 0.6971640627906978 0.44563125000000003 0.6805937488372092 0.44597499999999995 0.6808375 0.457266665625 0.6979234372093023 0.457266665625 0.7134906255813954 0.457266665625 0.7127312511627908 0.444114584375
0 0.7134906255813954 0.467891665625 0.6797578116279069 0.46824374999999996 0.6800781255813955 0.47952500000000003 0.6945062488372094 0.48053749999999995 0.7127312511627908 0.479020834375 0.7134906255813954 0.467891665625