7 0.4113390627906977 0.5374125000000001 0.4240687488372093 0.5368645843750001 0.424479688372093 0.52646875 0.4068218744186046 0.52646875 0.38253906279069766 0.5233104156249999 0.382592188372093 0.529752084375 0.38382499999999997 0.535770834375 0.3998406255813953 0.536316665625 0.4113390627906977 0.5374125000000001
7 0.560407811627907 0.609635415625 0.563282811627907 0.608541665625 0.5628718744186046 0.598145834375 0.5220781255813953 0.5985750000000001 0.5222171883720931 0.6047125 0.5230375 0.611825 0.539875 0.611277084375 0.560407811627907 0.609635415625
7 0.717242188372093 0.48466041562499995 0.6930140627906977 0.4841125 0.6747140627906977 0.48296875000000006 0.6745343744186046 0.49505625000000003 0.7016374999999999 0.49560208437500003 0.717242188372093 0.494508334375 0.717242188372093 0.48466041562499995
0 0.712632811627907 0.511589584375 0.6796812488372094 0.516085415625 0.6801906255813953 0.528552084375 0.6999015627906977 0.527458334375 0.7134531255813954 0.526910415625 0.712632811627907 0.511589584375
0 0.6974374999999999 0.53730625 0.6805843744186046 0.537760415625 0.6806015627906977 0.54825 0.7130437488372093 0.547702084375 0.7130437488372093 0.5362125 0.6974374999999999 0.53730625
0 0.712632811627907 0.558097915625 0.6810359372093023 0.558835415625 0.6810125 0.570135415625 0.696617188372093 0.570683334375 0.7130437488372093 0.570135415625 0.712632811627907 0.558097915625
0 0.5386062511627907 0.5228937499999999 0.5247875 0.5233104156249999 0.525054688372093 0.536025 0.5558531255813953 0.53493125 0.556675 0.521252084375 0.5386062511627907 0.5228937499999999
0 0.5574968744186046 0.543685415625 0.526142188372093 0.54679375 0.527107811627907 0.5568187499999999 0.547229688372093 0.554629165625 0.557907811627907 0.5540812500000001 0.5574968744186046 0.543685415625
0 0.5579812511627907 0.566727084375 0.5427875 0.567820834375 0.526142188372093 0.567866665625 0.5263609372093023 0.580952084375 0.5477156255813953 0.579858334375 0.5575718744186047 0.579310415625 0.5579812511627907 0.566727084375
0 0.420457811627907 0.555985415625 0.38931249999999995 0.555825 0.38924687441860467 0.5647416656249999 0.4081375 0.5652874999999999 0.42086874883720926 0.565835415625 0.420457811627907 0.555985415625
0 0.42086874883720926 0.576779165625 0.3906671883720931 0.57569375 0.390479688372093 0.586627084375 0.40895937441860464 0.587720834375 0.4216890627906977 0.586627084375 0.42086874883720926 0.576779165625
0 0.4229218744186046 0.5997583343749999 0.390479688372093 0.60030625 0.3900687511627907 0.610702084375 0.403620311627907 0.61125 0.423332811627907 0.611795834375 0.4229218744186046 0.5997583343749999
2 0.427570311627907 0.646316665625 0.427570311627907 0.634827084375 0.411554688372093 0.637016665625 0.3857 0.63590625 0.38691562558139536 0.6474125 0.40457343720930233 0.646864584375 0.4205890627906977 0.646864584375 0.427570311627907 0.646316665625
2 0.5601484372093024 0.497589584375 0.5601484372093024 0.48883333437500004 0.5379718744186047 0.48883333437500004 0.5180140627906977 0.487785415625 0.5186718744186046 0.49977708437499996 0.5359187511627908 0.49922916562499997 0.550292188372093 0.498135415625 0.5601484372093024 0.497589584375
2 0.7172781255813954 0.607416665625 0.7181000000000001 0.595927084375 0.6951031255813953 0.5964729156249999 0.6760687511627907 0.594360415625 0.677032811627907 0.605227084375 0.6955125 0.6057750000000001 0.708654688372093 0.6068687500000001 0.7172781255813954 0.607416665625