7 0.520717188372093 0.39614791562499996 0.520717188372093 0.38368541562499997 0.48981562558139535 0.384497915625 0.47985312558139537 0.3869375 0.47965 0.402110415625 0.4948984372093023 0.399670834375 0.520717188372093 0.39614791562499996
7 0.5180750000000001 0.41159166562499994 0.5016062511627907 0.412677084375 0.485567188372093 0.41753125 0.4859515627906977 0.4319125 0.5182781255813953 0.42811875 0.5180750000000001 0.41159166562499994
0 0.519904688372093 0.434622915625 0.5036406255813953 0.43733125 0.48676562558139536 0.43949999999999995 0.48717187441860466 0.45331666562499995 0.5194984372093023 0.45060833437500003 0.519904688372093 0.434622915625
3 0.5205140627906977 0.4603625 0.5050625 0.460904165625 0.48912187441860466 0.46459374999999997 0.489204688372093 0.476347915625 0.520717188372093 0.474179165625 0.5205140627906977 0.4603625
2 0.5278343744186047 0.49991874999999997 0.5040468744186046 0.5010020843749999 0.4870906255813954 0.5045437500000001 0.48717187441860466 0.517258334375 0.5264109372093023 0.5137375 0.5278343744186047 0.49991874999999997
2 0.6137796883720931 0.434541665625 0.6119500000000001 0.4424 0.6119500000000001 0.44700625 0.627807811627907 0.44754791562499996 0.6524078116279071 0.44863125000000004 0.6509843744186046 0.43779375 0.6137796883720931 0.434541665625
0 0.6444781255813953 0.502547915625 0.6123562511627908 0.49875625 0.6113390627906976 0.5125729156250001 0.6440718744186046 0.517179165625 0.6444781255813953 0.502547915625
7 0.6432593744186047 0.5272041656249999 0.6094859372093023 0.524520834375 0.6091031255813955 0.538041665625 0.6428515627906977 0.540210415625 0.6432593744186047 0.5272041656249999
7 0.6450890627906978 0.555652084375 0.6046296883720931 0.5507770843750001 0.6036140627906977 0.561614584375 0.6444781255813953 0.567304165625 0.6450890627906978 0.555652084375
3 0.6448859372093023 0.48927291562499997 0.646104688372093 0.47762291562500003 0.6316703116279069 0.47518333437500004 0.6135484372093023 0.47339583437500005 0.6135765627906976 0.48520833437500005 0.6257750000000001 0.48900208437500003 0.6448859372093023 0.48927291562499997
2 0.8106625000000001 0.40176875 0.8106625000000001 0.390389584375 0.788704688372093 0.394454165625 0.7694625 0.3958625 0.7689843744186046 0.40800000000000003 0.781792188372093 0.40800000000000003 0.8106625000000001 0.40176875
3 0.8096093744186046 0.4306375 0.7912265627906977 0.43330833437500005 0.7777062511627907 0.43473541562499995 0.7771906255813953 0.446225 0.8097765627906977 0.444220834375 0.8096093744186046 0.4306375
0 0.811279688372093 0.45535625 0.779195311627907 0.45891875000000004 0.7788609372093024 0.473616665625 0.8117812488372094 0.47094375 0.811279688372093 0.45535625
7 0.812617188372093 0.480075 0.8000843744186046 0.482302084375 0.780420311627907 0.484547915625 0.780532811627907 0.498558334375 0.8121156255813954 0.49365833437499995 0.812617188372093 0.480075
7 0.7977437488372093 0.523945834375 0.8201359372093023 0.517041665625 0.820470311627907 0.507020834375 0.805932811627907 0.509470834375 0.7793625000000001 0.513479165625 0.7776921883720931 0.51615 0.7790281255813953 0.5235000000000001 0.7977437488372093 0.523945834375