2 0.434882811627907 0.7642187500000001 0.434882811627907 0.778916665625 0.47362812558139533 0.777133334375 0.4729609372093023 0.760210415625 0.434882811627907 0.7642187500000001
2 0.43788906279069767 0.86353125 0.439225 0.8858 0.47964062558139536 0.8804562499999999 0.4786390627906977 0.857741665625 0.43788906279069767 0.86353125
2 0.5411 0.698308334375 0.545107811627907 0.71345 0.582182811627907 0.69964375 0.578842188372093 0.681383334375 0.5411 0.698308334375
2 0.521392188372093 0.5976583343749999 0.5240640627906976 0.6128 0.56615 0.599439584375 0.5618078116279069 0.580289584375 0.521392188372093 0.5976583343749999
2 0.7144515627906978 0.82835 0.6987531255813954 0.846608334375 0.679379688372093 0.857741665625 0.6837218744186047 0.868877084375 0.705432811627907 0.855516665625 0.717792188372093 0.841264584375 0.7144515627906978 0.82835
2 0.7354937511627907 0.9312250000000001 0.7238031255813954 0.940577084375 0.711445311627907 0.9432499999999999 0.7201296883720931 0.9624 0.754532811627907 0.934341665625 0.7495234372093023 0.9160833343749999 0.7354937511627907 0.9312250000000001
0 0.693742188372093 0.883127084375 0.697417188372093 0.894260415625 0.7274781255813952 0.874666665625 0.7214656255813953 0.8604145843750001 0.693742188372093 0.883127084375
0 0.7308187488372093 0.8835729156250001 0.7024265627906977 0.90495 0.7067687488372094 0.9174187500000001 0.7231359372093022 0.90673125 0.7361624999999999 0.894260415625 0.7308187488372093 0.8835729156250001
4 0.7104437511627907 0.9236541656249999 0.7137828116279069 0.932560415625 0.7421749999999999 0.9102937499999999 0.7381656255813954 0.9022770843749999 0.7104437511627907 0.9236541656249999
4 0.530745311627907 0.622597915625 0.5327484372093023 0.634177084375 0.5658156255813953 0.62304375 0.5651484372093023 0.61458125 0.530745311627907 0.622597915625
4 0.4729609372093023 0.8390375000000001 0.44089531162790696 0.8426 0.43989374883720933 0.854179165625 0.45959999999999995 0.853735415625 0.47362812558139533 0.850616665625 0.4729609372093023 0.8390375000000001
0 0.44056093720930234 0.824341665625 0.44056093720930234 0.83725625 0.4729609372093023 0.835475 0.472292188372093 0.818552084375 0.44056093720930234 0.824341665625
0 0.439225 0.7927208343750001 0.438892188372093 0.8100895843749999 0.473295311627907 0.808754165625 0.47262656279069765 0.790939584375 0.439225 0.7927208343750001
0 0.5357546883720931 0.639966665625 0.5384265627906977 0.655554165625 0.5701578116279069 0.643975 0.5668187511627907 0.6301687499999999 0.5357546883720931 0.639966665625
0 0.5404312488372093 0.66134375 0.5421015627906977 0.677377084375 0.5721625 0.6689145843750001 0.569825 0.655108334375 0.5404312488372093 0.66134375