2 0.39633437441860464 0.683541665625 0.39633437441860464 0.6700625 0.3794734372093023 0.669314584375 0.354192188372093 0.666745834375 0.3558687488372093 0.683541665625 0.3873406255813953 0.6865375 0.39633437441860464 0.683541665625
2 0.35924062558139536 0.7891250000000001 0.3901515627906977 0.789875 0.3918375 0.7734 0.39127500000000004 0.76890625 0.372729688372093 0.76890625 0.3492484372093023 0.766452084375 0.3474390627906977 0.7778937499999999 0.34968593720930236 0.7876270843750001 0.35924062558139536 0.7891250000000001
2 0.5031171883720931 0.8932125 0.5109843744186047 0.8894666656249999 0.5104218744186046 0.8707479156250001 0.487379688372093 0.874491665625 0.46852656279069765 0.873577084375 0.46939531162790693 0.882727084375 0.46883281162790696 0.8894666656249999 0.4851312488372093 0.8932125 0.5031171883720931 0.8932125
2 0.50705 0.783883334375 0.50705 0.770404165625 0.487379688372093 0.7734 0.46790937441860464 0.7713979156249999 0.46939531162790693 0.783135415625 0.483445311627907 0.7846333343749999 0.49693437441860466 0.7846333343749999 0.50705 0.783883334375
2 0.7891468744186045 0.751120834375 0.7874609372093023 0.736145834375 0.7460203116279069 0.7351395843749999 0.747557811627907 0.7503729156250001 0.7649812488372093 0.754866665625 0.7829656255813954 0.754116665625 0.7891468744186045 0.751120834375
2 0.7869 0.8394833343749999 0.7694765627906978 0.8394833343749999 0.7571125000000001 0.843227084375 0.7447843744186046 0.8397916656250001 0.7453109372093023 0.8507145843749999 0.7689140627906976 0.85595625 0.7885859372093023 0.85670625 0.7869 0.8394833343749999
4 0.36482656279069764 0.748127084375 0.35542812558139536 0.745027084375 0.35527187441860464 0.7556145843750001 0.38730624883720927 0.758610415625 0.386745311627907 0.748875 0.36482656279069764 0.748127084375
4 0.505582811627907 0.8492958343750001 0.48627656279069764 0.851166665625 0.47252343720930234 0.8503291656249999 0.47223593720930235 0.860054165625 0.4890843744186047 0.8623916656249999 0.5059343744186047 0.86145625 0.505582811627907 0.8492958343750001
4 0.7821968744186046 0.7665124999999999 0.774825 0.76370625 0.7504562511627907 0.7612875 0.750604688372093 0.775866665625 0.768857811627907 0.7763333343750001 0.7825484372093023 0.775866665625 0.7821968744186046 0.7665124999999999
0 0.7821968744186046 0.8076708343749999 0.767804688372093 0.8090729156249999 0.7504562511627907 0.8086395843749999 0.7513062511627907 0.81983125 0.771667188372093 0.81983125 0.7821968744186046 0.81983125 0.7821968744186046 0.8076708343749999
0 0.7821968744186046 0.798783334375 0.7821968744186046 0.78288125 0.7504562511627907 0.781360415625 0.750604688372093 0.792704165625 0.7551671883720931 0.797847915625 0.772720311627907 0.798783334375 0.7821968744186046 0.798783334375
0 0.505232811627907 0.8034604156249999 0.4901375 0.80533125 0.48136249999999997 0.804864584375 0.47136562558139533 0.803491665625 0.4725859372093023 0.816089584375 0.48382031162790695 0.817491665625 0.5038281255813953 0.8184270843749999 0.505232811627907 0.8034604156249999
0 0.505232811627907 0.8319916656249999 0.4897875 0.8333937499999999 0.4721375 0.829227084375 0.4725859372093023 0.8446187500000001 0.4901375 0.844152084375 0.5048812511627907 0.8432166656250001 0.505232811627907 0.8319916656249999
0 0.3574906255813953 0.702097915625 0.3569125 0.716245834375 0.389557811627907 0.718583334375 0.39025937441860464 0.7054875 0.3574906255813953 0.702097915625
0 0.35787812558139537 0.725260415625 0.3565609372093023 0.73963125 0.38815312558139536 0.743372915625 0.3892062511627907 0.730277084375 0.35787812558139537 0.725260415625