2 0.49812812558139535 0.202977084375 0.5013390627906976 0.214110415625 0.5305656255813953 0.198266665625 0.5270328116279069 0.186704165625 0.49812812558139535 0.202977084375
2 0.6583890627906978 0.302752084375 0.6619218744186046 0.31046041562500004 0.6914687511627907 0.28862083437499997 0.6885781255813953 0.278770834375 0.6583890627906978 0.302752084375
2 0.8857734372093024 0.418370834375 0.886095311627907 0.433358334375 0.9194968744186046 0.42822083437499997 0.918532811627907 0.41151875000000004 0.8857734372093024 0.418370834375
2 0.5135500000000001 0.166889584375 0.5256593744186047 0.161260415625 0.5210718744186046 0.15122708437500001 0.5133656255813953 0.15391875 0.49777031162790697 0.162975 0.4847437488372093 0.17080625 0.4854765627906977 0.17766041562499998 0.48786250000000003 0.18377916562500002 0.5135500000000001 0.166889584375
2 0.5528156255813954 0.268220834375 0.550429688372093 0.261122915625 0.5364843744186046 0.26895416562499996 0.5141125 0.278389584375 0.5174031255813953 0.2878 0.5390531255813954 0.278254165625 0.5528156255813954 0.268220834375
2 0.6791093744186046 0.263120834375 0.6851656255813954 0.255777084375 0.681495311627907 0.24745625000000002 0.6583765627906977 0.268260415625 0.6467 0.278695834375 0.6495687488372094 0.28735 0.6625968744186046 0.276091665625 0.6791093744186046 0.263120834375
2 0.718192188372093 0.35416875000000003 0.716357811627907 0.34486875 0.6996593744186046 0.35833125 0.6799625 0.37198125000000004 0.682779688372093 0.38427500000000003 0.7099343744186046 0.365672915625 0.718192188372093 0.35416875000000003
0 0.6947062511627906 0.33214166562499997 0.6743390627906977 0.343889584375 0.6783562511627907 0.3573 0.6934218744186046 0.34242083437500004 0.7088343744186048 0.333854165625 0.7029624999999999 0.322841665625 0.6947062511627906 0.33214166562499997
0 0.6965406255813954 0.303014584375 0.6844312488372093 0.313539584375 0.6664281255813954 0.325185415625 0.6708531255813953 0.33630208437500003 0.7002109372093024 0.31574375 0.6965406255813954 0.303014584375
0 0.5036406255813953 0.225075 0.5067718744186046 0.23679375 0.5357500000000001 0.22018125 0.5335484372093023 0.21038958437500002 0.5146499999999999 0.21993541562500002 0.5036406255813953 0.225075
0 0.544557811627907 0.244902084375 0.5396031255813953 0.232172915625 0.5309796883720931 0.23731458437500003 0.5102468744186047 0.248327084375 0.5124484372093023 0.2613 0.5335484372093023 0.250041665625 0.544557811627907 0.244902084375
2 0.9093343744186047 0.386677084375 0.88695 0.390104165625 0.8779593744186047 0.3908375 0.8776968744186047 0.40073125000000004 0.9041968744186047 0.399404165625 0.9201593744186046 0.39328541562499997 0.9196093744186047 0.382516665625 0.9093343744186047 0.386677084375
2 0.9291499999999999 0.502691665625 0.9302515627906977 0.49069791562500004 0.9054812511627908 0.496329165625 0.888479688372093 0.49829999999999997 0.8884171883720929 0.507097915625 0.909517188372093 0.506608334375 0.9291499999999999 0.502691665625
0 0.921995311627907 0.476502084375 0.9214437511627908 0.463285415625 0.9034625000000001 0.46891458437500005 0.889854688372093 0.46924374999999996 0.8900687488372093 0.48237708437500004 0.898875 0.48237708437500004 0.921995311627907 0.476502084375
0 0.8860312488372092 0.446154165625 0.8863984372093022 0.45643333437500005 0.888707811627907 0.460066665625 0.9210765627906977 0.45471874999999995 0.9199765627906977 0.440033334375 0.9060312488372093 0.441991665625 0.8860312488372092 0.446154165625