2 0.3600375 0.73430625 0.3661890627906977 0.744920834375 0.39151718837209304 0.7169375 0.3868140627906977 0.706322915625 0.3600375 0.73430625
2 0.5434937511627908 0.850097915625 0.5478359372093023 0.8607125 0.5767828116279069 0.834177084375 0.5699078116279069 0.8250083343749999 0.5434937511627908 0.850097915625
2 0.7139218744186047 0.8293520843750001 0.7179031255813954 0.8414125 0.7472125000000001 0.8211499999999999 0.7432328116279069 0.8100520843749999 0.7139218744186047 0.8293520843750001
2 0.3417484372093023 0.709279165625 0.3441015627906977 0.7152729156250001 0.34806718837209305 0.722670834375 0.356725 0.710420834375 0.379832811627907 0.6853041656250001 0.37213124883720927 0.678454165625 0.3417484372093023 0.709279165625
2 0.4172765627906977 0.7834875 0.42690468837209306 0.772927084375 0.4232687488372093 0.766077084375 0.4087187488372093 0.78263125 0.3914031255813954 0.800422915625 0.3952390627906977 0.809175 0.41192812558139535 0.790622915625 0.4172765627906977 0.7834875
0 0.4136390627906977 0.753804165625 0.4061515627906977 0.7423875 0.39331249999999995 0.760083334375 0.38070312558139535 0.772604165625 0.38646718837209304 0.784914584375 0.4018718744186046 0.76721875 0.4136390627906977 0.753804165625
0 0.400075 0.7346812500000001 0.3960093744186047 0.7258333343750001 0.382529688372093 0.742672915625 0.3700234372093023 0.754058334375 0.3758968744186047 0.7637937499999999 0.390875 0.746383334375 0.400075 0.7346812500000001
2 0.5522359372093023 0.807647915625 0.528032811627907 0.830908334375 0.5308890627906977 0.83913125 0.5319421883720931 0.838529165625 0.545020311627907 0.825695834375 0.5662156255813954 0.8096520843749999 0.5617062511627907 0.7972187500000001 0.5522359372093023 0.807647915625
2 0.591470311627907 0.900291665625 0.570575 0.92014375 0.5749468744186047 0.928225 0.5919218744186047 0.913325 0.6099609372093023 0.893675 0.6037984372093024 0.885652084375 0.591470311627907 0.900291665625
0 0.5747843744186046 0.881041665625 0.5633593744186046 0.89166875 0.567617188372093 0.902664584375 0.5800468744186046 0.8904666656250001 0.5958312488372094 0.8750249999999999 0.5896671883720931 0.8657999999999999 0.5747843744186046 0.881041665625
0 0.5860593744186047 0.8583812500000001 0.582 0.84655 0.5687718744186047 0.8607875 0.5550921883720931 0.8770312499999999 0.559 0.8864541656249999 0.5746343744186047 0.8708145843749999 0.5860593744186047 0.8583812500000001
0 0.7546781255813954 0.8435958343750001 0.7518218744186047 0.8309625 0.7394953116279069 0.843395834375 0.7224796883720931 0.8538 0.728070311627907 0.8642520843750001 0.7449062488372092 0.852820834375 0.7546781255813954 0.8435958343750001
0 0.7594890627906976 0.8522187499999999 0.7449062488372092 0.861845834375 0.7307765627906977 0.873877084375 0.7349843744186046 0.8863104156249999 0.7635468744186046 0.866858334375 0.7594890627906976 0.8522187499999999
2 0.7597890627906977 0.9001458343750001 0.768207811627907 0.893529165625 0.7755734372093023 0.884504165625 0.7709125 0.8722729156250001 0.7661031255813954 0.88009375 0.751070311627907 0.893529165625 0.7355859372093024 0.9033541656249999 0.7402468744186046 0.9117770843749999 0.7485140627906977 0.907164584375 0.7597890627906977 0.9001458343750001
2 0.7244187511627908 0.8057166656250001 0.7328374999999999 0.7954895843750001 0.7390015627906976 0.786264584375 0.736145311627907 0.778845834375 0.7302812511627907 0.786464584375 0.7170531255813954 0.797895834375 0.6999265627906976 0.8064395843750001 0.7047265627906977 0.815341665625 0.712092188372093 0.812735415625 0.7244187511627908 0.8057166656250001