2 0.7125296883720931 0.60549375 0.7168781255813953 0.619022915625 0.7462359372093024 0.5948625 0.7418859372093023 0.583747915625 0.7125296883720931 0.60549375
2 0.5443640627906977 0.6282062500000001 0.549075 0.6373875 0.576257811627907 0.611775 0.572632811627907 0.601627084375 0.5443640627906977 0.6282062500000001
2 0.3624265627906977 0.5136791656249999 0.3678625 0.521410415625 0.39214531162790695 0.49241666562499997 0.387432811627907 0.48033541562500004 0.3624265627906977 0.5136791656249999
2 0.35192968837209304 0.47587083437500005 0.3443484372093023 0.485260415625 0.34895156279069767 0.499345834375 0.362757811627907 0.4780375 0.381167188372093 0.460341665625 0.3752125 0.451675 0.35192968837209304 0.47587083437500005
2 0.43044062558139534 0.5484604156249999 0.4261093744186047 0.539070834375 0.40472187441860463 0.56435 0.3954 0.57729375 0.4006609372093023 0.585297915625 0.40417968837209306 0.5777125 0.43044062558139534 0.5484604156249999
0 0.37325312558139534 0.5284416656250001 0.3770937511627907 0.5386875 0.391907811627907 0.520633334375 0.40324687441860463 0.5084354156249999 0.3975781255813954 0.500383334375 0.37325312558139534 0.5284416656250001
0 0.4091 0.519414584375 0.39574843720930236 0.5342958343750001 0.38327656279069766 0.549145834375 0.38952968837209306 0.55918125 0.4167812488372093 0.528685415625 0.4091 0.519414584375
0 0.5643140627906976 0.5736104156249999 0.552792188372093 0.5819062500000001 0.5291984372093024 0.607279165625 0.5350515627906977 0.614597915625 0.5456593744186047 0.60215625 0.5549875 0.593129165625 0.5688875 0.583858334375 0.5643140627906976 0.5736104156249999
0 0.583367188372093 0.62321875 0.5733687511627907 0.6323875 0.564745311627907 0.6413895843749999 0.5563718744186046 0.6520604156250001 0.560870311627907 0.660895834375 0.577492188372093 0.644058334375 0.5877406255813953 0.6350541656249999 0.583367188372093 0.62321875
0 0.5979890627906976 0.652227084375 0.5917406255813953 0.64155625 0.5756187511627907 0.656560415625 0.5655 0.6675416656250001 0.5708687488372093 0.6785687499999999 0.5816171883720931 0.666564584375 0.5979890627906976 0.652227084375
2 0.6108625000000001 0.6712312500000001 0.6057375 0.662229165625 0.5859906255813954 0.681902084375 0.5729937511627907 0.6950729156250001 0.578242188372093 0.703908334375 0.5999890627906976 0.680902084375 0.6108625000000001 0.6712312500000001
2 0.7378703116279071 0.562416665625 0.7340140627906977 0.553025 0.7145656255813954 0.5722583343750001 0.6994890627906977 0.5833125 0.703332811627907 0.59328125 0.7237875 0.578966665625 0.7378703116279071 0.562416665625
2 0.775425 0.6579125 0.770729688372093 0.64673125 0.7548031255813953 0.663058334375 0.7355406255813953 0.6755375 0.738707811627907 0.68586875 0.755642188372093 0.6740166656250001 0.775425 0.6579125
0 0.7460843744186046 0.6355500000000001 0.729320311627907 0.6487437500000001 0.7345171883720931 0.659702084375 0.7462531255813953 0.6514270843750001 0.7630187488372093 0.639127084375 0.7579890627906977 0.625933334375 0.7460843744186046 0.6355500000000001
0 0.7534625 0.619222915625 0.7497734372093023 0.60558125 0.7351875 0.618552084375 0.721942188372093 0.62816875 0.7261343744186046 0.640022915625 0.7345171883720931 0.635995834375 0.7534625 0.619222915625