2 0.4044187488372093 0.41578333437500004 0.37434218837209304 0.428245834375 0.3769406255813954 0.44161875000000006 0.38851093720930235 0.43390625 0.406732811627907 0.426966665625 0.4044187488372093 0.41578333437500004
2 0.6933718744186046 0.449716665625 0.6609765627906977 0.453572915625 0.6624218744186047 0.465527084375 0.6728359372093023 0.46398333437500006 0.6953968744186045 0.461670834375 0.6933718744186046 0.449716665625
2 0.405054688372093 0.39418333437499997 0.4037406255813954 0.385766665625 0.3819093744186047 0.3955875 0.3637609372093023 0.403652084375 0.367179688372093 0.410666665625 0.38874843720930236 0.401547915625 0.405054688372093 0.39418333437499997
0 0.41531406279069766 0.45450416562499996 0.41031562558139534 0.44293125 0.40110937441860467 0.450295834375 0.392429688372093 0.455204165625 0.3826984372093023 0.45730833437499996 0.3816468744186047 0.46677916562500005 0.40242500000000003 0.4594125 0.41531406279069766 0.45450416562499996
0 0.4182062511627907 0.47659791562500003 0.4155765627906977 0.465727084375 0.40005781162790693 0.47203958437500004 0.38532812558139534 0.475195834375 0.385592188372093 0.489572915625 0.40400312558139534 0.48045625000000003 0.4182062511627907 0.47659791562500003
2 0.4279390627906977 0.498691665625 0.4242562488372093 0.48852083437499993 0.404529688372093 0.49834166562500004 0.387170311627907 0.50605625 0.387432811627907 0.5165770843749999 0.4116312511627907 0.50605625 0.4279390627906977 0.498691665625
2 0.6934687488372092 0.43069375 0.6940296883720931 0.419841665625 0.671017188372093 0.42320833437500005 0.6541781255813954 0.426577084375 0.6541781255813954 0.43705416562500005 0.6707359372093024 0.431816665625 0.6934687488372092 0.43069375
0 0.6959937488372093 0.48794375 0.6959937488372093 0.47671875 0.6805593744186047 0.4793375 0.6628781255813954 0.483829165625 0.6617562488372093 0.49467916562500003 0.6816812511627907 0.49093749999999997 0.6959937488372093 0.48794375
0 0.6990812511627907 0.512641665625 0.6979593744186046 0.5010416656250001 0.6833656255813954 0.504035415625 0.6651234372093023 0.504783334375 0.6662453116279069 0.5163833343750001 0.6850484372093023 0.5163833343750001 0.6990812511627907 0.512641665625
2 0.7044140627906977 0.538460415625 0.7058171883720931 0.5261125 0.6819625 0.532472915625 0.665404688372093 0.53471875 0.665404688372093 0.5448208343750001 0.684207811627907 0.542577084375 0.7044140627906977 0.538460415625
2 0.537782811627907 0.468927084375 0.535479688372093 0.461760415625 0.515770311627907 0.481214584375 0.5027156255813954 0.487697915625 0.5050187488372093 0.495547915625 0.5262640627906976 0.48360416562499997 0.537782811627907 0.468927084375
2 0.5008125 0.369929165625 0.49729218837209305 0.3592625 0.47777187441860464 0.38016875 0.46081093720930233 0.38827500000000004 0.4652906255813954 0.400222915625 0.48737187441860463 0.384008334375 0.5008125 0.369929165625
2 0.5057515627906977 0.3935625 0.49027187441860465 0.40748125 0.47803437441860464 0.41803958437500005 0.4812734372093023 0.426197915625 0.5089906255813954 0.40316041562500005 0.5057515627906977 0.3935625
0 0.5161906255813954 0.42380000000000007 0.5140296883720931 0.41516041562500006 0.4989109372093023 0.43051874999999995 0.48595312558139536 0.441077084375 0.48955312558139535 0.447316665625 0.5035906255813953 0.436277084375 0.5161906255813954 0.42380000000000007
0 0.526629688372093 0.450195834375 0.521229688372093 0.436277084375 0.5089906255813954 0.452116665625 0.49603124883720934 0.46075625000000003 0.4989109372093023 0.470354165625 0.5133109372093023 0.46027500000000005 0.526629688372093 0.450195834375