7 0.7342124999999999 0.73519375 0.7342124999999999 0.72806875 0.7251125 0.72305625 0.714232811627907 0.743375 0.7029234372093023 0.75520625 0.7128484372093024 0.767652084375 0.7255093744186046 0.7457499999999999 0.7342124999999999 0.73519375
7 0.7334218744186046 0.7811104156249999 0.7458843744186047 0.764485415625 0.7492468744186046 0.7470687500000001 0.7450937488372092 0.7394166656250001 0.7326296883720931 0.764220834375 0.7182562511627907 0.782904165625 0.7205640627906977 0.78770625 0.7290703116279069 0.788497915625 0.7334218744186046 0.7811104156249999
7 0.9458125 0.47837291562499995 0.9418562511627908 0.467025 0.9250421883720931 0.482066665625 0.906217188372093 0.49140208437500005 0.910204688372093 0.504495834375 0.933745311627907 0.48971875000000004 0.9458125 0.47837291562499995
7 0.9365156255813955 0.522704165625 0.953329688372093 0.5105666656250001 0.949175 0.49499583437499994 0.9339437511627907 0.5076625 0.9203140627906977 0.51943125 0.9197 0.521647915625 0.9230640627906977 0.530885415625 0.9365156255813955 0.522704165625
7 0.6667859372093023 0.228877084375 0.6588734372093024 0.221225 0.6412671883720931 0.24391875000000002 0.6304593744186047 0.25331875 0.6345406255813953 0.26661250000000003 0.6529375000000001 0.2452375 0.6667859372093023 0.228877084375
7 0.671929688372093 0.248404165625 0.6443093744186046 0.279697915625 0.6535312511627908 0.28956875000000004 0.6780609372093023 0.26054166562500003 0.671929688372093 0.248404165625
0 0.7199890627906977 0.714802084375 0.7100421883720931 0.700860415625 0.6850484372093023 0.73520625 0.696525 0.74676875 0.7199890627906977 0.714802084375
0 0.7067265627906977 0.6978 0.6983093744186046 0.687597915625 0.6763765627906977 0.724325 0.6830078116279069 0.731125 0.7067265627906977 0.6978
2 0.6952499999999999 0.678077084375 0.688107811627907 0.664814584375 0.6600531255813953 0.7093625 0.6679593744186046 0.717522915625 0.6952499999999999 0.678077084375
2 0.9831937511627906 0.580820834375 0.9778375 0.5675583343749999 0.9406015627906976 0.588302084375 0.9441718744186046 0.604283334375 0.9831937511627906 0.580820834375
0 0.9694218744186046 0.557016665625 0.9661062488372093 0.5434125 0.9357562511627906 0.5675583343749999 0.9395812488372094 0.57741875 0.9694218744186046 0.557016665625
0 0.963045311627907 0.54069375 0.9582 0.523689584375 0.928104688372093 0.54579375 0.933204688372093 0.558716665625 0.963045311627907 0.54069375
0 0.6932093744186048 0.28326875 0.684792188372093 0.271027084375 0.6587781255813953 0.299591665625 0.6666843744186046 0.31319375 0.6932093744186048 0.28326875
0 0.7026453116279069 0.300952084375 0.6952499999999999 0.290070834375 0.6689796883720931 0.31863541562500003 0.6761218744186047 0.32917708437500004 0.7026453116279069 0.300952084375
2 0.7164187511627907 0.318975 0.7095312488372093 0.306052084375 0.6781609372093023 0.34447916562500003 0.6850484372093023 0.35468125 0.7164187511627907 0.318975