7 0.39536875116279074 0.341558334375 0.39309687441860464 0.33377500000000004 0.39082500000000003 0.325127084375 0.38206093720930234 0.326422915625 0.3587156255813953 0.32697291562499997 0.35966718837209305 0.3359375 0.35836874883720926 0.343720834375 0.377517188372093 0.3432875 0.39536875116279074 0.341558334375
7 0.3947187488372093 0.37398958437499996 0.39699062558139536 0.368802084375 0.3943937511627907 0.360585415625 0.3771937488372093 0.36145 0.35514687441860465 0.360283334375 0.35609687441860466 0.36836875 0.358045311627907 0.37442291562499996 0.3771937488372093 0.37398958437499996 0.3947187488372093 0.37398958437499996
7 0.5053406255813954 0.242764584375 0.504367188372093 0.234116665625 0.5033937511627907 0.22633333437499997 0.486517188372093 0.22936041562499998 0.46649687441860466 0.229422915625 0.46866718837209304 0.23714375 0.47321093720930235 0.249252084375 0.4845703116279069 0.247089584375 0.5053406255813954 0.242764584375
7 0.49657812558139536 0.20730624999999997 0.5059906255813953 0.206872915625 0.5053406255813954 0.199089584375 0.502745311627907 0.195197915625 0.4900875 0.196495834375 0.46471250000000003 0.198491665625 0.46315 0.20514375 0.46315 0.21552291562499998 0.477754688372093 0.21033333437500001 0.49657812558139536 0.20730624999999997
7 0.6294593744186047 0.21245208437500002 0.6434140627906977 0.212883334375 0.6447125 0.2051 0.6453625000000001 0.198614584375 0.6343265627906977 0.197316665625 0.6223187488372093 0.1955875 0.6088984372093023 0.1956375 0.6109593744186047 0.2029375 0.6116093744186046 0.21461458437499997 0.6193984372093023 0.21418125 0.6294593744186047 0.21245208437500002
7 0.634679688372093 0.177545834375 0.6489593744186046 0.17884375 0.6479859372093024 0.17062708437500002 0.6450656255813954 0.1654375 0.631757811627907 0.164572915625 0.6088984372093023 0.16423125 0.6064437511627906 0.168464584375 0.6061187488372093 0.180141665625 0.619425 0.177114584375 0.634679688372093 0.177545834375
0 0.3572859372093023 0.27337916562500003 0.3580812511627907 0.288233334375 0.391767188372093 0.28787916562500004 0.39097187441860465 0.27337916562500003 0.3572859372093023 0.27337916562500003
0 0.35781562558139535 0.293891665625 0.359142188372093 0.312635415625 0.3930937511627907 0.312989584375 0.39229843720930235 0.29460000000000003 0.35781562558139535 0.293891665625
0 0.4747890627906977 0.26135625 0.4747890627906977 0.27762291562499997 0.507945311627907 0.271964584375 0.5060890627906977 0.25498958437499997 0.4747890627906977 0.26135625
0 0.477442188372093 0.284697915625 0.477442188372093 0.297783334375 0.5098015627906977 0.293891665625 0.5098015627906977 0.279745834375 0.477442188372093 0.284697915625
0 0.6119218744186046 0.225989584375 0.6121875000000001 0.244025 0.6458734372093022 0.244379165625 0.645342188372093 0.22705000000000003 0.6119218744186046 0.225989584375
0 0.6137781255813953 0.252160415625 0.6137781255813953 0.2656 0.645342188372093 0.264891665625 0.6456078116279069 0.249685415625 0.6137781255813953 0.252160415625
2 0.6116562488372093 0.2765625 0.6116562488372093 0.2935375 0.6522390627906978 0.291416665625 0.6506468744186047 0.27514791562499996 0.6116562488372093 0.2765625
2 0.47532031162790694 0.31334375 0.4761156255813953 0.328197915625 0.5169640627906976 0.320416665625 0.5153718744186047 0.30450208437500004 0.47532031162790694 0.31334375
2 0.3522468744186047 0.247208334375 0.3525109372093023 0.2620625 0.394154688372093 0.260647915625 0.394154688372093 0.246147915625 0.3522468744186047 0.247208334375