7 0.3436593744186046 0.308383334375 0.3544687511627907 0.31103749999999997 0.359875 0.305727084375 0.3601593744186046 0.29169166562500004 0.342804688372093 0.290933334375 0.3282968744186046 0.2890375 0.323175 0.30496875 0.32915 0.30724375 0.3436593744186046 0.308383334375
7 0.36271874883720934 0.33910625 0.363857811627907 0.32772708437500003 0.3490640627906977 0.32507291562499996 0.33341718837209305 0.32507291562499996 0.32089999999999996 0.32507291562499996 0.3214687488372093 0.335314584375 0.3467875 0.33569375 0.36271874883720934 0.33910625
7 0.4662718744186046 0.1505875 0.46740937441860464 0.13465625 0.4571687511627907 0.133139584375 0.444367188372093 0.13048333437499998 0.43156406279069764 0.127829165625 0.43270312558139534 0.145277084375 0.44977187441860467 0.146414584375 0.4662718744186046 0.1505875
7 0.460867188372093 0.113035415625 0.47309999999999997 0.11682916562500001 0.47253125116279066 0.105829165625 0.460582811627907 0.10165625 0.44835 0.09938125 0.43384062558139536 0.098620834375 0.43099531162790694 0.10848333437499999 0.44721093720930233 0.1088625 0.460867188372093 0.113035415625
7 0.6284281255813953 0.140725 0.6258687488372093 0.131622915625 0.619325 0.132002084375 0.6142046883720931 0.135414584375 0.607945311627907 0.139208334375 0.6022562511627907 0.1418625 0.5962812488372093 0.140725 0.5931531255813953 0.149070834375 0.598557811627907 0.160829165625 0.6136359372093023 0.150966665625 0.6284281255813953 0.140725
7 0.6025406255813953 0.10620833437499999 0.583479688372093 0.119104165625 0.5837640627906977 0.129725 0.586325 0.129345834375 0.6002640627906977 0.12062291562500001 0.622454688372093 0.10696666562499998 0.6181875 0.09786249999999999 0.6025406255813953 0.10620833437499999
2 0.365704688372093 0.227279165625 0.36757500000000004 0.214185415625 0.3453625 0.21044374999999998 0.32782500000000003 0.21044374999999998 0.32782500000000003 0.224472915625 0.34466093720930235 0.2235375 0.365704688372093 0.227279165625
0 0.3617562488372093 0.252870834375 0.3627312488372093 0.23922083437500002 0.34712968837209307 0.238570834375 0.3305531255813953 0.23662083437499998 0.32909062558139535 0.251570834375 0.345179688372093 0.250920834375 0.3617562488372093 0.252870834375
0 0.3598062511627907 0.274972915625 0.3617562488372093 0.260022915625 0.345667188372093 0.261322915625 0.3305531255813953 0.260672915625 0.3286031255813953 0.273672915625 0.344204688372093 0.27302291562500003 0.3598062511627907 0.274972915625
0 0.4641390627906977 0.17746458437499998 0.4656015627906977 0.164464584375 0.44951250000000004 0.161214584375 0.433425 0.160564584375 0.43245 0.17421458437499998 0.44756250000000003 0.175514584375 0.4641390627906977 0.17746458437499998
0 0.46170156279069763 0.200866665625 0.4646265627906977 0.189816665625 0.449025 0.185266665625 0.4314734372093023 0.183966665625 0.43245 0.195016665625 0.44707500000000006 0.196316665625 0.46170156279069763 0.200866665625
0 0.636729688372093 0.169664584375 0.6338031255813954 0.1534125 0.6177156255813954 0.16511458437499998 0.6060140627906977 0.172264584375 0.6079640627906977 0.187866665625 0.6235656255813954 0.178114584375 0.636729688372093 0.169664584375
0 0.642579688372093 0.190466665625 0.641117188372093 0.180064584375 0.6269781255813953 0.187866665625 0.6133265627906976 0.195016665625 0.6152765627906976 0.20411666562500003 0.6289281255813953 0.198266665625 0.642579688372093 0.190466665625
2 0.4654343744186047 0.22941875 0.46759531162790696 0.216939584375 0.44779687441860466 0.21213958437499997 0.42727812558139533 0.21070000000000003 0.42619843720930234 0.223658334375 0.4459968744186047 0.225579165625 0.4654343744186047 0.22941875
2 0.6536968744186046 0.21166041562500001 0.6493765627906977 0.1963 0.6328187511627906 0.21070000000000003 0.6159 0.220779165625 0.6187796883720931 0.23517708437499998 0.637857811627907 0.22221875 0.6536968744186046 0.21166041562500001