7 0.5461015627906977 0.36198541562500003 0.5459390627906977 0.34680208437500004 0.5225265627906976 0.35547708437500003 0.506754688372093 0.36415416562499997 0.511957811627907 0.375647915625 0.534232811627907 0.362852084375 0.5461015627906977 0.36198541562500003
7 0.5395984372093023 0.333789584375 0.5379718744186047 0.328366665625 0.534720311627907 0.3157875 0.5191109372093023 0.323160415625 0.5052906255813954 0.32641458437500004 0.5048031255813954 0.34528333437500003 0.530167188372093 0.33769375 0.5395984372093023 0.333789584375
7 0.680470311627907 0.256470834375 0.678682811627907 0.238685415625 0.656895311627907 0.251047915625 0.6450359372093023 0.255639584375 0.6525046883720931 0.27056874999999997 0.6751046883720929 0.260158334375 0.680470311627907 0.256470834375
7 0.678195311627907 0.22155 0.673317188372093 0.21070625 0.656732811627907 0.21808125 0.6383281255813953 0.22663958437499998 0.6383593744186047 0.239552084375 0.6601468744186046 0.228058334375 0.678195311627907 0.22155
7 0.7882890627906977 0.08805208437499999 0.799507811627907 0.078725 0.794304688372093 0.070483334375 0.773329688372093 0.08761875 0.7629359372093023 0.096814584375 0.7624359372093023 0.10410208437499999 0.7640625 0.111260415625 0.7882890627906977 0.08805208437499999
7 0.794517188372093 0.123714584375 0.8076875 0.111785415625 0.8052484372093023 0.095735415625 0.793217188372093 0.110916665625 0.7824859372093024 0.11547291562499999 0.7727296883720931 0.125883334375 0.7776078116279069 0.130004165625 0.7808593744186045 0.138029165625 0.794517188372093 0.123714584375
0 0.4980687511627907 0.3006625 0.5006843744186047 0.316547915625 0.5329390627906977 0.301825 0.5291609372093022 0.286327084375 0.4980687511627907 0.3006625
0 0.4966156255813953 0.278577084375 0.49574375116279074 0.29562499999999997 0.528579688372093 0.278964584375 0.5268375 0.265404165625 0.4966156255813953 0.278577084375
2 0.5245125 0.23828333437500002 0.504170311627907 0.24486875000000002 0.48644531162790694 0.25494374999999997 0.48877031162790696 0.270054165625 0.5120171883720931 0.257266665625 0.5277078116279069 0.25223125 0.5245125 0.23828333437500002
2 0.6613796883720929 0.33165833437500003 0.6639937511627907 0.34676874999999996 0.702642188372093 0.329333334375 0.6997375 0.314997915625 0.6613796883720929 0.33165833437500003
0 0.6764890627906976 0.29833750000000003 0.6584734372093023 0.3037625 0.661670311627907 0.318872915625 0.6930531255813953 0.30415000000000003 0.6907281255813954 0.289039584375 0.6764890627906976 0.29833750000000003
0 0.653532811627907 0.281677084375 0.6567296883720931 0.297175 0.6886937488372092 0.284002084375 0.6854984372093023 0.268504165625 0.653532811627907 0.281677084375
0 0.7851703116279071 0.14916875000000002 0.7904 0.163891665625 0.8203312488372093 0.139483334375 0.8145187511627907 0.124370834375 0.7851703116279071 0.14916875000000002
0 0.7933062511627907 0.168929165625 0.7976656255813953 0.181327084375 0.8267234372093024 0.15536875 0.8223656255813953 0.14490625 0.7933062511627907 0.168929165625
2 0.7991187488372092 0.1933375 0.804057811627907 0.209222915625 0.8406718744186046 0.175514584375 0.834570311627907 0.162729165625 0.7991187488372092 0.1933375