7 0.3324640627906976 0.77756875 0.351795311627907 0.7741083343749999 0.35352656279069766 0.765266665625 0.35150624883720927 0.760654165625 0.336792188372093 0.765266665625 0.3232312511627907 0.767572915625 0.31064687441860467 0.7682854156250001 0.3128437488372093 0.777183334375 0.3163062488372093 0.781029165625 0.3324640627906976 0.77756875
7 0.3396765627906977 0.743739584375 0.34977500000000006 0.741433334375 0.34544687441860467 0.728745834375 0.32986718837209306 0.7302854156249999 0.3116 0.733175 0.312267188372093 0.7368187500000001 0.310825 0.745660415625 0.3240968744186047 0.746045834375 0.3396765627906977 0.743739584375
7 0.42046406279069765 0.539610415625 0.4178671883720931 0.534227084375 0.4138281255813953 0.53076875 0.396804688372093 0.541916665625 0.38151250000000003 0.551910415625 0.38093593720930236 0.556908334375 0.38180156279069766 0.565366665625 0.39651562558139536 0.5549875 0.42046406279069765 0.539610415625
7 0.42219531162790697 0.5596 0.40950000000000003 0.568441665625 0.3890156255813954 0.58088125 0.39276562558139533 0.5845875 0.39651562558139536 0.592275 0.425657811627907 0.573054165625 0.42219531162790697 0.5596
7 0.6192703116279069 0.640364584375 0.6163843744186046 0.6311375 0.614654688372093 0.62421875 0.6062875 0.628447915625 0.5964765627906976 0.63344375 0.5838234372093024 0.635029165625 0.5843593744186046 0.639979165625 0.583204688372093 0.6515125 0.5973421883720931 0.650358334375 0.6192703116279069 0.640364584375
7 0.6248265627906977 0.668902084375 0.6248265627906977 0.656985415625 0.6121312488372093 0.664289584375 0.6000140627906977 0.6677500000000001 0.5835062511627908 0.66845 0.5850109372093023 0.67466875 0.587895311627907 0.680435415625 0.60665 0.676591665625 0.6248265627906977 0.668902084375
0 0.34161093720930236 0.697502084375 0.3100218744186046 0.7019354156250001 0.310042188372093 0.718860415625 0.33223906279069765 0.7168895843749999 0.34259687441860465 0.715245834375 0.34161093720930236 0.697502084375
0 0.30757656279069767 0.693229165625 0.341117188372093 0.691258334375 0.3414812511627907 0.677708334375 0.3206468744186046 0.681070834375 0.3068359372093023 0.6837 0.30757656279069767 0.693229165625
2 0.3016562488372093 0.6672687500000001 0.30362968837209303 0.673183334375 0.34161093720930236 0.665297915625 0.34259687441860465 0.651166665625 0.3169484372093023 0.657083334375 0.30067031162790697 0.659383334375 0.3016562488372093 0.6672687500000001
2 0.442467188372093 0.64786875 0.45356562558139535 0.638995834375 0.4506062488372093 0.63308125 0.448879688372093 0.630452084375 0.43630156279069765 0.638666665625 0.430382811627907 0.644254165625 0.41308125116279065 0.652033334375 0.4136125 0.657397915625 0.41558437441860463 0.665285415625 0.42915000000000003 0.6583833343750001 0.442467188372093 0.64786875
0 0.40695312558139535 0.621908334375 0.4222437488372093 0.61040625 0.43679531162790697 0.602191665625 0.42962500000000003 0.585495834375 0.4131187511627907 0.597591665625 0.4000468744186046 0.6064645843750001 0.40695312558139535 0.621908334375
0 0.437042188372093 0.60810625 0.4224906255813954 0.619279165625 0.408432811627907 0.6261812499999999 0.41308125116279065 0.6404625 0.43284999999999996 0.627166665625 0.441975 0.616979165625 0.437042188372093 0.60810625
0 0.6085437488372093 0.5734 0.5962125 0.5793145843749999 0.5774343744186047 0.5836875 0.579195311627907 0.599360415625 0.5984312488372093 0.5950895843749999 0.6107640627906977 0.5895020843750001 0.6085437488372093 0.5734
0 0.5969515627906976 0.602645834375 0.5804281255813953 0.60461875 0.582154688372093 0.6213770843749999 0.6139703116279069 0.6118479156250001 0.6127359372093023 0.595745834375 0.5969515627906976 0.602645834375
2 0.603857811627907 0.565185415625 0.6112562511627907 0.56255625 0.6107640627906977 0.5523687500000001 0.6087906255813953 0.548097915625 0.5930062488372093 0.554997915625 0.568754688372093 0.5598229156250001 0.5695765627906977 0.5681437500000001 0.5740156255813953 0.575372915625 0.5905390627906977 0.570114584375 0.603857811627907 0.565185415625