7 0.5128437511627907 0.73295625 0.5191390627906977 0.7320562500000001 0.5240859372093023 0.731158334375 0.5299312511627907 0.721864584375 0.5256593744186047 0.709572915625 0.5139687511627907 0.714370834375 0.506325 0.719766665625 0.49350937441860465 0.719466665625 0.49238437441860466 0.739552084375 0.5052 0.737152084375 0.5128437511627907 0.73295625
7 0.5362265627906977 0.7521416656250001 0.5357781255813954 0.739552084375 0.5254343744186046 0.7470458343749999 0.5096968744186047 0.753341665625 0.49620624883720926 0.756339584375 0.5002531255813953 0.76683125 0.5220625 0.7587375 0.5362265627906977 0.7521416656250001
7 0.6531406255813953 0.603152084375 0.6490937511627908 0.592060415625 0.630432811627907 0.604952084375 0.6189656255813953 0.609147915625 0.6230125 0.6229375 0.6403249999999999 0.6121458343749999 0.6531406255813953 0.603152084375
7 0.6477437488372093 0.5698770843750001 0.6423484372093023 0.562383334375 0.6225624999999999 0.5764729156249999 0.6086234372093023 0.58156875 0.6106468744186045 0.595058334375 0.6362781255813954 0.578870834375 0.6477437488372093 0.5698770843750001
7 0.8071515627906977 0.485639584375 0.801979688372093 0.476645834375 0.7875906255813954 0.49043541562500004 0.7776984372093023 0.49283333437500004 0.7711781255813953 0.49703125000000004 0.7783718744186047 0.509920834375 0.7963593744186046 0.49852916562500005 0.8071515627906977 0.485639584375
7 0.7997312488372093 0.4544625 0.7947859372093022 0.44606874999999996 0.7736515627906976 0.46345625 0.7610609372093023 0.47125000000000006 0.7633093744186046 0.482341665625 0.7842187511627907 0.46735416562500004 0.7997312488372093 0.4544625
0 0.5159093744186046 0.657304165625 0.502767188372093 0.6636270843750001 0.485804688372093 0.669695834375 0.4877984372093023 0.683083334375 0.506782811627907 0.6787062500000001 0.5177359372093023 0.671895834375 0.5159093744186046 0.657304165625
0 0.5195609372093023 0.67821875 0.5078781255813953 0.6864895843750001 0.4892593744186046 0.6923250000000001 0.4918265627906977 0.707166665625 0.5122593744186047 0.69865 0.5228468744186047 0.6923250000000001 0.5195609372093023 0.67821875
0 0.6579359372093024 0.618333334375 0.645157811627907 0.628547915625 0.6275187511627907 0.634904165625 0.630920311627907 0.64995 0.6447921883720931 0.645085415625 0.6626812488372094 0.6319520843750001 0.6579359372093024 0.618333334375
0 0.665967188372093 0.6387625 0.6583 0.645085415625 0.6473484372093024 0.650922915625 0.633475 0.6553 0.6387593744186048 0.670766665625 0.655745311627907 0.659679165625 0.6688875 0.651895834375 0.665967188372093 0.6387625
0 0.8133859372093023 0.49964791562500005 0.8013375 0.51278125 0.7841796883720931 0.5191041656250001 0.790020311627907 0.534183334375 0.8038937488372093 0.5283458343749999 0.819592188372093 0.514727084375 0.8133859372093023 0.49964791562500005
0 0.8257984372093022 0.530291665625 0.8217828116279069 0.522022915625 0.8097343744186047 0.534183334375 0.7914812488372093 0.541479165625 0.796957811627907 0.553154165625 0.8079093744186047 0.547804165625 0.8174015627906976 0.542452084375 0.8257984372093022 0.530291665625
2 0.8381203116279069 0.54944375 0.832279688372093 0.53825625 0.8209609372093023 0.550416665625 0.7989406255813953 0.569064584375 0.8038031255813953 0.579602084375 0.8213265627906976 0.5693875 0.8315484372093024 0.559172915625 0.8381203116279069 0.54944375
2 0.6802781255813953 0.67269375 0.6755312488372093 0.660045834375 0.659832811627907 0.67220625 0.6496109372093023 0.681935415625 0.6379562511627908 0.683614584375 0.6419453116279069 0.696527084375 0.657642188372093 0.687770834375 0.6707859372093024 0.680475 0.6802781255813953 0.67269375
2 0.5181687488372093 0.6451979156250001 0.5148828116279069 0.6301187500000001 0.49297968837209305 0.642279165625 0.4769718744186046 0.6466791656249999 0.48129687441860464 0.660277084375 0.49735937441860467 0.6529812500000001 0.5094078116279069 0.648116665625 0.5181687488372093 0.6451979156250001