7 0.5629234372093023 0.4788 0.5593531255813953 0.46975625 0.5275843744186046 0.508308334375 0.5340093744186046 0.516875 0.5629234372093023 0.4788
7 0.548645311627907 0.461189584375 0.5436468744186047 0.452622915625 0.517232811627907 0.483083334375 0.5240156255813954 0.489745834375 0.548645311627907 0.461189584375
7 0.3341125 0.63348125 0.3305437511627907 0.6234875 0.30020156279069765 0.647760415625 0.303057811627907 0.6582312499999999 0.3341125 0.63348125
7 0.3483906255813954 0.655852084375 0.3437515627906977 0.64585625 0.30662656279069767 0.6767937500000001 0.311267188372093 0.6863125 0.3483906255813954 0.655852084375
7 0.25344062558139535 0.720104165625 0.25308281162790697 0.707729165625 0.21881562558139536 0.72105625 0.21988593720930233 0.732002084375 0.25344062558139535 0.720104165625
7 0.22131406279069768 0.760558334375 0.2395187511627907 0.7558 0.2612937511627907 0.74628125 0.262007811627907 0.732002084375 0.24094687441860466 0.743425 0.21952968837209302 0.7486604156250001 0.22131406279069768 0.760558334375
0 0.32625937441860464 0.613491665625 0.3216187511627907 0.60206875 0.2937765627906977 0.62681875 0.29734687441860463 0.6377645843749999 0.32625937441860464 0.613491665625
0 0.2398765627906977 0.701541665625 0.2488 0.69630625 0.2488 0.68345625 0.21595937441860466 0.696783334375 0.21631718837209302 0.707729165625 0.2398765627906977 0.701541665625
3 0.212032811627907 0.6710812500000001 0.21346093720930231 0.685360415625 0.24451718837209302 0.6734604156249999 0.24273125116279068 0.659658334375 0.212032811627907 0.6710812500000001
3 0.28485312558139536 0.603972915625 0.2894937511627907 0.616825 0.3198343744186047 0.5916 0.31447968837209306 0.582079165625 0.28485312558139536 0.603972915625
3 0.525442188372093 0.422639584375 0.5215156255813954 0.41454791562500004 0.49617187441860466 0.4469125 0.5018828116279069 0.453575 0.525442188372093 0.422639584375
0 0.53865 0.446435415625 0.531154688372093 0.433110415625 0.5061671883720931 0.46547291562500004 0.5129484372093023 0.47546875 0.53865 0.446435415625
2 0.510807811627907 0.389322915625 0.5047390627906977 0.38075625 0.4754687488372093 0.41883125000000004 0.47903749999999995 0.42835 0.510807811627907 0.389322915625
2 0.30876874883720934 0.553522915625 0.30377187441860465 0.5421 0.2673625 0.570658334375 0.270217188372093 0.582079165625 0.30876874883720934 0.553522915625
2 0.24308906279069767 0.629197915625 0.2398765627906977 0.618252084375 0.1988265627906977 0.635385415625 0.20025312558139535 0.64538125 0.24308906279069767 0.629197915625