7 0.8858015627906977 0.739222915625 0.9007109372093023 0.737441665625 0.9020453116279069 0.726458334375 0.8835765627906977 0.72794375 0.8575406255813954 0.725864584375 0.8595437488372093 0.7421916656249999 0.8791265627906977 0.74189375 0.8858015627906977 0.739222915625
8 0.8973718744186047 0.7683125000000001 0.8973718744186047 0.754064584375 0.8646937488372093 0.756029165625 0.8646625 0.76534375 0.8842437511627906 0.768014584375 0.8973718744186047 0.7683125000000001
8 0.8441859372093024 0.6201375 0.8270515627906977 0.618060415625 0.8105859372093024 0.614795834375 0.810167188372093 0.628429165625 0.8252718744186046 0.629339584375 0.8392906255813953 0.630822915625 0.8439640627906976 0.633495834375 0.8441859372093024 0.6201375
7 0.8279421883720931 0.590454165625 0.8072468744186047 0.586002084375 0.8090531255813954 0.5987541656250001 0.8266062511627907 0.6014375000000001 0.8506390627906977 0.605295834375 0.8517515627906976 0.592235415625 0.8279421883720931 0.590454165625
7 0.744707811627907 0.9322062499999999 0.7540531255813954 0.930425 0.7549437488372093 0.9152875 0.751382811627907 0.919739584375 0.725570311627907 0.91825625 0.7116843744186045 0.9103354156250001 0.7108843744186046 0.924489584375 0.7262375 0.929535415625 0.744707811627907 0.9322062499999999
8 0.7509374999999999 0.901335415625 0.7511609372093023 0.88768125 0.7351390627906977 0.8879791656249999 0.7186390627906977 0.8847416656249999 0.7175593744186046 0.8965875000000001 0.7335812488372093 0.9010395843750001 0.7509374999999999 0.901335415625
0 0.753175 0.8556062499999999 0.753945311627907 0.840910415625 0.7393249999999999 0.840910415625 0.7212515627906977 0.8345625 0.7200875 0.8508208343750001 0.7298343744186047 0.853214584375 0.7400937511627907 0.854922915625 0.753175 0.8556062499999999
0 0.7511234372093023 0.87679375 0.7521500000000001 0.866883334375 0.7400937511627907 0.8696187500000001 0.7318859372093024 0.8696187500000001 0.718804688372093 0.862783334375 0.7187140627906977 0.8744270843749999 0.733425 0.878845834375 0.7413765627906976 0.878504165625 0.7511234372093023 0.87679375
0 0.8410562488372093 0.6646354156250001 0.8266937488372094 0.663610415625 0.808407811627907 0.659310415625 0.8079687488372093 0.671129165625 0.8251546883720929 0.674545834375 0.8400312488372093 0.678304165625 0.8410562488372093 0.6646354156250001
0 0.8436218744186047 0.651647915625 0.842595311627907 0.641395834375 0.8277187488372093 0.6407125 0.8101 0.6337375 0.8097640627906977 0.646864584375 0.8231015627906977 0.649939584375 0.8354140627906976 0.65130625 0.8436218744186047 0.651647915625
0 0.898395311627907 0.788314584375 0.8978812488372093 0.775670834375 0.8842875 0.774645834375 0.8665125 0.772510415625 0.8665890627906977 0.78763125 0.8771062488372093 0.788997915625 0.8955734372093024 0.788997915625 0.898395311627907 0.788314584375
0 0.8988531255813953 0.8023395843750001 0.8903890627906977 0.8033645843749999 0.8667937511627907 0.800716665625 0.867304688372093 0.815325 0.8816687511627908 0.815666665625 0.9001359372093023 0.816008334375 0.8988531255813953 0.8023395843750001
2 0.8888203116279069 0.8505375000000001 0.8967718744186046 0.848827084375 0.906775 0.8471187499999999 0.906775 0.8423354156249999 0.9062609372093023 0.8348166656249999 0.886254688372093 0.839258334375 0.8744562511627907 0.8372083343750001 0.8642562511627906 0.8345625 0.8641968744186046 0.840625 0.8657359372093023 0.849510415625 0.8783031255813953 0.8501958343749999 0.8888203116279069 0.8505375000000001
2 0.8327484372093023 0.712533334375 0.8440343744186046 0.713216665625 0.845829688372093 0.7067249999999999 0.8460859372093024 0.7015979156250001 0.8301843744186047 0.700572915625 0.8178718744186046 0.697839584375 0.8013562511627907 0.691277084375 0.8014562511627907 0.6998895843749999 0.8017125 0.706041665625 0.8147937488372093 0.7087749999999999 0.8327484372093023 0.712533334375
2 0.7443734372093024 0.82145625 0.7597625 0.8221395843750001 0.7607890627906977 0.8170125 0.7613015627906976 0.811204165625 0.7459125 0.8108625 0.7181500000000001 0.803725 0.7171843744186046 0.809495834375 0.7179531255813955 0.818039584375 0.7325734372093023 0.8197479156249999 0.7443734372093024 0.82145625