8 0.4245 0.185858334375 0.4247140627906977 0.173870834375 0.4078109372093023 0.171016665625 0.39220468837209305 0.1709125 0.39197812558139533 0.1852875 0.40609999999999996 0.185858334375 0.4245 0.185858334375
8 0.49960156279069773 0.135625 0.487404688372093 0.13933541562500001 0.488475 0.152179165625 0.5073031255813953 0.146185415625 0.5199281255813953 0.145614584375 0.518857811627907 0.1322 0.49960156279069773 0.135625
8 0.6118906255813954 0.28381875 0.628579688372093 0.28210625 0.6275093744186047 0.268691665625 0.6193781255813953 0.268120834375 0.6037593744186047 0.274685415625 0.5949875 0.279822915625 0.5941312511627908 0.280964584375 0.5966984372093024 0.289527084375 0.6118906255813954 0.28381875
7 0.6189515627906977 0.25299375 0.6255843744186047 0.252422915625 0.6266531255813954 0.23986458437499997 0.5988390627906977 0.24528750000000002 0.5858734372093023 0.252589584375 0.5868562511627907 0.26498125 0.6080390627906976 0.25584791562500003 0.6189515627906977 0.25299375
7 0.5205624999999999 0.118585415625 0.5205624999999999 0.10380625000000002 0.4977 0.107325 0.4801140627906977 0.109670834375 0.48222343720930233 0.12515416562499998 0.506845311627907 0.11952499999999999 0.5205624999999999 0.118585415625
7 0.42893437441860466 0.2167875 0.42735156279069764 0.203885415625 0.38971718837209307 0.19919375 0.38725468837209304 0.19919375 0.3847937488372093 0.21139166562499997 0.42893437441860466 0.2167875
0 0.4267562511627907 0.12686458437499998 0.41251249999999995 0.12411666562500001 0.3934609372093023 0.120670834375 0.393207811627907 0.137102084375 0.40557812558139533 0.13685208437500002 0.4267562511627907 0.1401 0.4267562511627907 0.12686458437499998
0 0.4254734372093023 0.163272915625 0.4258484372093023 0.153035415625 0.3924312511627907 0.151172915625 0.3917375 0.163025 0.402982811627907 0.162775 0.419475 0.162525 0.4254734372093023 0.163272915625
0 0.5231359372093023 0.166875 0.5224718744186047 0.15581875 0.5128468744186047 0.15360833437500002 0.5052125000000001 0.155377084375 0.48948281162790697 0.161627084375 0.49060937441860464 0.174835415625 0.5035531255813953 0.167316665625 0.5161656255813953 0.16643333437500002 0.5231359372093023 0.166875
0 0.5244640627906977 0.179258334375 0.517825 0.179258334375 0.5088640627906976 0.1797 0.4989062488372093 0.18545 0.49127343720930233 0.188102084375 0.49276718837209305 0.197639584375 0.5141749999999999 0.19429375 0.5247953116279069 0.192083334375 0.5244640627906977 0.179258334375
0 0.6350921883720929 0.3151125 0.6257984372093023 0.31643958437499997 0.6037234372093022 0.32222083437500004 0.6065484372093024 0.336339584375 0.6211515627906976 0.332360415625 0.638742188372093 0.3279375 0.6350921883720929 0.3151125
0 0.630445311627907 0.28857916562499997 0.617832811627907 0.28990625 0.5982484372093023 0.29496875 0.6009046883720931 0.308922915625 0.614845311627907 0.3045 0.6344281255813954 0.29963541562499996 0.630445311627907 0.28857916562499997
2 0.6398609372093023 0.35869375 0.6488218744186046 0.356039584375 0.648157811627907 0.348522915625 0.6458343744186046 0.342772915625 0.631895311627907 0.346310415625 0.6232656255813953 0.348964584375 0.6059125 0.3558 0.606670311627907 0.361789584375 0.6096562511627908 0.37284375000000003 0.6262531255813953 0.364 0.6398609372093023 0.35869375
2 0.523095311627907 0.22394583437499999 0.531392188372093 0.223504165625 0.531725 0.21819791562500002 0.529732811627907 0.209795834375 0.5157937511627907 0.2102375 0.510482811627907 0.209352084375 0.5035125 0.212889584375 0.48824531162790696 0.21952500000000003 0.48890937441860466 0.233675 0.4991984372093023 0.23013750000000002 0.5144656255813953 0.2266 0.523095311627907 0.22394583437499999
2 0.426407811627907 0.1031375 0.4340406255813954 0.105791665625 0.4340406255813954 0.09429375 0.42375156279069764 0.09031458437499999 0.406825 0.088102084375 0.39130156279069767 0.086683334375 0.39089375116279074 0.093852084375 0.39056093720930235 0.1018125 0.40914843720930233 0.102695834375 0.426407811627907 0.1031375