7 0.2834 0.06763749999999999 0.2827234372093023 0.0559125 0.2563437488372093 0.056814584375 0.24146406279069768 0.06493125 0.2407875 0.07665625000000001 0.25972656279069767 0.06944166562500001 0.2834 0.06763749999999999
8 0.4592562488372093 0.292191665625 0.45790312558139534 0.28046875 0.440317188372093 0.281370834375 0.42679062558139536 0.28587916562500004 0.42746562558139534 0.29940625 0.44099374883720927 0.294897915625 0.4592562488372093 0.292191665625
7 0.46466718837209303 0.320147915625 0.4653437511627907 0.31113124999999997 0.4531687511627907 0.308425 0.440317188372093 0.312933334375 0.42408437441860464 0.3147375 0.42408437441860464 0.3264625 0.4436984372093023 0.322854165625 0.46466718837209303 0.320147915625
8 0.7027484372093024 0.430170834375 0.6709593744186048 0.44370000000000004 0.6729890627906976 0.455422915625 0.7034250000000001 0.446404165625 0.7027484372093024 0.430170834375
7 0.712895311627907 0.468047915625 0.7108656255813953 0.45452083437499996 0.6723125 0.47255833437500006 0.6729890627906976 0.48157500000000003 0.6865156255813955 0.480675 0.712895311627907 0.468047915625
8 0.2806937511627907 0.0992 0.28204687441860465 0.086575 0.2624312488372093 0.086575 0.24619843720930235 0.094691665625 0.24958124883720928 0.1046125 0.26378437441860464 0.10010208437499998 0.2806937511627907 0.0992
0 0.2747515627906977 0.10702291562499999 0.24993281162790698 0.108735415625 0.2505734372093023 0.12386250000000001 0.2512156255813953 0.123291665625 0.2516437488372093 0.124433334375 0.2668359372093023 0.11843958437499999 0.28523593720930235 0.12129375 0.28502187441860466 0.105595834375 0.2747515627906977 0.10702291562499999
0 0.27261250000000004 0.14526875 0.286520311627907 0.149264584375 0.28673437441860467 0.132139584375 0.26811875116279066 0.13271041562500002 0.2525 0.136135415625 0.2533562488372093 0.15126250000000002 0.25998906279069767 0.15012083437499998 0.27261250000000004 0.14526875
2 0.293367188372093 0.181516665625 0.29144062558139533 0.16610416562500002 0.27004531162790696 0.166389584375 0.2529281255813954 0.17266874999999998 0.2525 0.18636875 0.265979688372093 0.18380000000000002 0.293367188372093 0.181516665625
2 0.43845625116279074 0.20120416562500001 0.41320937441860467 0.20320208437499998 0.414279688372093 0.210908334375 0.4144937511627907 0.21947083437499998 0.41627968837209306 0.220845834375 0.43182343720930233 0.21604583437499997 0.4555734372093023 0.2137625 0.45535937441860463 0.20091874999999998 0.43845625116279074 0.20120416562500001
0 0.45450781162790693 0.245620834375 0.45450781162790693 0.239627084375 0.45108437441860466 0.232491665625 0.42733437441860467 0.232491665625 0.420275 0.23677291562499997 0.42134375116279066 0.252470834375 0.4305437511627907 0.247904165625 0.4395312488372093 0.245620834375 0.45450781162790693 0.245620834375
0 0.4572890627906977 0.27359166562500004 0.4575031255813954 0.2604625 0.44316874883720936 0.259891665625 0.42243281162790697 0.260435415625 0.423270311627907 0.279585415625 0.4286187488372093 0.27444791562500004 0.4534390627906976 0.273020834375 0.4572890627906977 0.27359166562500004
0 0.7006109372093023 0.42246875 0.7006109372093023 0.41019583437499996 0.6886281255813954 0.41419166562500004 0.668729688372093 0.42446666562499996 0.6689437511627906 0.43702500000000005 0.6783578116279069 0.431316665625 0.7006109372093023 0.42246875
0 0.6969734372093023 0.400491665625 0.696117188372093 0.38565 0.685632811627907 0.387933334375 0.6629125 0.39703750000000004 0.6646640627906977 0.41333541562500004 0.6860609372093024 0.40191875 0.6969734372093023 0.400491665625
2 0.6822093744186046 0.36938125 0.6952609372093023 0.36909583437500004 0.6939781255813954 0.352827084375 0.683707811627907 0.355395834375 0.6541812488372093 0.36738333437500004 0.6531109372093022 0.37566041562499997 0.6571765627906976 0.380797915625 0.6822093744186046 0.36938125