8 0.2916593744186047 0.8621395843749999 0.2953281255813954 0.87436875 0.3278875 0.85174375 0.32100937441860466 0.838904165625 0.2916593744186047 0.8621395843749999
8 0.819032811627907 0.733735415625 0.8176562488372093 0.748410415625 0.851592188372093 0.7551354156250001 0.851592188372093 0.741683334375 0.819032811627907 0.733735415625
7 0.6411015627906977 0.754525 0.6411015627906977 0.7698104156250001 0.684667188372093 0.7698104156250001 0.684667188372093 0.754525 0.6411015627906977 0.754525
7 0.2953281255813954 0.890266665625 0.3003734372093023 0.904939584375 0.341645311627907 0.8755916656249999 0.334767188372093 0.8621395843749999 0.2953281255813954 0.890266665625
7 0.8176562488372093 0.7031625 0.8162812488372093 0.720895834375 0.8593875000000001 0.72884375 0.8607640627906977 0.7129458343749999 0.8176562488372093 0.7031625
0 0.3047296883720931 0.795983334375 0.2761609372093023 0.8189604156250001 0.2811484372093023 0.83165625 0.31243750000000003 0.812308334375 0.3047296883720931 0.795983334375
0 0.3135718744186046 0.8192625 0.28409687441860465 0.8416333343750001 0.290445311627907 0.854633334375 0.3196937488372093 0.8331687499999999 0.3135718744186046 0.8192625
2 0.3004218744186047 0.764845834375 0.2607437511627907 0.79235625 0.26663749999999997 0.804752084375 0.305182811627907 0.776635415625 0.3004218744186047 0.764845834375
2 0.6826937488372093 0.8624916656250001 0.6398406255813953 0.8627958343750001 0.6393875 0.8776083343750001 0.681332811627907 0.87911875 0.6826937488372093 0.8624916656250001
0 0.6786125000000001 0.8274250000000001 0.6427875 0.8274250000000001 0.6439218744186047 0.844354165625 0.6783859372093024 0.842539584375 0.6786125000000001 0.8274250000000001
0 0.6777046883720931 0.8032395843750001 0.6441484372093024 0.8032395843750001 0.6457359372093023 0.8189604156250001 0.6779312488372093 0.8180520843749999 0.6777046883720931 0.8032395843750001
0 0.8484343744186046 0.7854041656249999 0.813292188372093 0.77754375 0.812157811627907 0.793566665625 0.846167188372093 0.799310415625 0.8484343744186046 0.7854041656249999
0 0.8511562488372093 0.7603125000000001 0.8155593744186047 0.753358334375 0.8141984372093023 0.767566665625 0.8486625 0.775125 0.8511562488372093 0.7603125000000001
2 0.8493421883720931 0.8192625 0.8049015627906976 0.81019375 0.8053562488372092 0.8240999999999999 0.847075 0.834679165625 0.8493421883720931 0.8192625
8 0.6438531255813954 0.781429165625 0.644770311627907 0.795491665625 0.678704688372093 0.795491665625 0.678704688372093 0.781429165625 0.6438531255813954 0.781429165625