7 0.558304688372093 0.432220834375 0.5568531255813953 0.44528749999999995 0.6004140627906976 0.45061249999999997 0.6011390627906977 0.437060415625 0.558304688372093 0.432220834375
7 0.6897125 0.507725 0.6875343744186048 0.5207937499999999 0.7263765627906977 0.542089584375 0.7300062511627907 0.527570834375 0.6897125 0.507725
7 0.8403609372093024 0.53821875 0.835642188372093 0.54935 0.873757811627907 0.576454165625 0.8795656255813953 0.5638708343750001 0.8403609372093024 0.53821875
8 0.837820311627907 0.56580625 0.8338265627906977 0.5779062500000001 0.863229688372093 0.596783334375 0.8664968744186047 0.589039584375 0.837820311627907 0.56580625
8 0.6875343744186048 0.53628125 0.6846312488372093 0.5498354156249999 0.7162125 0.56241875 0.7202062511627907 0.5532229156249999 0.6875343744186048 0.53628125
8 0.5641125 0.40366458437499997 0.5641125 0.419152084375 0.5956937511627907 0.420604165625 0.5953312488372093 0.40656875000000003 0.5641125 0.40366458437499997
0 0.6837312488372093 0.55293125 0.6795484372093024 0.572447915625 0.712654688372093 0.584529165625 0.7161406255813954 0.570589584375 0.6837312488372093 0.55293125
0 0.677457811627907 0.5784875 0.673625 0.5952145843750001 0.7063828116279071 0.6114770843749999 0.7095187488372092 0.596608334375 0.677457811627907 0.5784875
0 0.82905 0.583133334375 0.8252156255813953 0.597072915625 0.8583218744186046 0.619841665625 0.861807811627907 0.608225 0.82905 0.583133334375
0 0.8234734372093023 0.60683125 0.8192921883720929 0.6216999999999999 0.850307811627907 0.64214375 0.8562312511627908 0.6305291656249999 0.8234734372093023 0.60683125
0 0.5635031255813954 0.38101250000000003 0.5642 0.39588125 0.5990484372093023 0.398204165625 0.6000937511627907 0.3865875 0.5635031255813954 0.38101250000000003
0 0.5655937511627906 0.353597915625 0.5645484372093024 0.37171875 0.5990484372093023 0.374970834375 0.6000937511627907 0.35824375 0.5655937511627906 0.353597915625
2 0.5642 0.322002084375 0.5635031255813954 0.3378 0.6053218744186046 0.34198125 0.604625 0.328041665625 0.5642 0.322002084375
2 0.6645640627906977 0.6077604156249999 0.6610796883720931 0.6244875000000001 0.7015031255813954 0.646327084375 0.7056859372093023 0.63099375 0.6645640627906977 0.6077604156249999
2 0.809882811627907 0.63656875 0.8063984372093024 0.649579165625 0.8454281255813954 0.676529165625 0.8499593744186046 0.661660415625 0.809882811627907 0.63656875