8 0.423532811627907 0.3740625 0.42369531162790697 0.36126458437500003 0.41215156279069765 0.35952916562500004 0.39073749999999996 0.359445834375 0.39068906279069765 0.37254375 0.40678593720930234 0.372977084375 0.423532811627907 0.3740625
8 0.5030406255813954 0.320922915625 0.4864562488372093 0.32482708437499996 0.4864562488372093 0.34044375 0.4879031255813953 0.33911875 0.5022281255813953 0.33545416562499997 0.5188125 0.33328541562499997 0.518975 0.321139584375 0.5030406255813954 0.320922915625
7 0.4284109372093023 0.40182291562500005 0.4277593744186047 0.3914125 0.39930625116279067 0.38859374999999996 0.384232811627907 0.38763333437499997 0.3849984372093023 0.399220834375 0.4088984372093023 0.40138958437500005 0.4284109372093023 0.40182291562500005
7 0.4950734372093023 0.295329165625 0.4791390627906977 0.2988 0.47979062558139535 0.31289791562499997 0.480992188372093 0.311472915625 0.5002765627906977 0.309210415625 0.5210890627906977 0.306391665625 0.5199515627906977 0.291208334375 0.4950734372093023 0.295329165625
7 0.615907811627907 0.4287375 0.595257811627907 0.43459375 0.5855015627906976 0.438497915625 0.5858265627906977 0.452379165625 0.6097281255813953 0.44413749999999996 0.6255 0.43524375 0.6251749999999999 0.425266665625 0.615907811627907 0.4287375
8 0.6219234372093023 0.46821250000000003 0.6272890627906977 0.46712708437500006 0.6251749999999999 0.45433124999999996 0.6173703116279069 0.455414584375 0.6061515627906977 0.46083749999999996 0.5940140627906977 0.46433749999999996 0.5957453116279069 0.47493541562499997 0.6027374999999999 0.473416665625 0.6219234372093023 0.46821250000000003
0 0.426967188372093 0.309404165625 0.393004688372093 0.3083625 0.3925656255813954 0.32530625 0.4052031255813954 0.3248375 0.4255625 0.32717708437500004 0.426967188372093 0.309404165625
0 0.412575 0.340272915625 0.39151250000000004 0.337933334375 0.391075 0.350052084375 0.42591406279069766 0.351497915625 0.42591406279069766 0.34073958437499996 0.412575 0.340272915625
0 0.5208906255813953 0.342291665625 0.5072 0.340889584375 0.5008812511627907 0.34276041562500004 0.4868062488372093 0.34799375 0.4896484372093023 0.36380625 0.500529688372093 0.357727084375 0.5219437488372093 0.352114584375 0.5208906255813953 0.342291665625
0 0.5222937488372092 0.362870834375 0.4896484372093023 0.373160415625 0.4895093744186047 0.38505 0.5124656255813953 0.38204791562499996 0.5233468744186046 0.37970833437499996 0.5222937488372092 0.362870834375
0 0.6281781255813954 0.47272708437500005 0.6144890627906977 0.476935415625 0.5972078116279069 0.48181250000000003 0.5993937511627907 0.49564375 0.6116796883720931 0.49050000000000005 0.6323906255813954 0.485822915625 0.6281781255813954 0.47272708437500005
0 0.6344968744186047 0.501725 0.6260718744186047 0.5040625000000001 0.6197531255813954 0.50453125 0.602225 0.5080604156249999 0.6046593744186046 0.522304165625 0.6197531255813954 0.5180958343750001 0.6373046883720931 0.51341875 0.6344968744186047 0.501725
2 0.6471343744186047 0.539141665625 0.645379688372093 0.53025625 0.6436234372093024 0.52745 0.6264234372093023 0.534933334375 0.6046593744186046 0.542416665625 0.6046593744186046 0.548964584375 0.6092234372093023 0.558785415625 0.624317188372093 0.5498999999999999 0.6471343744186047 0.539141665625
2 0.5309609372093023 0.40892916562500004 0.5299093744186046 0.396302084375 0.5106015627906977 0.397704165625 0.48796406279069765 0.40512291562499997 0.4891890627906976 0.410333334375 0.4895390627906977 0.41968750000000005 0.5141125 0.41220416562500006 0.5309609372093023 0.40892916562500004
2 0.42357187441860467 0.29122499999999996 0.4323484372093023 0.293095834375 0.4334015627906977 0.281870834375 0.4225187488372093 0.276727084375 0.40812656279069764 0.275322915625 0.391075 0.275422915625 0.387767188372093 0.28140416562500004 0.388117188372093 0.29122499999999996 0.4063718744186046 0.29122499999999996 0.42357187441860467 0.29122499999999996