7 0.43522187441860466 0.390410415625 0.39572812558139536 0.414510415625 0.3985093744186046 0.428229165625 0.41325 0.41933125000000004 0.43967187441860467 0.40487083437500004 0.43522187441860466 0.390410415625
8 0.4222984372093023 0.367883334375 0.3908890627906977 0.38627708437499997 0.3956 0.40088125 0.4056125 0.393466665625 0.4267484372093023 0.37900625 0.4222984372093023 0.367883334375
8 0.7426578116279069 0.5937520843749999 0.7265265627906977 0.605245834375 0.7107781255813953 0.6106625 0.7156812488372093 0.62304375 0.7273609372093023 0.6193354156249999 0.7468296883720931 0.605616665625 0.7426578116279069 0.5937520843749999
7 0.7423796883720931 0.582258334375 0.7387640627906976 0.565202084375 0.6992718744186047 0.589302084375 0.7026093744186046 0.60116875 0.7134562511627907 0.597460415625 0.7287515627906977 0.589302084375 0.7423796883720931 0.582258334375
7 0.5674265627906977 0.389597915625 0.5635328116279069 0.375508334375 0.5237125 0.394620834375 0.5262656255813953 0.41110208437500007 0.5332187511627907 0.40553958437500004 0.549070311627907 0.3970125 0.5674265627906977 0.389597915625
0 0.38601562558139535 0.36598125000000004 0.39004218837209303 0.378785415625 0.4210234372093023 0.36143749999999997 0.4182343744186046 0.349458334375 0.38601562558139535 0.36598125000000004
8 0.566642188372093 0.407925 0.5327531255813953 0.418729165625 0.5360484372093024 0.43387916562499995 0.5485640627906977 0.42831875 0.567754688372093 0.4179375 0.566642188372093 0.407925
0 0.5449437511627907 0.46346666562500005 0.547732811627907 0.477510415625 0.579642188372093 0.463052084375 0.575925 0.44818125000000003 0.5449437511627907 0.46346666562500005
0 0.5384375 0.43909374999999995 0.5402968744186046 0.45726875 0.5734453116279069 0.43620208437499997 0.5691093744186047 0.422985415625 0.5384375 0.43909374999999995
0 0.7193640627906976 0.632825 0.7221515627906977 0.6443916656249999 0.7525125 0.627041665625 0.7491046883720931 0.615475 0.7193640627906976 0.632825
0 0.7556109372093024 0.6357166656250001 0.7240109372093023 0.6543041656249999 0.7295874999999999 0.669175 0.7605671883720929 0.648935415625 0.7556109372093024 0.6357166656250001
2 0.7689312488372093 0.6633916656250001 0.7320656255813954 0.689416665625 0.7373312488372094 0.70139375 0.772029688372093 0.679089584375 0.7689312488372093 0.6633916656250001
2 0.5468031255813954 0.498164584375 0.550520311627907 0.5126208343750001 0.590795311627907 0.49279375 0.5886265627906977 0.477510415625 0.5468031255813954 0.498164584375
0 0.37765 0.34285 0.38260781162790697 0.358545834375 0.4138968744186046 0.33830625 0.40770156279069764 0.324260415625 0.37765 0.34285
2 0.3658781255813954 0.31434791562500003 0.36835624883720935 0.327564584375 0.4086312488372093 0.304433334375 0.4018156255813954 0.2887375 0.3658781255813954 0.31434791562500003