6 0.4261109372093023 0.351266665625 0.4030687488372093 0.351266665625 0.3829843744186046 0.35124166562500003 0.383595311627907 0.360779165625 0.4027437488372093 0.360779165625 0.4261109372093023 0.36164375 0.4261109372093023 0.351266665625
6 0.42124218837209304 0.382833334375 0.40469062558139535 0.38196875 0.3883375 0.37979375000000004 0.3887875 0.39364374999999996 0.40112031162790696 0.39364374999999996 0.42124218837209304 0.39277916562500004 0.42124218837209304 0.382833334375
6 0.5373765627906977 0.581427084375 0.5168468744186047 0.5817979156249999 0.496692188372093 0.5817249999999999 0.49715 0.5928875 0.5154593744186046 0.5936250000000001 0.5376546883720931 0.5928875 0.5373765627906977 0.581427084375
6 0.5332156255813953 0.612108334375 0.5198984372093023 0.612108334375 0.5003531255813953 0.608570834375 0.49992343720930227 0.621347915625 0.5135187511627907 0.62171875 0.5332156255813953 0.6220875 0.5332156255813953 0.612108334375
6 0.6464234372093024 0.89135625 0.6347718744186047 0.895054165625 0.6272812488372093 0.8957916656249999 0.6144515627906977 0.8953416656250001 0.615075 0.908360415625 0.6256171883720931 0.9076208343750001 0.6469781255813954 0.904664584375 0.6464234372093024 0.89135625
6 0.6536359372093022 0.9327562500000001 0.6530812488372092 0.921666665625 0.6405968744186047 0.925733334375 0.6278359372093023 0.92758125 0.6132312488372093 0.9270687499999999 0.613132811627907 0.939779165625 0.6258937511627908 0.9405187500000001 0.640320311627907 0.938302084375 0.6536359372093022 0.9327562500000001
0 0.42089531162790694 0.40810625 0.4020062488372093 0.40810625 0.3890187511627907 0.40810625 0.38724843720930235 0.419125 0.4203062488372093 0.4183375 0.42089531162790694 0.40810625
0 0.4211906255813953 0.431325 0.38665781162790697 0.43093125 0.38813281162790697 0.44116458437499995 0.4203062488372093 0.44273749999999995 0.4211906255813953 0.431325
2 0.41942031162790694 0.47540208437500003 0.42384687441860464 0.47540208437500003 0.4244375 0.464777084375 0.4020062488372093 0.46320208437500004 0.3834109372093023 0.46320208437500004 0.3837062488372093 0.47264791562499997 0.41617343720930233 0.47146666562500006 0.41942031162790694 0.47540208437500003
0 0.5336468744186046 0.650529165625 0.5333515627906976 0.638329165625 0.517707811627907 0.6402979156249999 0.501179688372093 0.6363624999999999 0.49970312558139535 0.6469875 0.5174124999999999 0.649347915625 0.5336468744186046 0.650529165625
0 0.531875 0.672175 0.5324656255813953 0.660760415625 0.5168218744186046 0.663516665625 0.5008843744186047 0.661154165625 0.501179688372093 0.6698125 0.5165265627906976 0.66941875 0.531875 0.672175
2 0.522725 0.702477084375 0.5345312511627907 0.7020833343749999 0.5371890627906977 0.693425 0.5280390627906977 0.6938187499999999 0.5174124999999999 0.69460625 0.5109187511627907 0.692639584375 0.495570311627907 0.691458334375 0.4970468744186046 0.698147915625 0.5182984372093024 0.7005104156249999 0.522725 0.702477084375
2 0.64315 0.8213270843749999 0.6437406255813953 0.809914584375 0.633704688372093 0.81581875 0.6198328116279069 0.817391665625 0.6047796883720931 0.816604165625 0.6033046883720931 0.8276249999999999 0.625145311627907 0.82723125 0.64315 0.8213270843749999
0 0.641379688372093 0.8563541656250001 0.6407890627906976 0.844545834375 0.625145311627907 0.8508437499999999 0.6115687488372092 0.8508437499999999 0.6103875000000001 0.8610749999999999 0.626917188372093 0.8610749999999999 0.641379688372093 0.8563541656250001
0 0.6441 0.8775604156249999 0.644342188372093 0.865591665625 0.626875 0.8720625 0.613775 0.87335625 0.613775 0.882089584375 0.6293015627906977 0.8811187500000001 0.6441 0.8775604156249999