6 0.603732811627907 0.31680416562499997 0.5919218744186047 0.30151875 0.5853218744186046 0.30985625 0.607554688372093 0.342741665625 0.6141546883720931 0.33625625000000003 0.603732811627907 0.31680416562499997
6 0.6016484372093023 0.360804165625 0.5894906255813953 0.33625625000000003 0.5742062511627907 0.31495 0.5686484372093024 0.32097291562499997 0.584975 0.34505625 0.5953968744186046 0.365897915625 0.6016484372093023 0.360804165625
6 0.5127218744186046 0.114864584375 0.48145781162790696 0.12366458437500001 0.48284687441860463 0.139875 0.5005640627906977 0.132002084375 0.5148062511627908 0.1315375 0.5127218744186046 0.114864584375
6 0.5148062511627908 0.08568541562500001 0.49257343720930236 0.088464584375 0.4745109372093023 0.09402291562500001 0.4741625 0.10745416562500001 0.4974375 0.10096875000000001 0.516195311627907 0.099579165625 0.5148062511627908 0.08568541562500001
6 0.3407718744186046 0.333477084375 0.3432031255813954 0.34505625 0.3751625 0.329772915625 0.3709937488372093 0.31680416562499997 0.3407718744186046 0.333477084375
6 0.3421625 0.36404583437500004 0.34528749999999997 0.375625 0.385582811627907 0.354783334375 0.380720311627907 0.342277084375 0.3421625 0.36404583437500004
2 0.31464375116279064 0.254135415625 0.31867812558139536 0.26937500000000003 0.3606984372093023 0.250997915625 0.355654688372093 0.237552084375 0.31464375116279064 0.254135415625
2 0.48474062558139536 0.20528125 0.48574843720930233 0.21962291562499997 0.5264234372093023 0.21200416562500002 0.5254156255813953 0.198108334375 0.48474062558139536 0.20528125
2 0.634329688372093 0.242033334375 0.6245812511627906 0.250997915625 0.6541640627906977 0.298060415625 0.6622312488372093 0.287752084375 0.634329688372093 0.242033334375
0 0.618867188372093 0.268029165625 0.6097906255813953 0.277441665625 0.633657811627907 0.315989584375 0.6413890627906977 0.30523125 0.618867188372093 0.268029165625
0 0.6091187511627907 0.282372915625 0.599370311627907 0.293129165625 0.621892188372093 0.329883334375 0.6299609372093022 0.32002291562499996 0.6091187511627907 0.282372915625
0 0.48305937441860464 0.14835833437499998 0.4844031255813953 0.163147915625 0.5186921883720931 0.15821875000000002 0.5183562488372093 0.141185415625 0.48305937441860464 0.14835833437499998
0 0.48642031162790694 0.170320834375 0.487429688372093 0.186008334375 0.5207093744186047 0.178835415625 0.5186921883720931 0.164045834375 0.48642031162790694 0.170320834375
0 0.3287625 0.286854165625 0.33111562558139535 0.298060415625 0.364395311627907 0.282372915625 0.36002500000000004 0.268927084375 0.3287625 0.286854165625
0 0.332125 0.306127084375 0.336157811627907 0.3227125 0.36842968837209306 0.30523125 0.3640593744186047 0.292233334375 0.332125 0.306127084375