6 0.366829688372093 0.813152084375 0.3758312511627907 0.809952084375 0.3743312488372093 0.800758334375 0.3566265627906977 0.8063541656250001 0.345825 0.807154165625 0.334292188372093 0.8064979156250001 0.33382187441860467 0.8119520843749999 0.3344218744186046 0.81755 0.35602656279069766 0.8163500000000001 0.366829688372093 0.813152084375
6 0.3743312488372093 0.82994375 0.3584265627906977 0.835139584375 0.348225 0.835139584375 0.34023124883720934 0.834214584375 0.34012343720930227 0.846735415625 0.35992812558139536 0.844735415625 0.3749312511627907 0.8407375 0.3743312488372093 0.82994375
6 0.5273390627906976 0.66770625 0.5156359372093023 0.66850625 0.4939968744186046 0.665270834375 0.4949312488372093 0.675304165625 0.5081343744186047 0.676902084375 0.5273390627906976 0.676902084375 0.5273390627906976 0.66770625
6 0.5318390627906977 0.647716665625 0.5321390627906977 0.637722915625 0.5204375 0.638120834375 0.49036718837209303 0.636672915625 0.4913312488372093 0.647716665625 0.5054343744186046 0.648516665625 0.5231375 0.648116665625 0.5318390627906977 0.647716665625
6 0.6672328116279069 0.359839584375 0.653125 0.358472915625 0.6346609372093023 0.35694375 0.6344015627906976 0.368383334375 0.6438906255813954 0.369066665625 0.6672328116279069 0.372483334375 0.6672328116279069 0.359839584375
6 0.6692843744186047 0.400508334375 0.670054688372093 0.389570834375 0.6528687511627908 0.389229165625 0.639275 0.386495834375 0.6281734372093023 0.38515 0.628245311627907 0.39640624999999996 0.6423515627906976 0.396747915625 0.6551765627906977 0.398797915625 0.6692843744186047 0.400508334375
2 0.3782375 0.9245875 0.38100156279069763 0.913308334375 0.3566125 0.91938125 0.34132968837209304 0.9180791656249999 0.341004688372093 0.9261041656250001 0.3533609372093023 0.92740625 0.3782375 0.9245875
0 0.3660437488372093 0.894220834375 0.3759625 0.8903166656250001 0.3756359372093023 0.878822915625 0.3618156255813953 0.8829437499999999 0.343279688372093 0.8833770843750001 0.34214218837209304 0.8944395843749999 0.35173593720930235 0.895739584375 0.3660437488372093 0.894220834375
0 0.3652312488372093 0.871014584375 0.3743359372093023 0.869279165625 0.37579843720930234 0.855397915625 0.3623031255813954 0.85951875 0.34154531162790697 0.86113125 0.341817188372093 0.8716645843749999 0.34945937441860464 0.8720979156249999 0.3652312488372093 0.871014584375
0 0.50045 0.6938125 0.49410937441860464 0.690777084375 0.4947593744186047 0.7011875 0.5071171883720931 0.704441665625 0.5256531255813953 0.7040062500000001 0.5258156255813954 0.694247915625 0.50045 0.6938125
0 0.5251656255813953 0.726129165625 0.5254906255813954 0.715502084375 0.5067921883720929 0.716152084375 0.4940015627906977 0.7145020843750001 0.49492187441860463 0.7246125 0.5098812511627907 0.726129165625 0.5251656255813953 0.726129165625
2 0.528579688372093 0.7588812500000001 0.5295546883720931 0.7482541656249999 0.5035406255813953 0.7484708343750001 0.48912343720930235 0.747027084375 0.48890624883720935 0.753891665625 0.5152468744186046 0.756279165625 0.528579688372093 0.7588812500000001
2 0.6630640627906976 0.27592083437500003 0.6359109372093024 0.27483749999999996 0.6354234372093023 0.283295834375 0.6363984372093022 0.28633125000000004 0.6518453116279069 0.28503124999999996 0.6759093744186047 0.289802084375 0.6763968744186046 0.277439584375 0.6630640627906976 0.27592083437500003
0 0.6576984372093024 0.32146875 0.6700562511627907 0.3229875 0.6713562511627906 0.31062500000000004 0.6389375 0.30795 0.638675 0.311058334375 0.63835 0.31995 0.6576984372093024 0.32146875
0 0.6684296883720929 0.34619374999999997 0.668917188372093 0.3323125 0.637107811627907 0.330716665625 0.6363984372093022 0.343375 0.6586734372093024 0.34424166562499997 0.6684296883720929 0.34619374999999997