6 0.3656031255813953 0.675464584375 0.3362890627906977 0.692583334375 0.33792812558139534 0.704339584375 0.3475546883720931 0.697922915625 0.3698140627906977 0.68669375 0.3656031255813953 0.675464584375
6 0.381245311627907 0.710354165625 0.3782375 0.7027354156250001 0.35928593720930235 0.715166665625 0.33762656279069764 0.721583334375 0.3388312511627907 0.7372229156250001 0.3595859372093023 0.728 0.3725218744186046 0.7199791656250001 0.381245311627907 0.710354165625
6 0.599332811627907 0.720379165625 0.5724656255813954 0.67403125 0.5662437511627907 0.680277084375 0.580382811627907 0.7035375 0.593017188372093 0.728 0.599332811627907 0.720379165625
6 0.583992188372093 0.666241665625 0.6050484372093022 0.7027354156250001 0.610825 0.6975979156250001 0.6014390627906976 0.677470834375 0.588804688372093 0.659022915625 0.583992188372093 0.666241665625
6 0.5119484372093024 0.44485416562499996 0.495704688372093 0.44846458437500003 0.47167656279069764 0.452395834375 0.47163906279069767 0.46410416562499995 0.483070311627907 0.462902084375 0.51285 0.45728749999999996 0.5119484372093024 0.44485416562499996
6 0.510745311627907 0.473729165625 0.4776937488372093 0.480977084375 0.47946093720930233 0.49418125 0.49420000000000003 0.49017083437500003 0.5125500000000001 0.487364584375 0.510745311627907 0.473729165625
2 0.3383562511627907 0.61633125 0.3555156255813954 0.6080625000000001 0.35369062558139536 0.601252084375 0.350404688372093 0.595902084375 0.34237187441860467 0.6007666656249999 0.3354359372093023 0.602225 0.32484843720930234 0.61098125 0.31277656279069765 0.617239584375 0.3135312488372093 0.622654165625 0.31389687441860464 0.628491665625 0.32922968837209304 0.623627084375 0.3383562511627907 0.61633125
2 0.5121109372093023 0.570510415625 0.5230625 0.567591665625 0.5230625 0.561754165625 0.5230625 0.55591875 0.5139359372093023 0.55543125 0.5022531255813953 0.5593229156249999 0.48179062558139535 0.563177084375 0.4825406255813953 0.568079165625 0.4854609372093023 0.575375 0.4978734372093023 0.5729416656249999 0.5121109372093023 0.570510415625
2 0.6484765627906977 0.6549645843749999 0.6535875 0.649614584375 0.6557781255813954 0.6462104156249999 0.6466515627906977 0.6282125 0.63935 0.618970834375 0.6307312511627906 0.6017166656249999 0.6229218744186046 0.609241665625 0.631682811627907 0.622860415625 0.6382546883720931 0.6335625 0.6484765627906977 0.6549645843749999
0 0.6375249999999999 0.6612875 0.6283984372093023 0.648641665625 0.6150734372093024 0.625804165625 0.6083187511627908 0.635508334375 0.617445311627907 0.6481541656250001 0.6294937488372093 0.669558334375 0.6375249999999999 0.6612875
0 0.6251125000000001 0.6783125 0.622192188372093 0.671504165625 0.613429688372093 0.655452084375 0.602842188372093 0.642804165625 0.5962046883720931 0.6493562500000001 0.6090484372093024 0.666639584375 0.618175 0.685610415625 0.6251125000000001 0.6783125
0 0.512725 0.50009375 0.5006781255813954 0.503985415625 0.4825937511627907 0.507508334375 0.483154688372093 0.518577084375 0.49629687441860465 0.5171187500000001 0.5134562511627907 0.513227084375 0.512725 0.50009375
0 0.504329688372093 0.526360415625 0.483154688372093 0.529766665625 0.4846 0.540695834375 0.5171062488372092 0.535116665625 0.5149156255813954 0.5234416656249999 0.504329688372093 0.526360415625
0 0.35527343720930227 0.6311958343749999 0.34468593720930235 0.639464584375 0.32361562558139534 0.645072915625 0.32606718837209303 0.6564895843749999 0.34286093720930233 0.6467625 0.3581937511627907 0.6423833343750001 0.35527343720930227 0.6311958343749999
0 0.3476062488372093 0.659408334375 0.330082811627907 0.66865 0.33244843720930234 0.681472915625 0.363670311627907 0.661841665625 0.35965468837209297 0.651139584375 0.3476062488372093 0.659408334375