6 0.5904468744186047 0.45810625 0.5836718744186047 0.466135415625 0.6062515627906977 0.502764584375 0.6137781255813953 0.495739584375 0.5904468744186047 0.45810625
6 0.5885640627906977 0.49423333437499994 0.571629688372093 0.472658334375 0.5667375 0.47817708437500006 0.5945859372093023 0.523335415625 0.6002312511627907 0.5168125 0.5885640627906977 0.49423333437499994
6 0.47830312558139537 0.277472915625 0.4805609372093023 0.291522915625 0.514429688372093 0.286504165625 0.5114187488372093 0.27094999999999997 0.47830312558139537 0.277472915625
6 0.472657811627907 0.24837083437500002 0.4737875 0.264427084375 0.5136765627906976 0.255395834375 0.5117953116279069 0.24235 0.472657811627907 0.24837083437500002
6 0.34019374883720926 0.5203249999999999 0.3428281255813953 0.533872915625 0.38422343720930235 0.511795834375 0.38045937441860467 0.49874999999999997 0.34019374883720926 0.5203249999999999
6 0.34019374883720926 0.500254165625 0.37105156279069773 0.484197915625 0.368417188372093 0.47215625 0.33680625116279067 0.49072083437499997 0.34019374883720926 0.500254165625
0 0.331025 0.465339584375 0.33393437441860463 0.47838333437499997 0.36566249999999995 0.460404165625 0.36248906279069765 0.44841875 0.331025 0.465339584375
0 0.3238875 0.4406625 0.32758906279069766 0.45652708437499995 0.3606375 0.43819375000000005 0.35693593720930233 0.42797083437500005 0.3238875 0.4406625
0 0.48041093720930234 0.30458541562499997 0.4812031255813954 0.316925 0.5158390627906977 0.3116375 0.515575 0.29965 0.48041093720930234 0.30458541562499997
0 0.4841125 0.32679583437500004 0.4841125 0.34054375000000003 0.5176906255813953 0.333141665625 0.5168968744186047 0.321154165625 0.4841125 0.32679583437500004
0 0.6168390627906977 0.424797915625 0.608907811627907 0.43466875 0.6321749999999999 0.47133333437499997 0.6401062511627906 0.461814584375 0.6168390627906977 0.424797915625
0 0.6141953116279071 0.45159166562499997 0.6041484372093023 0.441720834375 0.5970093744186046 0.449829165625 0.6213343744186047 0.48755 0.6282078116279071 0.477325 0.6141953116279071 0.45159166562499997
2 0.311882811627907 0.41060625 0.31611406279069765 0.426722915625 0.35872499999999996 0.40738125 0.354495311627907 0.389652084375 0.311882811627907 0.41060625
2 0.48232968837209306 0.359833334375 0.48293437441860465 0.375145834375 0.5261515627906976 0.367489584375 0.5246406255813953 0.352177084375 0.48232968837209306 0.359833334375
2 0.6307156255813954 0.399322915625 0.6225562488372093 0.40899374999999993 0.6515687511627907 0.453720834375 0.6585203116279069 0.443647915625 0.6307156255813954 0.399322915625