9 0.6801156255813954 0.392291665625 0.6794734372093024 0.38287291562500003 0.6580765627906976 0.387154165625 0.6415124999999999 0.39204374999999997 0.6409609372093024 0.401425 0.6668499999999999 0.394289584375 0.6801156255813954 0.392291665625
9 0.7483687511627907 0.326645834375 0.725475 0.339489584375 0.728717188372093 0.346035415625 0.7530765627906977 0.33235416562500003 0.7635609372093024 0.32693125 0.7616343744186047 0.319225 0.7483687511627907 0.326645834375
9 0.9160359372093023 0.350983334375 0.9143249999999999 0.34270625 0.893570311627907 0.350127084375 0.876107811627907 0.361727084375 0.879020311627907 0.368964584375 0.9068359372093023 0.353552084375 0.9160359372093023 0.350983334375
8 0.90705 0.329291665625 0.9029843744186046 0.31758958437499996 0.8922859372093023 0.323583334375 0.8726296883720931 0.330697915625 0.8768812488372093 0.34441875 0.8963515627906977 0.332145834375 0.90705 0.329291665625
8 0.750057811627907 0.350777084375 0.7344999999999999 0.35867083437499997 0.7365843744186047 0.369314584375 0.750395311627907 0.363183334375 0.7664593744186047 0.35754375 0.762570311627907 0.3453625 0.750057811627907 0.350777084375
8 0.6590609372093024 0.412689584375 0.6485781255813954 0.415397915625 0.649254688372093 0.42938333437500004 0.6504375 0.4316375 0.6615984372093023 0.42419375 0.680029688372093 0.420585415625 0.678507811627907 0.406375 0.6590609372093024 0.412689584375
0 0.6508734372093024 0.43543958437499997 0.652017188372093 0.450310415625 0.6834734372093023 0.437347915625 0.6820437511627907 0.424002084375 0.6508734372093024 0.43543958437499997
0 0.6545906255813954 0.45908125 0.6551625 0.47357083437499997 0.6863328116279069 0.4648 0.6851890627906977 0.451835415625 0.6545906255813954 0.45908125
0 0.7435281255813952 0.39807291562499997 0.7463875 0.41370625 0.7778453116279069 0.399979165625 0.7744125 0.387016665625 0.7435281255813952 0.39807291562499997
0 0.7392390627906976 0.37710208437500004 0.7418125 0.390829165625 0.7721250000000001 0.37595833437500004 0.7692656255813953 0.3626125 0.7392390627906976 0.37710208437500004
0 0.8679265627906977 0.3141875 0.8710718744186047 0.327914584375 0.9028140627906976 0.31228125 0.9008125 0.30046249999999997 0.8679265627906977 0.3141875
0 0.861920311627907 0.28978541562500004 0.8653515627906977 0.30198749999999996 0.897667188372093 0.28787916562500004 0.894807811627907 0.276820834375 0.861920311627907 0.28978541562500004
2 0.7446718744186047 0.428958334375 0.7492468744186046 0.44687916562499996 0.7898562511627907 0.429720834375 0.785279688372093 0.41103750000000006 0.7446718744186047 0.428958334375
2 0.6525890627906976 0.48653333437499996 0.6540187511627907 0.5067437499999999 0.6954843744186047 0.494541665625 0.6929109372093023 0.475477084375 0.6525890627906976 0.48653333437499996
2 0.8510531255813955 0.26195 0.8544859372093023 0.278727084375 0.8962374999999999 0.2589 0.8919484372093023 0.241360415625 0.8510531255813955 0.26195