8 0.5385046883720931 0.88709375 0.5422156255813954 0.897404165625 0.5709812511627907 0.876783334375 0.567579688372093 0.8644125 0.5385046883720931 0.88709375
8 0.7237796883720929 0.811622915625 0.725017188372093 0.823995834375 0.756567188372093 0.816160415625 0.755020311627907 0.8037875 0.7237796883720929 0.811622915625
8 0.9028687511627908 0.803375 0.9062718744186047 0.8186333343750001 0.938129688372093 0.8042 0.9341093744186046 0.7922395843750001 0.9028687511627908 0.803375
9 0.9041062511627908 0.83265625 0.9065812488372093 0.844204165625 0.9455531255813954 0.826058334375 0.9433890627906978 0.816985415625 0.9041062511627908 0.83265625
9 0.7141906255813953 0.789354165625 0.7166656255813953 0.8009000000000001 0.7559484372093023 0.789354165625 0.755020311627907 0.77904375 0.7141906255813953 0.789354165625
9 0.526132811627907 0.868122915625 0.5326281255813953 0.877195834375 0.566342188372093 0.8491520843749999 0.5613937488372093 0.840079165625 0.526132811627907 0.868122915625
0 0.5734484372093024 0.8827999999999999 0.5613296883720931 0.8951020843749999 0.5457500000000001 0.90535 0.5486343744186046 0.913170834375 0.5619062488372093 0.90701875 0.5780640627906977 0.892027084375 0.5734484372093024 0.8827999999999999
0 0.581029688372093 0.899775 0.5723734372093023 0.9097687499999999 0.5530468744186047 0.9248104156249999 0.558525 0.9362937499999999 0.579875 0.918227084375 0.585357811627907 0.910154165625 0.581029688372093 0.899775
0 0.7567531255813953 0.8222250000000001 0.7405953116279069 0.828375 0.7259625000000001 0.831741665625 0.7281890627906977 0.842983334375 0.7452109372093023 0.838754165625 0.7602140627906977 0.8306812499999999 0.7567531255813953 0.8222250000000001
0 0.7530015627906976 0.8545166656250001 0.7405953116279069 0.85720625 0.7310734372093023 0.8564375 0.7332609372093024 0.867277084375 0.7639656255813954 0.8583604156250001 0.7616578116279069 0.849133334375 0.7530015627906976 0.8545166656250001
2 0.7628109372093024 0.8891145843749999 0.772332811627907 0.8821937500000001 0.7691593744186047 0.869508334375 0.7527125 0.8775812500000001 0.744345311627907 0.8802729156250001 0.7297703116279071 0.87996875 0.7304968744186047 0.8871916656250001 0.7313625 0.899108334375 0.7480968744186046 0.8948812500000001 0.7628109372093024 0.8891145843749999
2 0.5883781255813954 0.951916665625 0.6010734372093023 0.939614584375 0.599629688372093 0.932310415625 0.595879688372093 0.92500625 0.585204688372093 0.93769375 0.559075 0.951883334375 0.5626984372093023 0.960375 0.5658734372093024 0.966139584375 0.5805875 0.9607583343749999 0.5883781255813954 0.951916665625
2 0.915625 0.739027084375 0.9234156255813953 0.7336458343750001 0.9231265627906976 0.726725 0.9216843744186046 0.717114584375 0.9104312511627907 0.71980625 0.9023531255813954 0.7259562500000001 0.8974484372093023 0.731339584375 0.8811109372093023 0.731058334375 0.882732811627907 0.739027084375 0.8847531255813954 0.7482541656249999 0.8983140627906976 0.74479375 0.915625 0.739027084375
0 0.9231265627906976 0.7517125 0.9081234372093023 0.758633334375 0.8928312511627907 0.760554165625 0.8963406255813954 0.772516665625 0.9147593744186047 0.766320834375 0.9265890627906976 0.758633334375 0.9231265627906976 0.7517125
0 0.9294734372093024 0.7751625 0.9127390627906977 0.782083334375 0.8971593744186046 0.78554375 0.9017343744186047 0.797052084375 0.917645311627907 0.791308334375 0.932070311627907 0.78554375 0.9294734372093024 0.7751625