9 0.299720311627907 0.5984166656250001 0.30177031162790696 0.59021875 0.2807640627906977 0.59021875 0.261807811627907 0.59021875 0.260270311627907 0.5970500000000001 0.2807640627906977 0.5984166656250001 0.299720311627907 0.5984166656250001
8 0.29562187441860466 0.575189584375 0.29818281162790694 0.561527084375 0.2848625 0.563577084375 0.26744218837209305 0.5581125 0.26539375116279074 0.573822915625 0.28178906279069765 0.573141665625 0.29562187441860466 0.575189584375
8 0.38630624883720927 0.516441665625 0.3883562511627907 0.5034625 0.3724734372093023 0.5034625 0.3555656255813953 0.504829165625 0.35607812558139534 0.517125 0.3714484372093023 0.515758334375 0.38630624883720927 0.516441665625
9 0.391429688372093 0.541033334375 0.391429688372093 0.531470834375 0.3714484372093023 0.5307875 0.352492188372093 0.53556875 0.353004688372093 0.543083334375 0.37196093720930234 0.541716665625 0.391429688372093 0.541033334375
8 0.4667437511627907 0.33268125 0.4662312488372093 0.319702084375 0.4513734372093023 0.322433334375 0.43600312558139537 0.32585000000000003 0.43549062558139534 0.3395125 0.4508609372093023 0.336095834375 0.4667437511627907 0.33268125
9 0.46776875116279065 0.306039584375 0.4672562488372093 0.295108334375 0.44625 0.29852500000000004 0.42934374883720927 0.30330625 0.43036718837209303 0.312870834375 0.44932500000000003 0.306039584375 0.46776875116279065 0.306039584375
0 0.296492188372093 0.553077084375 0.2992984372093023 0.5434125 0.2822281255813953 0.542477084375 0.26796562558139536 0.541854165625 0.2672640627906977 0.549647915625 0.28152656279069765 0.552141665625 0.296492188372093 0.553077084375
0 0.28012343720930233 0.5293833343750001 0.2873734372093023 0.533125 0.2983625 0.533435415625 0.2992984372093023 0.5190958343750001 0.28386562558139533 0.5166000000000001 0.2693687488372093 0.515354165625 0.26749687441860465 0.515354165625 0.26843281162790694 0.5265770843750001 0.28012343720930233 0.5293833343750001
2 0.27030312558139535 0.502258334375 0.28947656279069767 0.50350625 0.304442188372093 0.502258334375 0.3053781255813953 0.48573541562500006 0.2976609372093023 0.48791874999999996 0.28292968837209304 0.48791874999999996 0.26749687441860465 0.48355416562500003 0.2632890627906977 0.48261875 0.2642234372093023 0.502258334375 0.27030312558139535 0.502258334375
0 0.3699140627906977 0.47201875 0.38604687441860464 0.473577084375 0.3879187488372093 0.461416665625 0.36967968837209303 0.464222915625 0.3565859372093023 0.4636 0.35401406279069764 0.4632875 0.3554156255813954 0.472329165625 0.3699140627906977 0.47201875
0 0.36266562558139537 0.49789374999999997 0.37529218837209305 0.496647915625 0.387217188372093 0.494777084375 0.386982811627907 0.48355416562500003 0.3851125 0.484177084375 0.3769281255813953 0.4848 0.372017188372093 0.48729374999999997 0.3661718744186046 0.489164584375 0.35611718837209305 0.488541665625 0.35401406279069764 0.48822916562499996 0.3549484372093023 0.49820624999999996 0.36266562558139537 0.49789374999999997
2 0.39049062558139536 0.426810415625 0.37646093720930235 0.428370834375 0.3668734372093024 0.43117708437499996 0.3605609372093023 0.430241665625 0.3568187511627907 0.42743541562500004 0.35003749999999995 0.427745834375 0.3509734372093023 0.443958334375 0.3628984372093023 0.443645834375 0.3795 0.44489375000000003 0.3918937511627907 0.443645834375 0.39049062558139536 0.426810415625
2 0.4608718744186046 0.40779375 0.47747343720930235 0.40654583437499997 0.47607031162790703 0.390958334375 0.4690562511627907 0.394075 0.457832811627907 0.39313958437499996 0.45081718837209306 0.39656875 0.440295311627907 0.40124583437499994 0.437957811627907 0.40187083437500004 0.43982812558139533 0.4159 0.4608718744186046 0.40779375
0 0.4639125 0.37287499999999996 0.47162812558139533 0.371939584375 0.47092656279069767 0.36414583437500003 0.454792188372093 0.366952084375 0.440295311627907 0.37038125 0.440295311627907 0.379422915625 0.45806562558139535 0.376304165625 0.4639125 0.37287499999999996
0 0.46788749999999996 0.3513625 0.46812031162790696 0.34045208437499996 0.4608718744186046 0.34045208437499996 0.44918125116279073 0.345127084375 0.43748906279069766 0.34762291562500003 0.43772343720930235 0.35791041562500003 0.4571312511627907 0.3513625 0.46788749999999996 0.3513625