8 0.254970311627907 0.18038749999999998 0.2578609372093023 0.169595834375 0.24167343720930232 0.161885415625 0.22779687441860466 0.159572915625 0.2249062511627907 0.1711375 0.24109531162790698 0.1757625 0.254970311627907 0.18038749999999998
9 0.2578609372093023 0.20968124999999999 0.25901718837209303 0.199660415625 0.24167343720930232 0.190408334375 0.22201562558139534 0.18732500000000002 0.21970312558139538 0.193491665625 0.24051718837209304 0.201972915625 0.2578609372093023 0.20968124999999999
9 0.38910468837209305 0.24359999999999998 0.38910468837209305 0.235891665625 0.36944687441860463 0.23820416562500002 0.350367188372093 0.244370834375 0.35210156279069765 0.254391665625 0.37060312558139535 0.248995834375 0.38910468837209305 0.24359999999999998
8 0.5128312488372093 0.13105 0.5122531255813954 0.11871666562500001 0.4954875 0.125654165625 0.4821890627906977 0.1333625 0.48681406279069767 0.145697915625 0.5001125 0.136445834375 0.5128312488372093 0.13105
9 0.511675 0.105610415625 0.5105187511627907 0.094047915625 0.490282811627907 0.09944375 0.4729390627906977 0.11100833437499999 0.47467343720930233 0.11871666562500001 0.49433125116279064 0.10792500000000001 0.511675 0.105610415625
8 0.3839015627906977 0.219702084375 0.382745311627907 0.20813958437500002 0.3665562511627907 0.211222915625 0.352679688372093 0.21430625 0.353257811627907 0.22818125 0.3677125 0.22432708437499999 0.3839015627906977 0.219702084375
0 0.487220311627907 0.152847915625 0.4886609372093023 0.162727084375 0.5174640627906977 0.148183334375 0.515817188372093 0.13638125 0.5022390627906976 0.1454375 0.487220311627907 0.152847915625
0 0.5133484372093023 0.174804165625 0.5199328116279069 0.172333334375 0.5224015627906977 0.16245416562499998 0.5075890627906977 0.165197915625 0.49157812558139535 0.17325625 0.4929812488372093 0.189347915625 0.502445311627907 0.178920834375 0.5133484372093023 0.174804165625
2 0.5131437488372094 0.206364584375 0.5256937511627907 0.20279583437499998 0.5339218744186047 0.201972915625 0.534745311627907 0.19758124999999999 0.5291906255813954 0.186329165625 0.519520311627907 0.18825 0.505325 0.1951125 0.49492187441860463 0.203435415625 0.495245311627907 0.21295000000000003 0.49689062558139535 0.22090833437500002 0.5131437488372094 0.206364584375
2 0.36525781162790694 0.13301875000000002 0.33892500000000003 0.1363125 0.33956718837209304 0.156108334375 0.35600000000000004 0.15305416562500002 0.3796593744186047 0.1489375 0.3790421883720931 0.129727084375 0.36525781162790694 0.13301875000000002
2 0.23461718837209303 0.08334583437500001 0.23194374883720928 0.09624583437499999 0.24222968837209302 0.10118541562500001 0.261775 0.106672915625 0.27000312558139533 0.112985415625 0.2726937511627907 0.09643541562499999 0.261979688372093 0.091579165625 0.24963593720930233 0.08334583437500001 0.23461718837209303 0.08334583437500001
0 0.252517188372093 0.12039583437500001 0.23379531162790695 0.111339584375 0.23153906279069766 0.129358334375 0.24325781162790697 0.12780625 0.26095156279069764 0.13878333437499998 0.2636265627906977 0.125060415625 0.252517188372093 0.12039583437500001
0 0.2494312488372093 0.155522915625 0.25951093720930235 0.16183541562499998 0.2593062488372093 0.148114584375 0.231025 0.1413625 0.228857811627907 0.145095834375 0.2290625 0.153602084375 0.2494312488372093 0.155522915625
0 0.37842499999999996 0.1794 0.37698437441860466 0.165952084375 0.36258437441860464 0.165952084375 0.34676874883720926 0.165710415625 0.347770311627907 0.18022291562499998 0.36710937441860464 0.1794 0.37842499999999996 0.1794
0 0.38068906279069764 0.20053125 0.379454688372093 0.189279165625 0.36402343720930236 0.19119999999999998 0.349342188372093 0.193147915625 0.3502390627906977 0.20519791562499998 0.3681390627906977 0.201629165625 0.38068906279069764 0.20053125