8 0.4898687511627907 0.882945834375 0.48931406279069767 0.8711229156250001 0.4737984372093023 0.8807291656249999 0.4588359372093023 0.8859 0.46216093720930235 0.896245834375 0.47712343720930234 0.89255 0.4898687511627907 0.882945834375
9 0.49873437441860463 0.9073270843750001 0.4970718744186046 0.8984624999999999 0.47933906279069766 0.9088062499999999 0.4610531255813954 0.913977084375 0.46049843720930234 0.92284375 0.4815562511627907 0.917672915625 0.49873437441860463 0.9073270843750001
9 0.5646781255813954 0.8216187500000001 0.561907811627907 0.8134916656250001 0.546392188372093 0.824575 0.528104688372093 0.82826875 0.5292125 0.839352084375 0.5486078116279071 0.832702084375 0.5646781255813954 0.8216187500000001
8 0.556920311627907 0.7972375 0.5574749999999999 0.785414584375 0.5408499999999999 0.795020834375 0.52755 0.8016708343750001 0.52755 0.811275 0.543067188372093 0.8075812499999999 0.556920311627907 0.7972375
8 0.650017188372093 0.616214584375 0.6478015627906977 0.60513125 0.6339468744186046 0.6147375 0.6206484372093023 0.623604165625 0.6239734372093023 0.635425 0.6367187488372094 0.6265583343750001 0.650017188372093 0.616214584375
9 0.6466921883720931 0.588877084375 0.6444765627906978 0.579270834375 0.6256343744186047 0.592570834375 0.6090109372093023 0.605870834375 0.6128890627906978 0.611041665625 0.6306218744186047 0.5984812500000001 0.6466921883720931 0.588877084375
0 0.45562499999999995 0.864314584375 0.45695312558139534 0.8767125 0.48883437441860467 0.86715 0.486975 0.8554604156250001 0.45562499999999995 0.864314584375
0 0.4524375 0.8395187500000001 0.45429687441860467 0.8551062500000001 0.4872406255813953 0.8448333343750001 0.48325468837209307 0.8303104156250001 0.4524375 0.8395187500000001
0 0.5175265627906976 0.7576937499999999 0.519917188372093 0.7718625 0.5507359372093024 0.75981875 0.5478124999999999 0.744939584375 0.5175265627906976 0.7576937499999999
0 0.522042188372093 0.784260415625 0.5254968744186046 0.7970125 0.5563140627906976 0.78178125 0.5520640627906978 0.766547915625 0.522042188372093 0.784260415625
0 0.6251234372093024 0.64044375 0.6288421883720929 0.6531958343750001 0.6580656255813953 0.633004165625 0.6530187511627907 0.621314584375 0.6251234372093024 0.64044375
0 0.6301703116279069 0.660279165625 0.6349531255813954 0.674095834375 0.6639109372093023 0.6531958343750001 0.6601921883720929 0.64256875 0.6301703116279069 0.660279165625
2 0.6376093744186047 0.692514584375 0.6418609372093024 0.707391665625 0.678257811627907 0.680825 0.6732093744186046 0.667010415625 0.6376093744186047 0.692514584375
2 0.5063687511627907 0.7300625000000001 0.5114156255813953 0.7506083343750001 0.5517984372093023 0.7314791656249999 0.5475468744186046 0.7109354156250001 0.5063687511627907 0.7300625000000001
2 0.4404812488372093 0.8094104156249999 0.443670311627907 0.831727084375 0.4864437511627907 0.816139584375 0.4837859372093023 0.7970125 0.4404812488372093 0.8094104156249999