9 0.4527015627906977 0.35156041562499996 0.43776875116279074 0.357420834375 0.4404781255813954 0.363745834375 0.455045311627907 0.35937291562499996 0.47671406279069767 0.354295834375 0.4749562488372093 0.345702084375 0.4527015627906977 0.35156041562499996
8 0.4772984372093023 0.382029165625 0.4772984372093023 0.370310415625 0.462657811627907 0.37499791562499996 0.44596718837209304 0.37929375 0.4471390627906977 0.392575 0.4652937511627907 0.38671666562499996 0.4772984372093023 0.382029165625
8 0.6032953116279071 0.6228979156250001 0.5895328116279069 0.6228979156250001 0.5883609372093024 0.635789584375 0.6059296883720929 0.635397915625 0.6199859372093023 0.6307104156250001 0.6176437511627907 0.619772915625 0.6032953116279071 0.6228979156250001
9 0.6044656255813953 0.609227084375 0.6217421883720929 0.6037583343749999 0.6196921883720931 0.596727084375 0.6032953116279071 0.601025 0.5816265627906977 0.601414584375 0.5871890627906977 0.610789584375 0.6044656255813953 0.609227084375
9 0.6876359372093023 0.470695834375 0.690270311627907 0.47225833437500003 0.7286296883720931 0.469914584375 0.7271656255813953 0.460147915625 0.68705 0.464054165625 0.6876359372093023 0.470695834375
8 0.7221875 0.44530416562499997 0.7221875 0.434758334375 0.6899781255813953 0.43671249999999995 0.690270311627907 0.448039584375 0.7221875 0.44530416562499997
0 0.47926718837209303 0.39115 0.4628218744186047 0.394808334375 0.44751718837209303 0.40029375 0.4504875 0.412789584375 0.4600812488372093 0.407304165625 0.468075 0.401208334375 0.4778968744186046 0.39968333437500003 0.47926718837209303 0.39115
0 0.46693281162790695 0.41827500000000006 0.4511718744186047 0.42132291562499996 0.45136562558139537 0.432722915625 0.4657906255813954 0.428333334375 0.48178124883720935 0.42589375 0.4813234372093023 0.417970834375 0.46693281162790695 0.41827500000000006
2 0.46533437441860465 0.4621625 0.4776687511627907 0.45698125 0.4852062488372093 0.460333334375 0.490917188372093 0.45423749999999996 0.4879484372093023 0.43869375 0.4703593744186046 0.44570416562500004 0.45022343720930236 0.44948125 0.4495734372093023 0.461247915625 0.45185781162790695 0.46795208437499997 0.46533437441860465 0.4621625
2 0.6290562511627907 0.704089584375 0.6290562511627907 0.6879354156249999 0.608042188372093 0.69555625 0.5883968744186047 0.6946416656250001 0.5897687488372093 0.71323125 0.6178640627906977 0.707745834375 0.6290562511627907 0.704089584375
0 0.6139812488372093 0.669954165625 0.595707811627907 0.670564584375 0.5918234372093023 0.6687354156249999 0.5927562488372093 0.682941665625 0.6094125 0.67970625 0.6240312511627907 0.678183334375 0.6217468744186047 0.665991665625 0.6139812488372093 0.669954165625
0 0.610554688372093 0.6592875 0.6135234372093024 0.6510583343749999 0.6212906255813954 0.65045 0.6215187488372093 0.640695834375 0.6069 0.643135415625 0.5881859372093023 0.6440958343750001 0.5893109372093024 0.653802084375 0.5989046883720931 0.655935415625 0.610554688372093 0.6592875
2 0.7012718744186046 0.357416665625 0.6827687488372093 0.358939584375 0.6839109372093023 0.37722708437499997 0.7008140627906977 0.37539791562499997 0.7225140627906976 0.37509375 0.722742188372093 0.357416665625 0.7012718744186046 0.357416665625
0 0.7206875 0.40130416562500004 0.7206875 0.39490416562499997 0.7069812488372093 0.392160415625 0.68985 0.39185625 0.687795311627907 0.404045834375 0.7076671883720931 0.40221875 0.7206875 0.40130416562500004
0 0.6907640627906977 0.428429165625 0.7200015627906976 0.427210415625 0.7218656255813953 0.41634583437500006 0.6980734372093024 0.4177625 0.68985 0.41898125 0.6907640627906977 0.428429165625