8 0.43594531162790695 0.34039375 0.4029406255813953 0.342477084375 0.40311406279069767 0.356141665625 0.424307811627907 0.352897915625 0.4366406255813954 0.352204165625 0.43594531162790695 0.34039375
8 0.6126109372093024 0.37327916562499996 0.5809875 0.37099375 0.579604688372093 0.384625 0.596454688372093 0.386479165625 0.6136531255813953 0.386941665625 0.6126109372093024 0.37327916562499996
9 0.422917188372093 0.37837291562500003 0.44324218837209306 0.37906875 0.44254687441860463 0.3665625 0.40033437441860464 0.37188958437499997 0.401029688372093 0.382310415625 0.422917188372093 0.37837291562500003
9 0.6155640627906976 0.398289584375 0.5754359372093023 0.398983334375 0.5759578116279069 0.408941665625 0.589332811627907 0.40801666562500005 0.6174734372093024 0.40986874999999995 0.6155640627906976 0.398289584375
9 0.8444812488372093 0.361541665625 0.8038093744186047 0.366070834375 0.8047000000000001 0.37636250000000004 0.8194656255813954 0.374045834375 0.8453484372093023 0.37080416562499996 0.8444812488372093 0.361541665625
8 0.8423968744186047 0.38585625 0.8090437511627908 0.391183334375 0.8099125 0.40392083437500004 0.8225937511627907 0.4023 0.8446546883720931 0.399983334375 0.8423968744186047 0.38585625
0 0.4340312488372093 0.332491665625 0.43325156279069765 0.323402084375 0.4242859372093023 0.322622915625 0.4016968744186047 0.32411875 0.40245624883720926 0.335608334375 0.4118109372093023 0.334829165625 0.4250656255813954 0.332491665625 0.4340312488372093 0.332491665625
0 0.432667188372093 0.310677084375 0.4324718744186047 0.29925 0.4237015627906977 0.298210415625 0.4102515627906977 0.298470834375 0.39998281162790694 0.30039791562499996 0.4005062511627907 0.311975 0.4102515627906977 0.310935415625 0.42253125116279067 0.310935415625 0.432667188372093 0.310677084375
2 0.4123968744186047 0.28054999999999997 0.4244812511627907 0.28003125 0.43422656279069766 0.28003125 0.43442187441860464 0.273279165625 0.4334468744186047 0.262891665625 0.422142188372093 0.262891665625 0.3924812488372093 0.266104165625 0.39154062558139535 0.271460415625 0.3927093744186046 0.28081041562500003 0.40031093720930233 0.28081041562500003 0.4123968744186047 0.28054999999999997
2 0.6108125000000001 0.312870834375 0.61705 0.313389584375 0.6176343744186047 0.307158334375 0.617245311627907 0.29573125 0.5991171883720929 0.29651041562499997 0.5770281255813954 0.298683334375 0.5767015627906977 0.315727084375 0.5897609372093023 0.312870834375 0.5998968744186046 0.312352084375 0.6108125000000001 0.312870834375
0 0.6133468744186046 0.33702291562500003 0.6131515627906977 0.328972915625 0.6074984372093024 0.325595834375 0.5806718744186047 0.32611875 0.5813796883720931 0.33520625000000004 0.59405 0.335725 0.6034062511627908 0.335985415625 0.6133468744186046 0.33702291562500003
0 0.6135406255813953 0.363254165625 0.6127609372093024 0.353385415625 0.5997015627906976 0.353385415625 0.5921000000000001 0.3507875 0.5883968744186047 0.349489584375 0.5798140627906977 0.35269791562499997 0.580795311627907 0.36377291562499997 0.5926859372093023 0.362733334375 0.604575 0.362475 0.6135406255813953 0.363254165625
0 0.844145311627907 0.417085415625 0.8437546883720931 0.405658334375 0.830695311627907 0.40721666562500003 0.8113031255813954 0.40985625 0.811982811627907 0.4204625 0.8234828116279069 0.417345834375 0.83245 0.417345834375 0.844145311627907 0.417085415625
0 0.8445343744186047 0.43136875 0.813017188372093 0.434147915625 0.8137375 0.445654165625 0.8267968744186046 0.441497915625 0.8451187488372094 0.442016665625 0.8445343744186047 0.43136875
2 0.8451187488372094 0.475 0.8531109372093023 0.47344166562499995 0.852720311627907 0.463833334375 0.8519406255813954 0.45708125 0.8361531255813953 0.457860415625 0.8106593744186046 0.46472708437500004 0.8115937488372094 0.47681874999999996 0.8166609372093023 0.479935415625 0.8305 0.476297915625 0.8451187488372094 0.475