2 0.35294062558139533 0.680497915625 0.3353359372093023 0.6799833343749999 0.3364375 0.688704165625 0.3540968744186046 0.69026875 0.36835937441860467 0.684097915625 0.3668187511627907 0.674327084375 0.35294062558139533 0.680497915625
4 0.3688734372093023 0.717179165625 0.37491406279069767 0.711352084375 0.37247187441860463 0.6995250000000001 0.35024218837209303 0.70878125 0.333545311627907 0.70926875 0.33327968837209304 0.72129375 0.34857031162790697 0.7206083343749999 0.3688734372093023 0.717179165625
4 0.6388343744186047 0.709216665625 0.6388343744186047 0.6973874999999999 0.6255999999999999 0.699616665625 0.5984859372093023 0.70013125 0.5984859372093023 0.7112729156250001 0.6290687488372093 0.711958334375 0.6388343744186047 0.709216665625
2 0.6040109372093023 0.670647915625 0.6031203116279069 0.68249375 0.6353656255813954 0.6809333343749999 0.6348515627906977 0.669791665625 0.6203312488372092 0.669277084375 0.6040109372093023 0.670647915625
2 0.9238937511627907 0.60994375 0.9260781255813954 0.59674375 0.892925 0.595545834375 0.8922828116279069 0.6048020843749999 0.905517188372093 0.607029165625 0.9238937511627907 0.60994375
4 0.9245359372093024 0.582004165625 0.9318609372093023 0.5797749999999999 0.9317312488372093 0.569147915625 0.9183671883720931 0.570175 0.8917687488372092 0.564689584375 0.8913828116279069 0.574975 0.900120311627907 0.579089584375 0.9245359372093024 0.582004165625
2 0.34661875116279073 0.6143 0.3591156255813953 0.612547915625 0.36810468837209304 0.610210415625 0.36788593720930235 0.6008625000000001 0.3656937488372093 0.59501875 0.349029688372093 0.60056875 0.3269625 0.601514584375 0.32666562558139534 0.606120834375 0.32644687441860465 0.614883334375 0.3332437511627907 0.61546875 0.34661875116279073 0.6143
0 0.36547343720930237 0.643220834375 0.365254688372093 0.629197915625 0.35187968837209305 0.634164584375 0.3320265627906977 0.635270834375 0.333025 0.64701875 0.344425 0.6467270843749999 0.3536343744186047 0.64585 0.36547343720930237 0.643220834375
0 0.36788593720930235 0.661333334375 0.3661312511627907 0.651691665625 0.352757811627907 0.655197915625 0.34113593720930235 0.6575354156250001 0.3344375 0.6558437500000001 0.3347781255813953 0.6651312500000001 0.34552187441860466 0.6657145843750001 0.35714218837209305 0.6645458343749999 0.36788593720930235 0.661333334375
0 0.6367265627906976 0.6369374999999999 0.6360687511627907 0.627295834375 0.6037515627906977 0.627233334375 0.6040578116279071 0.6369374999999999 0.6150203116279069 0.63810625 0.6255437488372093 0.6369374999999999 0.6367265627906976 0.6369374999999999
0 0.6358484372093023 0.647454165625 0.603992188372093 0.647164584375 0.6038375 0.659139584375 0.6176515627906977 0.657970834375 0.6367265627906976 0.6573854156250001 0.6358484372093023 0.647454165625
2 0.6310171883720931 0.605366665625 0.6400078116279069 0.605075 0.6400078116279069 0.598939584375 0.6400078116279069 0.5922208343750001 0.610407811627907 0.592514584375 0.5994109372093024 0.593479165625 0.5992265627906976 0.598939584375 0.5987875 0.605366665625 0.6169859372093023 0.605366665625 0.6310171883720931 0.605366665625
2 0.9177031255813953 0.68696875 0.9236234372093023 0.6872604156250001 0.9269125 0.6805416656250001 0.9264734372093023 0.674408334375 0.9078375 0.672070834375 0.884154688372093 0.667416665625 0.8830609372093023 0.673239584375 0.8830609372093023 0.68141875 0.9012593744186047 0.684925 0.9177031255813953 0.68696875
0 0.922745311627907 0.6408125 0.8909062488372094 0.6359125 0.8900765627906976 0.646070834375 0.9065218744186045 0.648116665625 0.922307811627907 0.650160415625 0.922745311627907 0.6408125
0 0.923842188372093 0.62065625 0.8923531255813953 0.616302084375 0.891392188372093 0.625329165625 0.9032328116279069 0.627666665625 0.9236234372093023 0.630295834375 0.923842188372093 0.62065625