4 0.6080109372093023 0.663308334375 0.584845311627907 0.6708937500000001 0.5669609372093023 0.66926875 0.5691968744186047 0.68335625 0.5838281255813954 0.683085415625 0.6104499999999999 0.676041665625 0.6080109372093023 0.663308334375
4 0.7965968744186046 0.5958479156250001 0.7748531255813954 0.594764584375 0.7561562488372092 0.589345834375 0.7547343744186046 0.603164584375 0.7673343744186046 0.606685415625 0.7953781255813953 0.609395834375 0.7965968744186046 0.5958479156250001
2 0.7911109372093024 0.6232125 0.7793234372093023 0.623483334375 0.758392188372093 0.62104375 0.756970311627907 0.63350625 0.7681468744186046 0.63431875 0.7909078116279069 0.6364875 0.7911109372093024 0.6232125
2 0.6043531255813954 0.64678125 0.6025250000000001 0.6348604156250001 0.5893156255813954 0.640279165625 0.5704156255813954 0.64055 0.571025 0.6513875 0.5822031255813953 0.6522 0.5974437488372092 0.6513875 0.6043531255813954 0.64678125
2 0.931704688372093 0.673552084375 0.9238875 0.664983334375 0.9040843744186047 0.649235415625 0.899567188372093 0.6589625 0.911032811627907 0.669614584375 0.928229688372093 0.683510415625 0.931704688372093 0.673552084375
4 0.9254499999999999 0.70273125 0.9122484372093023 0.6897625 0.8926187488372093 0.668225 0.8837593744186046 0.681658334375 0.8969625 0.6925416656250001 0.9233656255813953 0.713383334375 0.9254499999999999 0.70273125
0 0.5676671883720931 0.598720834375 0.5685375 0.6112 0.600317188372093 0.605975 0.5994453116279069 0.593495834375 0.5676671883720931 0.598720834375
0 0.569407811627907 0.61990625 0.5691906255813953 0.6312249999999999 0.6016218744186047 0.6262916656249999 0.602057811627907 0.614102084375 0.569407811627907 0.61990625
0 0.7576875000000001 0.642252084375 0.7563812511627908 0.6538625 0.7883781255813953 0.658795834375 0.7901187488372092 0.648058334375 0.7576875000000001 0.642252084375
0 0.755075 0.6619875000000001 0.755075 0.676497915625 0.787507811627907 0.6794 0.7881609372093024 0.668083334375 0.755075 0.6619875000000001
2 0.5589609372093023 0.565054165625 0.5600484372093023 0.578695834375 0.6016218744186047 0.5737625000000001 0.6007515627906976 0.5569291656249999 0.5589609372093023 0.565054165625
2 0.7507218744186046 0.696233334375 0.7500687488372093 0.711035415625 0.7918609372093023 0.71335625 0.793167188372093 0.7005874999999999 0.7507218744186046 0.696233334375
2 0.9244171883720931 0.57579375 0.9174531255813954 0.590014584375 0.9579375 0.6187458343750001 0.9620734372093023 0.607427084375 0.9244171883720931 0.57579375
0 0.9185406255813954 0.6097479156250001 0.9137515627906976 0.620777084375 0.9418312511627907 0.643704165625 0.9468375 0.6329666656249999 0.9185406255813954 0.6097479156250001
0 0.910270311627907 0.6289020843750001 0.905045311627907 0.6393500000000001 0.934429688372093 0.6619875000000001 0.9385656255813953 0.6541520843749999 0.910270311627907 0.6289020843750001