2 0.41826718837209304 0.330952084375 0.41874218837209304 0.31894999999999996 0.40216250000000003 0.320214584375 0.387004688372093 0.324635415625 0.3879515627906977 0.33726666562499996 0.40547812558139534 0.332214584375 0.41826718837209304 0.330952084375
4 0.42253125116279067 0.361897915625 0.42253125116279067 0.344845834375 0.40121562558139534 0.352425 0.3851093744186046 0.354952084375 0.3841625 0.364425 0.4045312488372093 0.361897915625 0.42253125116279067 0.361897915625
2 0.4964265627906977 0.172422915625 0.4964265627906977 0.161054165625 0.480795311627907 0.16294999999999998 0.46468906279069766 0.16358124999999998 0.46468906279069766 0.17558125 0.4803218744186047 0.17431875 0.4964265627906977 0.172422915625
2 0.6229015627906976 0.2482125 0.6200593744186047 0.23558125 0.6058484372093024 0.24316041562500001 0.5906906255813954 0.254529165625 0.594954688372093 0.26084583437500003 0.6086906255813953 0.256425 0.6229015627906976 0.2482125
4 0.63285 0.278529165625 0.629532811627907 0.26210833437500003 0.6105859372093024 0.274739584375 0.5930593744186047 0.28231875 0.594954688372093 0.29305625 0.6157968744186048 0.2816875 0.63285 0.278529165625
4 0.503057811627907 0.20084375 0.503057811627907 0.18884375 0.4831640627906977 0.189475 0.46279531162790694 0.19263333437500002 0.46232031162790693 0.20463333437500003 0.48221562558139536 0.201475 0.503057811627907 0.20084375
0 0.41620312558139533 0.308004165625 0.41705624883720926 0.296622915625 0.39970312558139537 0.300795834375 0.38576249999999995 0.300795834375 0.3849093744186047 0.310279165625 0.39856406279069767 0.309141665625 0.41620312558139533 0.308004165625
0 0.4167812488372093 0.28852500000000003 0.41698906279069764 0.278270834375 0.39952812558139533 0.277714584375 0.38435312558139534 0.281595834375 0.38310624883720934 0.29185 0.4016062511627907 0.287970834375 0.4167812488372093 0.28852500000000003
2 0.419275 0.256097915625 0.41885937441860466 0.24002083437500002 0.39433125116279066 0.24362499999999998 0.3795718744186046 0.24611875 0.3793640627906976 0.25859166562499997 0.406179688372093 0.254710415625 0.419275 0.256097915625
0 0.475817188372093 0.128047915625 0.4922390627906977 0.127216665625 0.4928625 0.11779375 0.4745687488372093 0.11862500000000001 0.4631359372093023 0.121672915625 0.46085000000000004 0.121672915625 0.46085000000000004 0.13054375000000001 0.475817188372093 0.128047915625
0 0.479142188372093 0.146341665625 0.49390156279069763 0.146895834375 0.49473281162790694 0.138858334375 0.488704688372093 0.13774999999999998 0.4737375 0.1394125 0.4633437511627907 0.141075 0.46355156279069765 0.13858125 0.46230468837209304 0.15188333437499998 0.479142188372093 0.146341665625
2 0.4936937488372093 0.084810415625 0.47976562558139535 0.083425 0.4573156255813954 0.08564374999999999 0.45315781162790697 0.086197915625 0.45461406279069766 0.098391665625 0.4693718744186046 0.09534375 0.47789531162790694 0.093127084375 0.4953562511627907 0.095897915625 0.4936937488372093 0.084810415625
2 0.6128031255813953 0.17405625 0.6090625000000001 0.160754165625 0.5947187488372093 0.166295834375 0.5832859372093023 0.171285415625 0.5726843744186046 0.179045834375 0.5753859372093023 0.18985625 0.5988765627906977 0.17710625 0.6128031255813953 0.17405625
0 0.61405 0.206485415625 0.6130109372093023 0.195952084375 0.595757811627907 0.20399166562499998 0.5826625 0.211195834375 0.5837015627906976 0.22117499999999998 0.5982531255813954 0.21175208437499998 0.61405 0.206485415625
0 0.608229688372093 0.230875 0.6190390627906978 0.22727291562500002 0.6165453116279069 0.215077084375 0.6015781255813953 0.22366875 0.5868203116279069 0.230875 0.5878593744186046 0.23946666562500002 0.5982531255813954 0.23835833437499998 0.608229688372093 0.230875