2 0.37146562558139534 0.110460415625 0.370575 0.12233750000000002 0.40323749999999997 0.13263125 0.405020311627907 0.11639791562499999 0.37146562558139534 0.110460415625
2 0.5427984372093023 0.16747083437500002 0.5392343744186047 0.17895208437500001 0.5686312488372093 0.19795625 0.5727890627906976 0.18489166562499998 0.5427984372093023 0.16747083437500002
2 0.7242249999999999 0.19676875 0.7257093744186046 0.20904166562499998 0.757779688372093 0.196372915625 0.7559968744186047 0.18212083437499998 0.7242249999999999 0.19676875
4 0.7251156255813953 0.22765 0.727195311627907 0.237547915625 0.7675781255813954 0.22171249999999998 0.7643109372093023 0.20983333437499999 0.7251156255813953 0.22765
4 0.5665531255813954 0.148466665625 0.545767188372093 0.1393625 0.5425015627906976 0.15242708437500002 0.5799140627906977 0.173014584375 0.5843687488372092 0.16192916562499998 0.5665531255813954 0.148466665625
4 0.362854688372093 0.136985415625 0.3610734372093023 0.15203125 0.40204999999999996 0.1611375 0.405020311627907 0.145695834375 0.362854688372093 0.136985415625
0 0.37630312558139534 0.06569375 0.3749468744186047 0.07865 0.40862187441860465 0.08829375 0.4093 0.07593958437500001 0.37630312558139534 0.06569375
0 0.37472187441860466 0.0895 0.373817188372093 0.100647915625 0.40704062558139537 0.10727916562499999 0.407267188372093 0.09673125 0.37472187441860466 0.0895
2 0.37765937441860464 0.03224375 0.37652968837209305 0.044597915625 0.41698437441860464 0.05605 0.418567188372093 0.039477084375 0.37765937441860464 0.03224375
2 0.5381250000000001 0.243485415625 0.5177843744186046 0.23595208437499998 0.5141687488372093 0.250114584375 0.5541718744186046 0.27331875 0.5577875 0.258554165625 0.5381250000000001 0.243485415625
0 0.5315703116279069 0.207022915625 0.528632811627907 0.21696875000000002 0.5582406255813953 0.23595208437499998 0.562307811627907 0.22570625 0.5315703116279069 0.207022915625
0 0.536317188372093 0.18894375000000002 0.5338312511627907 0.199489584375 0.5647937511627907 0.21726874999999998 0.567279688372093 0.207022915625 0.536317188372093 0.18894375000000002
2 0.7049187511627908 0.11993541562500001 0.707857811627907 0.135604165625 0.750120311627907 0.116620834375 0.7456 0.10215624999999999 0.7049187511627908 0.11993541562500001
0 0.7159937511627907 0.151877084375 0.718479688372093 0.166341665625 0.7512515627906976 0.15278125 0.7485390627906977 0.140427084375 0.7159937511627907 0.151877084375
0 0.7198359372093023 0.17236875000000002 0.722095311627907 0.187135415625 0.755545311627907 0.17236875000000002 0.7523812488372092 0.161820834375 0.7198359372093023 0.17236875000000002