4 0.37882031162790697 0.208433334375 0.35705937441860464 0.20975208437499998 0.340245311627907 0.21265625 0.33925625116279073 0.22479375 0.37941250000000004 0.22004375 0.37882031162790697 0.208433334375
2 0.3736765627906977 0.18125416562500002 0.35547656279069767 0.182572915625 0.34184062558139533 0.183739584375 0.34123437441860466 0.194447915625 0.37110468837209304 0.194975 0.3736765627906977 0.18125416562500002
2 0.6329109372093024 0.1736875 0.625592188372093 0.17263124999999999 0.6103593744186045 0.177116665625 0.6101624999999999 0.1879375 0.6121406255813953 0.187672915625 0.6327140627906976 0.186089584375 0.641417188372093 0.186354165625 0.6410218744186047 0.176325 0.6329109372093024 0.1736875
4 0.6453734372093024 0.21669999999999998 0.6457687511627908 0.204297915625 0.6214375 0.20192291562500003 0.605232811627907 0.205833334375 0.6050187488372092 0.21696458437500002 0.638845311627907 0.21590833437499998 0.6453734372093024 0.21669999999999998
4 0.9154 0.064635415625 0.9005640627906977 0.065427084375 0.901157811627907 0.078622915625 0.9211375 0.077302084375 0.9403265627906976 0.08046875 0.9403265627906976 0.06753958437499999 0.9154 0.064635415625
2 0.9326109372093023 0.1126625 0.934392188372093 0.0984125 0.9195546883720931 0.094191665625 0.9019484372093023 0.09709375 0.8997734372093024 0.106066665625 0.9209390627906977 0.10632916562500001 0.9326109372093023 0.1126625
2 0.35370156279069764 0.1143 0.37370937441860463 0.11323333437500001 0.373175 0.107189584375 0.37157500000000004 0.098660415625 0.3309187511627907 0.103695834375 0.33049375116279067 0.11038958437499999 0.3312937488372093 0.11856458437499999 0.34249843720930234 0.11643125000000001 0.35370156279069764 0.1143
0 0.36997343720930237 0.135979165625 0.3376656255813954 0.13850625 0.33876406279069765 0.15339583437499998 0.34943437441860464 0.149841665625 0.37157500000000004 0.148775 0.36997343720930237 0.135979165625
0 0.37157500000000004 0.158370834375 0.33942500000000003 0.160408334375 0.3403640627906977 0.1701 0.35717031162790697 0.16725625 0.372375 0.166191665625 0.37157500000000004 0.158370834375
0 0.6431140627906976 0.131677084375 0.6107656255813952 0.133029165625 0.6119031255813953 0.14340625 0.6244406255813955 0.14091875 0.6423125 0.142695834375 0.6431140627906976 0.131677084375
0 0.6335093744186047 0.153002084375 0.6228390627906978 0.152647915625 0.6119031255813953 0.15371458437500002 0.6113515627906977 0.1635375 0.6423125 0.162954165625 0.6423125 0.15442499999999998 0.6335093744186047 0.153002084375
0 0.9323437511627907 0.130708334375 0.9323437511627907 0.125020834375 0.9262093744186047 0.12004375 0.900292188372093 0.11777708437500001 0.899267188372093 0.128575 0.9123374999999999 0.127508334375 0.9230078116279069 0.129285415625 0.9323437511627907 0.130708334375
0 0.9318109372093023 0.140658334375 0.9166062511627907 0.1392375 0.8997999999999999 0.13959375000000002 0.8982 0.14776666562500002 0.9211406255813953 0.15025625 0.9310109372093023 0.153810415625 0.9318109372093023 0.140658334375
2 0.9192734372093023 0.185441665625 0.9320781255813954 0.188285415625 0.9347453116279071 0.18153333437500002 0.9342109372093024 0.174779165625 0.9195406255813954 0.17158125 0.8923312488372093 0.17122500000000002 0.890729688372093 0.175845834375 0.890729688372093 0.185441665625 0.9046015627906977 0.184377084375 0.9192734372093023 0.185441665625
2 0.6289093744186047 0.105614584375 0.6406468744186047 0.10845625 0.648382811627907 0.11165624999999998 0.6481156255813955 0.101347915625 0.6467812488372092 0.096372915625 0.6289093744186047 0.093885415625 0.6060718744186047 0.098610415625 0.6057015627906976 0.10348125 0.6062343744186047 0.11165624999999998 0.6179718744186047 0.107035415625 0.6289093744186047 0.105614584375