4 0.4743937511627907 0.511647915625 0.475367188372093 0.49910625 0.44972812558139535 0.49694583437500006 0.434020311627907 0.49304791562499994 0.4335 0.506891665625 0.4445343744186046 0.50775625 0.4503765627906977 0.508620834375 0.4743937511627907 0.511647915625
4 0.6216234372093022 0.491625 0.62065 0.47822083437499996 0.6005281255813955 0.480383334375 0.5810593744186047 0.481152084375 0.581704688372093 0.492922915625 0.5956593744186046 0.49119375 0.608642188372093 0.491625 0.6216234372093022 0.491625
4 0.8146406255813954 0.496470834375 0.7941937488372093 0.49776875 0.7744968744186047 0.49780625 0.7747218744186046 0.5081458343749999 0.7971156255813954 0.5081458343749999 0.8156140627906977 0.50944375 0.8146406255813954 0.496470834375
2 0.778779688372093 0.467827084375 0.7789406255813954 0.478741665625 0.811070311627907 0.47960624999999996 0.811070311627907 0.46793125 0.778779688372093 0.467827084375
2 0.5842718744186046 0.451647915625 0.5840390627906977 0.46083749999999996 0.6161687488372093 0.461702084375 0.6168187488372092 0.44526875 0.5842718744186046 0.451647915625
2 0.47267187441860464 0.47082499999999994 0.4404437511627907 0.4664 0.439567188372093 0.47731250000000003 0.46066250000000003 0.479475 0.47169687441860464 0.480770834375 0.47267187441860464 0.47082499999999994
0 0.443304688372093 0.422822915625 0.4423640627906977 0.435379165625 0.47485312558139536 0.439460415625 0.474617188372093 0.426277084375 0.443304688372093 0.422822915625
0 0.4407156255813954 0.441029165625 0.4407156255813954 0.45546875 0.4743812488372093 0.459235415625 0.47485312558139536 0.447308334375 0.4407156255813954 0.441029165625
0 0.5850312511627906 0.426904165625 0.5840890627906977 0.44134375 0.6175203116279069 0.439460415625 0.6172843744186046 0.426904165625 0.5850312511627906 0.426904165625
0 0.5836187511627907 0.408697915625 0.5845609372093022 0.41999791562500005 0.6182265627906977 0.41811458437500004 0.6165781255813954 0.405872915625 0.5836187511627907 0.408697915625
2 0.440479688372093 0.38515625 0.440245311627907 0.402733334375 0.4812093744186046 0.406814584375 0.4812093744186046 0.394572915625 0.440479688372093 0.38515625
2 0.5791453116279071 0.37416875 0.5800875 0.38766666562499996 0.6215218744186047 0.38546874999999997 0.6196390627906977 0.371029165625 0.5791453116279071 0.37416875
2 0.7738421883720931 0.39237500000000003 0.7738421883720931 0.4061875 0.8162187511627907 0.404304165625 0.816454688372093 0.388922915625 0.7738421883720931 0.39237500000000003
0 0.7792562488372093 0.42439375 0.7790218744186046 0.43569375 0.8103328116279069 0.434752084375 0.8103328116279069 0.42470625 0.7792562488372093 0.42439375
0 0.7780796883720931 0.444483334375 0.7776093744186047 0.458922915625 0.8124515627906976 0.45546875 0.811275 0.44322708437499997 0.7780796883720931 0.444483334375