5 0.4369343744186046 0.27775 0.43570312558139535 0.269545834375 0.41939531162790694 0.279802084375 0.40554843720930234 0.28759583437499997 0.40924062558139535 0.29498125000000003 0.4252406255813953 0.28595625 0.4369343744186046 0.27775
1 0.4338562511627907 0.24492916562499997 0.432932811627907 0.24000625000000003 0.40985624883720934 0.25149374999999996 0.3935484372093023 0.262570834375 0.39693281162790695 0.268314584375 0.4141640627906976 0.25477500000000003 0.4338562511627907 0.24492916562499997
5 0.6240156255813955 0.34544375 0.6249374999999999 0.3351875 0.6089375 0.33149583437499996 0.5938609372093023 0.328622915625 0.5926296883720931 0.338879165625 0.609245311627907 0.34216250000000004 0.6240156255813955 0.34544375
1 0.6255531255813953 0.374572915625 0.627092188372093 0.3671875 0.6049375 0.36267499999999997 0.5849375 0.36144375 0.5852453116279069 0.366777084375 0.6046296883720931 0.36965 0.6255531255813953 0.374572915625
5 0.773557811627907 0.412727084375 0.7754031255813953 0.401239584375 0.7597109372093023 0.395495834375 0.7437109372093024 0.394677084375 0.7437109372093024 0.40288124999999997 0.7587875 0.40534375 0.773557811627907 0.412727084375
1 0.774479688372093 0.442677084375 0.7750953116279069 0.435702084375 0.7532484372093023 0.42749791562499995 0.735095311627907 0.42667708437499996 0.7347874999999999 0.43324166562500005 0.7532484372093023 0.435702084375 0.774479688372093 0.442677084375
0 0.4366687511627907 0.29545625000000003 0.4231515627906977 0.3030625 0.4132265627906977 0.310108334375 0.416182811627907 0.317716665625 0.42716562558139537 0.308416665625 0.44490468837209307 0.300527084375 0.4421593744186047 0.29348333437499996 0.4366687511627907 0.29545625000000003
0 0.4497625 0.3227875 0.44828281162790695 0.313770834375 0.430754688372093 0.323633334375 0.4183687488372093 0.330708334375 0.42209687441860466 0.34025833437499997 0.43582343720930233 0.32955 0.4497625 0.3227875
2 0.4482875 0.36385625 0.4632812511627907 0.355685415625 0.46285937441860464 0.344414584375 0.4244437511627907 0.366625 0.42484531162790695 0.371464584375 0.428857811627907 0.37681875 0.4482875 0.36385625
2 0.6218437488372093 0.24826458437499999 0.596925 0.24375624999999998 0.5952343744186047 0.2471375 0.5937234372093023 0.2521875 0.6161421883720931 0.255027084375 0.6353609372093023 0.26038125 0.634304688372093 0.25108125000000003 0.6218437488372093 0.24826458437499999
0 0.6268046883720931 0.29610416562499997 0.627129688372093 0.288295834375 0.6076187488372093 0.284175 0.5970624999999999 0.28382708437500004 0.5968875 0.290464584375 0.6157484372093024 0.29371875 0.6268046883720931 0.29610416562499997
0 0.6246906255813953 0.320829165625 0.626154688372093 0.311502084375 0.6150984372093022 0.30998541562500004 0.5949359372093023 0.30738125 0.5952609372093023 0.31475624999999996 0.6142843744186047 0.317141665625 0.6246906255813953 0.320829165625
2 0.7911234372093023 0.322720834375 0.782017188372093 0.316864584375 0.760717188372093 0.311441665625 0.7538890627906977 0.310358334375 0.75145 0.31773125 0.7519593744186047 0.32123124999999997 0.7633187488372093 0.321854165625 0.7852687511627907 0.328360415625 0.7922609372093024 0.332914584375 0.7911234372093023 0.322720834375
0 0.7835296883720929 0.358010415625 0.7742609372093023 0.353672915625 0.7632046883720931 0.35041875 0.7497093744186046 0.350635415625 0.751145311627907 0.35700625 0.7589781255813953 0.357141665625 0.77605 0.36148125000000003 0.7812531255813954 0.36451666562499996 0.7835296883720929 0.358010415625
0 0.7775125 0.391845834375 0.7789765627906977 0.382085415625 0.7610906255813954 0.37514375 0.747432811627907 0.373410415625 0.747270311627907 0.382302084375 0.769057811627907 0.3853375 0.7775125 0.391845834375