5 0.38682187441860466 0.54560625 0.38682187441860466 0.55690625 0.42050468837209304 0.558645834375 0.4202875 0.547345834375 0.38682187441860466 0.54560625
5 0.5467656255813953 0.667304165625 0.5472 0.655133334375 0.532857811627907 0.655133334375 0.5154718744186046 0.648179165625 0.5141687488372093 0.659479165625 0.5287281255813954 0.664695834375 0.5467656255813953 0.667304165625
5 0.659117188372093 0.59689375 0.6606390627906976 0.603558334375 0.690845311627907 0.583854165625 0.6878031255813953 0.575452084375 0.659117188372093 0.59689375
1 0.6458609372093024 0.5705250000000001 0.647817188372093 0.5769 0.685629688372093 0.55198125 0.6838921883720931 0.54560625 0.6458609372093024 0.5705250000000001
1 0.5476343744186046 0.695410415625 0.5493734372093023 0.686716665625 0.5295984372093023 0.6861375 0.5072140627906977 0.678604165625 0.506345311627907 0.6858479156249999 0.5265546883720931 0.693091665625 0.5476343744186046 0.695410415625
1 0.4265906255813953 0.529091665625 0.427025 0.518370834375 0.383779688372093 0.5157625 0.3835625 0.523585415625 0.40159843720930233 0.5270625 0.4265906255813953 0.529091665625
0 0.41814843720930234 0.580125 0.41797968837209304 0.572229165625 0.39937812558139535 0.570877084375 0.38628281162790695 0.5688833343749999 0.38703437441860467 0.5780937500000001 0.3966734372093023 0.5785458343750001 0.41814843720930234 0.580125
0 0.4176406255813953 0.603133334375 0.41814843720930234 0.595689584375 0.38501406279069766 0.595097915625 0.3855125 0.6026812500000001 0.4044515627906977 0.60290625 0.4176406255813953 0.603133334375
2 0.40309843720930233 0.6414791656250001 0.41780937441860466 0.640577084375 0.42085312558139537 0.631329165625 0.39633437441860464 0.631554165625 0.3797625 0.62975 0.38043906279069767 0.63764375 0.385175 0.6399 0.40309843720930233 0.6414791656250001
0 0.5284156255813953 0.631029165625 0.5182703116279069 0.625841665625 0.5173562511627907 0.6337145843750001 0.5309515627906977 0.637795834375 0.5478625 0.639825 0.547354688372093 0.6308041656250001 0.5284156255813953 0.631029165625
0 0.5502718744186047 0.616829165625 0.5506093744186047 0.6087083343749999 0.536575 0.6069041656249999 0.5196812511627907 0.603835415625 0.5184812488372093 0.611189584375 0.5320093744186046 0.614797915625 0.5502718744186047 0.616829165625
2 0.5423234372093023 0.58299375 0.5568656255813954 0.584572915625 0.5583875 0.57329375 0.5470593744186046 0.572391665625 0.5313328116279069 0.571941665625 0.5186234372093024 0.5655 0.518142188372093 0.5757749999999999 0.5240609372093024 0.579158334375 0.5423234372093023 0.58299375
0 0.6960875000000001 0.6034625 0.694057811627907 0.594891665625 0.6773171883720931 0.607297915625 0.6653406255813954 0.614264584375 0.6695390627906976 0.622185415625 0.6817140627906977 0.6136125 0.6960875000000001 0.6034625
0 0.6967640627906977 0.631433334375 0.7033578116279069 0.6257937499999999 0.7014984372093023 0.617222915625 0.695579688372093 0.625116665625 0.6729515627906977 0.637660415625 0.6752875 0.64519375 0.6776546883720931 0.6440645843749999 0.6967640627906977 0.631433334375
2 0.7168859372093023 0.6582749999999999 0.7162093744186047 0.6454187499999999 0.7113062511627908 0.652185415625 0.6906765627906977 0.664366665625 0.6797156255813953 0.67205 0.6849265627906976 0.681960415625 0.7023437488372093 0.668652084375 0.7168859372093023 0.6582749999999999