1 0.554982811627907 0.470352084375 0.557857811627907 0.461022915625 0.5392359372093023 0.450358334375 0.5200312511627907 0.433791665625 0.5176140627906977 0.44169583437500004 0.5273625 0.450525 0.5483593744186047 0.465020834375 0.554982811627907 0.470352084375
5 0.5414859372093024 0.49567916562500003 0.5451093744186046 0.48484791562499996 0.5303625 0.47634999999999994 0.5151875 0.463583334375 0.5117406255813953 0.473685415625 0.5201140627906977 0.47885 0.5342359372093023 0.49034583437499996 0.5414859372093024 0.49567916562500003
5 0.6719218744186046 0.742014584375 0.6725468744186046 0.731185415625 0.658175 0.726854165625 0.6406781255813954 0.7181895843749999 0.6393031255813953 0.7288520843749999 0.6496765627906977 0.733352084375 0.6666734372093023 0.74085 0.6719218744186046 0.742014584375
1 0.6667984372093023 0.7716729156250001 0.6712968744186046 0.77200625 0.6716718744186048 0.762841665625 0.6514265627906977 0.7606770843749999 0.631804688372093 0.748345834375 0.6303046883720931 0.755510415625 0.6379281255813953 0.761177084375 0.6509265627906976 0.766841665625 0.6667984372093023 0.7716729156250001
1 0.8066125 0.44420000000000004 0.8122359372093023 0.43703541562500003 0.8093625 0.43103749999999996 0.7872406255813953 0.4558625 0.7750312511627907 0.4665 0.7787421883720931 0.473858334375 0.7864906255813954 0.465527084375 0.7936140627906977 0.459695834375 0.8066125 0.44420000000000004
5 0.8221093744186047 0.46769375 0.8174859372093024 0.459195834375 0.8039875000000001 0.47668958437500003 0.7914906255813953 0.4876875 0.7957390627906977 0.495352084375 0.8014890627906976 0.489852084375 0.8117359372093023 0.478522915625 0.8221093744186047 0.46769375
2 0.5157015627906977 0.569770834375 0.5206343744186046 0.5668124999999999 0.5226062511627907 0.5615541656249999 0.509042188372093 0.556297915625 0.49769687441860466 0.5474249999999999 0.48522187441860465 0.534508334375 0.48487187441860463 0.539866665625 0.48487187441860463 0.548410415625 0.5041093744186047 0.561227084375 0.5157015627906977 0.569770834375
0 0.527292188372093 0.532966665625 0.528032811627907 0.527379165625 0.517920311627907 0.5208083343750001 0.5006812488372093 0.507027084375 0.4979437511627907 0.514235415625 0.5078093744186046 0.522779165625 0.5171812488372093 0.52869375 0.527292188372093 0.532966665625
0 0.5361718744186047 0.505033334375 0.5263062511627907 0.50141875 0.5085468744186046 0.48532916562499995 0.5058359372093023 0.493533334375 0.5211265627906977 0.5063479156249999 0.5339515627906977 0.512920834375 0.5361718744186047 0.505033334375
0 0.6772937488372093 0.6925687500000001 0.678279688372093 0.685010415625 0.6627421883720931 0.682710415625 0.6476765627906976 0.674091665625 0.6472046883720931 0.682710415625 0.6565765627906976 0.685995834375 0.6694015627906976 0.690925 0.6772937488372093 0.6925687500000001
0 0.6740875 0.716885415625 0.6748265627906977 0.708341665625 0.6583031255813953 0.704727084375 0.6444234372093023 0.697958334375 0.6437515627906977 0.7066979156250001 0.652382811627907 0.711627084375 0.6671812488372093 0.715241665625 0.6740875 0.716885415625
2 0.6881421883720931 0.6618666656250001 0.6883874999999999 0.654308334375 0.6888812511627906 0.648722915625 0.6795093744186047 0.646422915625 0.658545311627907 0.640835415625 0.649667188372093 0.63590625 0.6472 0.63755 0.6463218744186047 0.648416665625 0.6615046883720931 0.6546375 0.6770437488372093 0.65858125 0.6881421883720931 0.6618666656250001
2 0.8213093744186046 0.558664584375 0.826242188372093 0.5629375 0.8296937511627906 0.564252084375 0.8420265627906977 0.552420834375 0.849425 0.543547915625 0.8583031255813953 0.533033334375 0.8575640627906976 0.5254749999999999 0.855695311627907 0.519683334375 0.8447390627906977 0.535333334375 0.8311734372093024 0.549135415625 0.8213093744186046 0.558664584375
0 0.8412859372093023 0.503458334375 0.8370937488372093 0.497872915625 0.8267343744186048 0.5120020843749999 0.8112171883720931 0.524745834375 0.8136640627906976 0.532047915625 0.8247625 0.522189584375 0.8316671883720931 0.5152895843749999 0.8412859372093023 0.503458334375
0 0.8266937488372094 0.47784375 0.8133750000000001 0.4932875 0.8006390627906976 0.504495834375 0.8047437488372092 0.511689584375 0.8153484372093023 0.5018312500000001 0.8308859372093024 0.48408749999999995 0.8266937488372094 0.47784375