1 0.424732811627907 0.770958334375 0.424967188372093 0.760616665625 0.40310781162790693 0.7634375 0.3819531255813954 0.757483334375 0.3819531255813954 0.767197915625 0.4033437488372093 0.773466665625 0.424732811627907 0.770958334375
1 0.5455468744186047 0.938627084375 0.546017188372093 0.929225 0.5243937511627907 0.928910415625 0.5058234372093023 0.920135415625 0.505354688372093 0.929225 0.5243937511627907 0.937685415625 0.5455468744186047 0.938627084375
1 0.6844609372093022 0.7919562499999999 0.6809359372093023 0.784747915625 0.6663625 0.8010458343750001 0.6442671883720931 0.8113875 0.6468531255813953 0.819535415625 0.671532811627907 0.8066854156250001 0.6844609372093022 0.7919562499999999
5 0.6564906255813954 0.8370854156249999 0.659075 0.8464875 0.6893968744186046 0.826429165625 0.6861062511627907 0.8182812500000001 0.6564906255813954 0.8370854156249999
5 0.545782811627907 0.909166665625 0.544607811627907 0.8988250000000001 0.5286234372093023 0.897570834375 0.5124062511627907 0.8897375000000001 0.511229688372093 0.901958334375 0.5262734372093023 0.909166665625 0.545782811627907 0.909166665625
5 0.41815156279069765 0.7919562499999999 0.3840687511627907 0.7910166656250001 0.3840687511627907 0.8016708343750001 0.41862187441860466 0.8038645843750001 0.41815156279069765 0.7919562499999999
2 0.41757812558139534 0.88385625 0.419992188372093 0.875002084375 0.400070311627907 0.877147915625 0.377329688372093 0.8725875000000001 0.377932811627907 0.881977084375 0.3984593744186047 0.887077084375 0.41757812558139534 0.88385625
2 0.557642188372093 0.8283125 0.5574406255813953 0.8170437500000001 0.538725 0.817847915625 0.516992188372093 0.810872915625 0.5159859372093023 0.8208 0.5355062488372093 0.8283125 0.557642188372093 0.8283125
2 0.7164234372093022 0.89995625 0.7148125 0.889491665625 0.7021343744186046 0.9034437499999999 0.6773812488372093 0.9173958343749999 0.683017188372093 0.9249104156250001 0.703945311627907 0.91149375 0.7164234372093022 0.89995625
0 0.6997203116279069 0.862389584375 0.67215 0.881710415625 0.6731562488372093 0.889491665625 0.7033421883720931 0.8693666656250001 0.6997203116279069 0.862389584375
0 0.6924750000000001 0.8379729156250001 0.6641 0.859439584375 0.668125 0.865341665625 0.6950906255813953 0.8473645843750001 0.6924750000000001 0.8379729156250001
0 0.5491906255813954 0.853 0.5165890627906977 0.847902084375 0.5161859372093024 0.8567562499999999 0.547982811627907 0.8618541656250001 0.5491906255813954 0.853
0 0.5477812488372094 0.875002084375 0.5139734372093023 0.87205 0.5145765627906976 0.8795624999999999 0.546775 0.8843937499999999 0.5477812488372094 0.875002084375
0 0.4159375 0.8395833343750001 0.3835937488372093 0.8389583343749999 0.384375 0.8464583343750001 0.41625 0.8470833343749999 0.4159375 0.8395833343750001
0 0.4171875 0.8141666656250001 0.384375 0.81375 0.3842187511627907 0.822916665625 0.4170312488372093 0.8254166656249999 0.4171875 0.8141666656250001