5 0.23129062558139535 0.739670834375 0.21019531162790697 0.740416665625 0.19654062558139535 0.7383145843750001 0.19694687441860464 0.749152084375 0.20893593720930234 0.75131875 0.22986718837209302 0.750777084375 0.23129062558139535 0.739670834375
1 0.23661406279069766 0.721183334375 0.236004688372093 0.7108875 0.21039843720930232 0.712241665625 0.1928859372093023 0.707722915625 0.19332812558139537 0.718472915625 0.20938281162790698 0.721183334375 0.2266562488372093 0.719827084375 0.23661406279069766 0.721183334375
1 0.38198750000000004 0.9408749999999999 0.3830031255813953 0.9322062499999999 0.3630875 0.93925 0.33948124883720926 0.94010625 0.3405312511627907 0.94873125 0.3547562488372093 0.9476479156250001 0.370404688372093 0.946022915625 0.38198750000000004 0.9408749999999999
5 0.3760937511627907 0.911616665625 0.3746718744186046 0.901591665625 0.35841406279069765 0.9067395843750001 0.3415140627906977 0.90623125 0.34195312558139535 0.9164937500000001 0.3529265627906977 0.91730625 0.36816874883720935 0.9148666656250001 0.3760937511627907 0.911616665625
5 0.4962640627906977 0.6915458343750001 0.4839031255813953 0.692435415625 0.4636281255813954 0.6886125 0.4636937511627907 0.699339584375 0.47672187441860464 0.7002291656249999 0.4960968744186046 0.702679165625 0.4962640627906977 0.6915458343750001
1 0.5031125000000001 0.662152084375 0.46085312558139535 0.658366665625 0.46035312558139535 0.66660625 0.47321406279069766 0.667941665625 0.5031125000000001 0.669945834375 0.5031125000000001 0.662152084375
0 0.19727031162790698 0.7617229156249999 0.1967765627906977 0.77391875 0.22990156279069765 0.774579165625 0.22990156279069765 0.764689584375 0.19727031162790698 0.7617229156249999
0 0.19479843720930232 0.787104165625 0.19455156279069769 0.7983104156249999 0.2289125 0.79765 0.2284187488372093 0.788420834375 0.19479843720930232 0.787104165625
0 0.337682811627907 0.8625833343749999 0.33916562558139535 0.8724708343750001 0.37229218837209305 0.864891665625 0.37105625116279073 0.857310415625 0.337682811627907 0.8625833343749999
0 0.340154688372093 0.883679165625 0.34065 0.8958729156249999 0.3747640627906977 0.88928125 0.3732812511627907 0.8797229156249999 0.340154688372093 0.883679165625
0 0.46351093720930236 0.712941665625 0.46326406279069765 0.72118125 0.49515312558139535 0.7238187500000001 0.4956468744186046 0.715247915625 0.46351093720930236 0.712941665625
0 0.46227500000000005 0.736672915625 0.46177968837209304 0.747879165625 0.49515312558139535 0.748539584375 0.49391718837209303 0.739639584375 0.46227500000000005 0.736672915625
2 0.45485937441860463 0.772270834375 0.456342188372093 0.784466665625 0.49515312558139535 0.78644375 0.4966359372093023 0.77754375 0.45485937441860463 0.772270834375
2 0.3732812511627907 0.8184166656249999 0.353257811627907 0.8240187499999999 0.330267188372093 0.8240187499999999 0.33051406279069767 0.837204165625 0.3584484372093023 0.836214584375 0.37501093720930234 0.8283041656250001 0.3732812511627907 0.8184166656249999
2 0.2276562488372093 0.8369562500000001 0.23031874883720932 0.8254187500000001 0.21057031162790696 0.8268979156249999 0.18838124883720928 0.82453125 0.192375 0.8363645843749999 0.20502343720930233 0.836660415625 0.2276562488372093 0.8369562500000001