1 0.46784218837209307 0.42693541562500004 0.45029843720930235 0.427220834375 0.4515890627906977 0.4344875 0.4631359372093023 0.43321458437500004 0.4911640627906977 0.43121666562499994 0.4913781255813954 0.422939584375 0.46784218837209307 0.42693541562500004
5 0.4742609372093023 0.455191665625 0.457145311627907 0.45661874999999996 0.4580093744186046 0.464447915625 0.48859687441860467 0.46403958437500004 0.4892390627906977 0.45319374999999995 0.4742609372093023 0.455191665625
5 0.6199390627906977 0.59585625 0.6053890627906977 0.6035625 0.6045984372093023 0.616029165625 0.6212218744186047 0.6064166656250001 0.6372703116279069 0.6007083343749999 0.6338468744186045 0.591004165625 0.6199390627906977 0.59585625
1 0.6160875 0.64209375 0.6413343744186046 0.632960415625 0.6466843744186046 0.6292500000000001 0.6460593744186046 0.621735415625 0.6317062511627907 0.6275375000000001 0.606245311627907 0.6383833343750001 0.6079562488372092 0.646375 0.6160875 0.64209375
1 0.761367188372093 0.58815 0.7761312488372094 0.591004165625 0.7782703116279069 0.583583334375 0.7568750000000001 0.579302084375 0.7440375 0.575020834375 0.7380796883720929 0.566095834375 0.7365484372093023 0.574164584375 0.742967188372093 0.5812999999999999 0.761367188372093 0.58815
5 0.7673593744186047 0.618689584375 0.768 0.611839584375 0.7476734372093022 0.60784375 0.7370093744186047 0.600691665625 0.7352640627906977 0.6098416656250001 0.7530234372093023 0.61640625 0.7673593744186047 0.618689584375
0 0.4574812511627907 0.478972915625 0.4574812511627907 0.489889584375 0.4909984372093023 0.4861375 0.4902312488372093 0.47829166562500003 0.4574812511627907 0.478972915625
0 0.45901562558139536 0.5042187499999999 0.4592718744186047 0.513770834375 0.4922781255813954 0.5107 0.49151093720930233 0.502170834375 0.45901562558139536 0.5042187499999999
0 0.600507811627907 0.5820000000000001 0.6015312488372093 0.59428125 0.6317234372093024 0.578589584375 0.629420311627907 0.56971875 0.600507811627907 0.5820000000000001
0 0.5941109372093023 0.5591437499999999 0.5971812488372094 0.5707416656250001 0.6273734372093023 0.55505 0.6258390627906977 0.546520834375 0.5941109372093023 0.5591437499999999
0 0.762725 0.639314584375 0.7642593744186046 0.631808334375 0.7519781255813953 0.630785415625 0.742767188372093 0.626691665625 0.7348359372093023 0.61884375 0.7322765627906976 0.6277145843749999 0.740720311627907 0.634195834375 0.7522343744186046 0.6389729156249999 0.762725 0.639314584375
0 0.7591421883720931 0.6625125 0.7599093744186046 0.6556895843749999 0.7478843744186047 0.6546645843750001 0.7389296883720929 0.649889584375 0.7294625 0.6430666656249999 0.7284390627906976 0.6512541656249999 0.7386734372093022 0.6587583343750001 0.7519781255813953 0.663535415625 0.7591421883720931 0.6625125
2 0.7430234372093023 0.69935625 0.7540250000000001 0.700720834375 0.7581187488372093 0.691510415625 0.7437906255813954 0.6894625 0.7317656255813954 0.684345834375 0.7197390627906977 0.67479375 0.7207625 0.687075 0.7292062511627907 0.69355625 0.7430234372093023 0.69935625
2 0.5833656255813954 0.527416665625 0.5825968744186046 0.537991665625 0.623792188372093 0.5199125 0.620720311627907 0.5113833343749999 0.5833656255813954 0.527416665625
2 0.485370311627907 0.548227084375 0.4961156255813954 0.547204165625 0.4958609372093023 0.537991665625 0.456457811627907 0.541745834375 0.45876093720930233 0.550272915625 0.4700187511627907 0.5495916656250001 0.485370311627907 0.548227084375