1 0.38196562558139535 0.20070416562500001 0.38422343720930235 0.20873124999999998 0.42448906279069765 0.189664584375 0.42110156279069766 0.1816375 0.38196562558139535 0.20070416562500001
1 0.6876875 0.06643750000000001 0.6676031255813953 0.054575 0.6510781255813953 0.05016875 0.6439609372093024 0.049829165625 0.6421812488372094 0.05830208437499999 0.6627734372093023 0.061014584375 0.683875 0.07626875 0.6876875 0.06643750000000001
1 0.5514218744186046 0.48405 0.5529468744186047 0.47557708437499996 0.531845311627907 0.473541665625 0.5097281255813954 0.46811875000000003 0.5097281255813954 0.47659375 0.5247265627906976 0.48032291562499996 0.5514218744186046 0.48405
5 0.551675 0.443035415625 0.5328625 0.4406625 0.5178625 0.43591666562500003 0.516592188372093 0.44778124999999996 0.5361671883720931 0.45252708437500005 0.551167188372093 0.45422083437499994 0.551675 0.443035415625
5 0.426595311627907 0.213891665625 0.41083281162790697 0.21761875000000003 0.39430781162790696 0.23016041562499998 0.39685 0.238295834375 0.4291375 0.22372083437499998 0.426595311627907 0.213891665625
5 0.6731968744186047 0.10542083437500001 0.6749765627906976 0.09558958437500001 0.6607390627906977 0.086097915625 0.6429437488372094 0.083047915625 0.6424343744186046 0.092539584375 0.6604859372093024 0.09660625 0.6731968744186047 0.10542083437500001
0 0.4329515627906977 0.24539375 0.4312015627906977 0.23755833437499999 0.4198281255813954 0.24039375000000002 0.4084562488372093 0.246060415625 0.4020812488372093 0.251229165625 0.4040812511627907 0.25739791562500003 0.417829688372093 0.24822916562500003 0.4329515627906977 0.24539375
0 0.43945 0.267902084375 0.43632656279069765 0.25973125 0.42045312558139536 0.26623333437499996 0.408 0.27254166562500004 0.409704688372093 0.279904165625 0.4308265627906977 0.26890208437499996 0.43945 0.267902084375
2 0.451942188372093 0.301114584375 0.450504688372093 0.290464584375 0.44539531162790696 0.290464584375 0.42432031162790695 0.300902084375 0.4105890627906976 0.309208334375 0.41585781162790697 0.318791665625 0.441882811627907 0.302179165625 0.451942188372093 0.301114584375
2 0.646504688372093 0.179372915625 0.6617656255813953 0.18738333437500002 0.663767188372093 0.174033334375 0.6415015627906976 0.16302083437499998 0.6240156255813955 0.161883334375 0.6219890627906977 0.17270000000000002 0.630995311627907 0.173366665625 0.646504688372093 0.179372915625
0 0.6560109372093023 0.136991665625 0.6435031255813953 0.13031874999999998 0.6357484372093023 0.12965 0.635275 0.135195834375 0.6472562511627906 0.13832708437500002 0.664767188372093 0.14700416562500002 0.664767188372093 0.14266458437500001 0.6560109372093023 0.136991665625
0 0.6592640627906976 0.11196458437500001 0.6457546883720929 0.106625 0.6395000000000001 0.106291665625 0.6400015627906976 0.1133 0.6582593744186047 0.116702084375 0.668770311627907 0.12564583437500002 0.6707718744186048 0.11830416562499999 0.6592640627906976 0.11196458437500001
2 0.528242188372093 0.355370834375 0.5204687511627907 0.35356875 0.5198125 0.364316665625 0.5351718744186047 0.36686874999999997 0.559170311627907 0.3698 0.5598468744186047 0.359879165625 0.528242188372093 0.355370834375
0 0.5517343744186046 0.403841665625 0.553254688372093 0.395047915625 0.5400734372093023 0.395047915625 0.5223468744186047 0.3913625 0.5206375 0.40158750000000004 0.5373687488372093 0.402939584375 0.5517343744186046 0.403841665625
0 0.549875 0.428189584375 0.5508890627906977 0.41962291562500004 0.5348343744186046 0.418495834375 0.5210796883720931 0.41587291562499995 0.5201312511627907 0.422552084375 0.5292562488372093 0.42616041562499996 0.549875 0.428189584375