2 0.39454687441860464 0.543860415625 0.3971140627906977 0.5330145843749999 0.3566281255813954 0.530072915625 0.35710312558139534 0.54015 0.37165312558139535 0.5444312499999999 0.39454687441860464 0.543860415625
2 0.3915515627906977 0.646610415625 0.3921937511627907 0.632625 0.3776437511627907 0.633195834375 0.35288281162790697 0.629225 0.3515406255813953 0.6446125 0.3763593744186046 0.648322915625 0.3915515627906977 0.646610415625
2 0.5252781255813954 0.5487124999999999 0.525492188372093 0.53929375 0.48689843720930237 0.540416665625 0.48612187441860466 0.550710415625 0.5006718744186046 0.550995834375 0.5252781255813954 0.5487124999999999
2 0.5276312511627907 0.654316665625 0.5274171883720931 0.642329165625 0.48689843720930237 0.6445624999999999 0.4878343744186046 0.65574375 0.514579688372093 0.6566 0.5276312511627907 0.654316665625
2 0.661754688372093 0.522666665625 0.661754688372093 0.515816665625 0.6219859372093024 0.51580625 0.621957811627907 0.52751875 0.6523406255813953 0.527804165625 0.661754688372093 0.522666665625
2 0.6544812511627908 0.632552084375 0.6636812488372094 0.631125 0.663467188372093 0.61828125 0.6412156255813953 0.6191375 0.6238578116279069 0.61888125 0.6236703116279069 0.629127084375 0.6283765627906978 0.631695834375 0.6544812511627908 0.632552084375
6 0.6555500000000001 0.552920834375 0.6570484372093023 0.5423604156249999 0.6484890627906977 0.5432166656249999 0.6254624999999999 0.541485415625 0.6249531255813954 0.552635415625 0.6442109372093022 0.553777084375 0.6555500000000001 0.552920834375
6 0.5230906255813953 0.61628125 0.4914468744186047 0.6170979156249999 0.49078125116279064 0.6274124999999999 0.5228765627906976 0.627697915625 0.5230906255813953 0.61628125
6 0.3912062511627907 0.57111875 0.39099218837209304 0.559702084375 0.37430312558139534 0.558275 0.36745625116279074 0.55399375 0.3595703116279069 0.55396875 0.3597531255813954 0.5674083343749999 0.37515781162790696 0.568835415625 0.3912062511627907 0.57111875
0 0.3895156255813953 0.5806020843749999 0.358232811627907 0.577508334375 0.3582781255813954 0.58859375 0.38972968837209304 0.59201875 0.3895156255813953 0.5806020843749999
0 0.3884468744186046 0.617991665625 0.3884468744186046 0.604577084375 0.35763593720930237 0.6014375000000001 0.35720781162790693 0.614852084375 0.37304062558139534 0.6191333343750001 0.3884468744186046 0.617991665625
0 0.522192188372093 0.5689 0.4909109372093023 0.5696625 0.4915968744186046 0.5823145843749999 0.5228343744186047 0.5837416656250001 0.522192188372093 0.5689
0 0.5214062511627907 0.594985415625 0.4911687488372093 0.594302084375 0.4915968744186046 0.608002084375 0.5219781255813953 0.607145834375 0.5214062511627907 0.594985415625
0 0.6576312511627906 0.562620834375 0.625729688372093 0.5636 0.6255359372093023 0.57575 0.6574171883720931 0.57660625 0.6576312511627906 0.562620834375
0 0.6584875 0.586025 0.6276031255813954 0.586783334375 0.6274625 0.6022937500000001 0.6584875 0.601152084375 0.6584875 0.586025