2 0.4513937488372093 0.76130625 0.4513937488372093 0.7491458343749999 0.435245311627907 0.752420834375 0.42576718837209304 0.752420834375 0.41104999999999997 0.7521687499999999 0.4103218744186046 0.763645834375 0.42331093720930235 0.7650479156250001 0.43665 0.76458125 0.4513937488372093 0.76130625
2 0.5122859372093023 0.7530541656249999 0.5119343744186047 0.741829165625 0.4947343744186047 0.7441687499999999 0.4725203116279069 0.74110625 0.47261875116279073 0.7530541656249999 0.481395311627907 0.754458334375 0.49262812558139535 0.754458334375 0.5122859372093023 0.7530541656249999
2 0.5914187488372092 0.739975 0.5914187488372092 0.72921875 0.570357811627907 0.730620834375 0.5506906255813954 0.727595834375 0.5514015627906977 0.741379165625 0.5640390627906977 0.7423145843750001 0.573867188372093 0.7418458343750001 0.5914187488372092 0.739975
2 0.4550062511627907 0.8655708343749999 0.454304688372093 0.850604165625 0.4402640627906977 0.8548145843749999 0.41307343720930234 0.85125 0.4125312488372093 0.8655708343749999 0.4314875 0.867910415625 0.44447499999999995 0.867910415625 0.4550062511627907 0.8655708343749999
2 0.5132406255813954 0.85605625 0.5128890627906977 0.844364584375 0.48796562558139533 0.8467020843749999 0.47136562558139533 0.8437895843750001 0.47146718837209306 0.856991665625 0.4890187488372093 0.859797915625 0.4991984372093023 0.859797915625 0.5132406255813954 0.85605625
2 0.583954688372093 0.84744375 0.5927296883720929 0.8446374999999999 0.5920281255813953 0.8329437499999999 0.5755296883720931 0.8352833343749999 0.551754688372093 0.831945834375 0.5520109372093023 0.84416875 0.5611375000000001 0.8460395843749999 0.572370311627907 0.84744375 0.583954688372093 0.84744375
0 0.44865 0.82163125 0.43741562558139535 0.823502084375 0.4178031255813954 0.822172915625 0.4181093744186047 0.83613125 0.4367140627906977 0.8365979156250001 0.4482984372093023 0.83613125 0.44865 0.82163125
0 0.44747187441860464 0.796679165625 0.4175156255813954 0.7972083343749999 0.41693125116279073 0.8111770843749999 0.4334312511627907 0.8097749999999999 0.4478234372093023 0.8097749999999999 0.44747187441860464 0.796679165625
0 0.5062015627906977 0.797370834375 0.4772531255813953 0.795279165625 0.477067188372093 0.8081270843749999 0.4904062511627907 0.80953125 0.5062015627906977 0.808595834375 0.5062015627906977 0.797370834375
0 0.5880578116279069 0.8008062499999999 0.5565781255813954 0.800166665625 0.5564656255813953 0.8167083343750001 0.5676984372093024 0.817177084375 0.5887609372093023 0.816241665625 0.5880578116279069 0.8008062499999999
0 0.4771562511627907 0.769545834375 0.476104688372093 0.784647915625 0.5073468744186046 0.785116665625 0.5073468744186046 0.771552084375 0.4771562511627907 0.769545834375
0 0.5883531255813953 0.7891812500000001 0.5876515627906976 0.776085415625 0.555517188372093 0.774177084375 0.5560593744186046 0.787779165625 0.5648343744186046 0.7905854156250001 0.5750140627906977 0.7905854156250001 0.5883531255813953 0.7891812500000001
6 0.41519843720930233 0.7757208343750001 0.416275 0.7882395843750001 0.4482187511627907 0.7882395843750001 0.4482187511627907 0.77514375 0.41519843720930233 0.7757208343750001
6 0.477732811627907 0.818179165625 0.4783140627906977 0.829377084375 0.5067484372093023 0.829377084375 0.5078015627906977 0.820022915625 0.477732811627907 0.818179165625
6 0.5873593744186046 0.7663375 0.5877093744186047 0.754177084375 0.575775 0.75745 0.5558062511627907 0.75475 0.556117188372093 0.765402084375 0.564892188372093 0.766804165625 0.574370311627907 0.767272915625 0.5873593744186046 0.7663375