6 0.39962187441860464 0.77135 0.3853593744186047 0.76854375 0.3853593744186047 0.77914375 0.41482187441860463 0.779766665625 0.41552343720930235 0.770102084375 0.39962187441860464 0.77135
6 0.5073968744186047 0.83385625 0.49196406279069765 0.8344791656250001 0.4777015627906977 0.8298041656249999 0.477467188372093 0.8413395843749999 0.49196406279069765 0.84445625 0.5076312511627907 0.8447687500000001 0.5073968744186047 0.83385625
6 0.5836875 0.79558125 0.5708265627906977 0.793710415625 0.5705937488372093 0.8061812500000001 0.5986515627906976 0.8055583343749999 0.5979515627906976 0.7930875000000001 0.5836875 0.79558125
0 0.477807811627907 0.8118000000000001 0.4780406255813953 0.822710415625 0.507970311627907 0.822710415625 0.5075031255813954 0.813358334375 0.477807811627907 0.8118000000000001
0 0.4784437511627907 0.7846375 0.479145311627907 0.7977333343749999 0.5079062488372093 0.7977333343749999 0.5074390627906977 0.786508334375 0.4784437511627907 0.7846375
0 0.5705718744186047 0.814891665625 0.5705718744186047 0.8273624999999999 0.5998 0.8276749999999999 0.599332811627907 0.815514584375 0.5705718744186047 0.814891665625
0 0.5712109372093023 0.842385415625 0.570742188372093 0.8526729156249999 0.6004390627906977 0.8526729156249999 0.5999718744186047 0.843633334375 0.5712109372093023 0.842385415625
0 0.38529687441860466 0.790879165625 0.38529687441860466 0.8014791656250001 0.414992188372093 0.8055312499999999 0.41545937441860464 0.79493125 0.38529687441860466 0.790879165625
0 0.38465781162790696 0.816614584375 0.384892188372093 0.8303312500000001 0.41318437441860467 0.829708334375 0.4145875 0.816925 0.38465781162790696 0.816614584375
2 0.420667188372093 0.747314584375 0.40125937441860465 0.746691665625 0.38185156279069765 0.74295 0.3823187511627907 0.752304165625 0.4057015627906977 0.755108334375 0.4209015627906977 0.7538625 0.420667188372093 0.747314584375
2 0.41790468837209305 0.850197915625 0.39592499999999997 0.850822915625 0.380257811627907 0.8458333343750001 0.380257811627907 0.8592395843749999 0.3973281255813953 0.862045834375 0.41837187441860463 0.859552084375 0.41790468837209305 0.850197915625
2 0.5088843744186047 0.862702084375 0.4885406255813954 0.862702084375 0.47123750000000003 0.859583334375 0.471004688372093 0.870183334375 0.4885406255813954 0.8733020843749999 0.5088843744186047 0.872054165625 0.5088843744186047 0.862702084375
2 0.6044765627906976 0.8724812500000001 0.5846015627906976 0.873727084375 0.565895311627907 0.8718583343749999 0.5663625 0.88276875 0.5829640627906977 0.883704165625 0.6061140627906977 0.88276875 0.6044765627906976 0.8724812500000001
2 0.6019265627906977 0.768972915625 0.581582811627907 0.769908334375 0.5647468744186047 0.7677270843749999 0.5652156255813954 0.778327084375 0.581582811627907 0.7792625 0.6028609372093023 0.7780145843749999 0.6019265627906977 0.768972915625
2 0.5136890627906977 0.757352084375 0.4931125 0.757664584375 0.47487343720930236 0.754545834375 0.47510781162790694 0.765770834375 0.49217656279069766 0.76639375 0.5132218744186047 0.765458334375 0.5136890627906977 0.757352084375