2 0.4308 0.242979165625 0.40276249999999997 0.23912083437499998 0.39203593720930235 0.2404375 0.39297187441860465 0.250695834375 0.4308 0.250695834375 0.4308 0.242979165625
2 0.4274625 0.35874375000000003 0.4296875 0.346870834375 0.41255312558139534 0.341825 0.39008906279069766 0.342441665625 0.38941093720930237 0.355775 0.40854843720930234 0.355479165625 0.4274625 0.35874375000000003
2 0.5129109372093024 0.369429165625 0.5135781255813954 0.357852084375 0.47466093720930236 0.3565375 0.474192188372093 0.366758334375 0.4804218744186046 0.366460415625 0.5129109372093024 0.369429165625
2 0.5149140627906977 0.2655375 0.5146906255813953 0.2539625 0.49555468837209304 0.252477084375 0.47911093720930237 0.25082291562500003 0.477307811627907 0.261383334375 0.505345311627907 0.263460415625 0.5149140627906977 0.2655375
2 0.614157811627907 0.264647915625 0.5762031255813954 0.263435415625 0.5756609372093023 0.27444375 0.6148250000000001 0.27385000000000004 0.614157811627907 0.264647915625
2 0.6168281255813953 0.368539584375 0.5990265627906977 0.367352084375 0.5784281255813953 0.36618125 0.5765515627906976 0.380114584375 0.616382811627907 0.3804125 0.6168281255813953 0.368539584375
6 0.5810015627906977 0.29076875 0.5803343744186047 0.301454165625 0.610820311627907 0.302939584375 0.610820311627907 0.29255 0.5810015627906977 0.29076875
6 0.509795311627907 0.330247915625 0.48050312558139535 0.329089584375 0.48064531162790697 0.33945 0.508682811627907 0.341527084375 0.509795311627907 0.330247915625
6 0.4067687488372093 0.27652083437499997 0.42569843720930234 0.28198124999999996 0.42545937441860465 0.268804165625 0.395642188372093 0.264647915625 0.39586406279069764 0.27919166562500003 0.4067687488372093 0.27652083437499997
0 0.42657187441860467 0.301752084375 0.42657187441860467 0.29017499999999996 0.4167812488372093 0.288691665625 0.3956531255813953 0.288658334375 0.39497499999999997 0.299377084375 0.41767187441860465 0.300860415625 0.42657187441860467 0.301752084375
0 0.425682811627907 0.31540625 0.41322187441860464 0.312735415625 0.39430624883720927 0.312735415625 0.3947515627906976 0.327279165625 0.425904688372093 0.327872915625 0.425682811627907 0.31540625
0 0.5113531255813953 0.282458334375 0.4946640627906977 0.280083334375 0.4815359372093023 0.279489584375 0.48086718837209297 0.29551875 0.5117984372093023 0.297002084375 0.5113531255813953 0.282458334375
0 0.5106859372093023 0.322233334375 0.5104625 0.30798541562500004 0.4902140627906977 0.305908334375 0.4807812511627907 0.30572083437500003 0.47997812558139535 0.3195625 0.4993375 0.318670834375 0.5106859372093023 0.322233334375
0 0.5810015627906977 0.31065624999999997 0.5803343744186047 0.323420834375 0.6117093744186046 0.32460833437500003 0.6121546883720931 0.31243750000000003 0.5810015627906977 0.31065624999999997
0 0.6123781255813953 0.336183334375 0.5816703116279069 0.335591665625 0.581892188372093 0.351916665625 0.6121546883720931 0.3522125 0.6123781255813953 0.336183334375