6 0.3343812511627907 0.3473875 0.30193749999999997 0.344141665625 0.30188906279069766 0.356629165625 0.3143015627906977 0.35760208437499996 0.33365156279069763 0.358575 0.3343812511627907 0.3473875
6 0.4250859372093024 0.34597500000000003 0.3934640627906977 0.34199999999999997 0.39369062558139534 0.355216665625 0.406467188372093 0.355704165625 0.4250859372093024 0.3571625 0.4250859372093024 0.34597500000000003
6 0.515970311627907 0.39110833437500003 0.4849875 0.390164584375 0.4853031255813953 0.40326874999999995 0.4973515627906977 0.401810415625 0.5167 0.40326874999999995 0.515970311627907 0.39110833437500003
2 0.5222359372093023 0.41729583437500006 0.5028875 0.41729583437500006 0.48136249999999997 0.41748124999999997 0.4824437511627907 0.42994374999999996 0.5039828116279069 0.42945625 0.5222359372093023 0.42945625 0.5222359372093023 0.41729583437500006
2 0.42950781162790697 0.42216041562499995 0.389429688372093 0.42015833437500005 0.38935000000000003 0.43237500000000006 0.4116187488372093 0.43237500000000006 0.429142188372093 0.433347915625 0.42950781162790697 0.42216041562499995
2 0.29551406279069764 0.42015833437500005 0.29507187441860466 0.43456666562499996 0.337420311627907 0.43602708437500004 0.337420311627907 0.42532500000000006 0.29551406279069764 0.42015833437500005
2 0.2983187488372093 0.315770834375 0.29875312558139533 0.32808125 0.34073749999999997 0.33294583437499997 0.3403718744186046 0.32127083437500004 0.2983187488372093 0.315770834375
2 0.389842188372093 0.316841665625 0.390142188372093 0.328614584375 0.42993593720930234 0.32958750000000003 0.4303 0.31791458437500003 0.389842188372093 0.316841665625
2 0.4805656255813953 0.31255 0.4809062488372093 0.324077084375 0.5221593744186046 0.32505 0.5221593744186046 0.31435 0.4805656255813953 0.31255
0 0.4849218744186046 0.341510415625 0.485382811627907 0.356460415625 0.5170484372093023 0.356102084375 0.5166843744186047 0.34345625 0.4849218744186046 0.341510415625
0 0.48604843720930235 0.36935625 0.4865812488372093 0.37945 0.5178093744186046 0.38248958437499997 0.5170796883720931 0.369841665625 0.48604843720930235 0.36935625
0 0.39220468837209305 0.3900375 0.392279688372093 0.402475 0.42469687441860465 0.40463125 0.42360156279069766 0.391010415625 0.39220468837209305 0.3900375
0 0.30121562558139536 0.390477084375 0.3015218744186046 0.4056875 0.3329765627906977 0.407989584375 0.333342188372093 0.392422915625 0.30121562558139536 0.390477084375
0 0.39318593720930234 0.36360625 0.3934640627906977 0.375739584375 0.426042188372093 0.380145834375 0.426042188372093 0.36555208437500003 0.39318593720930234 0.36360625
0 0.302395311627907 0.36495833437499997 0.301917188372093 0.377335415625 0.3341562511627907 0.381983334375 0.33452187441860465 0.367877084375 0.302395311627907 0.36495833437499997