6 0.419254688372093 0.6290125 0.41982187441860463 0.644 0.4517656255813954 0.64353125 0.45246718837209304 0.6290333343750001 0.419254688372093 0.6290125
6 0.48062968837209297 0.670702084375 0.48019999999999996 0.683754165625 0.5110906255813954 0.684222915625 0.5110906255813954 0.6720625 0.48062968837209297 0.670702084375
6 0.5593781255813953 0.608425 0.5592765627906977 0.622241665625 0.591570311627907 0.622241665625 0.5919218744186047 0.6096125 0.5593781255813953 0.608425
0 0.5596265627906977 0.631127084375 0.5593781255813953 0.642395834375 0.5926234372093023 0.643289584375 0.5919218744186047 0.631127084375 0.5596265627906977 0.631127084375
0 0.5599781255813954 0.654514584375 0.5609218744186046 0.6691583343749999 0.5919218744186047 0.668077084375 0.5919218744186047 0.654045834375 0.5599781255813954 0.654514584375
0 0.48024374883720927 0.623866665625 0.4799890627906977 0.639264584375 0.5101765627906977 0.639733334375 0.5108796883720931 0.6257020843750001 0.48024374883720927 0.623866665625
0 0.481042188372093 0.6509583343750001 0.48024374883720927 0.661952084375 0.511229688372093 0.663585415625 0.511229688372093 0.6518937499999999 0.481042188372093 0.6509583343750001
0 0.42068124883720925 0.653160415625 0.42068124883720925 0.66345 0.45192187441860465 0.66345 0.45157187441860464 0.653160415625 0.42068124883720925 0.653160415625
0 0.42138281162790703 0.6765458343749999 0.421570311627907 0.690775 0.45297499999999996 0.6915125 0.4540281255813953 0.6765458343749999 0.42138281162790703 0.6765458343749999
2 0.41423593720930235 0.604308334375 0.41471250000000004 0.617145834375 0.45543281162790694 0.616210415625 0.45543281162790694 0.602645834375 0.41423593720930235 0.604308334375
2 0.4571718744186047 0.704925 0.4173234372093023 0.7031270843749999 0.4168031255813954 0.720827084375 0.430142188372093 0.720358334375 0.45822500000000005 0.71895625 0.4571718744186047 0.704925
2 0.5162031255813954 0.711429165625 0.5162031255813954 0.6973979156250001 0.496545311627907 0.6997375 0.4756125 0.699010415625 0.47583437441860466 0.71049375 0.49092812558139537 0.712833334375 0.5025125 0.711897915625 0.5162031255813954 0.711429165625
2 0.5976281255813953 0.6988375 0.5976281255813953 0.6866770843750001 0.576917188372093 0.687145834375 0.556675 0.6846 0.556557811627907 0.69930625 0.5660343744186046 0.700708334375 0.5748109372093023 0.700241665625 0.5976281255813953 0.6988375
2 0.5148656255813954 0.595452084375 0.49310156279069767 0.5963875 0.4756125 0.59504375 0.4759 0.609483334375 0.49520781162790695 0.609014584375 0.5152156255813953 0.608547915625 0.5148656255813954 0.595452084375
2 0.5951718744186046 0.5838041656249999 0.5720031255813953 0.5838041656249999 0.5543593744186046 0.5806333343750001 0.5541015627906977 0.5940937500000001 0.573407811627907 0.594560415625 0.5951718744186046 0.5940937500000001 0.5951718744186046 0.5838041656249999