2 0.45110468837209305 0.7966729156250001 0.45110468837209305 0.7845125000000001 0.434957811627907 0.7877875000000001 0.42547968837209305 0.7877875000000001 0.41076093720930235 0.7875375 0.4100343744186047 0.7990125 0.42302187441860467 0.8004145843750001 0.4363609372093023 0.799947915625 0.45110468837209305 0.7966729156250001
2 0.5111312511627907 0.7891895843750001 0.510779688372093 0.777964584375 0.493579688372093 0.7803041656249999 0.47136562558139533 0.77724375 0.4714640627906977 0.7891895843750001 0.48024062558139535 0.79059375 0.4914734372093023 0.79059375 0.5111312511627907 0.7891895843750001
2 0.590842188372093 0.7757270843749999 0.590842188372093 0.76496875 0.569779688372093 0.766372915625 0.5501140627906976 0.763345834375 0.550825 0.777129165625 0.5634625 0.778064584375 0.5732906255813953 0.777597915625 0.590842188372093 0.7757270843749999
2 0.45385312558139534 0.9017062499999999 0.45315 0.886739584375 0.4391093744186046 0.8909499999999999 0.411920311627907 0.887385415625 0.41137812558139536 0.9017062499999999 0.43033281162790693 0.904045834375 0.44332187441860466 0.904045834375 0.45385312558139534 0.9017062499999999
2 0.5132406255813954 0.8929604156250001 0.5128890627906977 0.8812687499999999 0.48796562558139533 0.88360625 0.47136562558139533 0.8806958343750001 0.47146718837209306 0.8938958343750001 0.4890187488372093 0.896702084375 0.4991984372093023 0.896702084375 0.5132406255813954 0.8929604156250001
2 0.5842421883720931 0.882810415625 0.5930187488372093 0.8800041656250001 0.592317188372093 0.868310415625 0.5758171883720931 0.87065 0.5520437488372093 0.8673125 0.5522984372093023 0.8795375 0.561425 0.8814083343749999 0.5726593744186046 0.882810415625 0.5842421883720931 0.882810415625
0 0.44778437441860464 0.8585375000000001 0.43655 0.860408334375 0.4169375 0.859079165625 0.4172437511627907 0.873035415625 0.43584843720930233 0.8735041656250001 0.447432811627907 0.873035415625 0.44778437441860464 0.8585375000000001
0 0.44689531162790697 0.8328145843750001 0.4169375 0.83334375 0.416354688372093 0.8473124999999999 0.4328531255813954 0.8459104156249999 0.447245311627907 0.8459104156249999 0.44689531162790697 0.8328145843750001
0 0.5064906255813953 0.833891665625 0.47754218837209306 0.8318 0.47735468837209305 0.844647915625 0.4906937488372093 0.846052084375 0.5064906255813953 0.8451166656250001 0.5064906255813953 0.833891665625
0 0.5877703116279069 0.836558334375 0.5562890627906977 0.835916665625 0.5561765627906977 0.852460415625 0.5674093744186046 0.852927084375 0.5884718744186046 0.8519916656250001 0.5877703116279069 0.836558334375
0 0.4771562511627907 0.806066665625 0.476104688372093 0.82116875 0.5073468744186046 0.8216354156250001 0.5073468744186046 0.8080729156249999 0.4771562511627907 0.806066665625
0 0.5883531255813953 0.825702084375 0.5876515627906976 0.81260625 0.555517188372093 0.810697915625 0.5560593744186046 0.8243 0.5648343744186046 0.8271062499999999 0.5750140627906977 0.8271062499999999 0.5883531255813953 0.825702084375
6 0.41462187441860465 0.812241665625 0.41569687441860464 0.824758334375 0.44764062558139533 0.824758334375 0.44764062558139533 0.8116625000000001 0.41462187441860465 0.812241665625
6 0.4771562511627907 0.8539312499999999 0.4777375 0.8651291656250001 0.5061703116279069 0.8651291656250001 0.5072234372093023 0.8557750000000001 0.4771562511627907 0.8539312499999999
6 0.587070311627907 0.803241665625 0.5874218744186047 0.79108125 0.5754859372093023 0.79435625 0.555517188372093 0.791654165625 0.5558281255813953 0.80230625 0.564604688372093 0.8037104156250001 0.574082811627907 0.8041770843749999 0.587070311627907 0.803241665625