6 0.39357031162790695 0.445895834375 0.360057811627907 0.440989584375 0.3601640627906976 0.452533334375 0.3813640627906977 0.45467500000000005 0.3932484372093023 0.458529165625 0.39357031162790695 0.445895834375
6 0.5171703116279069 0.679860415625 0.4853515627906977 0.678191665625 0.48569218837209305 0.691635415625 0.5038406255813953 0.6942062499999999 0.5179734372093023 0.69441875 0.5171703116279069 0.679860415625
6 0.6594859372093024 0.429197915625 0.626079688372093 0.43219583437500003 0.6267218744186047 0.44311458437500006 0.6512937488372093 0.442902084375 0.6596453116279071 0.44140208437500006 0.6594859372093024 0.429197915625
2 0.662857811627907 0.404789584375 0.6215828116279071 0.403933334375 0.6209390627906978 0.41592291562500006 0.6421390627906977 0.41528124999999994 0.663179688372093 0.41421041562500005 0.662857811627907 0.404789584375
2 0.6643031255813954 0.5075624999999999 0.6214875 0.505779165625 0.6230281255813953 0.520410415625 0.641657811627907 0.519339584375 0.6651062511627907 0.520410415625 0.6643031255813954 0.5075624999999999
0 0.6583609372093023 0.452964584375 0.626079688372093 0.452535415625 0.6265609372093023 0.46452708437499995 0.6463156255813954 0.4643125 0.6591640627906976 0.46452708437499995 0.6583609372093023 0.452964584375
0 0.659967188372093 0.47501875 0.6259187488372093 0.475445834375 0.6272031255813953 0.49128958437500003 0.646957811627907 0.49022083437499997 0.6596453116279071 0.489791665625 0.659967188372093 0.47501875
0 0.518332811627907 0.634425 0.48540781162790697 0.6305708343750001 0.4849265627906976 0.646414584375 0.50195 0.6479125 0.5176906255813953 0.6474854156250001 0.518332811627907 0.634425
0 0.5173687488372093 0.660760415625 0.48637187441860463 0.659904165625 0.48524843720930233 0.670608334375 0.5029140627906977 0.6721083343750001 0.5180109372093022 0.6721083343750001 0.5173687488372093 0.660760415625
2 0.5210625 0.7059375 0.4805906255813953 0.708291665625 0.48155312558139535 0.71835625 0.4976140627906977 0.721354165625 0.5223468744186047 0.7207104156249999 0.5210625 0.7059375
2 0.5218656255813954 0.602735415625 0.4811343744186046 0.6040333343750001 0.4829984372093023 0.616010415625 0.503717188372093 0.61708125 0.5221875 0.6145125 0.5218656255813954 0.602735415625
2 0.3994687488372093 0.418439584375 0.35915625116279065 0.415654165625 0.357229688372093 0.42721666562499994 0.3721656255813953 0.428716665625 0.3989859372093023 0.430429165625 0.3994687488372093 0.418439584375
2 0.39352656279069764 0.524422915625 0.35202656279069766 0.5159520843750001 0.3520890627906977 0.530847915625 0.36895312558139537 0.5332020843749999 0.3938468744186046 0.536841665625 0.39352656279069764 0.524422915625
0 0.3901531255813953 0.491022915625 0.35915625116279065 0.48631250000000004 0.358995311627907 0.501941665625 0.3715234372093023 0.503654165625 0.38999218837209304 0.504510415625 0.3901531255813953 0.491022915625
0 0.3925625 0.46682708437500003 0.35905468837209303 0.46240833437499995 0.35883593720930235 0.476247915625 0.3789109372093023 0.47731874999999996 0.3920812488372093 0.479245834375 0.3925625 0.46682708437500003