2 0.3996234372093023 0.789364584375 0.38028906279069763 0.78740625 0.38102187441860463 0.797195834375 0.4184687511627907 0.797522915625 0.41920312558139533 0.787079165625 0.3996234372093023 0.789364584375
2 0.511175 0.800595834375 0.4928187488372093 0.8012479156250001 0.474707811627907 0.797658334375 0.47544218837209307 0.807447915625 0.494042188372093 0.8110375 0.5121531255813954 0.807775 0.511175 0.800595834375
2 0.6021281255813954 0.811620834375 0.5798562511627907 0.8126 0.563457811627907 0.809010415625 0.563457811627907 0.8188000000000001 0.5852406255813953 0.823041665625 0.6038406255813954 0.8181479156250001 0.6021281255813954 0.811620834375
2 0.5092171883720931 0.90286875 0.49012656279069766 0.906785415625 0.47152656279069766 0.9009124999999999 0.4710375 0.9120062499999999 0.4889031255813953 0.9175541656249999 0.5087281255813954 0.9146166656249999 0.5092171883720931 0.90286875
2 0.41665312558139533 0.889475 0.39560624883720935 0.8924125 0.37822968837209303 0.888822915625 0.3784734372093024 0.8992645843749999 0.396095311627907 0.9028541656250001 0.4161640627906977 0.900570834375 0.41665312558139533 0.889475
6 0.506229688372093 0.8747395843750001 0.48836406279069766 0.877022915625 0.47612656279069765 0.8737604156250001 0.47588125116279073 0.8851812499999999 0.492279688372093 0.886485415625 0.5067187488372092 0.88550625 0.506229688372093 0.8747395843750001
6 0.6000281255813953 0.8372791656249999 0.585832811627907 0.8411937500000001 0.568945311627907 0.8369520843749999 0.568945311627907 0.8464166656250001 0.5850984372093023 0.849352084375 0.6000281255813953 0.846089584375 0.6000281255813953 0.8372791656249999
6 0.4153890627906977 0.81528125 0.39850156279069765 0.8156062500000001 0.38479687441860466 0.8123437499999999 0.38479687441860466 0.8218062500000001 0.39825781162790697 0.824416665625 0.41490000000000005 0.82474375 0.4153890627906977 0.81528125
0 0.5064218744186046 0.829516665625 0.4772984372093023 0.827558334375 0.4772984372093023 0.8402854156249999 0.49271718837209305 0.8419166656250001 0.5071562488372093 0.8409375000000001 0.5064218744186046 0.829516665625
0 0.3846437511627907 0.83499375 0.38439843720930233 0.8454375000000001 0.41303281162790695 0.8473958343750001 0.4140125 0.836627084375 0.3846437511627907 0.83499375
0 0.4777484372093023 0.85326875 0.477257811627907 0.8640375 0.5058937488372093 0.866320834375 0.5058937488372093 0.855552084375 0.4777484372093023 0.85326875
0 0.5980578116279069 0.85730625 0.5828843744186046 0.86056875 0.568445311627907 0.85730625 0.5689343744186047 0.867422915625 0.584842188372093 0.8716645843749999 0.5992828116279071 0.8690541656249999 0.5980578116279069 0.85730625
0 0.599679688372093 0.8810604156249999 0.584995311627907 0.8843229156250001 0.5693328116279069 0.8813875 0.568842188372093 0.8954187499999999 0.5879328116279069 0.8970499999999999 0.6004140627906976 0.892808334375 0.599679688372093 0.8810604156249999
0 0.3849906255813954 0.8586812500000001 0.3852359372093023 0.8720604156249999 0.4131359372093023 0.873039584375 0.41362499999999996 0.8599875000000001 0.3849906255813954 0.8586812500000001
2 0.6032484372093024 0.9137604156249999 0.5812218744186046 0.9183291656250001 0.5658031255813953 0.9121291656249999 0.564579688372093 0.92485625 0.5844031255813953 0.9294229156249999 0.6032484372093024 0.924202084375 0.6032484372093024 0.9137604156249999