0 0.5286 0.654614584375 0.5288859372093023 0.669508334375 0.561825 0.669127084375 0.5612531255813953 0.6530875 0.5286 0.654614584375
0 0.5302312488372093 0.6801166656250001 0.529945311627907 0.695391665625 0.562025 0.6927187499999999 0.562025 0.6793520843749999 0.5302312488372093 0.6801166656250001
0 0.6078765627906977 0.684258334375 0.6084484372093024 0.7010625 0.6413890627906977 0.701827084375 0.6413890627906977 0.68616875 0.6078765627906977 0.684258334375
0 0.6073468744186047 0.66205 0.6079187488372093 0.677708334375 0.6394265627906977 0.677327084375 0.64 0.6643416656250001 0.6073468744186047 0.66205
0 0.44205468837209305 0.67509375 0.4414812511627907 0.694952084375 0.4741343744186047 0.694952084375 0.4735625 0.67853125 0.44205468837209305 0.67509375
0 0.44231875116279074 0.702647915625 0.4411734372093023 0.7179249999999999 0.4741125 0.7186874999999999 0.4738265627906976 0.704939584375 0.44231875116279074 0.702647915625
2 0.43855312558139536 0.647654165625 0.4382656255813953 0.664458334375 0.4797984372093024 0.665604165625 0.479225 0.650708334375 0.43855312558139536 0.647654165625
2 0.5236656255813954 0.624414584375 0.5236656255813954 0.639691665625 0.5654843744186047 0.63778125 0.5651984372093023 0.6255604156250001 0.5236656255813954 0.624414584375
2 0.6022765627906977 0.6140749999999999 0.6025640627906977 0.6282041656249999 0.6420906255813954 0.626677084375 0.6420906255813954 0.612929165625 0.6022765627906977 0.6140749999999999
2 0.6056062488372093 0.715691665625 0.605320311627907 0.732877084375 0.6474249999999999 0.730966665625 0.6459921883720929 0.7168354156250001 0.6056062488372093 0.715691665625
2 0.527345311627907 0.730145834375 0.5279187511627907 0.74313125 0.5691640627906976 0.742366665625 0.5688781255813954 0.730908334375 0.527345311627907 0.730145834375
2 0.43575312558139534 0.751647915625 0.43546718837209303 0.765395834375 0.47728593720930235 0.765395834375 0.47757187441860466 0.751647915625 0.43575312558139534 0.751647915625
6 0.5304968744186046 0.70011875 0.5310687511627907 0.71425 0.5640093744186047 0.712339584375 0.5625765627906977 0.7005 0.5304968744186046 0.70011875
6 0.6067734372093023 0.642220834375 0.6073468744186047 0.654060415625 0.6402859372093023 0.654060415625 0.6402859372093023 0.640310415625 0.6067734372093023 0.642220834375
6 0.44172500000000003 0.724504165625 0.44172500000000003 0.739397915625 0.47351875116279074 0.7409250000000001 0.473232811627907 0.727177084375 0.44172500000000003 0.724504165625