2 0.3190140627906977 0.282820834375 0.3180062488372093 0.301197915625 0.3606984372093023 0.304335415625 0.36305156279069767 0.28595833437499996 0.3190140627906977 0.282820834375
2 0.31363593720930233 0.392185415625 0.31329999999999997 0.40966458437500003 0.357 0.412802084375 0.3573359372093023 0.397114584375 0.31363593720930233 0.392185415625
2 0.5089437488372093 0.389495834375 0.509279688372093 0.40742291562500005 0.5496187488372093 0.40652708437499996 0.5492828116279069 0.38994375 0.5089437488372093 0.389495834375
2 0.5055812488372093 0.29178541562500004 0.5072625 0.304335415625 0.5476015627906977 0.304335415625 0.5489468744186047 0.29133749999999997 0.5055812488372093 0.29178541562500004
2 0.6666015627906976 0.38277291562500004 0.6662656255813953 0.39935624999999997 0.7076125 0.3975625 0.7072765627906976 0.38053125 0.6666015627906976 0.38277291562500004
2 0.6622312488372093 0.268927084375 0.6639125 0.2882 0.7076125 0.287304165625 0.7082859372093023 0.26847916562499996 0.6622312488372093 0.268927084375
7 0.3227125 0.32002291562499996 0.32203906279069766 0.336158334375 0.35531874883720926 0.337502084375 0.35531874883720926 0.321366665625 0.3227125 0.32002291562499996
7 0.5109609372093024 0.31778125 0.5112968744186046 0.330779165625 0.5445765627906977 0.329435415625 0.5449125 0.315989584375 0.5109609372093024 0.31778125
7 0.6696265627906977 0.3505 0.6696265627906977 0.365739584375 0.7029062488372093 0.361258334375 0.7035796883720931 0.3473625 0.6696265627906977 0.3505
0 0.32136718837209305 0.34063958437499997 0.32136718837209305 0.357672915625 0.35464687441860465 0.359016665625 0.355992188372093 0.34288124999999997 0.32136718837209305 0.34063958437499997
0 0.3200218744186047 0.373360415625 0.3180062488372093 0.386358334375 0.3573359372093023 0.390391665625 0.3566640627906977 0.378289584375 0.3200218744186047 0.373360415625
0 0.5119687511627906 0.3666375 0.5126406255813953 0.3787375 0.5449125 0.37739375000000003 0.5445765627906977 0.3666375 0.5119687511627906 0.3666375
0 0.511632811627907 0.34063958437499997 0.5119687511627906 0.354535415625 0.545920311627907 0.35543125 0.5462562488372092 0.341985415625 0.511632811627907 0.34063958437499997
0 0.6696265627906977 0.32764166562499997 0.6692906255813953 0.34288124999999997 0.702570311627907 0.34063958437499997 0.7012265627906977 0.326745834375 0.6696265627906977 0.32764166562499997
0 0.664920311627907 0.294475 0.6652562488372092 0.307472915625 0.7045875 0.305679165625 0.7062687488372092 0.29133749999999997 0.664920311627907 0.294475