2 0.30398593720930234 0.620929165625 0.26250937441860467 0.62038125 0.263320311627907 0.6341 0.28879218837209303 0.635154165625 0.3043968744186047 0.634060415625 0.30398593720930234 0.620929165625
0 0.303575 0.642266665625 0.2793468744186047 0.64445625 0.263320311627907 0.641927084375 0.274007811627907 0.6526625 0.29823593720930236 0.6526625 0.303575 0.642266665625
0 0.299879688372093 0.6712666656249999 0.265579688372093 0.6708291656250001 0.26497343720930233 0.687133334375 0.29741562558139534 0.68768125 0.299879688372093 0.6712666656249999
0 0.49042499999999994 0.641172915625 0.49001562558139533 0.653366665625 0.5236890627906977 0.653210415625 0.5240984372093023 0.641172915625 0.49042499999999994 0.641172915625
0 0.517117188372093 0.6816625000000001 0.5261515627906976 0.684397915625 0.5273843744186046 0.6800208343749999 0.515475 0.674002084375 0.5002812488372093 0.678379165625 0.48919375116279074 0.6800208343749999 0.48685468837209306 0.6876875 0.5011015627906976 0.6882291656249999 0.5064406255813954 0.683304165625 0.517117188372093 0.6816625000000001
0 0.739695311627907 0.602872915625 0.739695311627907 0.594664584375 0.7084843744186047 0.594664584375 0.7090343744186046 0.60760625 0.7162875 0.611079165625 0.7240906255813954 0.604514584375 0.739695311627907 0.602872915625
0 0.739695311627907 0.57223125 0.7076796883720929 0.57208125 0.7072531255813954 0.580439584375 0.7401062511627906 0.5793437499999999 0.739695311627907 0.57223125
7 0.26582968837209303 0.69416875 0.2651265627906977 0.70755625 0.2962187511627907 0.706754165625 0.2970406255813953 0.69416875 0.26582968837209303 0.69416875
7 0.5031093744186046 0.63026875 0.5240375 0.63071875 0.5240375 0.618577084375 0.49258125116279067 0.621152084375 0.49264687441860466 0.636114584375 0.5014218744186046 0.6347666656250001 0.5031093744186046 0.63026875
7 0.7393812511627907 0.619475 0.7078593744186046 0.619666665625 0.707992188372093 0.6325166656250001 0.7393812511627907 0.633416665625 0.7393812511627907 0.619475
2 0.5010843744186047 0.714366665625 0.5115484372093023 0.7161666656250001 0.5267375000000001 0.708970834375 0.5287625 0.694579165625 0.4873843744186046 0.694889584375 0.48758281162790695 0.708520834375 0.4980468744186047 0.709870834375 0.5010843744186047 0.714366665625
2 0.743770311627907 0.643760415625 0.7041468744186047 0.64490625 0.7042781255813952 0.6554541656249999 0.743432811627907 0.656802084375 0.743770311627907 0.643760415625
2 0.7440859372093023 0.544377084375 0.7045187488372093 0.5449375 0.7032437511627907 0.556520834375 0.7440859372093023 0.556520834375 0.7440859372093023 0.544377084375
2 0.528054688372093 0.598708334375 0.528392188372093 0.586564584375 0.48812656279069766 0.585025 0.4875515627906977 0.5996083343749999 0.5219796883720931 0.60005625 0.528054688372093 0.598708334375
2 0.30212343720930235 0.7442333343749999 0.30179843720930233 0.727802084375 0.2894656255813953 0.727802084375 0.2598562488372093 0.727645834375 0.25928281162790695 0.7451 0.2693437511627907 0.744666665625 0.30212343720930235 0.7442333343749999