2 0.431279688372093 0.827725 0.4111437488372093 0.8293270843749999 0.39070624883720934 0.8297270843750001 0.39068125116279073 0.843483334375 0.41414843720930233 0.84414375 0.4303781255813953 0.8433416656249999 0.431279688372093 0.827725
2 0.42286562558139534 0.942252084375 0.43398437441860466 0.94065 0.4336843744186047 0.9278354156249999 0.41414843720930233 0.9314395843750001 0.392995311627907 0.9294125 0.3931109372093023 0.939047915625 0.3958156255813953 0.941852084375 0.42286562558139534 0.942252084375
2 0.5463890627906977 0.9554666656249999 0.5472906255813953 0.936645834375 0.5199406255813953 0.936245834375 0.5076781255813954 0.9320562499999999 0.5058156255813954 0.948258334375 0.5205421883720931 0.953864584375 0.5463890627906977 0.9554666656249999
2 0.5539031255813953 0.8465458343750001 0.5557062511627907 0.830529165625 0.5394765627906977 0.830127084375 0.515279688372093 0.8267374999999999 0.5142312511627907 0.842141665625 0.528957811627907 0.84534375 0.5539031255813953 0.8465458343750001
2 0.6467718744186046 0.961872915625 0.6590937488372093 0.95706875 0.6705140627906977 0.9590708343750001 0.6729187511627907 0.9438541656250001 0.6312843744186047 0.9457166656249999 0.632945311627907 0.95706875 0.6389562511627908 0.965477084375 0.6467718744186046 0.961872915625
2 0.6687109372093023 0.830127084375 0.6551859372093024 0.8317291656249999 0.6443671883720931 0.835733334375 0.6290390627906978 0.8397375 0.6286390627906977 0.8505333343749999 0.658492188372093 0.852152084375 0.6678093744186047 0.84534375 0.6687109372093023 0.830127084375
0 0.4276734372093023 0.8561562500000001 0.3949781255813954 0.85714375 0.39461406279069766 0.865766665625 0.4273734372093023 0.865766665625 0.4276734372093023 0.8561562500000001
0 0.41805624883720927 0.893397915625 0.42707187441860467 0.8877916656249999 0.427975 0.879783334375 0.39696093720930237 0.880058334375 0.39551562558139536 0.8881916656250001 0.39792031162790703 0.891795834375 0.41805624883720927 0.893397915625
0 0.5280562511627906 0.862964584375 0.5472906255813953 0.863764584375 0.5521 0.853354165625 0.5319625 0.853354165625 0.5159406255813953 0.84745 0.5160343744186047 0.8549562500000001 0.520242188372093 0.8605625 0.5280562511627906 0.862964584375
0 0.5439843744186047 0.899004165625 0.5487937511627907 0.8837875000000001 0.5310609372093024 0.8829854156250001 0.5136265627906976 0.8769729156249999 0.5130281255813953 0.8946 0.5208421883720931 0.898204165625 0.5439843744186047 0.899004165625
0 0.667207811627907 0.905410415625 0.6669078116279069 0.88939375 0.6536843744186046 0.8925979156249999 0.634257811627907 0.89195625 0.6341484372093024 0.903008334375 0.6440656255813954 0.9070125000000001 0.667207811627907 0.905410415625
0 0.6389562511627908 0.937847915625 0.671717188372093 0.93424375 0.6681093744186046 0.926635415625 0.6494765627906977 0.9286375 0.6322749999999999 0.9272083343749999 0.6326453116279069 0.933441665625 0.6368531255813953 0.9326416656250001 0.6389562511627908 0.937847915625
7 0.6660062511627907 0.868170834375 0.6335968744186047 0.869041665625 0.6344484372093023 0.8829854156250001 0.6648031255813953 0.8829854156250001 0.6660062511627907 0.868170834375
7 0.5448859372093023 0.915422915625 0.5454875 0.9046104156249999 0.5142875 0.902091665625 0.515132811627907 0.915422915625 0.5214437488372093 0.9166229156249999 0.5448859372093023 0.915422915625
7 0.4276734372093023 0.915422915625 0.4276734372093023 0.9046104156249999 0.3963 0.9042937500000001 0.3958156255813953 0.910216665625 0.3988218744186046 0.915020834375 0.4276734372093023 0.915422915625