7 0.408104688372093 0.5789833343749999 0.408104688372093 0.5934145843749999 0.4403093744186047 0.59411875 0.4411015627906977 0.581447915625 0.408104688372093 0.5789833343749999
7 0.500495311627907 0.56385 0.5002312511627907 0.577577084375 0.5321718744186047 0.5782791656249999 0.531645311627907 0.565608334375 0.500495311627907 0.56385
7 0.5783687511627907 0.599397915625 0.5794234372093023 0.6124208343750001 0.6118921883720929 0.6124208343750001 0.6116281255813953 0.5976375 0.5783687511627907 0.599397915625
0 0.408104688372093 0.59975 0.408104688372093 0.61418125 0.4403093744186047 0.616291665625 0.4403093744186047 0.601510415625 0.408104688372093 0.59975
0 0.4022968744186046 0.63213125 0.4025609372093023 0.6469125 0.4437406255813954 0.646560415625 0.4432125 0.633891665625 0.4022968744186046 0.63213125
0 0.4989109372093023 0.6152354156250001 0.49996718837209303 0.627204165625 0.5324359372093023 0.624739584375 0.531645311627907 0.613829165625 0.4989109372093023 0.6152354156250001
0 0.4986484372093023 0.5884875 0.4989109372093023 0.602916665625 0.5329640627906976 0.602916665625 0.5332281255813953 0.5884875 0.4986484372093023 0.5884875
0 0.5775765627906977 0.5782791656249999 0.5778406255813954 0.591302084375 0.6113640627906977 0.590245834375 0.6111015627906976 0.577577084375 0.5775765627906977 0.5782791656249999
0 0.5770484372093023 0.545547915625 0.5775765627906977 0.557514584375 0.615325 0.55399375 0.6161156255813953 0.5399166656250001 0.5770484372093023 0.545547915625
2 0.404145311627907 0.540970834375 0.40335312558139536 0.560329165625 0.4469093744186047 0.561033334375 0.4469093744186047 0.5458999999999999 0.404145311627907 0.540970834375
2 0.49574375116279074 0.540970834375 0.49574375116279074 0.5529375 0.5371875 0.5529375 0.5369234372093024 0.541675 0.49574375116279074 0.540970834375
2 0.5736171883720931 0.519854165625 0.5733531255813954 0.53815625 0.6147968744186046 0.5371 0.6142687488372093 0.5216125 0.5736171883720931 0.519854165625
2 0.401504688372093 0.65219375 0.4007125 0.667327084375 0.4432125 0.6690875000000001 0.44347656279069764 0.65465625 0.401504688372093 0.65219375
2 0.495479688372093 0.639522915625 0.49600781162790697 0.6536 0.5353406255813954 0.6536 0.5353406255813954 0.640577084375 0.495479688372093 0.639522915625
2 0.5749359372093024 0.631779165625 0.5749359372093024 0.64796875 0.6161156255813953 0.647264584375 0.6163796883720931 0.628258334375 0.5749359372093024 0.631779165625