0 0.376025 0.777502084375 0.374979688372093 0.797027084375 0.40818906279069767 0.800514584375 0.40975781162790703 0.782035415625 0.376025 0.777502084375
0 0.37027343720930234 0.810972915625 0.3679187488372093 0.825966665625 0.4089734372093023 0.8318937500000001 0.4100187488372093 0.81864375 0.37027343720930234 0.810972915625
0 0.46990156279069767 0.8214333343750001 0.46937812558139536 0.8325895843750001 0.5052031255813954 0.8308479156249999 0.5046796883720931 0.817947915625 0.46990156279069767 0.8214333343750001
0 0.46833281162790696 0.7945875 0.46885468837209304 0.811322915625 0.5033718744186046 0.8081854156249999 0.5020640627906977 0.7942375 0.46833281162790696 0.7945875
0 0.5713593744186046 0.7590250000000001 0.5708375 0.7750625 0.6048312488372093 0.7750625 0.6048312488372093 0.760070834375 0.5713593744186046 0.7590250000000001
0 0.569529688372093 0.726947915625 0.5700531255813953 0.7412416656249999 0.6111062511627907 0.7412416656249999 0.6103218744186046 0.727295834375 0.569529688372093 0.726947915625
2 0.367657811627907 0.8277104156249999 0.36634999999999995 0.8458395843750001 0.404267188372093 0.8545562500000001 0.40818906279069767 0.8374708343749999 0.367657811627907 0.8277104156249999
2 0.3778562488372093 0.719277084375 0.3755031255813953 0.73915 0.417079688372093 0.745775 0.41838749999999997 0.725554165625 0.3778562488372093 0.719277084375
2 0.4654562488372093 0.743683334375 0.4654562488372093 0.760070834375 0.5065093744186047 0.759372915625 0.5062484372093023 0.744729165625 0.4654562488372093 0.743683334375
2 0.5697906255813954 0.700797915625 0.5690062488372093 0.704285415625 0.5692687488372093 0.7231124999999999 0.6126765627906977 0.722066665625 0.6118906255813954 0.700797915625 0.5697906255813954 0.700797915625
2 0.5658687511627907 0.814460415625 0.566392188372093 0.8318937500000001 0.6064 0.8329395843749999 0.6066609372093023 0.814460415625 0.5658687511627907 0.814460415625
7 0.5710984372093023 0.782383334375 0.5716218744186047 0.79911875 0.6040468744186047 0.798422915625 0.6048312488372093 0.778897915625 0.5710984372093023 0.782383334375
7 0.37837968837209307 0.75414375 0.3770718744186047 0.771925 0.41028124883720934 0.777502084375 0.41211093720930236 0.7576291656249999 0.37837968837209307 0.75414375
7 0.46911718837209304 0.77018125 0.46885468837209304 0.785172915625 0.5023265627906977 0.783779165625 0.5023265627906977 0.771575 0.46911718837209304 0.77018125
2 0.4664109372093023 0.8425479156250001 0.466175 0.8601000000000001 0.5089609372093024 0.8610416656250001 0.508020311627907 0.8428604156249999 0.4664109372093023 0.8425479156250001