2 0.4654562488372093 0.652683334375 0.46571718837209297 0.668372915625 0.5059875 0.669070834375 0.5062484372093023 0.655125 0.4654562488372093 0.652683334375
2 0.4659781255813954 0.752747915625 0.4659781255813954 0.7684375 0.507032811627907 0.767739584375 0.5075562511627907 0.7492625 0.4659781255813954 0.752747915625
2 0.3666125 0.734966665625 0.3637359372093023 0.751702084375 0.40740468837209304 0.7607666656250001 0.40975781162790703 0.74438125 0.3666125 0.734966665625
2 0.37759374883720925 0.627929165625 0.3752406255813953 0.6467562499999999 0.41812499999999997 0.6537291656249999 0.420479688372093 0.63420625 0.37759374883720925 0.627929165625
2 0.565607811627907 0.718579165625 0.5643 0.738104165625 0.607707811627907 0.741591665625 0.6071843744186047 0.72136875 0.565607811627907 0.718579165625
2 0.5690062488372093 0.6098 0.568745311627907 0.628975 0.6134609372093024 0.63071875 0.6131984372093022 0.612589584375 0.5690062488372093 0.6098
0 0.5721453116279069 0.66663125 0.571882811627907 0.683366665625 0.6056156255813954 0.684760415625 0.6048312488372093 0.66663125 0.5721453116279069 0.66663125
0 0.569529688372093 0.6328104156250001 0.5700531255813953 0.6478020843750001 0.6105843744186047 0.649895834375 0.6111062511627907 0.634902084375 0.569529688372093 0.6328104156250001
0 0.46937812558139536 0.702889584375 0.46963906279069767 0.717185415625 0.5023265627906977 0.7168375 0.5025875 0.701147915625 0.46937812558139536 0.702889584375
0 0.46911718837209304 0.727295834375 0.46885468837209304 0.7401958343749999 0.5028484372093023 0.73915 0.5028484372093023 0.7266 0.46911718837209304 0.727295834375
0 0.37079531162790696 0.718579165625 0.368442188372093 0.731829165625 0.4100187488372093 0.73915 0.4115890627906977 0.727295834375 0.37079531162790696 0.718579165625
0 0.3768093744186046 0.6844125 0.374979688372093 0.703239584375 0.4089734372093023 0.708816665625 0.4100187488372093 0.692779165625 0.3768093744186046 0.6844125
7 0.38020937441860464 0.6624458343749999 0.3789015627906977 0.6788333343749999 0.41080468837209305 0.684760415625 0.4115890627906977 0.668372915625 0.38020937441860464 0.6624458343749999
7 0.46754843720930234 0.6777875 0.46807031162790697 0.692779165625 0.5059875 0.692779165625 0.5054640627906977 0.6777875 0.46754843720930234 0.6777875
7 0.5697906255813954 0.6896416656250001 0.568745311627907 0.707770834375 0.6090156255813953 0.7067249999999999 0.6079687488372093 0.68755 0.5697906255813954 0.6896416656250001