2 0.318642188372093 0.471195834375 0.3182984372093023 0.48862916562500003 0.35924687441860464 0.49275833437500005 0.3595906255813953 0.47532500000000005 0.318642188372093 0.471195834375
2 0.313825 0.58176875 0.3131359372093023 0.598285415625 0.3564937511627907 0.599660415625 0.3564937511627907 0.584979165625 0.313825 0.58176875
2 0.5085875 0.5790145843750001 0.5079 0.5959916656249999 0.5488484372093023 0.593697915625 0.5495375 0.57534375 0.5085875 0.5790145843750001
2 0.6655000000000001 0.568920834375 0.6661890627906977 0.585897915625 0.7071375 0.584979165625 0.7067937488372094 0.568004165625 0.6655000000000001 0.568920834375
2 0.6648125 0.454679165625 0.6641234372093023 0.47532500000000005 0.7067937488372094 0.47532500000000005 0.7057609372093022 0.458347915625 0.6648125 0.454679165625
2 0.506867188372093 0.479454165625 0.506867188372093 0.49321875000000004 0.5474718744186047 0.49321875000000004 0.5478156255813954 0.47761875 0.506867188372093 0.479454165625
7 0.5116843744186047 0.5033125 0.5116843744186047 0.516616665625 0.5440312488372093 0.516616665625 0.5440312488372093 0.501935415625 0.5116843744186047 0.5033125
7 0.32277187441860467 0.507441665625 0.32242656279069765 0.523039584375 0.3547734372093024 0.523039584375 0.3547734372093024 0.510652084375 0.32277187441860467 0.507441665625
7 0.6692859372093024 0.5377229156250001 0.6689406255813953 0.554239584375 0.702320311627907 0.5505687499999999 0.7016312488372093 0.5340520843750001 0.6692859372093024 0.5377229156250001
0 0.5116843744186047 0.531758334375 0.5113406255813954 0.542310415625 0.5440312488372093 0.542310415625 0.5436875 0.529922915625 0.5116843744186047 0.531758334375
0 0.5116843744186047 0.556075 0.5120296883720931 0.56616875 0.5440312488372093 0.564333334375 0.543342188372093 0.5524041656249999 0.5116843744186047 0.556075
0 0.3172656255813953 0.5615812499999999 0.3165765627906977 0.5748854156250001 0.3564937511627907 0.576720834375 0.355804688372093 0.5634166656249999 0.3172656255813953 0.5615812499999999
0 0.32105 0.527629165625 0.32070625116279067 0.54598125 0.3544281255813953 0.546897915625 0.355117188372093 0.530839584375 0.32105 0.527629165625
0 0.6689406255813953 0.5157 0.6685968744186046 0.529922915625 0.702320311627907 0.528545834375 0.702320311627907 0.516158334375 0.6689406255813953 0.5157
0 0.6682531255813953 0.484960415625 0.6682531255813953 0.49551249999999997 0.701975 0.49459375000000005 0.7012875000000001 0.484960415625 0.6682531255813953 0.484960415625