2 0.320282811627907 0.369252084375 0.32061406279069765 0.387339584375 0.36296562558139533 0.389985415625 0.3626343744186047 0.3736625 0.320282811627907 0.369252084375
2 0.3163125 0.47998333437499996 0.31565 0.494983334375 0.35800156279069767 0.496747915625 0.3586640627906977 0.483954165625 0.3163125 0.47998333437499996
2 0.511195311627907 0.47513125 0.5108640627906977 0.492777084375 0.5515609372093023 0.491454165625 0.551892188372093 0.47689583437499994 0.511195311627907 0.47513125
2 0.669020311627907 0.46763125 0.6683593744186046 0.485277084375 0.708725 0.484835415625 0.7090562488372093 0.4685125 0.669020311627907 0.46763125
2 0.6663734372093023 0.35778125 0.6667046883720931 0.3749875 0.7083937488372093 0.374545834375 0.707732811627907 0.35910416562499997 0.6663734372093023 0.35778125
2 0.5108640627906977 0.37939791562499997 0.511195311627907 0.39086875 0.5482531255813953 0.390427084375 0.5489140627906977 0.379839584375 0.5108640627906977 0.37939791562499997
7 0.32425312558139535 0.407191665625 0.32425312558139535 0.42175 0.35667812558139533 0.42263333437500006 0.35700937441860464 0.40939791562499994 0.32425312558139535 0.407191665625
7 0.5141734372093023 0.402779165625 0.5138421883720931 0.41733750000000003 0.546929688372093 0.41733750000000003 0.5465984372093023 0.40233958437500006 0.5141734372093023 0.402779165625
7 0.6723296883720931 0.43630833437499994 0.6723296883720931 0.452189584375 0.7044234372093023 0.451308334375 0.705417188372093 0.43454375 0.6723296883720931 0.43630833437499994
0 0.6713374999999999 0.415133334375 0.6710062511627907 0.42880833437500004 0.7040937488372093 0.42836666562500003 0.7040937488372093 0.412927084375 0.6713374999999999 0.415133334375
0 0.6710062511627907 0.38336875 0.6710062511627907 0.39704583437499996 0.7031000000000001 0.394839584375 0.7040937488372093 0.384252084375 0.6710062511627907 0.38336875
0 0.5158281255813953 0.45307291562499996 0.5148343744186047 0.463660415625 0.546929688372093 0.462777084375 0.5465984372093023 0.454395834375 0.5158281255813953 0.45307291562499996
0 0.5138421883720931 0.427485415625 0.5141734372093023 0.440720834375 0.5465984372093023 0.441160415625 0.5456062488372093 0.425720834375 0.5138421883720931 0.427485415625
0 0.322929688372093 0.427927084375 0.322929688372093 0.44425 0.35700937441860464 0.446014584375 0.35734062558139534 0.43013124999999997 0.322929688372093 0.427927084375
0 0.32061406279069765 0.461454165625 0.31895937441860467 0.47292500000000004 0.358332811627907 0.47380625 0.359325 0.46321874999999996 0.32061406279069765 0.461454165625