7 0.40771562558139535 0.6761 0.408 0.690183334375 0.4419765627906977 0.690945834375 0.4416906255813954 0.6761 0.40771562558139535 0.6761
7 0.599295311627907 0.6517354156249999 0.599867188372093 0.6658208343750001 0.633842188372093 0.663916665625 0.6329859372093023 0.6502125000000001 0.599295311627907 0.6517354156249999
7 0.7608968744186047 0.686377084375 0.762325 0.7023666656249999 0.7960156255813954 0.7016041656249999 0.7968718744186046 0.685995834375 0.7608968744186047 0.686377084375
2 0.757470311627907 0.719877084375 0.7577562511627908 0.7351062500000001 0.8000125 0.736627084375 0.8002984372093024 0.719877084375 0.757470311627907 0.719877084375
2 0.5972968744186046 0.7263499999999999 0.5978671883720931 0.743860415625 0.6406953116279069 0.7392937500000001 0.6398390627906976 0.72178125 0.5972968744186046 0.7263499999999999
2 0.7594687511627908 0.6083375 0.759754688372093 0.627370834375 0.8022968744186046 0.627752084375 0.801725 0.607575 0.7594687511627908 0.6083375
2 0.5955843744186046 0.627370834375 0.5958687511627907 0.642979165625 0.6372687488372093 0.640695834375 0.6358406255813954 0.6254666656250001 0.5955843744186046 0.627370834375
2 0.403432811627907 0.635745834375 0.40400312558139534 0.6551604156249999 0.44625937441860464 0.6585875 0.44825781162790695 0.64145625 0.403432811627907 0.635745834375
2 0.39943437441860463 0.7488104156250001 0.400292188372093 0.766320834375 0.4445468744186047 0.765560415625 0.4442609372093024 0.749952084375 0.39943437441860463 0.7488104156250001
0 0.4022906255813954 0.728252084375 0.4025765627906977 0.741958334375 0.4456890627906977 0.744622915625 0.44483125116279065 0.732060415625 0.4022906255813954 0.728252084375
0 0.4082859372093023 0.695133334375 0.4082859372093023 0.7118833343750001 0.4408343744186047 0.713025 0.43969218837209306 0.696275 0.4082859372093023 0.695133334375
0 0.5990093744186046 0.676479165625 0.6004375000000001 0.69170625 0.6355562488372094 0.691327084375 0.6352703116279069 0.673814584375 0.5990093744186046 0.676479165625
0 0.6007234372093023 0.701225 0.601007811627907 0.716070834375 0.6349843744186046 0.7111229156250001 0.6349843744186046 0.70084375 0.6007234372093023 0.701225
0 0.7626093744186047 0.662775 0.762895311627907 0.678764584375 0.7968718744186046 0.678764584375 0.7960156255813954 0.664297915625 0.7626093744186047 0.662775
0 0.7614671883720929 0.630797915625 0.7617531255813954 0.644883334375 0.8014406255813953 0.644502084375 0.8014406255813953 0.631558334375 0.7614671883720929 0.630797915625