7 0.5190218744186047 0.9139895843750001 0.5193593744186047 0.900497915625 0.5095703116279069 0.902295834375 0.48775468837209307 0.9007666656250001 0.48628125116279075 0.9139895843750001 0.4960687488372093 0.9144395843750001 0.503495311627907 0.915339584375 0.5190218744186047 0.9139895843750001
7 0.6263375 0.857683334375 0.6141875 0.859483334375 0.5942812488372093 0.858204165625 0.5946093744186046 0.8725250000000001 0.6118234372093023 0.8725250000000001 0.6263375 0.870725 0.6263375 0.857683334375
7 0.7332156255813953 0.897666665625 0.7237656255813953 0.900364584375 0.7000640627906978 0.8992812499999999 0.700475 0.911158334375 0.7180265627906977 0.91205625 0.7325406255813954 0.910708334375 0.7332156255813953 0.897666665625
2 0.7381765627906978 0.93675 0.7381765627906978 0.924158334375 0.72265 0.925958334375 0.6974656255813954 0.922541665625 0.6966593744186047 0.93675 0.7111734372093023 0.9390000000000001 0.724 0.9394500000000001 0.7381765627906978 0.93675
2 0.721975 0.8400604156249999 0.7358125000000001 0.8391604156250001 0.736825 0.82521875 0.7212999999999999 0.8274687500000001 0.6949718744186046 0.8225208343749999 0.6929468744186046 0.828816665625 0.6946343744186048 0.839610415625 0.7071234372093024 0.840510415625 0.721975 0.8400604156249999
2 0.6215265627906976 0.8418979156249999 0.6276015627906977 0.8392 0.6313156255813953 0.834252084375 0.6282765627906978 0.825708334375 0.6144390627906977 0.8243583343750001 0.5901359372093024 0.823460415625 0.5864234372093023 0.82975625 0.5911484372093023 0.842347915625 0.6070125000000001 0.843247915625 0.6215265627906976 0.8418979156249999
2 0.5136562488372093 0.844420834375 0.5271562511627907 0.843070834375 0.5281687511627907 0.8354250000000001 0.5237812511627907 0.82733125 0.510279688372093 0.829579165625 0.4873843744186046 0.8255416656250001 0.4839531255813953 0.830479165625 0.4863156255813954 0.843070834375 0.49981718837209305 0.844420834375 0.5136562488372093 0.844420834375
2 0.511995311627907 0.95458125 0.522120311627907 0.95368125 0.523132811627907 0.9419875 0.5234703116279069 0.9347937500000001 0.5106437511627907 0.937041665625 0.4981562511627907 0.937041665625 0.48144531162790694 0.933429165625 0.481279688372093 0.9424374999999999 0.48161718837209305 0.9527812499999999 0.4968062511627907 0.95323125 0.511995311627907 0.95458125
2 0.5994296883720931 0.9497687499999999 0.6041546883720931 0.95021875 0.610567188372093 0.9542666656250001 0.6203562511627908 0.9542666656250001 0.6287937488372093 0.952466665625 0.6318328116279069 0.9448229156249999 0.632507811627907 0.9335791656250001 0.6166437511627907 0.9358270843750001 0.606517188372093 0.935377084375 0.5901984372093023 0.9344187500000001 0.5909906255813954 0.9439229156250001 0.5926781255813953 0.948420834375 0.595717188372093 0.9515687500000001 0.5994296883720931 0.9497687499999999
0 0.595220311627907 0.879514584375 0.595557811627907 0.89390625 0.6269484372093024 0.8916562499999999 0.6259359372093023 0.8790645843749999 0.595220311627907 0.879514584375
0 0.6050078116279071 0.9294333343750001 0.6117593744186046 0.9267354156250001 0.6191843744186046 0.925385415625 0.6326859372093023 0.924485415625 0.6309984372093023 0.915941665625 0.6239109372093024 0.91414375 0.6178343744186047 0.91369375 0.6144593744186047 0.9145916656249999 0.6066968744186046 0.9195395843749999 0.5942812488372093 0.914127084375 0.591170311627907 0.9195395843749999 0.5894828116279069 0.928983334375 0.5969078116279071 0.9294333343750001 0.6050078116279071 0.9294333343750001
0 0.698167188372093 0.8507312499999999 0.699179688372093 0.8610749999999999 0.7322578116279069 0.861525 0.7319203116279069 0.8507312499999999 0.698167188372093 0.8507312499999999
0 0.7001921883720931 0.874116665625 0.7004359372093023 0.886414584375 0.7322578116279069 0.8840104156249999 0.7322578116279069 0.873666665625 0.7001921883720931 0.874116665625
0 0.48853281162790696 0.87955 0.48812656279069766 0.893341665625 0.5202593744186047 0.8948395843749999 0.5202593744186047 0.8800000000000001 0.48853281162790696 0.87955
0 0.5219484372093023 0.8539145843749999 0.5243109372093023 0.8512166656250001 0.48775468837209307 0.8502875 0.48954531162790693 0.8548145843749999 0.489882811627907 0.861110415625 0.5205968744186046 0.8620104156249999 0.5219484372093023 0.8539145843749999