2 0.4771765627906977 0.944333334375 0.49416406279069763 0.943002084375 0.4951625 0.9263583343749999 0.478675 0.9270250000000001 0.46468593720930235 0.9263583343749999 0.45278124883720927 0.9216541656249999 0.452195311627907 0.929020834375 0.452195311627907 0.9383416656250001 0.46568437441860466 0.9423354156249999 0.4771765627906977 0.944333334375
2 0.48617031162790697 0.833827084375 0.4971609372093023 0.8318291656250001 0.4981609372093023 0.818514584375 0.48467031162790697 0.81918125 0.4566265627906977 0.8147 0.455692188372093 0.823175 0.455192188372093 0.8304979156250001 0.4706812488372093 0.832495834375 0.48617031162790697 0.833827084375
2 0.6078078116279069 0.834833334375 0.6173015627906976 0.834833334375 0.6212984372093023 0.828841665625 0.6217968744186047 0.8221833343749999 0.6053093744186047 0.8201875 0.5802468744186047 0.816164584375 0.5803281255813953 0.8248479156249999 0.5818265627906977 0.835497915625 0.594817188372093 0.834833334375 0.6078078116279069 0.834833334375
2 0.5959109372093022 0.949547915625 0.6123984372093023 0.948883334375 0.6193937511627907 0.9408937500000001 0.6198937511627907 0.9262479156250001 0.6084015627906976 0.93024375 0.5939125 0.9295770843750001 0.5785984372093023 0.928247915625 0.5794234372093023 0.9369 0.5829203116279069 0.944222915625 0.5919140627906977 0.94355625 0.5959109372093022 0.949547915625
2 0.7245468744186047 0.810739584375 0.7035625 0.8114041656250001 0.6829875 0.808839584375 0.6830765627906976 0.8247187500000001 0.6985656255813953 0.825385415625 0.725045311627907 0.8233874999999999 0.7245468744186047 0.810739584375
2 0.7248968744186046 0.91160625 0.7069093744186046 0.912270834375 0.6851859372093023 0.909933334375 0.6854250000000001 0.922922915625 0.7054109372093024 0.9255854156250001 0.7253953116279069 0.923589584375 0.7248968744186046 0.91160625
7 0.49055312558139536 0.889641665625 0.4765640627906977 0.8923041656249999 0.457725 0.8908854156249999 0.4570781255813954 0.904285415625 0.471567188372093 0.9049520843750001 0.4910531255813953 0.902954165625 0.49055312558139536 0.889641665625
7 0.5851906255813953 0.852060415625 0.584982811627907 0.86700625 0.6164593744186047 0.865010415625 0.6169593744186046 0.8523624999999999 0.5851906255813953 0.852060415625
7 0.688482811627907 0.88429375 0.6887437488372092 0.897104165625 0.7202218744186046 0.89776875 0.7202218744186046 0.886452084375 0.688482811627907 0.88429375
0 0.458275 0.86744375 0.4606468744186047 0.8833875000000001 0.490625 0.8833875000000001 0.49162500000000003 0.869408334375 0.458275 0.86744375
0 0.458825 0.838875 0.4601484372093024 0.8494375 0.49162500000000003 0.850102084375 0.49412187441860467 0.8387854156250001 0.458825 0.838875
0 0.583875 0.8760104156249999 0.584092188372093 0.885758334375 0.6163515627906977 0.886660415625 0.6163515627906977 0.874679165625 0.583875 0.8760104156249999
0 0.580795311627907 0.9092 0.5787734372093023 0.9230916656250001 0.620242188372093 0.920429165625 0.619242188372093 0.912439584375 0.580795311627907 0.9092
0 0.687382811627907 0.859385415625 0.6880640627906977 0.8718145843749999 0.7205406255813953 0.873145834375 0.7205406255813953 0.858502084375 0.687382811627907 0.859385415625
0 0.6868343744186046 0.837408334375 0.6882468744186045 0.848041665625 0.7212218744186046 0.846710415625 0.7202234372093024 0.837391665625 0.6868343744186046 0.837408334375