2 0.33512187441860464 0.31149375 0.29436093720930234 0.323233334375 0.29885468837209306 0.343433334375 0.3135812511627907 0.336402084375 0.3384187488372093 0.32848958437500003 0.33512187441860464 0.31149375
2 0.35028750000000003 0.41522500000000007 0.3247906255813953 0.42196458437500006 0.31002500000000005 0.42289374999999996 0.31182343720930233 0.443941665625 0.32698906279069767 0.43808125000000003 0.3524859372093023 0.429877084375 0.35028750000000003 0.41522500000000007
2 0.5221265627906977 0.28473541562500004 0.5245437511627907 0.262466665625 0.48259687441860466 0.25251875 0.4808031255813953 0.272722915625 0.4953109372093023 0.27448125 0.5159718744186047 0.2815125 0.5221265627906977 0.28473541562500004
2 0.5161906255813954 0.364439584375 0.4970687511627907 0.360922915625 0.47545156279069767 0.35474375 0.4731109372093023 0.372058334375 0.48432031162790695 0.374402084375 0.5139937511627907 0.38260625 0.5161906255813954 0.364439584375
2 0.6871156255813954 0.353033334375 0.6460999999999999 0.352179165625 0.6477718744186046 0.37413124999999997 0.666675 0.368564584375 0.687775 0.367685415625 0.6871156255813954 0.353033334375
2 0.688654688372093 0.455591665625 0.6653562488372092 0.45617916562499994 0.6464531255813953 0.455591665625 0.6471125 0.47405416562499997 0.6589812511627907 0.472295834375 0.6890937511627907 0.47141666562499995 0.688654688372093 0.455591665625
4 0.33566562558139534 0.342183334375 0.301595311627907 0.349802084375 0.3051125 0.362108334375 0.3167625 0.354783334375 0.3369843744186046 0.35302500000000003 0.33566562558139534 0.342183334375
4 0.517345311627907 0.288558334375 0.5008609372093024 0.285041665625 0.48369687441860465 0.281464584375 0.48481562558139535 0.295591665625 0.49646562558139534 0.295591665625 0.5171265627906977 0.302916665625 0.517345311627907 0.288558334375
4 0.684307811627907 0.43354166562499996 0.6521468744186046 0.430220834375 0.6500187488372093 0.44203958437499996 0.6616687488372093 0.44291875 0.6854062511627907 0.44409166562499997 0.684307811627907 0.43354166562499996
0 0.684307811627907 0.38988125 0.6517765627906976 0.38871041562499997 0.6522171883720931 0.400722915625 0.6698000000000001 0.40306875 0.6845265627906977 0.40013750000000003 0.684307811627907 0.38988125
0 0.6847468744186046 0.40863541562499994 0.6504968744186047 0.409702084375 0.6522171883720931 0.42856041562499997 0.6735375 0.426216665625 0.6854062511627907 0.425045834375 0.6847468744186046 0.40863541562499994
0 0.515817188372093 0.308689584375 0.48287187441860463 0.299783334375 0.4821875 0.31513749999999996 0.50175 0.31777500000000003 0.5144984372093023 0.323927084375 0.515817188372093 0.308689584375
0 0.4809484372093023 0.326164584375 0.4808687488372093 0.343560415625 0.513179688372093 0.345025 0.5136187511627908 0.332425 0.4809484372093023 0.326164584375
0 0.304229688372093 0.36585 0.30620781162790695 0.38137916562499996 0.32181406279069763 0.376691665625 0.34181562558139533 0.37229583437499997 0.33785937441860464 0.36086874999999996 0.304229688372093 0.36585
0 0.32203437441860466 0.389877084375 0.3090656255813954 0.39163541562500004 0.3110437511627907 0.4062875 0.34335468837209304 0.400133334375 0.34159687441860465 0.38401666562500003 0.32203437441860466 0.389877084375