2 0.5821624999999999 0.405147915625 0.5920187488372093 0.410072915625 0.594482811627907 0.400770834375 0.5948937511627908 0.39256250000000004 0.5788781255813954 0.38654375 0.5682 0.38435625 0.555495311627907 0.380610415625 0.5546484372093023 0.388733334375 0.5546484372093023 0.3974875 0.5702531255813953 0.400770834375 0.5821624999999999 0.405147915625
2 0.6938625 0.396939584375 0.7028968744186046 0.399677084375 0.7127531255813953 0.4046 0.7139843744186046 0.399129165625 0.7148062511627907 0.38654375 0.7037187511627907 0.382714584375 0.6901656255813953 0.378883334375 0.6742625000000001 0.37398750000000003 0.67415 0.383260415625 0.6737406255813952 0.39256250000000004 0.6844171883720931 0.394752084375 0.6938625 0.396939584375
2 0.7603890627906976 0.613066665625 0.7714765627906977 0.614708334375 0.7731187488372093 0.60321875 0.7722984372093024 0.5977479156250001 0.7583359372093024 0.5977479156250001 0.7443734372093024 0.592275 0.7341062488372093 0.5851625 0.733695311627907 0.592822915625 0.7345171883720931 0.600483334375 0.7451937488372093 0.607047915625 0.7603890627906976 0.613066665625
2 0.7455593744186046 0.71586875 0.7533609372093023 0.71805625 0.7582890627906977 0.6989062500000001 0.7406312511627906 0.695077084375 0.7336499999999999 0.692341665625 0.7167109372093023 0.682870834375 0.7159906255813954 0.6907 0.7147593744186047 0.702189584375 0.7283109372093023 0.70985 0.7455593744186046 0.71586875
2 0.6917265627906978 0.502189584375 0.6987078116279071 0.50164375 0.6991187488372093 0.485229165625 0.6847453116279071 0.48249375 0.673657811627907 0.481397915625 0.6611671883720931 0.47755000000000003 0.6580531255813954 0.48851041562499997 0.6711937511627907 0.49179375 0.6802281255813953 0.49671875 0.6917265627906978 0.502189584375
2 0.5783843744186047 0.512039584375 0.5800281255813954 0.504927084375 0.5804390627906977 0.49179375 0.5689406255813954 0.48851041562499997 0.5599046883720931 0.486322915625 0.5414968744186047 0.474539584375 0.5381406255813953 0.481945834375 0.536907811627907 0.495625 0.5578515627906977 0.502189584375 0.5783843744186047 0.512039584375
4 0.579617188372093 0.47045624999999996 0.567707811627907 0.46553125 0.5487218744186046 0.458283334375 0.5463531255813954 0.46771874999999996 0.5652437488372093 0.474285415625 0.578795311627907 0.47975625 0.579617188372093 0.47045624999999996
4 0.7069218744186047 0.416833334375 0.6946015627906977 0.40862708437500006 0.687620311627907 0.405891665625 0.6751656255813954 0.40228541562500003 0.6740687488372092 0.41300416562500003 0.6954234372093023 0.420116665625 0.7048671883720931 0.42449375 0.7069218744186047 0.416833334375
4 0.7558484372093024 0.6886041656249999 0.7566703116279069 0.677660415625 0.7464031255813954 0.673283334375 0.7257437511627908 0.664204165625 0.7234062488372093 0.67383125 0.7365484372093023 0.68094375 0.7488671883720931 0.686414584375 0.7558484372093024 0.6886041656249999
0 0.7624187488372093 0.645379165625 0.7644734372093023 0.6344354156249999 0.7533843744186047 0.631152084375 0.7455828116279071 0.62786875 0.732517188372093 0.6190458343749999 0.7303875 0.6300583343749999 0.7418859372093023 0.63771875 0.7505109372093023 0.642095834375 0.7624187488372093 0.645379165625
0 0.7595453116279071 0.658510415625 0.7451718744186047 0.654679165625 0.728904688372093 0.644335415625 0.7262812488372092 0.6579625 0.7431187511627907 0.666170834375 0.7570812511627907 0.669454165625 0.7595453116279071 0.658510415625
0 0.7030031255813953 0.43092708437500005 0.6869859372093023 0.42709583437500004 0.672004688372093 0.42336041562500004 0.6713812511627907 0.440227084375 0.6865765627906977 0.44186875 0.702592188372093 0.4457 0.7030031255813953 0.43092708437500005
0 0.7009484372093023 0.45554791562499997 0.6808265627906976 0.450622915625 0.668917188372093 0.44679375 0.668392188372093 0.45768125 0.6820593744186046 0.462660415625 0.698895311627907 0.4670375 0.7009484372093023 0.45554791562499997
0 0.586317188372093 0.428833334375 0.5748187511627907 0.425002084375 0.5682484372093023 0.421720834375 0.554592188372093 0.41733958437499996 0.553875 0.43047500000000005 0.574407811627907 0.434852084375 0.5842640627906976 0.441416665625 0.586317188372093 0.428833334375
0 0.5813890627906977 0.46275625 0.5821390627906977 0.45226041562499997 0.551 0.43868124999999997 0.549357811627907 0.45126666562500006 0.5813890627906977 0.46275625