2 0.5292625 0.33294791562500003 0.5312265627906977 0.347083334375 0.5720593744186047 0.33399583437499997 0.5693109372093024 0.315672915625 0.5292625 0.33294791562500003
2 0.5485015627906976 0.429797915625 0.5508578116279069 0.44811875 0.5893343744186047 0.43398541562500004 0.5861937488372093 0.4156625 0.5485015627906976 0.429797915625
2 0.440529688372093 0.49628125 0.4397437488372093 0.51408125 0.48136249999999997 0.5119875 0.481754688372093 0.49314166562499995 0.440529688372093 0.49628125
2 0.44445468837209307 0.5962708343750001 0.44563281162790697 0.61878125 0.4860734372093023 0.615116665625 0.48528906279069767 0.5947 0.44445468837209307 0.5962708343750001
2 0.6855296883720929 0.59313125 0.689454688372093 0.604647915625 0.7255765627906977 0.576902084375 0.7204734372093023 0.56224375 0.6855296883720929 0.59313125
2 0.7196874999999999 0.6779375 0.7263625 0.695214584375 0.7609140627906976 0.6695625 0.7550234372093023 0.6517625 0.7196874999999999 0.6779375
0 0.4464187511627907 0.526645834375 0.446025 0.5433979156250001 0.47979218837209303 0.542875 0.4786140627906977 0.525075 0.4464187511627907 0.526645834375
0 0.4468109372093023 0.558579165625 0.44759687441860463 0.5706187500000001 0.4793984372093023 0.569572915625 0.47979218837209303 0.556485415625 0.4468109372093023 0.558579165625
0 0.699270311627907 0.6172125 0.7031968744186047 0.6303 0.7318593744186046 0.6083125 0.7279328116279069 0.5978416656250001 0.699270311627907 0.6172125
0 0.7086937511627908 0.640245834375 0.7137984372093024 0.6517625 0.7408890627906977 0.630822915625 0.7361781255813954 0.61930625 0.7086937511627908 0.640245834375
0 0.5426124999999999 0.37430625 0.5441828116279069 0.388964584375 0.5771640627906977 0.379541665625 0.5740218744186046 0.364358334375 0.5426124999999999 0.37430625
0 0.546145311627907 0.39576875 0.547717188372093 0.412520834375 0.5795187488372093 0.405716665625 0.5763781255813953 0.38739375 0.546145311627907 0.39576875
4 0.44798906279069767 0.574283334375 0.44798906279069767 0.58841875 0.481754688372093 0.5873729156249999 0.4801843744186046 0.573760415625 0.44798906279069767 0.574283334375
4 0.5382937488372093 0.357029165625 0.5394718744186047 0.36959375 0.5724515627906976 0.357554165625 0.5712734372093023 0.346560415625 0.5382937488372093 0.357029165625
4 0.7165468744186047 0.658045834375 0.719295311627907 0.666420834375 0.7487421883720929 0.6449583343749999 0.7436375 0.6344875 0.7165468744186047 0.658045834375