2 0.7125296883720931 0.20971666562500002 0.7106874999999999 0.199195834375 0.6975375 0.20270208437499998 0.687804688372093 0.206560415625 0.6733390627906977 0.214627084375 0.6757062511627907 0.22725208437500002 0.6975375 0.214277084375 0.7125296883720931 0.20971666562500002
0 0.7021718744186046 0.179866665625 0.7010906255813953 0.169777084375 0.687254688372093 0.171508334375 0.6799046883720931 0.17554375 0.670392188372093 0.18188333437499998 0.6729859372093023 0.195720834375 0.6894156255813954 0.182172915625 0.7021718744186046 0.179866665625
0 0.6931687511627908 0.15457083437500002 0.697967188372093 0.1556375 0.6939687511627907 0.14417708437500001 0.6829765627906976 0.14524375 0.672982811627907 0.150572915625 0.6639875000000001 0.158035415625 0.6669859372093023 0.1681625 0.676579688372093 0.15856874999999998 0.6829765627906976 0.155904165625 0.6881718744186046 0.15483750000000002 0.6931687511627908 0.15457083437500002
4 0.692170311627907 0.135383334375 0.6899718744186046 0.129252084375 0.6789781255813954 0.130852084375 0.6685843744186046 0.134583334375 0.6603906255813953 0.139114584375 0.6629875000000001 0.148708334375 0.6701843744186047 0.14417708437500001 0.677579688372093 0.140179165625 0.6823765627906977 0.13858125 0.692170311627907 0.135383334375
2 0.687845311627907 0.096066665625 0.6738125 0.10146250000000001 0.6578921883720931 0.107939584375 0.6500656255813952 0.11405625 0.6538437488372093 0.129527084375 0.664907811627907 0.123770834375 0.6767812511627908 0.118372915625 0.6921625 0.11261666562499999 0.687845311627907 0.096066665625
2 0.8235781255813954 0.137802084375 0.834642188372093 0.133485415625 0.8435468744186048 0.13060624999999998 0.838420311627907 0.11297708437500001 0.8265468744186047 0.11657500000000001 0.8127843744186046 0.12341041562499999 0.8001015627906977 0.132045834375 0.8036093744186047 0.150035415625 0.8154828116279069 0.143560415625 0.8235781255813954 0.137802084375
4 0.8408484372093022 0.153275 0.8408484372093022 0.141760415625 0.8311343744186047 0.14571875 0.8184515627906976 0.151475 0.8098171883720929 0.15723125 0.8133250000000001 0.166945834375 0.8262765627906977 0.15903125 0.8408484372093022 0.153275
0 0.8336593744186046 0.174304165625 0.8454906255813953 0.172727084375 0.843125 0.15905625 0.8344484372093024 0.1632625 0.8220265627906977 0.167204165625 0.8123640627906977 0.174566665625 0.8159140627906977 0.18534583437500002 0.8301109372093023 0.178510415625 0.8336593744186046 0.174304165625
0 0.8403640627906976 0.201383334375 0.8510109372093023 0.20059375 0.8504203116279069 0.19270625 0.8456875 0.194547915625 0.8421390627906977 0.193495834375 0.839575 0.19112916562499999 0.8265609372093023 0.193495834375 0.818082811627907 0.1963875 0.8202515627906977 0.210845834375 0.8309 0.202960415625 0.8403640627906976 0.201383334375
2 0.8451718744186046 0.23601875 0.8613734372093024 0.231183334375 0.8577468744186048 0.214416665625 0.8471062511627907 0.22151041562499998 0.8391265627906977 0.22280000000000003 0.8316296883720931 0.22666875000000003 0.8219562511627907 0.23086041562499998 0.8224406255813954 0.246660415625 0.8362234372093024 0.240210415625 0.8451718744186046 0.23601875
2 0.9525406255813953 0.240210415625 0.9624562488372093 0.240210415625 0.9626968744186046 0.22505625 0.9508484372093023 0.225702084375 0.9433515627906977 0.22860416562500002 0.9336781255813953 0.2337625 0.9218296883720931 0.237954165625 0.922554688372093 0.254075 0.9460124999999999 0.245047915625 0.9525406255813953 0.240210415625
4 0.9568937511627907 0.214416665625 0.9559265627906978 0.202808334375 0.947220311627907 0.20345416562500002 0.9353718744186046 0.207 0.9232796883720931 0.210547915625 0.9235218744186046 0.21893125000000002 0.945770311627907 0.21699583437499997 0.9568937511627907 0.214416665625
0 0.9525406255813953 0.195070834375 0.9510906255813953 0.177658334375 0.9435937511627908 0.176691665625 0.9431093744186047 0.183785415625 0.9382734372093023 0.18443125 0.929567188372093 0.186041665625 0.9194109372093023 0.19152291562499998 0.921104688372093 0.2053875 0.940932811627907 0.199585415625 0.9525406255813953 0.195070834375
0 0.947542188372093 0.160160415625 0.9376875 0.161066665625 0.9298718744186046 0.16423749999999998 0.9234156255813953 0.1678625 0.9159406255813953 0.17103333437499998 0.9193375 0.180322915625 0.928682811627907 0.178510415625 0.939217188372093 0.17420625 0.949070311627907 0.169675 0.947542188372093 0.160160415625
2 0.9467906255813954 0.125295834375 0.933129688372093 0.12686666562499999 0.9213546883720931 0.12718125 0.9135828116279069 0.131577084375 0.905575 0.134404165625 0.9098140627906978 0.15104583437500002 0.9215890627906976 0.147279165625 0.9312453116279069 0.14288125000000002 0.9479687511627907 0.13220625 0.9467906255813954 0.125295834375