0 0.477067188372093 0.8543125 0.456295311627907 0.8551770843750001 0.44365625116279067 0.8551770843750001 0.44461093720930234 0.86815 0.46246250000000005 0.868583334375 0.476417188372093 0.866420834375 0.477067188372093 0.8543125
0 0.4459093744186046 0.878960415625 0.444370311627907 0.890389584375 0.4754437488372093 0.890635415625 0.4757687511627907 0.876797915625 0.4459093744186046 0.878960415625
0 0.5737656255813953 0.816647915625 0.5425156255813953 0.811872915625 0.5416359372093024 0.824864584375 0.5552656255813954 0.82659375 0.573117188372093 0.828322915625 0.5737656255813953 0.816647915625
0 0.572467188372093 0.84043125 0.5539687511627907 0.8412958343750001 0.5410874999999999 0.83709375 0.5396875 0.850377084375 0.5588359372093024 0.85210625 0.5721421883720931 0.852970834375 0.572467188372093 0.84043125
0 0.646754688372093 0.8391895843749999 0.6327984372093023 0.8417833343750001 0.6131812488372093 0.8385208343749999 0.6120281255813954 0.854322915625 0.6276062511627907 0.85475625 0.646754688372093 0.8534583343750001 0.646754688372093 0.8391895843749999
0 0.6454562488372092 0.862108334375 0.626307811627907 0.863404165625 0.61365 0.861675 0.6138937488372093 0.8751625000000001 0.6337734372093023 0.8768104156250001 0.6454562488372092 0.874214584375 0.6454562488372092 0.862108334375
2 0.6489890627906977 0.904189584375 0.6502875 0.88991875 0.6343843744186046 0.8938104156250001 0.6081843744186046 0.8889625000000001 0.608745311627907 0.892945834375 0.608745311627907 0.9024583343750001 0.6343843744186046 0.90591875 0.6489890627906977 0.904189584375
2 0.6473656255813953 0.8254875 0.6476906255813955 0.810785415625 0.6337343744186047 0.81208125 0.6149656255813953 0.810920834375 0.6152359372093023 0.823325 0.626595311627907 0.8254875 0.637954688372093 0.826352084375 0.6473656255813953 0.8254875
2 0.6519093744186046 0.7939208343749999 0.6519093744186046 0.7835416656249999 0.6340593744186047 0.787866665625 0.6223749999999999 0.7861374999999999 0.6096109372093023 0.7785624999999999 0.6093937488372093 0.791325 0.6204281255813953 0.794785415625 0.637629688372093 0.796514584375 0.6519093744186046 0.7939208343749999
2 0.5801843744186046 0.7978125 0.580832811627907 0.784839584375 0.571745311627907 0.78873125 0.5555187488372093 0.7882979156250001 0.5407312488372092 0.7818937499999999 0.5409140627906978 0.792622915625 0.556817188372093 0.79565 0.5704484372093023 0.7978125 0.5801843744186046 0.7978125
2 0.5706187511627907 0.8653375000000001 0.5511468744186047 0.8653375000000001 0.5388140627906977 0.8618770843749999 0.5368656255813953 0.8739854156250001 0.552120311627907 0.878308334375 0.5702953116279069 0.8778770843749999 0.5706187511627907 0.8653375000000001
2 0.5709437488372093 0.9141999999999999 0.5728906255813954 0.9012270843750001 0.553742188372093 0.90209375 0.5318093744186047 0.8961 0.5319984372093024 0.9012270843750001 0.5329718744186047 0.9098770843749999 0.554392188372093 0.91160625 0.5709437488372093 0.9141999999999999
2 0.47397812558139535 0.91805 0.4837140627906977 0.914589584375 0.48209218837209306 0.903779165625 0.46554062558139536 0.90680625 0.43972968837209303 0.905141665625 0.4399 0.910264584375 0.4415234372093023 0.918914584375 0.4606718744186047 0.9193458343750001 0.47397812558139535 0.91805
2 0.47547187441860467 0.825577084375 0.460867188372093 0.82946875 0.442942188372093 0.829004165625 0.44366562558139533 0.842010415625 0.46054218837209304 0.842010415625 0.47547187441860467 0.8389833343750001 0.47547187441860467 0.825577084375
2 0.47904218837209306 0.8087125000000001 0.4780687488372093 0.7970375 0.460217188372093 0.8009291656249999 0.43544687441860463 0.8009291656249999 0.436525 0.8104437499999999 0.448857811627907 0.810875 0.46638437441860464 0.8104437499999999 0.47904218837209306 0.8087125000000001