2 0.4844812488372093 0.47437708437500004 0.4851562511627907 0.464483334375 0.46625312558139537 0.464483334375 0.44172968837209303 0.46575625 0.44296406279069767 0.47527708437499994 0.45545312558139533 0.47527708437499994 0.4659156255813953 0.47482708437500004 0.4844812488372093 0.47437708437500004
2 0.472329688372093 0.494166665625 0.44878281162790695 0.493964584375 0.44870156279069773 0.50855625 0.48211718837209305 0.505408334375 0.48076718837209304 0.494166665625 0.472329688372093 0.494166665625
2 0.479417188372093 0.583660415625 0.4868437488372093 0.5818625 0.48650624883720933 0.56971875 0.469629688372093 0.57151875 0.4461843744186047 0.5716625 0.4463390627906976 0.576914584375 0.4460015627906977 0.584560415625 0.46895468837209303 0.583660415625 0.479417188372093 0.583660415625
2 0.5775484372093024 0.579258334375 0.5792359372093023 0.5729625 0.5795734372093023 0.567114584375 0.5583093744186046 0.564416665625 0.5367500000000001 0.5597854156250001 0.537382811627907 0.566664584375 0.539745311627907 0.573860415625 0.5576343744186046 0.576110415625 0.5775484372093024 0.579258334375
2 0.5772109372093024 0.5306875 0.5576343744186046 0.5284395843749999 0.5460281255813954 0.527122915625 0.5444703116279069 0.53968125 0.5589843744186046 0.54148125 0.5761984372093023 0.5437291656250001 0.5772109372093024 0.5306875
2 0.586325 0.455583334375 0.5677609372093023 0.452435415625 0.5467718744186046 0.447939584375 0.546495311627907 0.45828125000000003 0.5606718744186047 0.45963125 0.5853125 0.46502708437500007 0.586325 0.455583334375
2 0.6585562511627907 0.45108750000000003 0.642354688372093 0.44928749999999995 0.616179688372093 0.44843333437500005 0.6167031255813954 0.45963125 0.632229688372093 0.46053125 0.6588937511627907 0.46277916562500004 0.6585562511627907 0.45108750000000003
2 0.6541687511627906 0.476270834375 0.6352671883720931 0.476270834375 0.621004688372093 0.47664375000000003 0.6207531255813953 0.4906625 0.6433671883720931 0.4911125 0.6541687511627906 0.4911125 0.6541687511627906 0.476270834375
2 0.6575437488372092 0.568014584375 0.6568687511627906 0.555422915625 0.632567188372093 0.556770834375 0.614695311627907 0.554835415625 0.6140015627906976 0.5608187499999999 0.6143390627906977 0.567114584375 0.634254688372093 0.568464584375 0.6575437488372092 0.568014584375
0 0.619892188372093 0.5038625 0.6197406255813954 0.5162958343749999 0.6531562511627907 0.516745834375 0.6534937511627907 0.504604165625 0.619892188372093 0.5038625
0 0.6202624999999999 0.527122915625 0.6204156255813954 0.53968125 0.6518062488372093 0.53968125 0.6521437488372093 0.5284395843749999 0.6202624999999999 0.527122915625
0 0.5475140627906977 0.5038625 0.5473968744186046 0.515616665625 0.577775 0.5178666656249999 0.57845 0.507970834375 0.5475140627906977 0.5038625
0 0.5493687511627907 0.477633334375 0.5484093744186047 0.49088125 0.579125 0.49313124999999997 0.5798 0.4818875 0.5493687511627907 0.477633334375
0 0.449525 0.52019375 0.44913749999999997 0.5353125000000001 0.48322968837209307 0.532614584375 0.48289062558139534 0.521370834375 0.449525 0.52019375
0 0.44913749999999997 0.54475625 0.449525 0.557310415625 0.48289062558139534 0.55465 0.48322968837209307 0.54430625 0.44913749999999997 0.54475625