2 0.47990937441860465 0.771045834375 0.4599218744186046 0.7734125 0.4510375 0.774595834375 0.4386640627906977 0.773108334375 0.4394890627906977 0.783472915625 0.46080937441860464 0.784064584375 0.4794656255813954 0.781697915625 0.47990937441860465 0.771045834375
2 0.47591093720930233 0.79826875 0.46702812558139534 0.802410415625 0.4568125 0.803002084375 0.44482031162790703 0.802410415625 0.444525 0.813485415625 0.46880468837209305 0.811879165625 0.47724374883720927 0.8083291656249999 0.47591093720930233 0.79826875
2 0.4830031255813953 0.887933334375 0.4830031255813953 0.8737291656249999 0.4723437488372093 0.87728125 0.461682811627907 0.8784645843750001 0.44208281162790697 0.8779583343749999 0.44258437441860465 0.890891665625 0.4554640627906977 0.890891665625 0.4679015627906977 0.8903000000000001 0.4830031255813953 0.887933334375
2 0.5726249999999999 0.8867583343750001 0.574845311627907 0.8808395843750001 0.5752890627906977 0.8755124999999999 0.558854688372093 0.8737375000000001 0.5334203116279069 0.867539584375 0.5330937488372093 0.8820229156250001 0.5526375 0.8843895843749999 0.5641859372093023 0.88498125 0.5726249999999999 0.8867583343750001
2 0.6515859372093024 0.874627084375 0.6520296883720931 0.862789584375 0.6347078116279069 0.8645666656250001 0.6105937488372093 0.861027084375 0.6102781255813954 0.874035415625 0.6253796883720931 0.878177084375 0.6409250000000001 0.876402084375 0.6515859372093024 0.874627084375
2 0.647807811627907 0.79720625 0.6486968744186047 0.785370834375 0.6367031255813954 0.785370834375 0.6304859372093022 0.785370834375 0.6149890627906976 0.781575 0.6144953116279069 0.796614584375 0.627820311627907 0.79898125 0.6371484372093024 0.798389584375 0.647807811627907 0.79720625
2 0.6526937488372093 0.7676166656250001 0.6531375 0.7569625 0.6358156255813953 0.758739584375 0.6251562488372093 0.757554165625 0.6110812488372093 0.75226875 0.6109421883720931 0.765247915625 0.6233781255813954 0.771166665625 0.6393687488372093 0.7717583343750001 0.6526937488372093 0.7676166656250001
2 0.5806656255813953 0.771166665625 0.5819984372093023 0.76110625 0.566007811627907 0.759922915625 0.556679688372093 0.75933125 0.5412359372093023 0.754222915625 0.5406906255813954 0.765247915625 0.5557921883720931 0.7676166656250001 0.5682281255813953 0.770575 0.5806656255813953 0.771166665625
2 0.5723609372093024 0.849533334375 0.5719156255813954 0.837697915625 0.5581468744186047 0.837697915625 0.5407468744186046 0.833675 0.5399359372093023 0.84598125 0.5501515627906977 0.8483499999999999 0.5634765627906977 0.849533334375 0.5723609372093024 0.849533334375
0 0.4781718744186046 0.8253875 0.44501406279069766 0.826510415625 0.4448593744186047 0.840183334375 0.4590734372093023 0.840775 0.4777281255813953 0.838408334375 0.4781718744186046 0.8253875
0 0.4777281255813953 0.849652084375 0.44599062558139535 0.851258334375 0.446192188372093 0.8632625 0.4599609372093023 0.862670834375 0.47728437441860466 0.8603041656249999 0.4777281255813953 0.849652084375
0 0.5436781255813954 0.784179165625 0.543142188372093 0.797279165625 0.574679688372093 0.8020125 0.575567188372093 0.78899375 0.5436781255813954 0.784179165625
0 0.563575 0.814441665625 0.5418109372093023 0.810889584375 0.5412359372093023 0.823254165625 0.5729015627906976 0.825685415625 0.574679688372093 0.8138500000000001 0.563575 0.814441665625
0 0.6477765627906977 0.824802084375 0.6482203116279069 0.812372915625 0.6344515627906976 0.814147915625 0.6149890627906976 0.809579165625 0.6149078116279071 0.8242104156250001 0.6233468744186046 0.8253937499999999 0.6371156255813953 0.8253937499999999 0.6477765627906977 0.824802084375
0 0.6473312511627907 0.835454165625 0.6388921883720929 0.837229165625 0.6264562511627907 0.837229165625 0.6149078116279071 0.836045834375 0.6145 0.8480020843749999 0.6331187488372093 0.84788125 0.6482203116279069 0.8461062500000001 0.6473312511627907 0.835454165625