0 0.40864374883720933 0.815764584375 0.39133124883720927 0.8188124999999999 0.3779390627906977 0.8188124999999999 0.37728593720930237 0.831008334375 0.40766406279069767 0.827960415625 0.40864374883720933 0.815764584375
0 0.40995156279069767 0.851479165625 0.411257811627907 0.8414604156250001 0.39296562558139536 0.845816665625 0.37728593720930237 0.8436395843750001 0.3785921883720931 0.854527084375 0.39329218837209307 0.8540916656249999 0.40995156279069767 0.851479165625
0 0.4687484372093023 0.8527854156249999 0.4857343744186046 0.8497375 0.4860609372093023 0.839283334375 0.4687484372093023 0.84276875 0.4560093744186047 0.83971875 0.4537234372093023 0.840154165625 0.455029688372093 0.8527854156249999 0.4687484372093023 0.8527854156249999
0 0.4713625 0.876739584375 0.4860609372093023 0.8745625 0.4860609372093023 0.8632375 0.4579687511627907 0.8645458343750001 0.455029688372093 0.864110415625 0.455029688372093 0.875433334375 0.4713625 0.876739584375
0 0.5608656255813954 0.87195 0.562825 0.860625 0.5429 0.864110415625 0.5327734372093024 0.8628020843750001 0.532120311627907 0.8728208343749999 0.5461656255813954 0.8728208343749999 0.5608656255813954 0.87195
0 0.562825 0.8475583343749999 0.5634781255813953 0.83710625 0.5455125000000001 0.839283334375 0.5311406255813953 0.8379770843750001 0.5311406255813953 0.848864584375 0.5468187488372093 0.85104375 0.562825 0.8475583343749999
2 0.4115843744186046 0.797472915625 0.4122375 0.789195834375 0.3887187511627907 0.791810415625 0.3749984372093023 0.793116665625 0.37401875116279065 0.800085415625 0.4011312488372093 0.79834375 0.4115843744186046 0.797472915625
2 0.39296562558139536 0.880225 0.40962499999999996 0.8784812499999999 0.4092984372093023 0.866722915625 0.39133124883720927 0.8697708343749999 0.38087812558139533 0.869335415625 0.37826562558139537 0.8671583343749999 0.37826562558139537 0.8789187500000001 0.39296562558139536 0.880225
2 0.3847984372093023 0.916375 0.39851874883720934 0.9137604156249999 0.4125640627906977 0.912454165625 0.413870311627907 0.900258334375 0.39721093720930234 0.904179165625 0.3828390627906977 0.9050499999999999 0.37434531162790696 0.901566665625 0.37434531162790696 0.9111479156250001 0.37695937441860466 0.9150666656249999 0.3847984372093023 0.916375
2 0.473975 0.90069375 0.48867499999999997 0.8993874999999999 0.4912875 0.887629165625 0.4801812488372093 0.893289584375 0.46450312558139534 0.893289584375 0.4520890627906977 0.8915479156250001 0.4504562488372093 0.8998229156249999 0.460582811627907 0.9024374999999999 0.473975 0.90069375
2 0.47724218837209303 0.824475 0.48540781162790697 0.822297915625 0.4860609372093023 0.8118437500000001 0.4687484372093023 0.8148937500000001 0.455682811627907 0.8127166656249999 0.4560093744186047 0.8227333343750001 0.46613593720930235 0.823604165625 0.47724218837209303 0.824475
2 0.4899812511627907 0.792245834375 0.4916140627906977 0.783970834375 0.473975 0.786583334375 0.46450312558139534 0.787889584375 0.45143593720930236 0.783970834375 0.45012968837209305 0.79268125 0.4765890627906977 0.793552084375 0.4899812511627907 0.792245834375
2 0.5510656255813954 0.7939875 0.5657656255813954 0.793552084375 0.5680515627906977 0.7835354156250001 0.5504125000000001 0.786147915625 0.538 0.786147915625 0.527220311627907 0.7831 0.527220311627907 0.793116665625 0.5373468744186046 0.794858334375 0.5510656255813954 0.7939875
2 0.5631515627906977 0.820991665625 0.5644593744186047 0.8105375 0.549432811627907 0.8127166656249999 0.5311406255813953 0.810972915625 0.5331 0.8218624999999999 0.5504125000000001 0.8240395843749999 0.5631515627906977 0.820991665625
2 0.5654390627906977 0.8998229156249999 0.5673984372093023 0.887629165625 0.5432265627906977 0.8941625 0.5268937488372093 0.889370834375 0.5278734372093024 0.8993874999999999 0.5497593744186047 0.9024374999999999 0.5654390627906977 0.8998229156249999