2 0.5032656255813954 0.571675 0.5032656255813954 0.5862333343749999 0.5466234372093023 0.588375 0.5469437488372093 0.5751000000000001 0.5032656255813954 0.571675
2 0.6314109372093024 0.593085415625 0.6310890627906977 0.60593125 0.672520311627907 0.6067875 0.6728406255813953 0.595227084375 0.6314109372093024 0.593085415625
2 0.6355859372093023 0.6693083343749999 0.6362281255813954 0.684725 0.669307811627907 0.6842958343750001 0.6686656255813954 0.6710208343749999 0.6355859372093023 0.6693083343749999
2 0.6310890627906977 0.700995834375 0.6314109372093024 0.7134145843749999 0.6744468744186046 0.7134145843749999 0.6738046883720931 0.701854165625 0.6310890627906977 0.700995834375
2 0.499732811627907 0.6791583343750001 0.500054688372093 0.692004165625 0.5424484372093024 0.693289584375 0.5430906255813953 0.682154165625 0.499732811627907 0.6791583343750001
2 0.5048718744186047 0.64918125 0.5055140627906977 0.6633125 0.5398781255813954 0.6633125 0.5389156255813954 0.650895834375 0.5048718744186047 0.64918125
2 0.3715875 0.648325 0.37190937441860467 0.661172915625 0.4136609372093023 0.662029165625 0.4130187488372093 0.64918125 0.3715875 0.648325
2 0.3728734372093023 0.53270625 0.37415781162790696 0.54855 0.4143031255813953 0.5502625 0.41398281162790695 0.536560415625 0.3728734372093023 0.53270625
2 0.3764062511627907 0.568677084375 0.37608437441860465 0.584091665625 0.4101281255813954 0.584520834375 0.4101281255813954 0.569533334375 0.3764062511627907 0.568677084375
0 0.37576406279069763 0.59265625 0.37672656279069766 0.6067875 0.4101281255813954 0.6067875 0.41045000000000004 0.595227084375 0.37576406279069763 0.59265625
0 0.37608437441860465 0.6157812500000001 0.37544218837209303 0.634622915625 0.4094859372093024 0.633766665625 0.40980625116279074 0.6183500000000001 0.37608437441860465 0.6157812500000001
0 0.5055140627906977 0.621347915625 0.5051937511627907 0.63505 0.539557811627907 0.635479165625 0.5392359372093023 0.622633334375 0.5055140627906977 0.621347915625
0 0.5071203116279069 0.598222915625 0.5067984372093023 0.6157812500000001 0.5411640627906976 0.614495834375 0.5411640627906976 0.60079375 0.5071203116279069 0.598222915625
0 0.6349437488372093 0.621347915625 0.6355859372093023 0.636335415625 0.669629688372093 0.635479165625 0.6689875 0.61920625 0.6349437488372093 0.621347915625
0 0.6352656255813953 0.6410458343750001 0.6352656255813953 0.6581750000000001 0.6689875 0.657745834375 0.669629688372093 0.6427583343750001 0.6352656255813953 0.6410458343750001