2 0.412825 0.65116875 0.412825 0.63751875 0.38500937441860467 0.63856875 0.3720937488372093 0.634352084375 0.37267656279069766 0.64976875 0.38527187441860467 0.65256875 0.412825 0.65116875
2 0.4081 0.671758334375 0.37637343720930233 0.67204375 0.37565781162790696 0.6831104156250001 0.407745311627907 0.684529165625 0.4081 0.671758334375
2 0.4098718744186046 0.760675 0.4109359372093023 0.7519250000000001 0.39090312558139534 0.754525 0.37194062558139535 0.750647915625 0.3722890627906977 0.759729165625 0.3921437511627907 0.7635125 0.4098718744186046 0.760675
0 0.40756718837209305 0.719764584375 0.39196718837209304 0.723547915625 0.37482187441860465 0.720447915625 0.3745937488372093 0.7348979156250001 0.40792187441860467 0.7351354156250001 0.40756718837209305 0.719764584375
0 0.4086312488372093 0.696352084375 0.3749484372093023 0.697297915625 0.3758343744186046 0.706758334375 0.40792187441860467 0.70699375 0.4086312488372093 0.696352084375
2 0.5433609372093023 0.6769624999999999 0.502925 0.67529375 0.504892188372093 0.686183334375 0.5424734372093023 0.68855 0.5433609372093023 0.6769624999999999
2 0.5391062511627907 0.794016665625 0.5399921883720931 0.783139584375 0.5229734372093023 0.785504165625 0.4996 0.782858334375 0.49868749999999995 0.791416665625 0.502054688372093 0.7923625000000001 0.5391062511627907 0.794016665625
2 0.5378640627906977 0.752870834375 0.5050687511627907 0.7516875 0.504892188372093 0.762566665625 0.5362687488372093 0.763985415625 0.5378640627906977 0.752870834375
0 0.537617188372093 0.716239584375 0.538782811627907 0.702245834375 0.505725 0.70223125 0.5058531255813953 0.714683334375 0.5148874999999999 0.716239584375 0.537617188372093 0.716239584375
0 0.5374718744186047 0.724985415625 0.504832811627907 0.723625 0.504832811627907 0.737425 0.5373265627906977 0.738591665625 0.5374718744186047 0.724985415625
2 0.6699609372093024 0.706827084375 0.6705609372093023 0.696825 0.630007811627907 0.69676875 0.6302187488372093 0.706827084375 0.6509140627906977 0.708627084375 0.6699609372093024 0.706827084375
2 0.6656109372093023 0.7740437499999999 0.634507811627907 0.773014584375 0.6345687511627907 0.785047915625 0.6657609372093023 0.784847915625 0.6656109372093023 0.7740437499999999
2 0.6606625 0.816454165625 0.6711609372093023 0.8136541656249999 0.6716109372093023 0.8040520843750001 0.6527140627906978 0.8062520843750001 0.631132811627907 0.8022625 0.6315687511627908 0.8134541656250001 0.6393671883720929 0.8154541656250001 0.6606625 0.816454165625
0 0.6668109372093023 0.72223125 0.634882811627907 0.722016665625 0.6348687488372093 0.736435415625 0.6669609372093024 0.735835415625 0.6668109372093023 0.72223125
0 0.6666609372093023 0.7444375 0.6341328116279069 0.745014584375 0.6344187511627908 0.757839584375 0.6668109372093023 0.757039584375 0.6666609372093023 0.7444375