0 0.3758562511627907 0.40665625 0.3751625 0.42333125000000005 0.409204688372093 0.426572915625 0.4099 0.41175208437500005 0.3758562511627907 0.40665625
0 0.37307812558139536 0.428425 0.3727312511627907 0.44509999999999994 0.4057312511627907 0.44973124999999997 0.40781562558139534 0.4358375 0.37307812558139536 0.428425
0 0.5009109372093024 0.43120416562499997 0.5019531255813954 0.446952084375 0.5356484372093023 0.44556250000000003 0.5349531255813953 0.43213125 0.5009109372093024 0.43120416562499997
0 0.5005640627906977 0.40619375 0.5012578116279071 0.42101458437500006 0.5349531255813953 0.421941665625 0.5346062511627907 0.408045834375 0.5005640627906977 0.40619375
0 0.6693859372093024 0.44463749999999996 0.6683437488372093 0.430741665625 0.6353437488372093 0.43305833437499996 0.6363176651162791 0.446474109375 0.6693859372093024 0.44463749999999996
0 0.6349968744186046 0.45621666562499996 0.6356921883720931 0.472889584375 0.6693859372093024 0.4715 0.6683437488372093 0.45667916562500005 0.6349968744186046 0.45621666562499996
2 0.6325656255813954 0.486785415625 0.6329125 0.499752084375 0.67425 0.498364584375 0.6739031255813953 0.48724791562499997 0.6325656255813954 0.486785415625
2 0.630132811627907 0.37145625 0.6304812511627907 0.386741665625 0.6728609372093023 0.384889584375 0.6714703116279069 0.372383334375 0.630132811627907 0.37145625
2 0.6346499999999999 0.40526875 0.6343015627906976 0.42286875 0.6697343744186046 0.42055208437499997 0.6683437488372093 0.40573125 0.6346499999999999 0.40526875
2 0.4974375 0.4891 0.49709062558139533 0.50253125 0.539817188372093 0.5020687500000001 0.5391218744186047 0.490489584375 0.4974375 0.4891
2 0.5012578116279071 0.45806874999999997 0.5009109372093024 0.47520625 0.5346062511627907 0.47381666562499997 0.533217188372093 0.45853124999999995 0.5012578116279071 0.45806874999999997
2 0.4974375 0.38072083437500004 0.49709062558139533 0.395079165625 0.5394687511627907 0.395079165625 0.5394687511627907 0.383035415625 0.4974375 0.38072083437500004
2 0.372382811627907 0.3760875 0.3720359372093023 0.3923 0.415457811627907 0.398320834375 0.4165 0.383035415625 0.372382811627907 0.3760875
2 0.3727312511627907 0.45621666562499996 0.37029843720930233 0.4710375 0.40364687441860464 0.47613125 0.4046890627906977 0.461772915625 0.3727312511627907 0.45621666562499996
2 0.3643937488372093 0.48400625 0.3643937488372093 0.4979 0.4067734372093023 0.504847915625 0.409204688372093 0.491879165625 0.3643937488372093 0.48400625