0 0.43315468837209303 0.3467125 0.43386250000000004 0.36056875 0.468345311627907 0.35805 0.4674 0.343879165625 0.43315468837209303 0.3467125
0 0.4345718744186046 0.370016665625 0.4350437511627907 0.38355625 0.47023437441860466 0.3794625 0.46999843720930234 0.36718125 0.4345718744186046 0.370016665625
0 0.486767188372093 0.3630875 0.48700312558139536 0.37820416562500003 0.5205406255813954 0.37694375 0.5200687488372093 0.36245833437499997 0.486767188372093 0.3630875
0 0.4855859372093023 0.34009999999999996 0.4865312511627907 0.35552916562500003 0.5188875 0.35238125 0.517470311627907 0.338210415625 0.4855859372093023 0.34009999999999996
0 0.5616359372093024 0.353325 0.5614 0.367495834375 0.596354688372093 0.363402084375 0.5947015627906977 0.352066665625 0.5616359372093024 0.353325
0 0.5625812511627907 0.3794625 0.5632906255813953 0.39489375 0.5968281255813954 0.39174375 0.5958828116279069 0.376314584375 0.5625812511627907 0.3794625
2 0.436932811627907 0.398672915625 0.436932811627907 0.413472915625 0.47117968837209306 0.406229165625 0.470470311627907 0.395208334375 0.436932811627907 0.398672915625
2 0.4350437511627907 0.42732916562499995 0.43433593720930236 0.44244374999999997 0.477320311627907 0.433627084375 0.4775562511627907 0.421660415625 0.4350437511627907 0.42732916562499995
2 0.48369687441860465 0.420716665625 0.48346093720930233 0.43425624999999995 0.5255015627906977 0.43268125 0.5259734372093023 0.420716665625 0.48369687441860465 0.420716665625
2 0.4872406255813953 0.390485415625 0.48936562558139535 0.4056 0.5203046883720931 0.403710415625 0.5207781255813954 0.38922500000000004 0.4872406255813953 0.390485415625
2 0.5614 0.41158333437500005 0.5621093744186046 0.420085415625 0.600842188372093 0.41788125000000004 0.600842188372093 0.407804165625 0.5614 0.41158333437500005
2 0.5595109372093023 0.33002291562499997 0.5616359372093024 0.343247915625 0.5947015627906977 0.33978541562500003 0.5930484372093023 0.32592916562499996 0.5595109372093023 0.33002291562499997
2 0.5521890627906977 0.29349375 0.553370311627907 0.30829375 0.5972999999999999 0.305775 0.595175 0.290658334375 0.5521890627906977 0.29349375
2 0.48086249999999997 0.314277084375 0.48109843720930234 0.326872915625 0.5243203116279069 0.323410415625 0.522667188372093 0.3123875 0.48086249999999997 0.314277084375
2 0.4277218744186047 0.31679583437500003 0.42819531162790697 0.33128125 0.46952656279069765 0.32844791562500003 0.47023437441860466 0.317427084375 0.4277218744186047 0.31679583437500003