9 0.3498062488372093 0.46408541562499994 0.34897343720930235 0.45188750000000005 0.3312187488372093 0.45299583437499996 0.3160968744186047 0.450866665625 0.31651562558139534 0.46297499999999997 0.327057811627907 0.466302084375 0.33787656279069767 0.466302084375 0.3498062488372093 0.46408541562499994
9 0.460692188372093 0.42037500000000005 0.44515624883720933 0.423702084375 0.42799062558139533 0.42314999999999997 0.42851093720930233 0.43516041562499996 0.4448796883720931 0.43516041562499996 0.46097031162790697 0.43294375 0.460692188372093 0.42037500000000005
9 0.5868031255813954 0.437970834375 0.5850734372093024 0.42759166562499995 0.5685343744186047 0.43012916562500003 0.5533343744186047 0.433358334375 0.5535531255813954 0.44343541562500005 0.5671843744186047 0.44027916562499997 0.5755515627906976 0.43835625 0.5868031255813954 0.437970834375
0 0.5891687488372093 0.46148125 0.587504688372093 0.449652084375 0.577282811627907 0.452579165625 0.5674734372093023 0.45450208437499995 0.5556 0.454827084375 0.5562531255813953 0.46748333437499995 0.5719687488372093 0.467395834375 0.5819546883720931 0.46406875000000003 0.5891687488372093 0.46148125
0 0.58955 0.47380000000000005 0.572217188372093 0.47831458437499996 0.5572359372093023 0.47831458437499996 0.5592468744186047 0.49135 0.5810937488372093 0.487925 0.5916359372093024 0.48312083437500003 0.58955 0.47380000000000005
0 0.4284515627906977 0.471820834375 0.42906249999999996 0.484 0.462354688372093 0.48178333437500004 0.4620765627906977 0.46810625000000006 0.4284515627906977 0.471820834375
0 0.4283 0.44664166562499996 0.4284109372093023 0.461529165625 0.461425 0.46078958437499995 0.460870311627907 0.445635415625 0.4283 0.44664166562499996
0 0.35004218837209305 0.477322915625 0.33261406279069766 0.479489584375 0.31693593720930235 0.475160415625 0.316195311627907 0.48878125 0.331454688372093 0.491739584375 0.34920937441860467 0.49063125 0.35004218837209305 0.477322915625
0 0.349257811627907 0.49940625 0.332057811627907 0.503104165625 0.31596718837209303 0.500145834375 0.31515468837209304 0.511452084375 0.3351093744186046 0.5145625 0.3481484372093023 0.5145625 0.349257811627907 0.49940625
2 0.3528859372093023 0.5394812499999999 0.35344062558139533 0.528391665625 0.329582811627907 0.530979165625 0.30960156279069767 0.5243562500000001 0.309329688372093 0.538741665625 0.3243109372093023 0.53985 0.3387375 0.540958334375 0.3528859372093023 0.5394812499999999
2 0.35391406279069765 0.43556875 0.35391406279069765 0.42004374999999994 0.33671406279069765 0.42189375 0.3119593744186046 0.42029166562500003 0.3106359372093023 0.43335208437499995 0.3220109372093023 0.43482916562499996 0.33588124883720927 0.43482916562499996 0.35391406279069765 0.43556875
2 0.4494109372093023 0.405925 0.4632812511627907 0.4033375 0.46383593720930233 0.388552084375 0.44302968837209306 0.39039999999999997 0.42184375116279066 0.390233334375 0.42055781162790695 0.397054165625 0.42222187441860465 0.40703541562499995 0.4374812511627907 0.406295834375 0.4494109372093023 0.405925
2 0.46248750000000005 0.51276875 0.4680359372093023 0.510920834375 0.4680359372093023 0.49724375 0.4441781255813953 0.500570834375 0.42460937441860463 0.50009375 0.424757811627907 0.506854165625 0.42642187441860463 0.5138791656249999 0.4475062488372093 0.5138791656249999 0.46248750000000005 0.51276875
2 0.587095311627907 0.51785625 0.5998562511627907 0.513789584375 0.5981921883720931 0.5008520843750001 0.576275 0.5075062499999999 0.5554687488372093 0.508985415625 0.5554687488372093 0.516747915625 0.5579656255813954 0.522660415625 0.5776625000000001 0.520072915625 0.587095311627907 0.51785625
2 0.5752812488372093 0.41155416562499997 0.5888765627906977 0.40675 0.5888765627906977 0.40009583437499996 0.5863796883720931 0.390114584375 0.5755593744186046 0.39455 0.5708437488372093 0.3989875 0.5619656255813953 0.400835415625 0.552532811627907 0.398616665625 0.5445015627906977 0.398579165625 0.5447656255813954 0.405270834375 0.5461515627906977 0.41488125 0.5603015627906976 0.414510415625 0.5752812488372093 0.41155416562499997