2 0.40140781162790695 0.6805625 0.3850562488372093 0.682639584375 0.3624734372093023 0.6816020843749999 0.36208437441860464 0.690945834375 0.382720311627907 0.694060415625 0.4037437511627907 0.695097915625 0.40140781162790695 0.6805625
2 0.47577187441860463 0.763102084375 0.450075 0.767775 0.43605937441860465 0.76621875 0.4364484372093024 0.778677084375 0.46175468837209305 0.779714584375 0.47577187441860463 0.77711875 0.47577187441860463 0.763102084375
2 0.565707811627907 0.8259166656250001 0.5474093744186047 0.826954165625 0.525995311627907 0.8259166656250001 0.525217188372093 0.8388937500000001 0.5450734372093023 0.8388937500000001 0.5676546883720931 0.83681875 0.565707811627907 0.8259166656250001
2 0.47849687441860467 0.8726375000000001 0.4551359372093023 0.8762708343750001 0.43800625116279074 0.8762708343750001 0.4368375 0.885095834375 0.45552656279069764 0.885095834375 0.47888593720930234 0.88301875 0.47849687441860467 0.8726375000000001
2 0.565707811627907 0.9364874999999999 0.5423484372093023 0.939604165625 0.5228812511627907 0.9344125 0.5236593744186047 0.9463520843750001 0.5454625000000001 0.9453125 0.5637625 0.94479375 0.565707811627907 0.9364874999999999
2 0.39790312558139534 0.79425 0.37765781162790696 0.79269375 0.35858124883720927 0.7895770843750001 0.358970311627907 0.799960415625 0.3764906255813954 0.799960415625 0.39790312558139534 0.7994416656250001 0.39790312558139534 0.79425
9 0.3652 0.71326875 0.36558906279069764 0.725208334375 0.39673593720930234 0.725727084375 0.39673593720930234 0.714825 0.3652 0.71326875
9 0.453579688372093 0.7994416656250001 0.4418984372093023 0.7984020843749999 0.441120311627907 0.8082666656249999 0.472267188372093 0.807747915625 0.4699312488372093 0.796327084375 0.453579688372093 0.7994416656250001
9 0.5439062511627907 0.860177084375 0.5287218744186046 0.856025 0.5291109372093024 0.8695229156250001 0.5625937488372093 0.869002084375 0.559479688372093 0.860177084375 0.5439062511627907 0.860177084375
0 0.3951781255813953 0.7381854156250001 0.3815515627906977 0.7402624999999999 0.3652 0.737666665625 0.3640312488372093 0.7506437499999999 0.374932811627907 0.7532395843749999 0.39595781162790694 0.751683334375 0.3951781255813953 0.7381854156250001
0 0.364420311627907 0.760508334375 0.364420311627907 0.772966665625 0.39284218837209306 0.773485415625 0.3940109372093023 0.763102084375 0.364420311627907 0.760508334375
0 0.4566937488372093 0.8253979156250001 0.440342188372093 0.822283334375 0.4418984372093023 0.833702084375 0.4718781255813953 0.833702084375 0.47382500000000005 0.81916875 0.4566937488372093 0.8253979156250001
0 0.453579688372093 0.8472 0.43995156279069764 0.844604165625 0.4418984372093023 0.8549875 0.4726562511627907 0.8539479156249999 0.473045311627907 0.845122915625 0.453579688372093 0.8472
0 0.5485781255813954 0.8840583343749999 0.5279421883720931 0.8814624999999999 0.5295 0.892883334375 0.5614265627906977 0.895477084375 0.5614265627906977 0.8840583343749999 0.5485781255813954 0.8840583343749999
0 0.559479688372093 0.906897915625 0.5431265627906977 0.906379165625 0.5298890627906977 0.902227084375 0.5295 0.9162437499999999 0.5450734372093023 0.9162437499999999 0.5606468744186046 0.9136479156249999 0.559479688372093 0.906897915625