9 0.4131687511627907 0.754629165625 0.39087656279069766 0.756841665625 0.38024218837209306 0.75734375 0.380204688372093 0.7701125 0.3984656255813953 0.769164584375 0.41340468837209304 0.7679 0.4131687511627907 0.754629165625
9 0.5128031255813954 0.77388125 0.512092188372093 0.76250625 0.49667812558139535 0.767877084375 0.47985937441860466 0.767079165625 0.48055156279069766 0.779252084375 0.49454374883720925 0.7779874999999999 0.5047406255813953 0.776091665625 0.5128031255813954 0.77388125
9 0.5847687511627907 0.75789375 0.5833468744186047 0.746833334375 0.5705406255813954 0.749677084375 0.550792188372093 0.75351875 0.5525171883720931 0.765477084375 0.5622406255813953 0.7645291656250001 0.5721999999999999 0.762316665625 0.5847687511627907 0.75789375
0 0.5872062511627907 0.783302084375 0.5867328116279069 0.770347915625 0.5729781255813954 0.776035415625 0.5541812488372093 0.777510415625 0.5554296883720931 0.7902541656250001 0.5682343744186046 0.788675 0.5793812488372093 0.78583125 0.5872062511627907 0.783302084375
0 0.5144031255813953 0.7867791656249999 0.49993750000000003 0.790570834375 0.4811640627906976 0.7910708343749999 0.4823890627906977 0.8032083343749999 0.4951937488372093 0.8019458343749999 0.5146406255813953 0.798785415625 0.5144031255813953 0.7867791656249999
0 0.5151140627906976 0.80984375 0.5018343744186047 0.8145833343750001 0.48452343720930235 0.8149 0.48452343720930235 0.8269062500000001 0.5061031255813954 0.8240624999999999 0.516775 0.8190083343750001 0.5151140627906976 0.80984375
0 0.41334062558139534 0.792845834375 0.41334062558139534 0.78020625 0.404092188372093 0.78305 0.3929468744186046 0.784314584375 0.38102500000000006 0.781335415625 0.3813265627906977 0.795058334375 0.3915234372093023 0.795689584375 0.4007718744186047 0.79600625 0.41334062558139534 0.792845834375
0 0.41357812558139534 0.8010604156250001 0.403617188372093 0.8061166656250001 0.3915234372093023 0.806747915625 0.3808515627906977 0.80295625 0.3810890627906977 0.814647915625 0.395317188372093 0.8168583343750001 0.41334062558139534 0.8168583343750001 0.41357812558139534 0.8010604156250001
0 0.5906125 0.802927084375 0.5889531255813953 0.792816665625 0.577570311627907 0.796925 0.5570499999999999 0.800460415625 0.5578875 0.8117749999999999 0.5680843744186047 0.8101958343750001 0.5787562488372093 0.808614584375 0.5906125 0.802927084375
2 0.5863609372093023 0.836875 0.598929688372093 0.832135415625 0.5979812488372093 0.819179165625 0.5844640627906976 0.827079165625 0.571895311627907 0.8283437499999999 0.5565281255813954 0.82931875 0.5562437488372093 0.834979165625 0.556479688372093 0.8425625 0.571182811627907 0.842245834375 0.5863609372093023 0.836875
2 0.507225 0.8552958343749999 0.5235875 0.8492916656249999 0.5233515627906976 0.8376020843750001 0.5117312488372093 0.842972915625 0.49560468837209304 0.843289584375 0.48038125116279073 0.8442708343750001 0.48066406279069773 0.8486604156249999 0.4825625 0.857822915625 0.493232811627907 0.857822915625 0.507225 0.8552958343749999
2 0.42019062558139536 0.842116665625 0.41995312558139536 0.8316895843750001 0.4061984372093023 0.8339020843749999 0.39149531162790696 0.83421875 0.37685312558139533 0.83140625 0.37702968837209305 0.843064584375 0.3888875 0.8455937499999999 0.4066734372093023 0.844960415625 0.42019062558139536 0.842116665625
2 0.40264218837209304 0.735952084375 0.41687031162790694 0.735635415625 0.41663281162790694 0.720785415625 0.4071468744186047 0.721733334375 0.40192968837209303 0.725525 0.39078437441860464 0.725841665625 0.3750265627906977 0.723964584375 0.37465781162790696 0.730264584375 0.37513281162790696 0.7369 0.3879390627906977 0.7369 0.40264218837209304 0.735952084375
2 0.5004078116279069 0.74656875 0.5155843744186046 0.742777084375 0.5155843744186046 0.728872915625 0.5011187511627907 0.7336125 0.48997343720930236 0.735825 0.4743843744186046 0.736135415625 0.4733734372093023 0.741195834375 0.4740843744186046 0.751308334375 0.48878750000000004 0.750675 0.5004078116279069 0.74656875
2 0.568807811627907 0.731525 0.585170311627907 0.726785415625 0.5842218744186046 0.711304165625 0.5754484372093023 0.7128833343750001 0.5678593744186047 0.7169916656249999 0.5645390627906977 0.7201500000000001 0.5421859372093023 0.721183334375 0.5431968744186046 0.72805 0.5429593744186046 0.73595 0.5586109372093023 0.735316665625 0.568807811627907 0.731525