0 0.4191 0.393508334375 0.404707811627907 0.3949125 0.386267188372093 0.3935875 0.3864531255813954 0.408008334375 0.40154843720930233 0.40894375 0.4187484372093023 0.407072915625 0.4191 0.393508334375
0 0.3864093744186047 0.41888125 0.3867140627906977 0.43015208437499997 0.41800312558139535 0.429639584375 0.41765156279069765 0.417479165625 0.3864093744186047 0.41888125
0 0.48488593720930234 0.40373958437499996 0.4858656255813954 0.417689584375 0.5185125 0.41348124999999997 0.5181609372093023 0.4017875 0.48488593720930234 0.40373958437499996
0 0.4875765627906977 0.42961666562499995 0.4882781255813954 0.441310415625 0.5191703116279069 0.435229165625 0.5191703116279069 0.424939584375 0.4875765627906977 0.42961666562499995
0 0.5899375 0.383979165625 0.5566843744186046 0.390510415625 0.5590468744186047 0.404558334375 0.5706312511627907 0.40221875 0.591692188372093 0.39707499999999996 0.5899375 0.383979165625
0 0.5912984372093023 0.4064875 0.5712890627906977 0.4121 0.5600562488372093 0.41256875 0.5620453116279069 0.425566665625 0.581117188372093 0.422389584375 0.5927015627906976 0.41631041562500004 0.5912984372093023 0.4064875
2 0.6018281255813953 0.4467125 0.6007750000000001 0.43548749999999997 0.5786593744186047 0.44063125000000003 0.5585359372093024 0.44302083437500006 0.5593531255813953 0.45138958437500004 0.5604062511627906 0.456533334375 0.590945311627907 0.44905 0.6018281255813953 0.4467125
2 0.5899359372093023 0.33907916562499996 0.587829688372093 0.325983334375 0.5762453116279069 0.326452084375 0.5702781255813953 0.329258334375 0.5588906255813954 0.333466665625 0.546507811627907 0.333427084375 0.546057811627907 0.3386125 0.5474609372093023 0.35123958437499997 0.5650125 0.34703125 0.5899359372093023 0.33907916562499996
2 0.5183906255813954 0.35819791562500003 0.5166359372093023 0.342295834375 0.4945218744186047 0.345102084375 0.47556562558139537 0.349310415625 0.4759156255813954 0.354922915625 0.4769687511627907 0.366147915625 0.497679688372093 0.360535415625 0.5183906255813954 0.35819791562500003
2 0.42133593720930235 0.34229375 0.42133593720930235 0.335745834375 0.40202812558139533 0.336214584375 0.378292188372093 0.337952084375 0.3792109372093023 0.352583334375 0.3971140627906977 0.3507125 0.42133593720930235 0.3507125 0.42133593720930235 0.34229375
2 0.42527656279069764 0.445208334375 0.39859687441860464 0.44614374999999995 0.3802312488372093 0.4445875 0.38104531162790695 0.45643333437500005 0.401054688372093 0.45596458437500004 0.42527656279069764 0.45549791562499997 0.42527656279069764 0.445208334375
2 0.5106421883720931 0.46812083437499996 0.5288968744186047 0.46344375 0.5271406255813953 0.453620834375 0.5039734372093023 0.456427084375 0.48450781162790696 0.458470834375 0.48466718837209305 0.463910415625 0.4853687511627907 0.47139375 0.5008140627906976 0.469522915625 0.5106421883720931 0.46812083437499996
9 0.3846437511627907 0.370952084375 0.38512343720930237 0.381179165625 0.41671718837209304 0.38024375 0.4174187511627907 0.369485415625 0.3846437511627907 0.370952084375
9 0.4831843744186047 0.380802084375 0.48417343720930234 0.393364584375 0.516820311627907 0.389622915625 0.516117188372093 0.37793125 0.4831843744186047 0.380802084375
9 0.5535343744186046 0.36738333437500004 0.5554031255813954 0.379860415625 0.585942188372093 0.371908334375 0.5852406255813953 0.363022915625 0.5535343744186046 0.36738333437500004