0 0.3714281255813953 0.319258334375 0.3718187488372093 0.333272915625 0.4025765627906977 0.332235415625 0.4029656255813953 0.31977708437499996 0.3714281255813953 0.319258334375
0 0.3729859372093023 0.342097915625 0.3725968744186047 0.35351875 0.40218593720930235 0.353 0.4017968744186047 0.342097915625 0.3729859372093023 0.342097915625
0 0.44735 0.40439375 0.44696093720930236 0.414775 0.47849687441860467 0.41321874999999997 0.47810781162790694 0.4049125 0.44735 0.40439375
0 0.44696093720930236 0.42619583437499997 0.44773906279069764 0.43502083437500005 0.4761609372093023 0.433983334375 0.4777187488372093 0.42308124999999996 0.44696093720930236 0.42619583437499997
0 0.5349515627906977 0.46512916562499995 0.5353406255813954 0.474472915625 0.5672656255813954 0.47499375 0.5672656255813954 0.464610415625 0.5349515627906977 0.46512916562499995
0 0.5353406255813954 0.48641249999999997 0.5349515627906977 0.496795834375 0.5692125 0.496795834375 0.5668765627906976 0.488489584375 0.5353406255813954 0.48641249999999997
9 0.535729688372093 0.437097915625 0.535729688372093 0.45163333437500003 0.5676546883720931 0.44955625 0.5664875 0.44125 0.535729688372093 0.437097915625
9 0.47655000000000003 0.376360415625 0.46525937441860465 0.3805125 0.44501406279069766 0.37999375 0.4454031255813954 0.3883 0.4601984372093023 0.385704165625 0.47577187441860463 0.38674375 0.47655000000000003 0.376360415625
9 0.372207811627907 0.295377084375 0.373375 0.305241665625 0.404132811627907 0.306797915625 0.404132811627907 0.29485833437500003 0.372207811627907 0.295377084375
2 0.4095843744186047 0.2637125 0.3912843744186047 0.260597915625 0.37065000000000003 0.262154165625 0.36948281162790697 0.2725375 0.3850562488372093 0.269941665625 0.4084156255813953 0.275133334375 0.4095843744186047 0.2637125
2 0.3671453116279069 0.3696125 0.36597812558139536 0.379475 0.4053015627906977 0.382070834375 0.4053015627906977 0.374283334375 0.3671453116279069 0.3696125
2 0.44228906279069763 0.34365625 0.44228906279069763 0.356633334375 0.4812218744186047 0.357672915625 0.48005468837209303 0.3431375 0.44228906279069763 0.34365625
2 0.44228906279069763 0.45526666562500007 0.44228906279069763 0.46668750000000003 0.4831687511627907 0.46512916562499995 0.480832811627907 0.45526666562500007 0.44228906279069763 0.45526666562500007
2 0.5322250000000001 0.40439375 0.5298890627906977 0.42048541562499997 0.5738843744186046 0.41737083437500005 0.5719375 0.40646875 0.5322250000000001 0.40439375
2 0.5306687488372094 0.5128874999999999 0.5298890627906977 0.524827084375 0.5719375 0.526385415625 0.5703812488372093 0.517560415625 0.5306687488372094 0.5128874999999999