2 0.44814375116279065 0.6251395843750001 0.422375 0.626702084375 0.40789687441860467 0.62879375 0.40890468837209304 0.638029165625 0.449607811627907 0.639591665625 0.44814375116279065 0.6251395843750001
2 0.44814375116279065 0.7466062499999999 0.44872968837209304 0.7364499999999999 0.4294031255813954 0.736839584375 0.4080265627906977 0.734495834375 0.4074406255813953 0.7442624999999999 0.43145312558139537 0.7473875 0.44814375116279065 0.7466062499999999
2 0.5043656255813953 0.56614375 0.46629843720930236 0.5653625 0.46629843720930236 0.579425 0.504657811627907 0.582547915625 0.5043656255813953 0.56614375
2 0.5055359372093023 0.686841665625 0.505829688372093 0.673170834375 0.4935312511627907 0.675122915625 0.46464062558139535 0.6746770843750001 0.46366250000000003 0.685279165625 0.48269687441860465 0.688795834375 0.5055359372093023 0.686841665625
2 0.5989468744186046 0.607158334375 0.599825 0.5966104156250001 0.5576265627906977 0.598041665625 0.5585375 0.6079395843750001 0.5845984372093024 0.608720834375 0.5989468744186046 0.607158334375
2 0.5942609372093024 0.498958334375 0.5951406255813954 0.48919375 0.5919187488372093 0.48567708437499996 0.5543312488372093 0.488704165625 0.5547312511627907 0.501302084375 0.5667359372093023 0.501691665625 0.5942609372093024 0.498958334375
9 0.443457811627907 0.65871875 0.4137531255813954 0.660033334375 0.4124187488372093 0.670435415625 0.443457811627907 0.669264584375 0.443457811627907 0.65871875
9 0.5014375 0.598564584375 0.469032811627907 0.59901875 0.46864062558139535 0.6083291656250001 0.5008515627906976 0.6094999999999999 0.5014375 0.598564584375
9 0.5916265627906977 0.519660415625 0.5611734372093024 0.521614584375 0.5614656255813953 0.53255 0.5907484372093024 0.53020625 0.5916265627906977 0.519660415625
0 0.4440437488372093 0.695045834375 0.4440437488372093 0.682545834375 0.41300468837209303 0.681372915625 0.4132968744186047 0.6958249999999999 0.4323312511627907 0.700122915625 0.4440437488372093 0.695045834375
0 0.4437515627906977 0.705591665625 0.4104593744186047 0.704452084375 0.41183281162790697 0.718872915625 0.4437515627906977 0.718872915625 0.4437515627906977 0.705591665625
0 0.5008515627906976 0.6212187499999999 0.4675687511627907 0.621960415625 0.4683484372093023 0.6360625 0.5008515627906976 0.6356729156250001 0.5008515627906976 0.6212187499999999
0 0.501729688372093 0.6567645843750001 0.5008515627906976 0.645827084375 0.469032811627907 0.646366665625 0.4683484372093023 0.655202084375 0.479475 0.6563749999999999 0.501729688372093 0.6567645843750001
0 0.5919187488372093 0.55755 0.5930906255813954 0.543879165625 0.5605875 0.543879165625 0.5617578116279069 0.55755 0.569957811627907 0.5591125 0.5919187488372093 0.55755
0 0.5922125 0.57551875 0.5930906255813954 0.5665333343750001 0.5612874999999999 0.567779165625 0.5614656255813953 0.579814584375 0.5781562488372093 0.58020625 0.5922125 0.57551875