2 0.446957811627907 0.725366665625 0.4466875 0.7130875 0.43017187441860466 0.7141708343750001 0.4060781255813954 0.713808334375 0.4074312488372093 0.725366665625 0.4250281255813953 0.72789375 0.446957811627907 0.725366665625
2 0.44452187441860463 0.8329854156250001 0.446145311627907 0.822875 0.4290890627906977 0.8250416656249999 0.40758593720930236 0.822345834375 0.40716093720930235 0.8340687499999999 0.43098437441860465 0.835514584375 0.44452187441860463 0.8329854156250001
2 0.5048937488372093 0.650970834375 0.4648265627906976 0.652414584375 0.464554688372093 0.666860415625 0.5038109372093023 0.670472915625 0.5048937488372093 0.650970834375
2 0.5054359372093024 0.77448125 0.5051656255813953 0.7622020843749999 0.48567187441860465 0.763285415625 0.46241718837209306 0.762775 0.4648265627906976 0.77448125 0.48892187441860463 0.777370834375 0.5054359372093024 0.77448125
2 0.5936937488372093 0.587047915625 0.5939640627906977 0.572241665625 0.5720359372093023 0.573685415625 0.554142188372093 0.576391665625 0.554167188372093 0.589214584375 0.579075 0.58849375 0.5936937488372093 0.587047915625
2 0.5982968744186046 0.692141665625 0.5988375 0.6831125 0.5584984372093023 0.68455625 0.5590406255813953 0.695391665625 0.588279688372093 0.695391665625 0.5982968744186046 0.692141665625
9 0.4423562511627907 0.758952084375 0.443167188372093 0.746672915625 0.41149218837209306 0.74775625 0.41149218837209306 0.7560625 0.42584062558139535 0.75786875 0.4423562511627907 0.758952084375
9 0.49839687441860464 0.6961125 0.5005625 0.68455625 0.46783281162790696 0.6874104156249999 0.4697 0.695391665625 0.48242343720930236 0.697558334375 0.49839687441860464 0.6961125
9 0.589632811627907 0.617745834375 0.5923406255813953 0.606189584375 0.5617484372093023 0.6072729156250001 0.5576875 0.6072729156250001 0.5587703116279069 0.619552084375 0.589632811627907 0.617745834375
0 0.5923406255813953 0.6433875 0.592070311627907 0.6296625 0.5595812488372093 0.632191665625 0.5603937511627907 0.6433875 0.5725765627906977 0.643747915625 0.5923406255813953 0.6433875
0 0.5915281255813953 0.664333334375 0.5915281255813953 0.653860415625 0.56125 0.656270834375 0.5609359372093023 0.6665 0.5704109372093024 0.66830625 0.5915281255813953 0.664333334375
0 0.5005625 0.722114584375 0.500292188372093 0.7094750000000001 0.4671562511627907 0.7108770843750001 0.46861562558139536 0.724283334375 0.4816109372093023 0.723920834375 0.5005625 0.722114584375
0 0.499479688372093 0.743783334375 0.499479688372093 0.7322270843750001 0.48783906279069766 0.73475625 0.46817187441860464 0.7329895843750001 0.46942812558139535 0.742339584375 0.47755 0.7445062499999999 0.499479688372093 0.743783334375
0 0.432067188372093 0.7838708343749999 0.44343906279069767 0.7849541656250001 0.443167188372093 0.7690645843749999 0.4290890627906977 0.773758334375 0.412575 0.77123125 0.41040937441860464 0.780620834375 0.4174484372093023 0.7838708343749999 0.432067188372093 0.7838708343749999
0 0.44425000000000003 0.7929 0.4119859372093023 0.792560415625 0.41122187441860464 0.804816665625 0.4423562511627907 0.8062625000000001 0.44425000000000003 0.7929