2 0.451967188372093 0.27645 0.4501859372093023 0.26219166562499996 0.4387859372093023 0.26314375 0.4120875 0.264391665625 0.41170937441860467 0.2774 0.4295234372093023 0.274547915625 0.451967188372093 0.27645
2 0.5086140627906977 0.219420834375 0.508970311627907 0.20231249999999998 0.4697812511627907 0.20183749999999998 0.46835624883720933 0.217995834375 0.4875937488372093 0.217995834375 0.5086140627906977 0.219420834375
2 0.6001734372093023 0.13625416562499998 0.5969671883720931 0.12152291562499999 0.5802234372093024 0.120095834375 0.5577781255813954 0.12389791562500001 0.5570656255813954 0.14053125 0.5748781255813954 0.13625416562499998 0.6001734372093023 0.13625416562499998
2 0.4516109372093023 0.375775 0.411195311627907 0.3712875 0.41099687441860466 0.381952084375 0.4501859372093023 0.38432916562499997 0.4516109372093023 0.375775
2 0.5093265627906977 0.31351874999999996 0.4677625 0.31249375 0.4669312511627907 0.324447915625 0.5100390627906977 0.325875 0.5093265627906977 0.31351874999999996
2 0.602667188372093 0.242233334375 0.6015984372093023 0.234629165625 0.5755906255813954 0.231777084375 0.5620531255813953 0.234154165625 0.5609843744186046 0.246033334375 0.5894859372093023 0.24460833437499999 0.602667188372093 0.242233334375
9 0.446979688372093 0.297360415625 0.42596093720930234 0.294033334375 0.4149375 0.298954165625 0.4152734372093023 0.308289584375 0.447692188372093 0.30781458437500003 0.446979688372093 0.297360415625
9 0.4726609372093023 0.24598124999999998 0.5036265627906977 0.24651041562499998 0.503270311627907 0.234154165625 0.472275 0.235579165625 0.4726609372093023 0.24598124999999998
9 0.5951859372093024 0.156689584375 0.5706031255813954 0.15811458437499998 0.5621875 0.15868125 0.5631218744186046 0.16714374999999998 0.5951859372093024 0.16714374999999998 0.5951859372093024 0.156689584375
0 0.4480484372093024 0.323022915625 0.41609531162790697 0.321995834375 0.4159859372093023 0.335854165625 0.4480484372093024 0.335854165625 0.4480484372093024 0.323022915625
0 0.4466234372093023 0.344408334375 0.41565 0.343970834375 0.416342188372093 0.357239584375 0.4473359372093023 0.35628958437499997 0.4466234372093023 0.344408334375
0 0.5043390627906976 0.259816665625 0.47221562558139535 0.26023333437499996 0.4719187511627907 0.272172915625 0.5029140627906977 0.274547915625 0.5043390627906976 0.259816665625
0 0.5043390627906976 0.284054165625 0.4726609372093023 0.283395834375 0.4726312488372093 0.292608334375 0.502557811627907 0.294983334375 0.5043390627906976 0.284054165625
0 0.5880609372093023 0.1795 0.5627656255813953 0.17997708437499998 0.562632811627907 0.196095834375 0.5966109372093024 0.193758334375 0.5951859372093024 0.183777084375 0.5880609372093023 0.1795
0 0.5969671883720931 0.21276666562500002 0.5962546883720931 0.20183749999999998 0.5663281255813953 0.2042125 0.5649031255813953 0.217520834375 0.5791531255813953 0.21656875000000003 0.5969671883720931 0.21276666562500002