0 0.437117188372093 0.435720834375 0.4045343744186047 0.434958334375 0.4045343744186047 0.44410416562500005 0.4213031255813954 0.44562916562500005 0.4369265627906977 0.44486666562500005 0.437117188372093 0.435720834375
0 0.4384515627906977 0.468495834375 0.437307811627907 0.454775 0.4045343744186047 0.45502916562499995 0.4037718744186046 0.4657 0.4140609372093023 0.467225 0.4256843744186047 0.467225 0.4384515627906977 0.468495834375
0 0.5295343744186046 0.44334166562500005 0.4958062488372093 0.44258125000000004 0.4971406255813953 0.45248958437500003 0.5141 0.45248958437500003 0.529725 0.45198124999999995 0.5295343744186046 0.44334166562500005
0 0.5289625 0.46290624999999996 0.4961875 0.462652084375 0.4958062488372093 0.47560833437500005 0.5120031255813954 0.4751 0.5287718744186046 0.4751 0.5289625 0.46290624999999996
0 0.6095640627906976 0.45045624999999995 0.576979688372093 0.449947915625 0.5766 0.46138124999999997 0.5893656255813954 0.46138124999999997 0.608992188372093 0.463414584375 0.6095640627906976 0.45045624999999995
0 0.608992188372093 0.473577084375 0.5758375 0.469764584375 0.577170311627907 0.4852625 0.6007984372093023 0.4852625 0.6097546883720931 0.48627916562499995 0.608992188372093 0.473577084375
2 0.4418812488372093 0.404216665625 0.398817188372093 0.4039625 0.3991984372093023 0.41361666562500005 0.415204688372093 0.41463333437500005 0.4424531255813953 0.41539583437500005 0.4418812488372093 0.404216665625
2 0.5335359372093024 0.42250833437499996 0.5327734372093024 0.4126 0.4910437488372093 0.41387083437500005 0.4908531255813954 0.4227625 0.502667188372093 0.4227625 0.523054688372093 0.42250833437499996 0.5335359372093024 0.42250833437499996
2 0.4413093744186047 0.526929165625 0.4420718744186046 0.5116854156249999 0.3986265627906977 0.5116854156249999 0.40015156279069763 0.526166665625 0.41253749999999995 0.527691665625 0.4274 0.526929165625 0.4413093744186047 0.526929165625
2 0.5335359372093024 0.532264584375 0.5335359372093024 0.520070834375 0.49352031162790694 0.5205770843749999 0.493329688372093 0.535314584375 0.5030468744186046 0.534552084375 0.5131468744186046 0.533027084375 0.5335359372093024 0.532264584375
2 0.6152812488372094 0.436991665625 0.6141374999999999 0.42505 0.5720265627906976 0.42250833437499996 0.572407811627907 0.431147915625 0.5823156255813954 0.432670834375 0.5983218744186047 0.434704165625 0.6152812488372094 0.436991665625
2 0.6124218744186046 0.531502084375 0.570120311627907 0.528708334375 0.5720265627906976 0.5436979156249999 0.5899375 0.5429354156249999 0.6128031255813953 0.5429354156249999 0.6124218744186046 0.531502084375
9 0.4369265627906977 0.481452084375 0.4039625 0.481197915625 0.4045343744186047 0.49110624999999997 0.423779688372093 0.490597915625 0.4367375 0.491360415625 0.4369265627906977 0.481452084375
9 0.5282 0.49034374999999997 0.4967593744186046 0.48856666562499995 0.4973312488372093 0.49974375000000004 0.5201968744186046 0.49974375000000004 0.5291531255813954 0.500252084375 0.5282 0.49034374999999997
9 0.6091828116279069 0.500252084375 0.5762187488372092 0.49695 0.5766 0.509908334375 0.594320311627907 0.509145834375 0.6091828116279069 0.508891665625 0.6091828116279069 0.500252084375