2 0.573729688372093 0.552775 0.573729688372093 0.5708624999999999 0.6157499999999999 0.572627084375 0.6150890627906976 0.555420834375 0.573729688372093 0.552775
2 0.5012687511627907 0.612772915625 0.5019312488372093 0.629977084375 0.5452750000000001 0.626889584375 0.5456062488372093 0.61233125 0.5012687511627907 0.612772915625
2 0.6779546883720929 0.51130625 0.6769609372093024 0.52498125 0.7183203116279069 0.527629165625 0.7189828116279069 0.514835415625 0.6779546883720929 0.51130625
2 0.5740609372093023 0.44910208437500004 0.5747218744186047 0.46057291562499997 0.6170734372093024 0.46057291562499997 0.6167437511627907 0.44954375 0.5740609372093023 0.44910208437500004
2 0.5015999999999999 0.5068937499999999 0.5022625 0.521010415625 0.5442828116279069 0.51880625 0.5449437511627907 0.5055708343750001 0.5015999999999999 0.5068937499999999
2 0.6782859372093024 0.40454375000000004 0.6786156255813953 0.41601458437499994 0.7206359372093023 0.41910208437499996 0.7206359372093023 0.40630833437499997 0.6782859372093024 0.40454375000000004
0 0.6839093744186047 0.43145625 0.6832484372093023 0.445572915625 0.71435 0.447779165625 0.7150125 0.433660415625 0.6839093744186047 0.43145625
0 0.6825859372093024 0.453514584375 0.681925 0.47071874999999996 0.7156734372093023 0.4685125 0.7156734372093023 0.456160415625 0.6825859372093024 0.453514584375
0 0.5777 0.477335415625 0.5780312511627907 0.49189375 0.6111187488372094 0.49101249999999996 0.6114499999999999 0.47821875 0.5777 0.477335415625
0 0.5780312511627907 0.49939375 0.5770390627906977 0.514835415625 0.6097953116279069 0.5135125 0.6107874999999999 0.4985125 0.5780312511627907 0.49939375
0 0.5065625 0.533364584375 0.5059015627906976 0.550127084375 0.5389890627906977 0.5483625 0.5389890627906977 0.533804165625 0.5065625 0.533364584375
0 0.5065625 0.558510415625 0.5062328116279069 0.572627084375 0.53965 0.572185415625 0.53965 0.55806875 0.5065625 0.558510415625
9 0.5068937488372093 0.584979165625 0.5065625 0.59865625 0.5406421883720931 0.595566665625 0.5393187488372093 0.582772915625 0.5068937488372093 0.584979165625
9 0.5790234372093023 0.5241 0.5786937488372093 0.537775 0.6121109372093023 0.538216665625 0.6107874999999999 0.525864584375 0.5790234372093023 0.5241
9 0.6832484372093023 0.47821875 0.681925 0.491454165625 0.71435 0.49321875000000004 0.7133578116279069 0.4791 0.6832484372093023 0.47821875