9 0.4129812488372093 0.454558334375 0.3797859372093023 0.46153750000000004 0.38154531162790695 0.471410415625 0.39897187441860466 0.467083334375 0.4153734372093023 0.46594375 0.4129812488372093 0.454558334375
9 0.5245984372093023 0.6054729156249999 0.4918312488372093 0.6114437500000001 0.4931625 0.625285415625 0.5090515627906976 0.62391875 0.5261359372093023 0.617541665625 0.5245984372093023 0.6054729156249999
9 0.6119843744186046 0.677704165625 0.5952406255813953 0.67884375 0.5783156255813953 0.6757625 0.5793515627906977 0.689316665625 0.5918234372093023 0.689089584375 0.61335 0.689316665625 0.6119843744186046 0.677704165625
2 0.6174515627906977 0.72415625 0.617279688372093 0.71095 0.5752515627906977 0.708216665625 0.5762765627906977 0.720058334375 0.5870406255813954 0.722335415625 0.6066875 0.723472915625 0.6174515627906977 0.72415625
2 0.6164484372093023 0.602822915625 0.5739078116279069 0.6019125 0.575445311627907 0.6139812499999999 0.590992188372093 0.615120834375 0.6174734372093024 0.615120834375 0.6164484372093023 0.602822915625
2 0.522229688372093 0.5418708343749999 0.5208640627906976 0.528891665625 0.49574843720930234 0.535722915625 0.47818593720930236 0.53610625 0.48105624883720927 0.552802084375 0.49199062558139534 0.5496125000000001 0.5123218744186047 0.544147915625 0.522229688372093 0.5418708343749999
2 0.5331640627906977 0.650033334375 0.5328234372093024 0.635460415625 0.4907937511627907 0.642291665625 0.49250312558139536 0.6566375 0.5065125 0.657320834375 0.5208640627906976 0.65413125 0.5331640627906977 0.650033334375
2 0.41031406279069765 0.38954166562500003 0.408092188372093 0.377245834375 0.3662343744186047 0.387720834375 0.36913906279069764 0.397739584375 0.3812687488372093 0.394095834375 0.395792188372093 0.391364584375 0.41031406279069765 0.38954166562500003
2 0.42312656279069766 0.498614584375 0.42210156279069766 0.482447915625 0.3792187511627907 0.49315 0.3812687488372093 0.5088625 0.39066562558139534 0.507495834375 0.4031375 0.504308334375 0.42312656279069766 0.498614584375
0 0.40792187441860467 0.405254165625 0.3749484372093023 0.41663958437500004 0.37546093720930235 0.42643125 0.3898125 0.42233124999999994 0.4087765627906977 0.41982708437499994 0.40792187441860467 0.405254165625
0 0.41116718837209304 0.42916458437499994 0.3773390627906977 0.435539584375 0.3788781255813954 0.448975 0.39117812558139536 0.44442083437499996 0.4123640627906977 0.442827084375 0.41116718837209304 0.42916458437499994
0 0.5201812488372093 0.560910415625 0.48635468837209306 0.564325 0.48772031162790697 0.577533334375 0.502754688372093 0.575939584375 0.5215484372093023 0.573433334375 0.5201812488372093 0.560910415625
0 0.5235984372093023 0.592333334375 0.5227453116279069 0.579583334375 0.48925781162790694 0.586414584375 0.4901125 0.600077084375 0.5049765627906977 0.600077084375 0.5142015627906977 0.59529375 0.5235984372093023 0.592333334375
0 0.5786265627906977 0.629816665625 0.5791390627906977 0.641885415625 0.5963953116279069 0.6441625 0.6127968744186046 0.643479165625 0.611942188372093 0.629816665625 0.5786265627906977 0.629816665625
0 0.6122843744186047 0.653041665625 0.5945156255813954 0.653497915625 0.5791390627906977 0.6496270843749999 0.5794812511627907 0.663289584375 0.5919531255813953 0.666933334375 0.6117718744186047 0.664429165625 0.6122843744186047 0.653041665625