2 0.521929688372093 0.596304165625 0.47869374883720933 0.60350625 0.48172031162790696 0.6179125 0.501825 0.613879165625 0.5223625 0.608116665625 0.521929688372093 0.596304165625
2 0.533170311627907 0.717029165625 0.5325218744186047 0.70118125 0.51285 0.70665625 0.4920968744186046 0.707520834375 0.4920968744186046 0.726247915625 0.499879688372093 0.725095834375 0.51285 0.722791665625 0.533170311627907 0.717029165625
2 0.6163984372093023 0.680435415625 0.6155343744186046 0.6694875 0.5945656255813954 0.670639584375 0.5733796883720931 0.668047915625 0.575542188372093 0.680435415625 0.5857015627906977 0.681877084375 0.5984562488372093 0.6827416656249999 0.6163984372093023 0.680435415625
2 0.6181 0.789402084375 0.6172359372093024 0.776435415625 0.5975640627906976 0.777877084375 0.5750812511627907 0.774708334375 0.5752968744186047 0.787960415625 0.5845937488372093 0.7885375 0.597995311627907 0.790266665625 0.6181 0.789402084375
2 0.40901562558139537 0.44530624999999996 0.36698437441860465 0.45526875 0.36794218837209297 0.465764584375 0.38350624883720935 0.46230625 0.4092312488372093 0.45712083437500006 0.40901562558139537 0.44530624999999996
2 0.423067188372093 0.56315 0.42198593720930233 0.549033334375 0.37896718837209303 0.55969375 0.382642188372093 0.5743875 0.3947468744186046 0.573810415625 0.4111765627906977 0.5694895843750001 0.423067188372093 0.56315
0 0.4096640627906977 0.48679791562499997 0.40750156279069766 0.47325625000000004 0.375507811627907 0.483627084375 0.37594062558139535 0.493135415625 0.38761406279069766 0.49169583437500003 0.40231406279069765 0.488814584375 0.4096640627906977 0.48679791562499997
0 0.412257811627907 0.507254165625 0.41031249999999997 0.4942875 0.3776687488372093 0.5014916656249999 0.3796156255813954 0.515320834375 0.38999218837209304 0.5127291656249999 0.40425937441860466 0.509270834375 0.412257811627907 0.507254165625
0 0.5197968744186047 0.6271125 0.48760156279069766 0.6326270843749999 0.4880187488372093 0.643822915625 0.4986125 0.642958334375 0.5208781255813953 0.639789584375 0.5197968744186047 0.6271125
0 0.5234718744186047 0.659670834375 0.5230406255813953 0.645552084375 0.4891 0.65333125 0.48974843720930233 0.6668729156250001 0.5005578116279069 0.6671625 0.5102859372093024 0.6648562499999999 0.5234718744186047 0.659670834375
0 0.6121 0.709939584375 0.6114515627906977 0.69524375 0.5788093744186047 0.695533334375 0.5783765627906977 0.7087875 0.5885374999999999 0.709939584375 0.600642188372093 0.7110916656249999 0.6121 0.709939584375
0 0.6131812488372093 0.72953125 0.6125328116279071 0.718870834375 0.5798890627906976 0.7162770843749999 0.579025 0.72953125 0.5902656255813954 0.7327 0.6043171883720929 0.731260415625 0.6131812488372093 0.72953125
9 0.413117188372093 0.522075 0.38060312558139536 0.52725 0.380475 0.5393625 0.39279687441860467 0.534752084375 0.413332811627907 0.5330229156249999 0.413117188372093 0.522075
9 0.5267921883720931 0.6834979156250001 0.524629688372093 0.673702084375 0.49155468837209304 0.680616665625 0.4926359372093023 0.6904125 0.5053906255813954 0.6895479156250001 0.5185781255813954 0.685804165625 0.5267921883720931 0.6834979156250001
9 0.6123140627906977 0.744558334375 0.5792390627906977 0.74369375 0.579454688372093 0.756372915625 0.5973968744186047 0.756372915625 0.612529688372093 0.755795834375 0.6123140627906977 0.744558334375