9 0.558404688372093 0.625097915625 0.5581218744186046 0.640560415625 0.5920609372093023 0.639429165625 0.591495311627907 0.625097915625 0.558404688372093 0.625097915625
9 0.46834218837209307 0.598110415625 0.470604688372093 0.610177084375 0.502282811627907 0.6011270843750001 0.4994531255813954 0.5864208343749999 0.46834218837209307 0.598110415625
9 0.4092312488372093 0.6061625 0.4097968744186047 0.622754165625 0.4459984372093023 0.6167208343749999 0.44458437441860466 0.6005041656250001 0.4092312488372093 0.6061625
2 0.4098812511627907 0.6369520843750001 0.40959843720930234 0.6565624999999999 0.45287187441860466 0.65090625 0.45258906279069766 0.631672915625 0.4098812511627907 0.6369520843750001
2 0.4694359372093023 0.625527084375 0.47254687441860466 0.641364584375 0.5121437488372093 0.630052084375 0.5104468744186046 0.612327084375 0.4694359372093023 0.625527084375
2 0.5563875 0.65790625 0.556104688372093 0.674122915625 0.5973984372093023 0.674122915625 0.5973984372093023 0.6590374999999999 0.5563875 0.65790625
2 0.554629688372093 0.547841665625 0.5551953116279069 0.56594375 0.5973359372093022 0.56594375 0.5973359372093022 0.54821875 0.554629688372093 0.547841665625
2 0.4538812488372093 0.521985415625 0.4555781255813954 0.536314584375 0.49743593720930235 0.523116665625 0.4957390627906977 0.511427084375 0.4538812488372093 0.521985415625
2 0.39951562558139536 0.531904165625 0.40092968837209303 0.5469875 0.445617188372093 0.54133125 0.4447687511627907 0.526622915625 0.39951562558139536 0.531904165625
0 0.40816093720930235 0.559808334375 0.40900937441860463 0.575270834375 0.44238281162790694 0.571122915625 0.44153437441860466 0.556791665625 0.40816093720930235 0.559808334375
0 0.4101031255813954 0.583485415625 0.4106687488372093 0.598191665625 0.444325 0.5929125 0.44319375116279075 0.5778291656250001 0.4101031255813954 0.583485415625
0 0.4669515627906977 0.573597915625 0.46921406279069766 0.5894375000000001 0.5014578116279069 0.578877084375 0.49947812558139537 0.5645479156250001 0.4669515627906977 0.573597915625
0 0.46202187441860465 0.549433334375 0.46371874883720926 0.564139584375 0.4982234372093023 0.553204165625 0.49567812558139535 0.537741665625 0.46202187441860465 0.549433334375
0 0.5596593744186046 0.580335415625 0.5593765627906977 0.594289584375 0.5919015627906977 0.5957979156250001 0.5919015627906977 0.58184375 0.5596593744186046 0.580335415625
0 0.5588718744186046 0.602095834375 0.559154688372093 0.616802084375 0.5936593744186046 0.615670834375 0.5930937488372093 0.6005874999999999 0.5588718744186046 0.602095834375