2 0.40218437441860466 0.47100625 0.40275 0.48646666562499996 0.4485687511627907 0.478547915625 0.44658749999999997 0.46233333437499996 0.40218437441860466 0.47100625
2 0.45422500000000005 0.46384166562500007 0.45790156279069766 0.478547915625 0.4989109372093023 0.46346458437500004 0.49693125116279074 0.448002084375 0.45422500000000005 0.46384166562500007
2 0.47062812558139533 0.5660375 0.47345624883720927 0.58526875 0.517295311627907 0.5705625000000001 0.5130531255813954 0.5528375 0.47062812558139533 0.5660375
2 0.4101031255813954 0.574333334375 0.409820311627907 0.5935645843749999 0.4556390627906977 0.587154165625 0.4550734372093023 0.569808334375 0.4101031255813954 0.574333334375
2 0.5566093744186046 0.595827084375 0.556892188372093 0.613552084375 0.599032811627907 0.615060415625 0.5993156255813953 0.599222915625 0.5566093744186046 0.595827084375
2 0.556892188372093 0.48835208437500005 0.5566093744186046 0.504945834375 0.5995984372093024 0.506077084375 0.5993156255813953 0.490614584375 0.556892188372093 0.48835208437500005
0 0.561417188372093 0.5173895843749999 0.5617 0.533229165625 0.594507811627907 0.533983334375 0.5936593744186046 0.519275 0.561417188372093 0.5173895843749999
0 0.5608515627906977 0.540016665625 0.5608515627906977 0.555854165625 0.5936593744186046 0.55623125 0.5933765627906977 0.53813125 0.5608515627906977 0.540016665625
0 0.4669515627906977 0.5132416656250001 0.46949687441860466 0.52719375 0.5028718744186046 0.51814375 0.4997609372093023 0.502683334375 0.4669515627906977 0.5132416656250001
0 0.4638406255813954 0.490614584375 0.4663859372093023 0.504191665625 0.4986281255813953 0.49363124999999997 0.49636562558139535 0.4811875 0.4638406255813954 0.490614584375
0 0.4106687488372093 0.49815833437499996 0.41123437441860466 0.515127084375 0.44460781162790697 0.51135625 0.44347656279069764 0.49665 0.4106687488372093 0.49815833437499996
0 0.41123437441860466 0.523045834375 0.41151718837209306 0.537754165625 0.4451734372093023 0.532097915625 0.4454562511627907 0.5166354156249999 0.41123437441860466 0.523045834375
9 0.4134968744186046 0.545672915625 0.414345311627907 0.5607562500000001 0.44658749999999997 0.5551 0.446304688372093 0.5437875 0.4134968744186046 0.545672915625
9 0.4717593744186046 0.53586875 0.4740234372093023 0.550197915625 0.5059828116279069 0.540016665625 0.5023062511627907 0.527570834375 0.4717593744186046 0.53586875
9 0.5605687511627907 0.566414584375 0.5602859372093023 0.579235415625 0.593942188372093 0.5796125 0.5936593744186046 0.566414584375 0.5605687511627907 0.566414584375