2 0.38263593720930233 0.446725 0.38372343720930235 0.459054165625 0.42614843720930234 0.456154165625 0.42560468837209303 0.440925 0.38263593720930233 0.446725
2 0.47374062558139535 0.434760415625 0.47482812558139537 0.45397708437500006 0.514532811627907 0.4456375 0.5139890627906977 0.427870834375 0.47374062558139535 0.434760415625
2 0.57545 0.41481666562499997 0.5759937511627907 0.434760415625 0.6195062488372094 0.427508334375 0.617875 0.409377084375 0.57545 0.41481666562499997
2 0.5849687511627907 0.525410415625 0.5852406255813953 0.538464584375 0.628479688372093 0.5330250000000001 0.6279359372093023 0.519608334375 0.5849687511627907 0.525410415625
2 0.48352968837209304 0.5435416656250001 0.484617188372093 0.559133334375 0.527042188372093 0.55151875 0.5254109372093023 0.536652084375 0.48352968837209304 0.5435416656250001
2 0.391882811627907 0.55333125 0.392970311627907 0.566385415625 0.436482811627907 0.5620333343749999 0.43512343720930236 0.549704165625 0.391882811627907 0.55333125
0 0.395145311627907 0.524322915625 0.3959609372093023 0.5391895843750001 0.42886718837209303 0.535927084375 0.42805156279069767 0.5210604156249999 0.395145311627907 0.524322915625
0 0.39269843720930236 0.502204165625 0.39269843720930236 0.517070834375 0.42669218837209305 0.51308125 0.4258765627906977 0.500029165625 0.39269843720930236 0.502204165625
0 0.483257811627907 0.4906 0.48407343720930235 0.50728125 0.5177953116279069 0.501479165625 0.5161640627906977 0.4844375 0.483257811627907 0.4906
0 0.4857062488372093 0.513808334375 0.4870656255813954 0.5290375 0.5205156255813953 0.5232354156250001 0.5186125 0.50800625 0.4857062488372093 0.513808334375
0 0.5876875 0.49350208437500004 0.5882312511627907 0.51054375 0.6208656255813954 0.505829165625 0.6200500000000001 0.4906 0.5876875 0.49350208437500004
0 0.5857843744186046 0.472108334375 0.5866 0.48733750000000003 0.6197781255813953 0.484075 0.6184187511627908 0.46811875000000003 0.5857843744186046 0.472108334375
9 0.39106718837209303 0.477910415625 0.3924265627906977 0.4909625 0.42560468837209303 0.48733750000000003 0.4250609372093023 0.475008334375 0.39106718837209303 0.477910415625
9 0.48135468837209305 0.46775625 0.482442188372093 0.48117291562500003 0.513445311627907 0.47319583437499996 0.5120843744186047 0.46231875 0.48135468837209305 0.46775625
9 0.5846968744186046 0.44636250000000005 0.5857843744186046 0.460141665625 0.6173296883720931 0.455429165625 0.6162421883720931 0.4431 0.5846968744186046 0.44636250000000005