2 0.447392188372093 0.534164584375 0.44768593720930233 0.5474979156249999 0.49062968837209303 0.5490666656250001 0.49062968837209303 0.537302084375 0.447392188372093 0.534164584375
2 0.5497531255813953 0.517691665625 0.550342188372093 0.5337708343750001 0.5926984372093024 0.530633334375 0.5918156255813953 0.5165145843750001 0.5497531255813953 0.517691665625
2 0.5550484372093023 0.6247604156250001 0.5556359372093023 0.642016665625 0.5971109372093023 0.639270834375 0.5962281255813953 0.6231916656250001 0.5550484372093023 0.6247604156250001
2 0.4447437511627907 0.640054165625 0.4438625 0.657704165625 0.48533593720930235 0.6624104156249999 0.4868062488372093 0.64436875 0.4447437511627907 0.640054165625
2 0.6612328116279069 0.674960415625 0.6585859372093024 0.68711875 0.6994718744186046 0.70555 0.703295311627907 0.6918249999999999 0.6612328116279069 0.674960415625
2 0.6747640627906977 0.570245834375 0.6729984372093023 0.58161875 0.7153562488372093 0.59730625 0.7168265627906978 0.583970834375 0.6747640627906977 0.570245834375
0 0.6762343744186047 0.598483334375 0.6747640627906977 0.611033334375 0.7062375 0.622797915625 0.7080015627906977 0.60985625 0.6762343744186047 0.598483334375
0 0.6738812488372092 0.618091665625 0.6715281255813953 0.635741665625 0.7035906255813954 0.645545834375 0.7056484372093024 0.631035415625 0.6738812488372092 0.618091665625
0 0.556225 0.5706375 0.556225 0.585147915625 0.5897562511627907 0.583970834375 0.59005 0.5694604156249999 0.556225 0.5706375
0 0.5556359372093023 0.548283334375 0.555929688372093 0.562008334375 0.5894625 0.560439584375 0.5885796883720931 0.544752084375 0.5556359372093023 0.548283334375
0 0.45150937441860467 0.565145834375 0.4509218744186047 0.579658334375 0.4859234372093023 0.579658334375 0.485629688372093 0.565145834375 0.45150937441860467 0.565145834375
0 0.4520984372093024 0.585147915625 0.4509218744186047 0.600835415625 0.485042188372093 0.602404165625 0.485042188372093 0.587108334375 0.4520984372093024 0.585147915625
9 0.450332811627907 0.611033334375 0.44944999999999996 0.6247604156250001 0.48386562558139534 0.625152084375 0.48386562558139534 0.611033334375 0.450332811627907 0.611033334375
9 0.5582828116279069 0.5957375 0.5582828116279069 0.609072915625 0.590932811627907 0.607110415625 0.59005 0.593777084375 0.5582828116279069 0.5957375
9 0.670645311627907 0.6435854156249999 0.668292188372093 0.6584875 0.7009421883720931 0.668685415625 0.7024140627906977 0.65691875 0.670645311627907 0.6435854156249999