2 0.5297109372093023 0.349110415625 0.5297109372093023 0.363110415625 0.5713890627906977 0.359291665625 0.5704343744186047 0.34359583437499996 0.5297109372093023 0.349110415625
2 0.5370281255813953 0.382197915625 0.5373468744186046 0.395772915625 0.5688437488372093 0.39110625 0.5685250000000001 0.376260415625 0.5370281255813953 0.382197915625
2 0.610520311627907 0.382622915625 0.6102015627906976 0.39195416562499996 0.642017188372093 0.39110625 0.642017188372093 0.382622915625 0.610520311627907 0.382622915625
2 0.6047937488372093 0.347414584375 0.604157811627907 0.3614125 0.6458343744186046 0.362260415625 0.6445625 0.347414584375 0.6047937488372093 0.347414584375
2 0.41836093720930234 0.441160415625 0.41772499999999996 0.45855208437500006 0.45972031162790694 0.458977084375 0.45972031162790694 0.442858334375 0.41836093720930234 0.441160415625
2 0.3149640627906977 0.428435415625 0.3156 0.447525 0.357595311627907 0.44413125000000003 0.35727656279069764 0.428860415625 0.3149640627906977 0.428435415625
2 0.3197359372093024 0.39958958437500003 0.3197359372093024 0.41231666562499997 0.35155000000000003 0.41189166562499996 0.3518687488372093 0.398741665625 0.3197359372093024 0.39958958437500003
2 0.423132811627907 0.41104375 0.42281406279069766 0.42504166562499995 0.45335625116279066 0.42504166562499995 0.45303906279069767 0.411466665625 0.423132811627907 0.41104375
0 0.3187812511627907 0.374139584375 0.3191 0.38431875 0.3518687488372093 0.38474375 0.35155000000000003 0.375410415625 0.3187812511627907 0.374139584375
0 0.42122343720930233 0.38643958437500003 0.4224968744186046 0.40001458437500004 0.45335625116279066 0.398741665625 0.45335625116279066 0.38601666562500003 0.42122343720930233 0.38643958437500003
0 0.537982811627907 0.40552916562499997 0.5395734372093024 0.4144375 0.5697984372093023 0.41061875 0.569479688372093 0.402135415625 0.537982811627907 0.40552916562499997
0 0.6111562511627907 0.402983334375 0.6111562511627907 0.415285415625 0.642970311627907 0.415710415625 0.642017188372093 0.40383125 0.6111562511627907 0.402983334375
7 0.3187812511627907 0.35123125 0.3184625 0.363958334375 0.35218593720930236 0.363533334375 0.35155000000000003 0.35123125 0.3187812511627907 0.35123125
7 0.314645311627907 0.31899375 0.314645311627907 0.334689584375 0.3579125 0.332991665625 0.35727656279069764 0.32111458437499996 0.314645311627907 0.31899375
7 0.41645156279069767 0.33511250000000004 0.41645156279069767 0.346989584375 0.4565375 0.347414584375 0.4578109372093023 0.33256666562500004 0.41645156279069767 0.33511250000000004
7 0.42186093720930234 0.36565416562499997 0.4221781255813954 0.37880416562499997 0.453675 0.37880416562499997 0.45399218837209304 0.363533334375 0.42186093720930234 0.36565416562499997
7 0.5395734372093024 0.428860415625 0.5402109372093024 0.43988750000000004 0.5707515627906976 0.435645834375 0.5701156255813954 0.42504166562499995 0.5395734372093024 0.428860415625
7 0.536075 0.458977084375 0.5367109372093024 0.47170208437500005 0.5767968744186047 0.467460415625 0.5764781255813953 0.452189584375 0.536075 0.458977084375
7 0.6076562511627908 0.45812916562500006 0.6076562511627908 0.46958124999999995 0.6480609372093024 0.47000624999999996 0.648379688372093 0.458977084375 0.6076562511627908 0.45812916562500006
7 0.6111562511627907 0.42801041562500003 0.6111562511627907 0.439464584375 0.6436078116279069 0.439464584375 0.642970311627907 0.42801041562500003 0.6111562511627907 0.42801041562500003