2 0.49515937441860464 0.384114584375 0.4641609372093023 0.384114584375 0.4637468744186047 0.394033334375 0.494332811627907 0.39293125 0.49515937441860464 0.384114584375
2 0.49970625116279066 0.416077084375 0.4587875 0.415527084375 0.4592 0.428752084375 0.499292188372093 0.42654791562499994 0.49970625116279066 0.416077084375
2 0.5732781255813953 0.310266665625 0.542692188372093 0.31081875000000003 0.5414515627906977 0.322391665625 0.5720375 0.322391665625 0.5732781255813953 0.310266665625
2 0.574104688372093 0.274445834375 0.5360781255813953 0.27995625 0.5348390627906977 0.29483541562500004 0.574104688372093 0.289877084375 0.574104688372093 0.274445834375
2 0.6815671883720931 0.375847915625 0.651395311627907 0.375847915625 0.6526359372093022 0.38852291562499996 0.6815671883720931 0.38631875 0.6815671883720931 0.375847915625
2 0.6857015627906977 0.40781041562500003 0.645195311627907 0.40781041562500003 0.6447828116279071 0.42158749999999995 0.6840484372093023 0.42048541562499997 0.6857015627906977 0.40781041562500003
2 0.7638187511627907 0.339475 0.743979688372093 0.33616875 0.7319937511627908 0.34223125 0.7319937511627908 0.353804165625 0.762992188372093 0.35215 0.7638187511627907 0.339475
2 0.7662984372093024 0.305858334375 0.7448062488372093 0.30310208437499997 0.7278593744186047 0.306960415625 0.7278593744186047 0.321289584375 0.7650593744186046 0.316329165625 0.7662984372093024 0.305858334375
0 0.7613390627906976 0.37419375 0.762992188372093 0.364825 0.7324062488372093 0.367029165625 0.7353 0.37695 0.7481125000000001 0.37805208437500004 0.7613390627906976 0.37419375
0 0.6823937511627907 0.356008334375 0.6509812511627907 0.356008334375 0.6505687488372093 0.363172915625 0.6823937511627907 0.363172915625 0.6823937511627907 0.356008334375
0 0.5736906255813954 0.33451458437500003 0.5418656255813954 0.337270834375 0.5422781255813953 0.347741665625 0.5732781255813953 0.344435415625 0.5736906255813954 0.33451458437500003
0 0.49474687441860465 0.36096875 0.46457343720930233 0.36262083437500003 0.46457343720930233 0.37309166562499996 0.4955734372093023 0.371439584375 0.49474687441860465 0.36096875
7 0.4930937488372093 0.337820834375 0.46457343720930233 0.338372915625 0.46333437441860464 0.347189584375 0.49226562558139536 0.3455375 0.4930937488372093 0.337820834375
7 0.499292188372093 0.3080625 0.46002656279069765 0.3080625 0.4579609372093023 0.315227084375 0.49722656279069766 0.316329165625 0.499292188372093 0.3080625
7 0.5712109372093023 0.369785415625 0.5724515627906976 0.35490625 0.5451718744186046 0.359864584375 0.544345311627907 0.362070834375 0.5451718744186046 0.36813125 0.5712109372093023 0.369785415625
7 0.5765843744186047 0.38631875 0.5373187511627907 0.390175 0.5410390627906977 0.400645834375 0.5778234372093023 0.397339584375 0.5765843744186047 0.38631875
7 0.6819812488372093 0.330658334375 0.6530484372093024 0.33176041562499997 0.6505687488372093 0.340577084375 0.6823937511627907 0.341129165625 0.6819812488372093 0.330658334375
7 0.6869406255813955 0.299795834375 0.650154688372093 0.297041665625 0.6480890627906977 0.31081875000000003 0.6869406255813955 0.309164584375 0.6869406255813955 0.299795834375
7 0.7634062488372093 0.384664584375 0.7311656255813954 0.387970834375 0.7357125 0.397891665625 0.762992188372093 0.3956875 0.7634062488372093 0.384664584375
7 0.7675390627906976 0.415527084375 0.7303390627906977 0.41773125 0.7303390627906977 0.429854165625 0.7667125 0.42765000000000003 0.7675390627906976 0.415527084375