7 0.415729688372093 0.40624583437500006 0.41542343720930236 0.418483334375 0.4561093744186046 0.417666665625 0.45580468837209304 0.40583958437499995 0.415729688372093 0.40624583437500006
7 0.3138625 0.39319375 0.3135562488372093 0.40869375 0.35638437441860465 0.40583958437499995 0.3557718744186047 0.392379165625 0.3138625 0.39319375
7 0.31845156279069764 0.425008334375 0.3187562511627907 0.43683750000000005 0.35026562558139535 0.43520624999999996 0.35026562558139535 0.42419375 0.31845156279069764 0.425008334375
7 0.4203187511627907 0.437654165625 0.4212359372093023 0.45233749999999995 0.452745311627907 0.45029791562500004 0.45305 0.435614584375 0.4203187511627907 0.437654165625
7 0.5344218744186047 0.531464584375 0.535645311627907 0.54329375 0.5754140627906976 0.5396229156250001 0.5738843744186046 0.5277937500000001 0.5344218744186047 0.531464584375
7 0.538704688372093 0.49965000000000004 0.5380937511627907 0.511070834375 0.5696015627906977 0.508216665625 0.5696015627906977 0.4963875 0.538704688372093 0.49965000000000004
7 0.6105937488372093 0.500058334375 0.6105937488372093 0.5102562500000001 0.6417968744186046 0.5114791656250001 0.6417968744186046 0.5004666656250001 0.6105937488372093 0.500058334375
7 0.6056984372093024 0.529833334375 0.6056984372093024 0.542477084375 0.6479140627906976 0.542477084375 0.6476093744186047 0.531058334375 0.6056984372093024 0.529833334375
2 0.31845156279069764 0.46987500000000004 0.3187562511627907 0.484966665625 0.3508765627906977 0.48374375000000003 0.35026562558139535 0.47028333437500003 0.31845156279069764 0.46987500000000004
2 0.314779688372093 0.500875 0.31539218837209304 0.5184124999999999 0.356995311627907 0.51800625 0.35638437441860465 0.498835415625 0.314779688372093 0.500875
2 0.41878906279069766 0.51515 0.419095311627907 0.53065 0.45763906279069766 0.530241665625 0.4570281255813954 0.514335415625 0.41878906279069766 0.51515
2 0.4212359372093023 0.48374375000000003 0.42245937441860465 0.496795834375 0.45305 0.495979165625 0.4524390627906977 0.482927084375 0.4212359372093023 0.48374375000000003
2 0.5350343744186047 0.45396875000000003 0.536257811627907 0.46620416562500006 0.5683781255813953 0.46253333437500005 0.5680718744186046 0.44907291562499996 0.5350343744186047 0.45396875000000003
2 0.6096765627906977 0.454377084375 0.6093703116279069 0.46457291562499997 0.6399609372093024 0.463758334375 0.6399609372093024 0.456008334375 0.6096765627906977 0.454377084375
2 0.6041703116279069 0.41970625000000006 0.604475 0.435614584375 0.6442437488372093 0.43479791562500003 0.6433265627906977 0.42093125000000003 0.6041703116279069 0.41970625000000006
2 0.5279984372093024 0.42174583437499996 0.5289156255813954 0.437245834375 0.569295311627907 0.43194375 0.5683781255813953 0.416852084375 0.5279984372093024 0.42174583437499996
0 0.3178390627906977 0.44785 0.3187562511627907 0.45845416562499997 0.34995937441860464 0.457639584375 0.35057187441860466 0.44907291562499996 0.3178390627906977 0.44785
0 0.42215468837209297 0.46008750000000004 0.42215468837209297 0.47150625 0.452745311627907 0.46987500000000004 0.45305 0.46090208437499997 0.42215468837209297 0.46008750000000004
0 0.5365640627906977 0.477625 0.536870311627907 0.485375 0.5686843744186046 0.482927084375 0.5677671883720931 0.475179165625 0.5365640627906977 0.477625
0 0.6090640627906976 0.475179165625 0.6099812488372094 0.4886375 0.6414906255813952 0.487414584375 0.640267188372093 0.477216665625 0.6090640627906976 0.475179165625