2 0.33933437441860465 0.565670834375 0.2980875 0.56374375 0.298492188372093 0.578714584375 0.3140187511627907 0.5791625 0.33899687441860465 0.5791625 0.33933437441860465 0.565670834375
2 0.30291250000000003 0.535039584375 0.30355468837209304 0.545433334375 0.334270311627907 0.545433334375 0.334607811627907 0.535989584375 0.30291250000000003 0.535039584375
2 0.45613906279069766 0.46169374999999996 0.4146343744186046 0.4603125 0.41428593720930235 0.476983334375 0.433525 0.477433334375 0.4554640627906977 0.477433334375 0.45613906279069766 0.46169374999999996
2 0.4514140627906977 0.494072915625 0.41946093720930233 0.49198541562500003 0.4190109372093023 0.5057666656250001 0.44095 0.5057666656250001 0.45175156279069767 0.5057666656250001 0.4514140627906977 0.494072915625
2 0.5597734372093023 0.47356458437500004 0.5189328116279069 0.47614791562500003 0.519270311627907 0.49020416562499997 0.5364843744186046 0.48885625 0.5597734372093023 0.48750625000000003 0.5597734372093023 0.47356458437500004
2 0.5252437511627908 0.507327084375 0.524670311627907 0.5189874999999999 0.5553859372093023 0.5194375 0.5550484372093023 0.50729375 0.5252437511627908 0.507327084375
2 0.6217468744186047 0.47862291562500003 0.621275 0.497897915625 0.664142188372093 0.49609791562499994 0.663467188372093 0.47990833437499997 0.6217468744186047 0.47862291562500003
2 0.6269437511627907 0.512770834375 0.6283625 0.526679165625 0.6590781255813953 0.526229165625 0.6587406255813953 0.5127375 0.6269437511627907 0.512770834375
0 0.628057811627907 0.537514584375 0.6287 0.550514584375 0.6594156255813953 0.5491645843749999 0.6590781255813953 0.538372915625 0.628057811627907 0.537514584375
0 0.5245015627906977 0.532070834375 0.5251984372093024 0.541525 0.5569265627906976 0.540175 0.5565890627906976 0.52983125 0.5245015627906977 0.532070834375
0 0.4198312511627907 0.5192041656249999 0.4197125 0.531091665625 0.45110312558139537 0.52974375 0.4507656255813953 0.5194 0.4198312511627907 0.5192041656249999
0 0.3032843744186047 0.5093062500000001 0.30330937441860467 0.5219125 0.3347 0.5232625 0.3357125 0.5133687499999999 0.3032843744186047 0.5093062500000001
7 0.41946093720930233 0.539989584375 0.4190359372093023 0.55299375 0.4514390627906977 0.55344375 0.4514390627906977 0.5399520843750001 0.41946093720930233 0.539989584375
7 0.29882968837209306 0.456352084375 0.2985375 0.46889583437500004 0.339717188372093 0.46979375 0.340392188372093 0.45990000000000003 0.29882968837209306 0.456352084375
7 0.30365468837209303 0.48852083437499993 0.3032625 0.498127084375 0.3360031255813954 0.499925 0.3366781255813953 0.49093125000000004 0.30365468837209303 0.48852083437499993
7 0.45478906279069764 0.58436875 0.4551265627906977 0.570877084375 0.4318375 0.570427084375 0.413892188372093 0.570177084375 0.41428593720930235 0.5762729156249999 0.41428593720930235 0.584816665625 0.43689999999999996 0.58436875 0.45478906279069764 0.58436875
7 0.5259859372093023 0.553845834375 0.526104688372093 0.5651604156250001 0.557495311627907 0.5642625 0.556482811627907 0.55301875 0.5259859372093023 0.553845834375
7 0.562220311627907 0.58405 0.5396062488372093 0.586297915625 0.5196765627906977 0.5855187500000001 0.522392188372093 0.596641665625 0.5416312511627908 0.597091665625 0.5601953116279069 0.59529375 0.562220311627907 0.58405
7 0.6607531255813954 0.55855 0.6482640627906977 0.561247915625 0.6284281255813953 0.561764584375 0.6276750000000001 0.574739584375 0.6398265627906977 0.574739584375 0.6604156255813953 0.573389584375 0.6607531255813954 0.55855
7 0.6651406255813953 0.603070834375 0.665817188372093 0.5900291656250001 0.6486015627906976 0.5931770843749999 0.623232811627907 0.59294375 0.6239625 0.5967749999999999 0.6253124999999999 0.604870834375 0.6540031255813953 0.605770834375 0.6651406255813953 0.603070834375