2 0.49077343720930233 0.8100895843749999 0.475575 0.8138229156250001 0.45917499999999994 0.80955625 0.45917499999999994 0.81915625 0.48917343720930234 0.8180895843749999 0.49077343720930233 0.8100895843749999
2 0.4939734372093023 0.849554165625 0.4951734372093023 0.8388875 0.47077499999999994 0.841554165625 0.457175 0.8404875 0.456775 0.8532875000000001 0.479975 0.854354165625 0.4939734372093023 0.849554165625
2 0.565970311627907 0.7359604156249999 0.5367718744186046 0.737027084375 0.5367718744186046 0.748760415625 0.565970311627907 0.745027084375 0.565970311627907 0.7359604156249999
2 0.550770311627907 0.718895834375 0.5615703116279069 0.717829165625 0.5699687488372093 0.7135625 0.5707687488372093 0.7002291656249999 0.5315718744186047 0.705029165625 0.5295718744186046 0.721027084375 0.5323718744186047 0.7199625000000001 0.550770311627907 0.718895834375
2 0.6763640627906977 0.80155625 0.6683640627906977 0.80475625 0.6475656255813953 0.80315625 0.6467656255813954 0.81275625 0.6743640627906976 0.81115625 0.6763640627906977 0.80155625
2 0.6799640627906977 0.83195625 0.6623640627906977 0.83675625 0.6415656255813954 0.8340895843749999 0.6415656255813954 0.846354165625 0.6807640627906977 0.8484875000000001 0.6799640627906977 0.83195625
2 0.7555593744186047 0.774891665625 0.7571593744186046 0.7642249999999999 0.7275609372093024 0.766358334375 0.7259609372093023 0.779158334375 0.7499593744186046 0.7796916656249999 0.7555593744186047 0.774891665625
2 0.7599593744186046 0.7327604156249999 0.7207609372093023 0.7327604156249999 0.7227609372093022 0.7482270843750001 0.7603593744186046 0.74609375 0.7599593744186046 0.7327604156249999
0 0.4887734372093023 0.793025 0.48957343720930235 0.785558334375 0.46957499999999996 0.789291665625 0.46037500000000003 0.786091665625 0.458775 0.7956916656249999 0.468775 0.797291665625 0.4887734372093023 0.793025
0 0.567570311627907 0.761025 0.5391718744186047 0.7642249999999999 0.5395718744186047 0.772758334375 0.567570311627907 0.766891665625 0.567570311627907 0.761025
0 0.6767640627906977 0.782358334375 0.6475656255813953 0.782891665625 0.6483656255813953 0.788758334375 0.6763640627906977 0.789291665625 0.6767640627906977 0.782358334375
0 0.7471593744186046 0.80475625 0.7567593744186046 0.80315625 0.7587593744186046 0.791425 0.7275609372093024 0.792491665625 0.7287609372093024 0.802622915625 0.7367609372093024 0.80475625 0.7471593744186046 0.80475625
7 0.4903734372093023 0.763158334375 0.46797500000000003 0.766358334375 0.458375 0.763158334375 0.45917499999999994 0.772758334375 0.4879734372093023 0.773291665625 0.4903734372093023 0.763158334375
7 0.4915734372093023 0.742360415625 0.49357343720930236 0.7327604156249999 0.471175 0.734360415625 0.457175 0.734360415625 0.453975 0.733827084375 0.455175 0.7439604156249999 0.4915734372093023 0.742360415625
7 0.5667703116279069 0.792491665625 0.568370311627907 0.7796916656249999 0.5399718744186046 0.785558334375 0.5383718744186047 0.786091665625 0.5387718744186046 0.794091665625 0.5667703116279069 0.792491665625
7 0.5727687488372093 0.8228895843749999 0.5723687488372093 0.810622915625 0.553970311627907 0.81755625 0.5351718744186047 0.8170229156250001 0.5355718744186047 0.826622915625 0.554370311627907 0.827689584375 0.5727687488372093 0.8228895843749999
7 0.6767640627906977 0.756760415625 0.6475656255813953 0.758360415625 0.6479656255813954 0.766358334375 0.6763640627906977 0.766891665625 0.6767640627906977 0.756760415625
7 0.6811640627906977 0.73489375 0.6807640627906977 0.72529375 0.6631640627906977 0.7284937499999999 0.6435656255813954 0.725827084375 0.6419656255813952 0.737027084375 0.6579640627906977 0.737027084375 0.6811640627906977 0.73489375
7 0.7575593744186047 0.82075625 0.7571593744186046 0.8148895843749999 0.7471593744186046 0.8116895843749999 0.7271609372093023 0.8116895843749999 0.7275609372093024 0.82555625 0.7427609372093024 0.8250229156250001 0.7575593744186047 0.82075625
7 0.7607593744186046 0.852220834375 0.7611593744186047 0.842620834375 0.7491593744186047 0.846354165625 0.7251609372093024 0.8468875 0.7259609372093023 0.857020834375 0.7467593744186047 0.8548875 0.7607593744186046 0.852220834375