2 0.501142188372093 0.3880375 0.47789531162790694 0.386845834375 0.4618015627906977 0.388635415625 0.460907811627907 0.40055625 0.4993531255813954 0.398170834375 0.501142188372093 0.3880375
2 0.49532968837209307 0.357639584375 0.46493124883720927 0.357639584375 0.46537812558139535 0.368964584375 0.49309531162790693 0.364791665625 0.49532968837209307 0.357639584375
2 0.5713281255813953 0.28134375 0.5400343744186046 0.285514584375 0.5445062488372093 0.295647915625 0.5708812488372093 0.29445625 0.5713281255813953 0.28134375
2 0.5753515627906977 0.264652084375 0.5753515627906977 0.24736666562499998 0.5378 0.251539584375 0.5395875 0.252135415625 0.5342234372093023 0.2670375 0.5753515627906977 0.264652084375
2 0.6830906255813953 0.350485415625 0.6535859372093022 0.351083334375 0.6526921883720931 0.359427084375 0.6826437488372094 0.36061875 0.6830906255813953 0.350485415625
2 0.686667188372093 0.382077084375 0.6473265627906977 0.382077084375 0.6477734372093024 0.394595834375 0.6835375 0.398170834375 0.686667188372093 0.382077084375
2 0.7640062511627908 0.31055 0.7322656255813953 0.3123375 0.7322656255813953 0.32664375 0.7631125 0.324260415625 0.7640062511627908 0.31055
2 0.767582811627907 0.277170834375 0.7403125 0.277766665625 0.7291375000000001 0.282535415625 0.7291375000000001 0.293860415625 0.7662421883720931 0.29266875 0.767582811627907 0.277170834375
0 0.753725 0.352870834375 0.7626656255813953 0.34750625 0.7640062511627908 0.334391665625 0.7313718744186047 0.340354165625 0.7331609372093023 0.34869791562499997 0.741654688372093 0.352870834375 0.753725 0.352870834375
0 0.6834609372093022 0.32916666562499997 0.6652437488372094 0.32916666562499997 0.6511093744186047 0.32916666562499997 0.652679688372093 0.335866665625 0.6815765627906977 0.336704165625 0.6834609372093022 0.32916666562499997
0 0.546517188372093 0.319535415625 0.5549984372093023 0.319116665625 0.5641062511627907 0.318279165625 0.5729015627906976 0.316604165625 0.5738437511627907 0.30738958437499997 0.5408640627906977 0.311158334375 0.541492188372093 0.312414584375 0.5436906255813954 0.319116665625 0.546517188372093 0.319535415625
0 0.47773124883720935 0.34508125 0.492179688372093 0.34424375 0.49375 0.3413125 0.4924937511627907 0.333354165625 0.4849562511627907 0.333354165625 0.47427656279069763 0.335029165625 0.465482811627907 0.334191665625 0.4642265627906977 0.3446625 0.46799531162790703 0.34508125 0.47773124883720935 0.34508125
7 0.4943781255813953 0.310320834375 0.4642265627906977 0.309902084375 0.46485468837209304 0.32037291562500003 0.49406406279069764 0.319954165625 0.4943781255813953 0.310320834375
7 0.4981484372093023 0.2805875 0.4595140627906977 0.27933125 0.45857187441860464 0.28770625 0.4981484372093023 0.28770625 0.4981484372093023 0.2805875
7 0.5729015627906976 0.328329165625 0.544004688372093 0.330841665625 0.544004688372093 0.34173125 0.5738437511627907 0.34089375 0.5729015627906976 0.328329165625
7 0.5794968744186046 0.360995834375 0.576042188372093 0.35931875 0.5681906255813953 0.35931875 0.5392937511627907 0.363927084375 0.539607811627907 0.373558334375 0.5769843744186047 0.371045834375 0.5794968744186046 0.360995834375
7 0.682832811627907 0.30320208437499996 0.6523656255813953 0.303620834375 0.652679688372093 0.314091665625 0.6831468744186047 0.311995834375 0.682832811627907 0.30320208437499996
7 0.687857811627907 0.27137500000000003 0.6485968744186047 0.27095625 0.647654688372093 0.2831 0.6881718744186046 0.281425 0.687857811627907 0.27137500000000003
7 0.7648109372093023 0.366020834375 0.7626125 0.3597375 0.7531890627906977 0.3580625 0.7431390627906977 0.35931875 0.7312031255813953 0.3597375 0.7337156255813954 0.373139584375 0.7607281255813954 0.369789584375 0.7648109372093023 0.366020834375
7 0.7704640627906977 0.389054165625 0.766695311627907 0.386960415625 0.7478499999999999 0.38947291562499997 0.730575 0.393241665625 0.7283765627906977 0.404547915625 0.768579688372093 0.397010415625 0.7704640627906977 0.389054165625