7 0.3103375 0.6462375 0.3106125 0.6609499999999999 0.35254374883720935 0.657639584375 0.351992188372093 0.645133334375 0.3103375 0.6462375
7 0.31530312558139534 0.6749270843749999 0.3147515627906977 0.689270834375 0.3473015627906977 0.6870645843750001 0.3473015627906977 0.676397915625 0.31530312558139534 0.6749270843749999
7 0.4170937511627907 0.6878 0.41764531162790697 0.702879165625 0.44936875116279074 0.702879165625 0.448817188372093 0.685960415625 0.4170937511627907 0.6878
7 0.4118515627906977 0.65874375 0.41267968837209307 0.6730875000000001 0.4535062511627907 0.67014375 0.4526781255813953 0.656535415625 0.4118515627906977 0.65874375
7 0.5340562488372093 0.7514291656250001 0.533779688372093 0.76283125 0.5655031255813954 0.75805 0.5638484372093023 0.745545834375 0.5340562488372093 0.7514291656250001
7 0.5293671883720931 0.779752084375 0.530745311627907 0.7970375 0.5721234372093024 0.791154165625 0.5721234372093024 0.7793833343750001 0.5293671883720931 0.779752084375
7 0.6035718744186047 0.781958334375 0.6035718744186047 0.793360415625 0.6427437511627907 0.7937270843750001 0.6427437511627907 0.783429165625 0.6035718744186047 0.781958334375
7 0.6377781255813953 0.761360415625 0.6375015627906977 0.7514291656250001 0.6068817581395349 0.74887919375 0.6071578116279069 0.761360415625 0.6377781255813953 0.761360415625
0 0.6055031255813954 0.727522915625 0.6060546883720931 0.739660415625 0.6361218744186046 0.739660415625 0.6361218744186046 0.72641875 0.6055031255813954 0.727522915625
0 0.5329531255813954 0.726052084375 0.533779688372093 0.737454165625 0.5646765627906977 0.733775 0.564125 0.723108334375 0.5329531255813954 0.726052084375
0 0.4162656255813953 0.7109708343750001 0.41681718837209303 0.7223729156250001 0.45074843720930236 0.720166665625 0.4496437488372093 0.7091333343749999 0.4162656255813953 0.7109708343750001
0 0.31612968837209304 0.6969937500000001 0.31530312558139534 0.7106041656250001 0.348129688372093 0.708764584375 0.34757812558139534 0.6973625 0.31612968837209304 0.6969937500000001
2 0.31557812558139536 0.71943125 0.31557812558139536 0.73671875 0.34757812558139534 0.733775 0.34702656279069766 0.720533334375 0.31557812558139536 0.71943125
2 0.3125437488372093 0.7510625 0.3111656255813954 0.770922915625 0.3528187511627907 0.766877084375 0.35309531162790697 0.7510625 0.3125437488372093 0.7510625
2 0.4146109372093023 0.766141665625 0.41433437441860466 0.7849 0.4551609372093023 0.7823249999999999 0.45378281162790696 0.76356875 0.4146109372093023 0.766141665625
2 0.41654218837209306 0.73156875 0.4170937511627907 0.7484875 0.4513 0.746647915625 0.449092188372093 0.730097915625 0.41654218837209306 0.73156875
2 0.5301937511627908 0.703614584375 0.530470311627907 0.7190624999999999 0.5649515627906977 0.71465 0.5635718744186047 0.7010395843749999 0.5301937511627908 0.703614584375
2 0.52385 0.67014375 0.524125 0.6870645843750001 0.5663312488372093 0.6819145843750001 0.5652281255813953 0.6672020843750001 0.52385 0.67014375
2 0.5997093744186046 0.67271875 0.5997093744186046 0.6870645843750001 0.6410874999999999 0.684489584375 0.639432811627907 0.67088125 0.5997093744186046 0.67271875
2 0.6038468744186046 0.7050854156249999 0.6049515627906976 0.71428125 0.6358468744186047 0.712810415625 0.6361218744186046 0.703614584375 0.6038468744186046 0.7050854156249999