0 0.3030625 0.562104165625 0.30249062558139533 0.57203125 0.33373281162790697 0.573433334375 0.33408437441860467 0.565014584375 0.3030625 0.562104165625
0 0.418867188372093 0.569822915625 0.41912031162790697 0.581491665625 0.45001093720930235 0.581022915625 0.449307811627907 0.5697979156249999 0.418867188372093 0.569822915625
0 0.5234781255813954 0.582177084375 0.5245390627906976 0.593095834375 0.5543765627906977 0.59169375 0.5547265627906977 0.583275 0.5234781255813954 0.582177084375
0 0.6265437511627907 0.589895834375 0.6274453116279071 0.6023562499999999 0.6593890627906978 0.601420834375 0.6593890627906978 0.589260415625 0.6265437511627907 0.589895834375
7 0.6277968744186047 0.614516665625 0.6280890627906978 0.623866665625 0.6597406255813953 0.622935415625 0.6597406255813953 0.611710415625 0.6277968744186047 0.614516665625
7 0.6643031255813954 0.654272915625 0.665707811627907 0.641177084375 0.640082811627907 0.643983334375 0.6222984372093023 0.643939584375 0.6228812488372093 0.65053125 0.623232811627907 0.657079165625 0.6541234372093023 0.65614375 0.6643031255813954 0.654272915625
7 0.5250218744186047 0.604822915625 0.5248359372093023 0.615770834375 0.555025 0.6162395843749999 0.5557265627906977 0.6036104156250001 0.5250218744186047 0.604822915625
7 0.560642188372093 0.645704165625 0.560992188372093 0.634479165625 0.5416859372093022 0.635883334375 0.5207765627906976 0.6372479156249999 0.520975 0.6419625 0.5213265627906977 0.647108334375 0.5402812488372093 0.647575 0.560642188372093 0.645704165625
7 0.419254688372093 0.59195625 0.419245311627907 0.6027625 0.4501359372093023 0.6027625 0.4504875 0.5915375 0.419254688372093 0.59195625
7 0.45434843720930235 0.635035415625 0.4561031255813954 0.621470834375 0.43293593720930235 0.621470834375 0.4134640627906977 0.620777084375 0.41362812558139533 0.6280187500000001 0.41433125116279074 0.6341 0.43820156279069766 0.6364375 0.45434843720930235 0.635035415625
7 0.33472343720930237 0.5413833343750001 0.3026765627906977 0.539972915625 0.30207656279069767 0.549333334375 0.315767188372093 0.5502687500000001 0.33472343720930237 0.551204165625 0.33472343720930237 0.5413833343750001
7 0.33963750000000004 0.509110415625 0.317379688372093 0.50763125 0.2972734372093023 0.506002084375 0.2971625 0.51893125 0.31506562558139534 0.51893125 0.33928593720930234 0.520804165625 0.33963750000000004 0.509110415625
2 0.30229062558139536 0.585779165625 0.30228593720930236 0.596497915625 0.332825 0.596964584375 0.33352812558139533 0.58714375 0.30229062558139536 0.585779165625
2 0.338442188372093 0.629704165625 0.33774062558139534 0.6175437500000001 0.29650156279069767 0.614602084375 0.29737187441860463 0.621285415625 0.29772187441860465 0.627833334375 0.31808281162790697 0.6292375 0.338442188372093 0.629704165625
2 0.4541484372093023 0.5277125 0.4541484372093023 0.509260415625 0.43279843720930233 0.51195 0.4140796883720931 0.510658334375 0.4131781255813954 0.516564584375 0.4131781255813954 0.52694375 0.4342406255813953 0.527327084375 0.4541484372093023 0.5277125
2 0.41894843720930236 0.544627084375 0.4191562511627907 0.55676875 0.45010937441860466 0.5603875 0.45010937441860466 0.5450125 0.41894843720930236 0.544627084375
2 0.524492188372093 0.557191665625 0.5245421883720931 0.570422915625 0.5548375 0.568502084375 0.5551265627906976 0.5577375 0.524492188372093 0.557191665625
2 0.5190984372093024 0.5258875 0.5190609372093024 0.5389 0.5588765627906976 0.538516665625 0.5588765627906976 0.523908334375 0.5190984372093024 0.5258875
2 0.6617984372093023 0.5278375 0.6459296883720931 0.532066665625 0.6206265627906976 0.533079165625 0.6208281255813953 0.5470604156250001 0.642467188372093 0.546675 0.6617984372093023 0.5451374999999999 0.6617984372093023 0.5278375
2 0.6589125 0.563975 0.626654688372093 0.56480625 0.6260218744186047 0.578197915625 0.6465062488372093 0.577814584375 0.6592015627906977 0.57704375 0.6589125 0.563975