2 0.6519015627906977 0.664279165625 0.6126437488372093 0.663666665625 0.6129843744186046 0.679802084375 0.6515 0.680070834375 0.6519015627906977 0.664279165625
2 0.6474875 0.6955958343749999 0.616595311627907 0.69746875 0.616595311627907 0.710316665625 0.6474875 0.710316665625 0.6474875 0.6955958343749999
0 0.6164062511627907 0.7345770843749999 0.647479688372093 0.73466875 0.647279688372093 0.721822915625 0.6163859372093023 0.722358334375 0.6164062511627907 0.7345770843749999
7 0.6470781255813953 0.741895834375 0.6176609372093023 0.7429375 0.6175890627906976 0.757689584375 0.6464765627906977 0.7550125000000001 0.6470781255813953 0.741895834375
7 0.6520937488372093 0.784989584375 0.652695311627907 0.7726770843749999 0.635042188372093 0.77615625 0.6138968744186046 0.775047915625 0.6137781255813953 0.7887375 0.6388531255813953 0.7882020843750001 0.6520937488372093 0.784989584375
7 0.5275906255813954 0.693322915625 0.5651031255813954 0.693591665625 0.566507811627907 0.6836875 0.5273890627906976 0.682885415625 0.5275906255813954 0.693322915625
7 0.561292188372093 0.713397915625 0.5306 0.7142000000000001 0.531 0.724104165625 0.5610906255813953 0.723302084375 0.561292188372093 0.713397915625
0 0.561692188372093 0.73909375 0.5318031255813953 0.74043125 0.5312015627906976 0.746320834375 0.561292188372093 0.746052084375 0.561692188372093 0.73909375
2 0.5613375 0.7563479156249999 0.5488999999999999 0.76009375 0.5314484372093023 0.758220834375 0.5324515627906977 0.7713354156250001 0.5619390627906976 0.7699979156250001 0.5613375 0.7563479156249999
2 0.5667546883720931 0.788197915625 0.5482984372093023 0.7914104156249999 0.52685 0.7901 0.5270343744186047 0.8042583343749999 0.56535 0.805864584375 0.5667546883720931 0.788197915625
7 0.48237812558139537 0.711179165625 0.48197656279069767 0.701275 0.4609140627906977 0.703147915625 0.44281250000000005 0.701797915625 0.4432609372093023 0.710108334375 0.45268906279069765 0.71064375 0.48237812558139537 0.711179165625
7 0.4765609372093023 0.732322915625 0.4474734372093023 0.731520834375 0.44707187441860463 0.73981875 0.4765609372093023 0.740889584375 0.4765609372093023 0.732322915625
0 0.47716250000000004 0.7673875 0.4761593744186047 0.7582875 0.471145311627907 0.7553416656249999 0.4540937488372093 0.75480625 0.44732812558139534 0.755983334375 0.4474734372093023 0.766316665625 0.4685359372093023 0.765514584375 0.47716250000000004 0.7673875
2 0.47756406279069763 0.786122915625 0.4769625 0.777289584375 0.4675343744186047 0.779833334375 0.44732812558139534 0.7790625 0.4472734372093023 0.7858562499999999 0.4639234372093023 0.787997915625 0.47756406279069763 0.786122915625
2 0.48157656279069766 0.8088749999999999 0.4609140627906977 0.8086062500000001 0.44256249999999997 0.807491665625 0.4434609372093023 0.820652084375 0.48097343720930236 0.8217229156249999 0.48157656279069766 0.8088749999999999
2 0.39717812558139537 0.700875 0.39657656279069764 0.6840124999999999 0.35626718837209304 0.687414584375 0.357057811627907 0.70381875 0.3787218744186046 0.7035520843749999 0.39717812558139537 0.700875
2 0.39356718837209304 0.72978125 0.39356718837209304 0.718272915625 0.36153437441860464 0.720529165625 0.36227343720930233 0.731120834375 0.3789234372093024 0.733529165625 0.39356718837209304 0.72978125
0 0.3933656255813954 0.744504165625 0.3627890627906977 0.7466166656250001 0.3624734372093023 0.75628125 0.39356718837209304 0.755477084375 0.3933656255813954 0.744504165625
7 0.394770311627907 0.764041665625 0.3624734372093023 0.766452084375 0.36267343720930234 0.777425 0.39376718837209307 0.7760875 0.394770311627907 0.764041665625
7 0.3863453116279069 0.8098124999999999 0.39838124883720927 0.8060645843750001 0.39737812558139535 0.79268125 0.382332811627907 0.797233334375 0.357270311627907 0.798795834375 0.357057811627907 0.8063333343749999 0.37170156279069766 0.811685415625 0.3863453116279069 0.8098124999999999