7 0.4523140627906977 0.6451041656250001 0.4528437511627907 0.6613458343749999 0.49309687441860467 0.662758334375 0.49283281162790693 0.6518125 0.4523140627906977 0.6451041656250001
7 0.4541687511627907 0.677235415625 0.4539031255813954 0.692066665625 0.48674062558139536 0.693479165625 0.4870062511627907 0.681827084375 0.4541687511627907 0.677235415625
7 0.512429688372093 0.687475 0.5116343744186046 0.7026583343749999 0.5436781255813954 0.70230625 0.5444718744186047 0.688535415625 0.512429688372093 0.687475
7 0.5092515627906977 0.659229165625 0.506867188372093 0.672645834375 0.548975 0.6715875 0.548445311627907 0.6564041656249999 0.5092515627906977 0.659229165625
7 0.5886968744186046 0.7415 0.5886968744186046 0.755622915625 0.6212703116279069 0.754210415625 0.6199468744186046 0.7411458343749999 0.5886968744186046 0.7415
7 0.585254688372093 0.7722187500000001 0.585254688372093 0.786695834375 0.6252421883720931 0.786341665625 0.6263015627906976 0.77363125 0.585254688372093 0.7722187500000001
7 0.6649656255813954 0.7828125 0.6652312511627907 0.796229165625 0.7054843744186046 0.7976416656249999 0.7062781255813954 0.784577084375 0.6649656255813954 0.7828125
7 0.669732811627907 0.753504165625 0.6684093744186046 0.7630375 0.7012468744186047 0.76445 0.7009812511627908 0.754564584375 0.669732811627907 0.753504165625
0 0.45346718837209304 0.698139584375 0.45321249999999996 0.710722915625 0.4853484372093023 0.713102084375 0.485857811627907 0.7029 0.45346718837209304 0.698139584375
0 0.5128937511627907 0.708341665625 0.5131484372093024 0.722964584375 0.5447734372093024 0.72364375 0.544007811627907 0.709020834375 0.5128937511627907 0.708341665625
0 0.5881312488372092 0.719222915625 0.5886406255813953 0.731125 0.6205218744186046 0.730445834375 0.6210312488372093 0.7178625000000001 0.5881312488372092 0.719222915625
0 0.6694906255813954 0.726704165625 0.6692343744186047 0.743027084375 0.7011156255813953 0.743027084375 0.7008609372093023 0.729085415625 0.6694906255813954 0.726704165625
2 0.6682156255813954 0.704602084375 0.6684703116279069 0.717522915625 0.701625 0.717183334375 0.7021359372093023 0.70698125 0.6682156255813954 0.704602084375
2 0.6628593744186047 0.6726354156250001 0.6636234372093023 0.688958334375 0.703920311627907 0.689979165625 0.7044312511627907 0.67535625 0.6628593744186047 0.6726354156250001
2 0.581754688372093 0.6631145843749999 0.5822656255813954 0.6811375 0.6230718744186047 0.67875625 0.6228171883720931 0.6610729156249999 0.581754688372093 0.6631145843749999
2 0.5878765627906977 0.696439584375 0.5871109372093023 0.712083334375 0.6210312488372093 0.709020834375 0.6210312488372093 0.6947395843749999 0.5878765627906977 0.696439584375
2 0.511617188372093 0.732825 0.512382811627907 0.749489584375 0.5447734372093024 0.74846875 0.544007811627907 0.732825 0.511617188372093 0.732825
2 0.45321249999999996 0.7222833343749999 0.45244843720930233 0.73690625 0.4843281255813954 0.739627084375 0.484582811627907 0.726704165625 0.45321249999999996 0.7222833343749999
2 0.447092188372093 0.75085 0.44683750000000005 0.771933334375 0.485857811627907 0.773633334375 0.48815312558139534 0.755270834375 0.447092188372093 0.75085
2 0.5083031255813953 0.764110415625 0.5067718744186046 0.78349375 0.5473234372093023 0.7862145843749999 0.5483437511627907 0.764452084375 0.5083031255813953 0.764110415625