2 0.398982811627907 0.562570834375 0.3856734372093023 0.5628270843750001 0.38278124883720926 0.565916665625 0.359207811627907 0.5654583343749999 0.3596343744186047 0.582902084375 0.3991765627906977 0.580327084375 0.398982811627907 0.562570834375
2 0.395125 0.597570834375 0.3649968744186047 0.598583334375 0.3642640627906977 0.610439584375 0.395125 0.6099249999999999 0.395125 0.597570834375
0 0.396475 0.623822915625 0.365720311627907 0.625597915625 0.366 0.633345834375 0.39589687441860466 0.633345834375 0.396475 0.623822915625
7 0.39609062558139535 0.643897915625 0.36561406279069764 0.643639584375 0.3663859372093023 0.65599375 0.39609062558139535 0.656508334375 0.39609062558139535 0.643897915625
7 0.4012984372093023 0.685591665625 0.4016843744186046 0.672722915625 0.37988750000000004 0.675554165625 0.36089687441860463 0.6754479156250001 0.3615625 0.6879062499999999 0.383745311627907 0.6894520843749999 0.4012984372093023 0.685591665625
7 0.48595468837209305 0.579235415625 0.44387187441860465 0.57864375 0.4450625 0.5879854156250001 0.48595468837209305 0.590302084375 0.48595468837209305 0.579235415625
7 0.4795890627906977 0.609604165625 0.4499031255813954 0.60951875 0.450270311627907 0.6193833343749999 0.479782811627907 0.618354165625 0.4795890627906977 0.609604165625
0 0.479975 0.6443479156249999 0.4788187511627907 0.63328125 0.4499031255813954 0.6329958343750001 0.4498843744186046 0.64615 0.47090937441860464 0.644091665625 0.479975 0.6443479156249999
2 0.47920312558139533 0.656702084375 0.4503843744186046 0.6558937499999999 0.4504640627906977 0.665966665625 0.4795890627906977 0.665966665625 0.47920312558139533 0.656702084375
2 0.48421874883720933 0.699166665625 0.48421874883720933 0.686814584375 0.4616515627906977 0.687329165625 0.44531875116279074 0.685097915625 0.4467984372093023 0.699939584375 0.4641593744186046 0.7012270843749999 0.48421874883720933 0.699166665625
7 0.5691312511627907 0.5605854156250001 0.5304656255813953 0.5606333343750001 0.5303609372093023 0.572425 0.5693234372093023 0.571910415625 0.5691312511627907 0.5605854156250001
7 0.5635375 0.591983334375 0.5338437511627907 0.5934375000000001 0.533832811627907 0.603822915625 0.563729688372093 0.6033083343750001 0.5635375 0.591983334375
0 0.563729688372093 0.617720834375 0.5331187511627907 0.618845834375 0.5342187488372093 0.6244125 0.5641156255813954 0.62466875 0.563729688372093 0.617720834375
2 0.5648875 0.63728125 0.534567188372093 0.638141665625 0.5342187488372093 0.6501479156250001 0.565079688372093 0.650920834375 0.5648875 0.63728125
2 0.5685515627906976 0.66765 0.530225 0.6674083343749999 0.5303609372093023 0.68335 0.5675875 0.683864584375 0.5685515627906976 0.66765
2 0.6549343744186047 0.5419104156250001 0.6360687511627907 0.541697915625 0.615625 0.542745834375 0.615617188372093 0.558620834375 0.6550937511627907 0.5579854156249999 0.6549343744186047 0.5419104156250001
2 0.6501781255813953 0.574275 0.6192640627906977 0.575754165625 0.6192640627906977 0.589927084375 0.6508125 0.5892937500000001 0.6501781255813953 0.574275
0 0.6509718744186047 0.6005041656250001 0.6195890627906977 0.601958334375 0.6189468744186046 0.6151 0.6512890627906978 0.6155229156249999 0.6509718744186047 0.6005041656250001
7 0.6506546883720931 0.6326583343750001 0.650495311627907 0.621447915625 0.6191937488372092 0.622047915625 0.6192640627906977 0.634985415625 0.6354343744186046 0.6345625 0.6506546883720931 0.6326583343750001
7 0.6543 0.6646 0.6549343744186047 0.650427084375 0.6373374999999999 0.654658334375 0.6154265627906976 0.654033334375 0.6157750000000001 0.665445834375 0.6382874999999999 0.665445834375 0.6543 0.6646