2 0.3339968744186046 0.834491665625 0.294879688372093 0.8356375 0.294020311627907 0.8471 0.33227812558139536 0.8448083343749999 0.3339968744186046 0.834491665625
2 0.32755 0.803541665625 0.29960937441860463 0.8041145843749999 0.297029688372093 0.8121395843749999 0.32668906279069765 0.810991665625 0.32755 0.803541665625
2 0.44489999999999996 0.7703 0.4457593744186047 0.7605562499999999 0.41523906279069767 0.761129165625 0.41523906279069767 0.77201875 0.4328640627906977 0.7743125 0.44489999999999996 0.7703
2 0.408792188372093 0.7445083343750001 0.4470484372093023 0.746227084375 0.450057811627907 0.7284604156250001 0.43931093720930237 0.72960625 0.41309062558139537 0.7313270843749999 0.4100812488372093 0.7307520843749999 0.40922187441860464 0.725020834375 0.408792188372093 0.7445083343750001
2 0.5510734372093024 0.773739584375 0.5184046883720931 0.776604165625 0.517975 0.78749375 0.548495311627907 0.7869208343749999 0.5510734372093024 0.773739584375
2 0.5536531255813953 0.7548250000000001 0.554082811627907 0.738777084375 0.5136765627906976 0.743935415625 0.5141062511627907 0.758264584375 0.517545311627907 0.758264584375 0.5536531255813953 0.7548250000000001
2 0.6555281255813954 0.7450812499999999 0.6348953116279069 0.751958334375 0.6159812511627907 0.7508125 0.6159812511627907 0.762847915625 0.6550984372093023 0.762275 0.6555281255813954 0.7450812499999999
2 0.6520890627906977 0.793225 0.6525187511627907 0.78004375 0.6422031255813953 0.782335415625 0.622429688372093 0.78348125 0.6241484372093024 0.794370834375 0.642632811627907 0.79551875 0.6520890627906977 0.793225
0 0.33012812558139537 0.78004375 0.30003906279069764 0.78004375 0.2983187488372093 0.790933334375 0.32711874883720926 0.790360415625 0.33012812558139537 0.78004375
0 0.4461890627906977 0.7863479156250001 0.41437968837209305 0.7880666656249999 0.41523906279069767 0.796664584375 0.4453296883720931 0.79551875 0.4461890627906977 0.7863479156250001
0 0.5502140627906977 0.803541665625 0.5510734372093024 0.7972375 0.5201250000000001 0.800102084375 0.5235625 0.8064083343749999 0.5407578116279069 0.8087 0.5502140627906977 0.803541665625
0 0.6550984372093023 0.8064083343749999 0.6228593744186046 0.8087 0.6232890627906976 0.8201625 0.6525187511627907 0.817870834375 0.6550984372093023 0.8064083343749999
7 0.653379688372093 0.8224562499999999 0.6387640627906976 0.831052084375 0.621570311627907 0.8287604156249999 0.6245796883720931 0.8419416656250001 0.6546687511627907 0.839077084375 0.653379688372093 0.8224562499999999
7 0.6576781255813954 0.871172915625 0.6606875 0.8551249999999999 0.6576781255813954 0.86085625 0.635325 0.862002084375 0.620279688372093 0.8602833343749999 0.621570311627907 0.870025 0.6262984372093023 0.871172915625 0.6576781255813954 0.871172915625
7 0.5510734372093024 0.8201625 0.5222734372093023 0.8201625 0.5218437511627907 0.8316250000000001 0.548925 0.833345834375 0.5510734372093024 0.8201625
7 0.5553718744186047 0.8488208343749999 0.53345 0.8539770843750001 0.515825 0.85283125 0.5188343744186047 0.863147915625 0.5527937511627907 0.8614291656249999 0.5553718744186047 0.8488208343749999
7 0.4453296883720931 0.80698125 0.41523906279069767 0.809845834375 0.41567031162790696 0.8184437499999999 0.44189062558139536 0.819016665625 0.4453296883720931 0.80698125
7 0.4470484372093023 0.84939375 0.4487687488372093 0.836210415625 0.41996874883720925 0.8419416656250001 0.4105109372093023 0.835064584375 0.4100812488372093 0.8471 0.4234062511627907 0.851685415625 0.4470484372093023 0.84939375
7 0.3292687511627907 0.7553979156249999 0.297029688372093 0.757116665625 0.299179688372093 0.7657145843750001 0.32411093720930234 0.76800625 0.3292687511627907 0.7553979156249999
7 0.3348562488372093 0.72616875 0.30820625116279066 0.72960625 0.294879688372093 0.724447915625 0.294020311627907 0.7353375 0.33227812558139536 0.737058334375 0.3348562488372093 0.72616875