2 0.5251437511627907 0.6296625 0.5260984372093024 0.6458062499999999 0.5659312511627906 0.6402833343750001 0.5637 0.6232895843749999 0.5251437511627907 0.6296625
2 0.5987531255813954 0.6288125 0.5993890627906977 0.64665625 0.6392218744186047 0.643258334375 0.6395406255813953 0.6283875 0.5987531255813954 0.6288125
2 0.6057625 0.661952084375 0.6064 0.673 0.6379468744186046 0.6725749999999999 0.6363531255813953 0.661952084375 0.6057625 0.661952084375
2 0.5315156255813953 0.6602520843749999 0.5318343744186047 0.673847915625 0.5624265627906977 0.670875 0.5624265627906977 0.6555791656250001 0.5315156255813953 0.6602520843749999
2 0.4142515627906977 0.721435415625 0.41393281162790696 0.740129165625 0.4544015627906977 0.738429165625 0.454082811627907 0.721435415625 0.4142515627906977 0.721435415625
2 0.41871250000000004 0.69041875 0.4183937488372093 0.705289584375 0.44994062558139536 0.703164584375 0.44994062558139536 0.68999375 0.41871250000000004 0.69041875
2 0.3116437488372093 0.707839584375 0.31196250000000003 0.727383334375 0.3527515627906977 0.724833334375 0.3527515627906977 0.7086875 0.3116437488372093 0.707839584375
2 0.31515 0.677672915625 0.3157875 0.69211875 0.34669687441860464 0.69126875 0.3476531255813954 0.679372915625 0.31515 0.677672915625
7 0.31483124883720925 0.6330604156249999 0.3157875 0.6458062499999999 0.3460593744186047 0.6449583343749999 0.34669687441860464 0.6334854156249999 0.31483124883720925 0.6330604156249999
7 0.3100515627906977 0.6020458343749999 0.31100781162790697 0.6173416656249999 0.35147656279069767 0.614791665625 0.3521140627906976 0.601620834375 0.3100515627906977 0.6020458343749999
7 0.41138281162790696 0.615216665625 0.41138281162790696 0.6305125 0.4531265627906977 0.6266875 0.4531265627906977 0.6118166656249999 0.41138281162790696 0.615216665625
7 0.4164812511627907 0.64708125 0.41679999999999995 0.6615270843750001 0.44834687441860466 0.659404165625 0.44834687441860466 0.643258334375 0.4164812511627907 0.64708125
7 0.5311984372093023 0.738004165625 0.5315156255813953 0.75245 0.5732593744186046 0.747352084375 0.5719859372093024 0.73375625 0.5311984372093023 0.738004165625
7 0.6025765627906976 0.7375791656249999 0.6032140627906977 0.75075 0.6433640627906977 0.749902084375 0.6427265627906976 0.739704165625 0.6025765627906976 0.7375791656249999
7 0.6054437488372094 0.705714584375 0.6064 0.7193104156250001 0.6382656255813954 0.719735415625 0.6373093744186046 0.707839584375 0.6054437488372094 0.705714584375
7 0.5334281255813954 0.705714584375 0.5337468744186047 0.718885415625 0.5659312511627906 0.715485415625 0.564975 0.702314584375 0.5334281255813954 0.705714584375
0 0.5331093744186046 0.684045834375 0.5331093744186046 0.695091665625 0.564975 0.69084375 0.5646562511627907 0.6827708343750001 0.5331093744186046 0.684045834375
0 0.6060812488372093 0.683195834375 0.6060812488372093 0.695941665625 0.6373093744186046 0.694666665625 0.6369906255813954 0.683620834375 0.6060812488372093 0.683195834375
0 0.41743749999999996 0.6679 0.41743749999999996 0.679797915625 0.44930312558139535 0.678522915625 0.44866562558139533 0.666202084375 0.41743749999999996 0.6679
0 0.3154687511627907 0.6547291656249999 0.31515 0.6679 0.34797187441860467 0.665352084375 0.34733437441860465 0.653879165625 0.3154687511627907 0.6547291656249999