7 0.4532437511627907 0.4139125 0.4532437511627907 0.42975 0.493632811627907 0.4318625 0.49389687441860464 0.418135415625 0.4532437511627907 0.4139125
7 0.4548281255813954 0.44629375 0.4543 0.46037083437500004 0.486504688372093 0.46213125 0.486504688372093 0.45016458437500007 0.4548281255813954 0.44629375
7 0.5142218744186047 0.457204165625 0.513957811627907 0.471633334375 0.544579688372093 0.471633334375 0.5443156255813953 0.456852084375 0.5142218744186047 0.457204165625
7 0.5092062488372093 0.425175 0.5092062488372093 0.43960625000000003 0.5506500000000001 0.43925416562499997 0.5511781255813953 0.4272875 0.5092062488372093 0.425175
7 0.5905109372093024 0.510702084375 0.5902468744186046 0.524077084375 0.6211312488372093 0.524077084375 0.6216593744186046 0.510702084375 0.5905109372093024 0.510702084375
7 0.5873437488372093 0.5437875 0.5873437488372093 0.555754165625 0.6272031255813953 0.5525875 0.627467188372093 0.541675 0.5873437488372093 0.5437875
7 0.6665359372093024 0.551883334375 0.6668 0.563497915625 0.7069234372093023 0.56490625 0.7074515627906978 0.5543458343750001 0.6665359372093024 0.551883334375
7 0.6710234372093024 0.522316665625 0.6712874999999999 0.533229165625 0.7024359372093024 0.532877084375 0.7024359372093024 0.523020834375 0.6710234372093024 0.522316665625
2 0.45403593720930235 0.492752084375 0.4537718744186046 0.506127084375 0.4859765627906977 0.5078875 0.48676874883720933 0.495216665625 0.45403593720930235 0.492752084375
2 0.44743593720930236 0.520558334375 0.44664531162790694 0.5399166656250001 0.48967187441860466 0.542027084375 0.48967187441860466 0.5254854156250001 0.44743593720930236 0.520558334375
2 0.509470311627907 0.532172915625 0.5097343744186046 0.550827084375 0.5503875 0.551179165625 0.549595311627907 0.534635415625 0.509470311627907 0.532172915625
2 0.513429688372093 0.503310415625 0.513429688372093 0.51915 0.5456359372093024 0.516333334375 0.5453718744186047 0.5012 0.513429688372093 0.503310415625
2 0.5889265627906977 0.46565 0.5889265627906977 0.48008125 0.6211312488372093 0.47691458437499995 0.620867188372093 0.462483334375 0.5889265627906977 0.46565
2 0.582592188372093 0.432566665625 0.5839109372093023 0.446995834375 0.625092188372093 0.44594166562500004 0.6245640627906976 0.43045416562499994 0.582592188372093 0.432566665625
2 0.6644234372093023 0.442420834375 0.6644234372093023 0.45755625 0.7069234372093023 0.4565 0.7053390627906977 0.442772915625 0.6644234372093023 0.442420834375
2 0.6689109372093024 0.47445000000000004 0.669175 0.486416665625 0.7019078116279069 0.4857125 0.7021718744186046 0.4765625 0.6689109372093024 0.47445000000000004
0 0.6707593744186047 0.49697500000000006 0.6710234372093024 0.5128145843749999 0.7027 0.5128145843749999 0.7024359372093024 0.496272915625 0.6707593744186047 0.49697500000000006
0 0.589454688372093 0.488529165625 0.5905109372093024 0.500847915625 0.621395311627907 0.50014375 0.6216593744186046 0.486416665625 0.589454688372093 0.488529165625
0 0.5129031255813953 0.47550625 0.5136937511627907 0.493808334375 0.5456359372093024 0.49169583437500003 0.5458984372093023 0.47726666562500003 0.5129031255813953 0.47550625
0 0.453507811627907 0.46670625 0.453507811627907 0.47972916562499995 0.486504688372093 0.481841665625 0.48703281162790696 0.471283334375 0.453507811627907 0.46670625