7 0.3788562488372093 0.248577084375 0.342917188372093 0.24608124999999997 0.33954843720930233 0.260058334375 0.38035312558139533 0.26055625 0.3788562488372093 0.248577084375
7 0.372117188372093 0.33842500000000003 0.34104531162790697 0.335429165625 0.33767656279069763 0.34641041562499997 0.370245311627907 0.352402084375 0.372117188372093 0.33842500000000003
7 0.505017188372093 0.263052084375 0.46945156279069766 0.260058334375 0.4668312488372093 0.2715375 0.5065140627906977 0.27603125 0.505017188372093 0.263052084375
7 0.4986531255813953 0.3534 0.470575 0.352402084375 0.46795468837209303 0.362383334375 0.5008984372093023 0.36288333437500003 0.4986531255813953 0.3534
7 0.6315515627906977 0.386841665625 0.5948640627906977 0.377358334375 0.5948640627906977 0.39383124999999997 0.6289312511627906 0.40131875 0.6315515627906977 0.386841665625
7 0.635670311627907 0.309475 0.6364187488372093 0.296495834375 0.6012281255813954 0.29100625 0.6042234372093024 0.3009875 0.6102124999999999 0.302485415625 0.635670311627907 0.309475
0 0.6337984372093023 0.3304375 0.6191984372093023 0.327941665625 0.602725 0.32494791562500003 0.6016031255813954 0.337925 0.6323 0.34241875 0.6337984372093023 0.3304375
0 0.6345468744186047 0.37386458437500003 0.6341718744186047 0.36338333437500003 0.6139562511627907 0.36038749999999997 0.598607811627907 0.355395834375 0.5937406255813954 0.368372915625 0.6195718744186046 0.368372915625 0.6345468744186047 0.37386458437500003
0 0.5016468744186047 0.322452084375 0.4716984372093023 0.317460415625 0.46945156279069766 0.328441665625 0.50015 0.333433334375 0.5016468744186047 0.322452084375
0 0.5057656255813954 0.29150416562500003 0.4698265627906977 0.284016665625 0.4698265627906977 0.29849166562499996 0.5042687511627907 0.299491665625 0.5057656255813954 0.29150416562500003
0 0.3545218744186046 0.284516665625 0.3766093744186046 0.2865125 0.37773281162790695 0.278027084375 0.343292188372093 0.274033334375 0.340670311627907 0.27553125 0.341420311627907 0.28301875 0.3545218744186046 0.284516665625
0 0.37286562558139535 0.32045625 0.372117188372093 0.306479165625 0.343292188372093 0.302485415625 0.3417937488372093 0.299491665625 0.3421687511627907 0.31596250000000003 0.37286562558139535 0.32045625
2 0.37324062558139537 0.369870834375 0.3346812488372093 0.364879165625 0.33318437441860466 0.3753625 0.3713687488372093 0.37985416562499996 0.37324062558139537 0.369870834375
2 0.502770311627907 0.384845834375 0.4627140627906977 0.381352084375 0.4623390627906977 0.3898375 0.5016468744186047 0.394829165625 0.502770311627907 0.384845834375
2 0.6401625000000001 0.280025 0.6420343744186046 0.26854374999999997 0.6195718744186046 0.26455 0.6042234372093024 0.265547915625 0.6004796883720931 0.274533334375 0.6229406255813953 0.274033334375 0.6401625000000001 0.280025