7 0.3752359372093023 0.377416665625 0.3758062511627907 0.36641666562499997 0.3385375 0.363004165625 0.33455468837209307 0.3770375 0.36670156279069765 0.381589584375 0.3752359372093023 0.377416665625
7 0.36641718837209303 0.46731458437500006 0.36727031162790696 0.45328125 0.33569374883720926 0.452522915625 0.3351234372093024 0.4627625 0.3547531255813954 0.46845208437499997 0.36641718837209303 0.46731458437500006
7 0.494525 0.46954791562500003 0.463370311627907 0.467445834375 0.4629765627906977 0.47848750000000007 0.494525 0.481116665625 0.494525 0.46954791562500003
7 0.627029688372093 0.5032 0.5899593744186047 0.492158334375 0.5895656255813954 0.5105625 0.627029688372093 0.5173979156249999 0.627029688372093 0.5032
7 0.6333390627906977 0.41328750000000003 0.600607811627907 0.40960625000000006 0.6013953116279069 0.41959583437500003 0.6321562488372092 0.42590625 0.6333390627906977 0.41328750000000003
7 0.502017188372093 0.38068749999999996 0.466525 0.37648125 0.466525 0.388575 0.5035953116279069 0.392254165625 0.502017188372093 0.38068749999999996
0 0.501229688372093 0.40697708437499996 0.465342188372093 0.40119375 0.4641593744186046 0.41381249999999997 0.499257811627907 0.418545834375 0.501229688372093 0.40697708437499996
0 0.4972859372093023 0.43747499999999995 0.465342188372093 0.436422915625 0.4641593744186046 0.44746458437500003 0.495707811627907 0.451145834375 0.4972859372093023 0.43747499999999995
0 0.6290015627906976 0.4464125 0.5998187511627906 0.44220625 0.599029688372093 0.45430000000000004 0.6282125 0.45955833437500004 0.6290015627906976 0.4464125
0 0.627817188372093 0.49110624999999997 0.6293953116279071 0.47848750000000007 0.6088890627906977 0.477435415625 0.5958749999999999 0.472177084375 0.591142188372093 0.484797915625 0.6053390627906977 0.48322083437499996 0.627817188372093 0.49110624999999997
0 0.36714687441860466 0.42169999999999996 0.33599218837209305 0.42012291562500004 0.33362656279069763 0.431164584375 0.36714687441860466 0.436422915625 0.36714687441860466 0.42169999999999996
0 0.37266875116279075 0.40224583437500006 0.3746406255813954 0.394358334375 0.3367812488372093 0.389625 0.33717656279069763 0.400141665625 0.36359843720930235 0.403822915625 0.37266875116279075 0.40224583437500006
2 0.37069687441860466 0.4869 0.3308656255813954 0.48374583437499996 0.3292890627906977 0.491633334375 0.36951406279069765 0.495839584375 0.37069687441860466 0.4869
2 0.49807343720930236 0.50215 0.459032811627907 0.49846874999999996 0.457454688372093 0.508458334375 0.49610156279069767 0.5126645843750001 0.49807343720930236 0.50215
2 0.637282811627907 0.395935415625 0.6388593744186047 0.38489375 0.6021843744186046 0.37963541562500003 0.6002125 0.375954165625 0.5974515627906977 0.39015208437500004 0.637282811627907 0.395935415625