2 0.4064843744186047 0.13265625 0.4076125 0.12014166562499999 0.386570311627907 0.119639584375 0.3669 0.11770624999999998 0.3647765627906977 0.12214375 0.36515312558139534 0.130654165625 0.38732187441860466 0.13115416562499999 0.4064843744186047 0.13265625
2 0.45850312558139533 0.25571875 0.46789687441860467 0.255216665625 0.4686484372093024 0.24220000000000003 0.4446015627906977 0.2412 0.42735468837209306 0.2391625 0.4269406255813954 0.24370208437500002 0.42769218837209305 0.2512125 0.441970311627907 0.254216665625 0.45850312558139533 0.25571875
2 0.5676156255813953 0.2702125 0.5672390627906977 0.2602 0.5649843744186047 0.25819583437500004 0.5431906255813953 0.26220208437500003 0.5247312488372092 0.2647625 0.525154688372093 0.271714584375 0.5281609372093024 0.278222915625 0.5510812511627907 0.27521874999999996 0.5676156255813953 0.2702125
7 0.5265734372093024 0.23479166562499998 0.5272625 0.248714584375 0.561079688372093 0.243208334375 0.5591999999999999 0.22918958437499998 0.5265734372093024 0.23479166562499998
7 0.5600093744186047 0.15061875 0.5588812511627907 0.14210833437499998 0.5547484372093023 0.133095834375 0.520470311627907 0.141616665625 0.5190515627906976 0.148114584375 0.5190515627906976 0.161133334375 0.5449781255813954 0.155125 0.5600093744186047 0.15061875
7 0.47423593720930235 0.135133334375 0.47348437441860464 0.128625 0.47122968837209306 0.1191125 0.43682656279069765 0.1155 0.4314 0.122616665625 0.4314 0.13463125 0.45394531162790697 0.13413124999999998 0.47423593720930235 0.135133334375
7 0.46346093720930237 0.210752084375 0.432967188372093 0.20787499999999998 0.4318984372093023 0.22376875 0.44730468837209303 0.22477083437499998 0.4645890627906977 0.22477083437499998 0.46346093720930237 0.210752084375
7 0.397679688372093 0.256460415625 0.40331562558139533 0.251454165625 0.403692188372093 0.2399375 0.37738906279069767 0.2399375 0.362454688372093 0.234116665625 0.36160781162790695 0.24444375 0.3649890627906977 0.25495833437500004 0.38227343720930235 0.255458334375 0.397679688372093 0.256460415625
7 0.40119062558139534 0.15148958437499999 0.3681640627906977 0.150989584375 0.36887656279069764 0.16400625 0.384282811627907 0.165008334375 0.40006406279069767 0.165008334375 0.40119062558139534 0.15148958437499999
0 0.38810156279069763 0.18430625 0.3685625 0.18330416562500002 0.3674 0.19553958437500002 0.40125312558139536 0.19732291562499998 0.40237968837209304 0.18330416562500002 0.38810156279069763 0.18430625
0 0.40335625116279067 0.22965624999999998 0.40147812558139534 0.217139584375 0.38381718837209305 0.21964375 0.36608437441860464 0.21441249999999998 0.36277499999999996 0.228654165625 0.3800609372093023 0.22765416562500002 0.39208437441860466 0.228654165625 0.40335625116279067 0.22965624999999998
0 0.4341093744186047 0.17700416562500002 0.4325125 0.1916625 0.465954688372093 0.19266250000000001 0.465954688372093 0.17814375 0.4341093744186047 0.17700416562500002
0 0.470129688372093 0.15186249999999998 0.4505906255813954 0.1513625 0.43167187441860466 0.14815833437499998 0.4333062488372093 0.159372915625 0.4562265627906977 0.160375 0.467875 0.160875 0.470129688372093 0.15186249999999998
0 0.556242188372093 0.1774375 0.557370311627907 0.169427084375 0.5584968744186046 0.16241875 0.5404609372093023 0.164420834375 0.519807811627907 0.16717500000000002 0.519795311627907 0.1764375 0.52205 0.183445834375 0.5359515627906977 0.180441665625 0.556242188372093 0.1774375
0 0.5261468744186046 0.201595834375 0.526345311627907 0.21352916562500002 0.5595890627906976 0.21060833437499998 0.5573343744186047 0.196089584375 0.5261468744186046 0.201595834375