2 0.45647187441860465 0.527964584375 0.4567484372093023 0.51500625 0.43563124883720933 0.513895834375 0.41620937441860467 0.511360415625 0.4145125 0.523520834375 0.43424218837209305 0.525002084375 0.45647187441860465 0.527964584375
2 0.522604688372093 0.6419958343750001 0.5000968744186046 0.642366665625 0.4809875 0.641733334375 0.48314687441860465 0.654214584375 0.5209375 0.6560645843749999 0.522604688372093 0.6419958343750001
2 0.5703984372093024 0.5572125 0.552892188372093 0.556102084375 0.5524906255813953 0.567175 0.594017188372093 0.56795 0.5954062511627908 0.5575833343750001 0.5703984372093024 0.5572125
7 0.48814843720930234 0.51796875 0.48620312558139533 0.522041665625 0.48526562558139535 0.532952084375 0.5242718744186047 0.5338875 0.5214937488372093 0.5187083343750001 0.48814843720930234 0.51796875
7 0.48731562558139535 0.6120062500000001 0.4840437511627907 0.6254354156249999 0.5195484372093023 0.626445834375 0.519270311627907 0.61311875 0.48731562558139535 0.6120062500000001
7 0.5895718744186047 0.688275 0.59235 0.673095834375 0.5612281255813953 0.671614584375 0.5524906255813953 0.671475 0.551225 0.682720834375 0.5581718744186046 0.689385415625 0.5895718744186047 0.688275
7 0.444245311627907 0.6494 0.44896874883720933 0.6445875 0.4506359372093023 0.630889584375 0.4094859372093024 0.630325 0.41062187441860465 0.640514584375 0.4134015627906977 0.645697915625 0.444245311627907 0.6494
7 0.45174687441860467 0.5442541656250001 0.4183484372093023 0.54273125 0.4186812511627907 0.554620834375 0.45007968837209306 0.556841665625 0.45174687441860467 0.5442541656250001
7 0.5906828116279069 0.5864604156250001 0.5653968744186046 0.585720834375 0.5576843744186046 0.5842875000000001 0.5590062511627907 0.598308334375 0.5895718744186047 0.59756875 0.5906828116279069 0.5864604156250001
0 0.588182811627907 0.6175604156250001 0.5561562511627907 0.6168812499999999 0.5570609372093023 0.631258334375 0.5884593744186046 0.629408334375 0.588182811627907 0.6175604156250001
0 0.58985 0.650141665625 0.5534062488372093 0.649475 0.5520593744186046 0.660508334375 0.5912390627906977 0.662729165625 0.58985 0.650141665625
0 0.5198265627906976 0.579427084375 0.4877109372093023 0.578583334375 0.48731562558139535 0.5927541656249999 0.5195484372093023 0.593125 0.5198265627906976 0.579427084375
0 0.5237156255813954 0.548327084375 0.49954062558139534 0.546845834375 0.48557187441860467 0.546804165625 0.4884265627906977 0.5572125 0.5212156255813953 0.5575833343750001 0.5237156255813954 0.548327084375
0 0.44980312558139535 0.5753541656250001 0.4155984372093023 0.574102084375 0.416179688372093 0.588683334375 0.4492468744186046 0.590904165625 0.44980312558139535 0.5753541656250001
0 0.4303515627906977 0.623483334375 0.450357811627907 0.623854165625 0.44896874883720933 0.607564584375 0.414070311627907 0.607102084375 0.41062187441860465 0.6138583343749999 0.4111781255813953 0.620522915625 0.4303515627906977 0.623483334375