7 0.5595031255813954 0.7018875 0.5601640627906976 0.718210415625 0.6002000000000001 0.717327084375 0.6002000000000001 0.701004165625 0.5595031255813954 0.7018875
7 0.5631421883720931 0.7927666656250001 0.56215 0.8108541656250001 0.5975531255813953 0.80953125 0.5968906255813953 0.79453125 0.5631421883720931 0.7927666656250001
7 0.7113718744186046 0.838647915625 0.7123656255813954 0.8558520843749999 0.750745311627907 0.854970834375 0.7510765627906977 0.8377645843750001 0.7113718744186046 0.838647915625
7 0.7120343744186046 0.748208334375 0.7126953116279069 0.765414584375 0.7461140627906977 0.763208334375 0.7457828116279069 0.74776875 0.7120343744186046 0.748208334375
7 0.41226562558139535 0.7433562499999999 0.412595311627907 0.76144375 0.44700625116279075 0.7623270843750001 0.44866093720930234 0.7460041656249999 0.41226562558139535 0.7433562499999999
7 0.44601406279069766 0.834235415625 0.4036625 0.8333541656250001 0.40498593720930237 0.8518812499999999 0.4436984372093023 0.8523229156250001 0.4450218744186047 0.8536458343750001 0.44601406279069766 0.834235415625
2 0.40994843720930235 0.713358334375 0.410279688372093 0.730120834375 0.45230000000000004 0.731004165625 0.4532937511627907 0.716004165625 0.40994843720930235 0.713358334375
2 0.5591718744186046 0.8262937499999999 0.560495311627907 0.839529165625 0.6031781255813954 0.8373229156249999 0.6038390627906977 0.824089584375 0.5591718744186046 0.8262937499999999
2 0.707732811627907 0.721297915625 0.707732811627907 0.734975 0.7497531255813954 0.7340916656250001 0.7504156255813953 0.719533334375 0.707732811627907 0.721297915625
0 0.7133578116279069 0.7826187499999999 0.7140187488372093 0.8002666656249999 0.7474375 0.79761875 0.746775 0.780414584375 0.7133578116279069 0.7826187499999999
0 0.7107109372093023 0.813060415625 0.7100484372093023 0.8262937499999999 0.7510765627906977 0.8254125 0.7497531255813954 0.8108541656250001 0.7107109372093023 0.813060415625
0 0.5638031255813953 0.761002084375 0.5644656255813953 0.778208334375 0.5965593744186046 0.777766665625 0.5975531255813953 0.760120834375 0.5638031255813953 0.761002084375
0 0.5585093744186046 0.728797915625 0.5624796883720931 0.744239584375 0.6002000000000001 0.742914584375 0.6002000000000001 0.72835625 0.5585093744186046 0.728797915625
0 0.41127187441860463 0.775120834375 0.41127187441860463 0.7927666656250001 0.4443593744186047 0.79453125 0.44535156279069765 0.777325 0.41127187441860463 0.775120834375
0 0.40597812558139534 0.808647915625 0.405317188372093 0.8271770843749999 0.44700625116279075 0.828060415625 0.446675 0.808647915625 0.40597812558139534 0.808647915625