7 0.37198906279069766 0.504464584375 0.33661874883720927 0.503404165625 0.3322468744186046 0.5171812499999999 0.3739765627906977 0.5187729156249999 0.37198906279069766 0.504464584375
7 0.36483593720930235 0.59401875 0.3338375 0.59401875 0.3322468744186046 0.605145834375 0.3616562511627907 0.609914584375 0.36483593720930235 0.59401875
7 0.4934437488372093 0.610679165625 0.46171093720930234 0.608564584375 0.4606531255813954 0.62125625 0.49291562558139534 0.619845834375 0.4934437488372093 0.610679165625
0 0.49873281162790695 0.547214584375 0.46329843720930236 0.541572915625 0.4654140627906977 0.5549708343749999 0.4960890627906977 0.558495834375 0.49873281162790695 0.547214584375
7 0.5013781255813953 0.522533334375 0.4654140627906977 0.5183020843749999 0.460125 0.529583334375 0.5008484372093023 0.532404165625 0.5013781255813953 0.522533334375
7 0.6283078116279069 0.6459374999999999 0.5870562511627907 0.635360415625 0.5870562511627907 0.6515791656250001 0.620375 0.660041665625 0.6283078116279069 0.6459374999999999
7 0.6119125 0.5641375 0.6240781255813953 0.56484375 0.6283078116279069 0.5641375 0.629895311627907 0.5549708343749999 0.5976328116279069 0.549329165625 0.5960468744186047 0.5549708343749999 0.6018640627906977 0.5613166656249999 0.6119125 0.5641375
0 0.6256640627906976 0.5867041656249999 0.5960468744186047 0.58035625 0.5934031255813953 0.5937541656249999 0.6246062511627907 0.6015125 0.6256640627906976 0.5867041656249999
0 0.6267218744186047 0.6191416656250001 0.6045093744186046 0.619845834375 0.5891718744186046 0.61279375 0.5881140627906977 0.622666665625 0.626192188372093 0.62971875 0.6267218744186047 0.6191416656250001
0 0.4950312511627907 0.578945834375 0.46488437441860464 0.574714584375 0.46382656279069767 0.5859979156249999 0.4934437488372093 0.5909333343750001 0.4950312511627907 0.578945834375
0 0.36069531162790697 0.54439375 0.37127343720930234 0.542983334375 0.37285937441860467 0.535225 0.3522328116279069 0.536635415625 0.3358375 0.5331104156250001 0.3416562488372093 0.542277084375 0.346945311627907 0.54439375 0.36069531162790697 0.54439375
0 0.3665125 0.562727084375 0.336367188372093 0.5592020843750001 0.3358375 0.573304165625 0.367570311627907 0.578241665625 0.3665125 0.562727084375
2 0.36598437441860465 0.62619375 0.3263187488372093 0.623372915625 0.330020311627907 0.63395 0.36386874883720927 0.639591665625 0.36598437441860465 0.62619375
2 0.4934437488372093 0.650872915625 0.4960890627906977 0.643116665625 0.45325000000000004 0.6381812499999999 0.452720311627907 0.639591665625 0.45959531162790696 0.648758334375 0.4934437488372093 0.650872915625
2 0.6378281255813953 0.5260583343749999 0.6135 0.5232375 0.599220311627907 0.520416665625 0.5971046883720931 0.529583334375 0.6341265627906977 0.5345208343750001 0.6378281255813953 0.5260583343749999