0 0.401075 0.21084999999999998 0.40144062558139537 0.196258334375 0.39231406279069764 0.193825 0.369382811627907 0.1938375 0.36858437441860464 0.20987708437500002 0.37588593720930236 0.20841875 0.38975781162790696 0.208904165625 0.401075 0.21084999999999998
0 0.40144062558139537 0.229333334375 0.3806312488372093 0.2273875 0.367854688372093 0.225441665625 0.36416406279069763 0.236658334375 0.39085312558139534 0.238089584375 0.4047265627906977 0.240520834375 0.40144062558139537 0.229333334375
0 0.5350109372093023 0.191379165625 0.53355 0.178245834375 0.516392188372093 0.175327084375 0.500657811627907 0.176708334375 0.5003281255813954 0.19040625 0.508725 0.188945834375 0.5251531255813954 0.189433334375 0.5350109372093023 0.191379165625
0 0.5185812488372094 0.156841665625 0.534645311627907 0.159760415625 0.5361062511627906 0.154410415625 0.538295311627907 0.143222915625 0.5262484372093024 0.14176249999999999 0.49825 0.14245000000000002 0.497042188372093 0.15051874999999998 0.4995984372093023 0.16073333437499998 0.5101859372093023 0.157329165625 0.5185812488372094 0.156841665625
0 0.7270484372093023 0.189875 0.7285078116279069 0.17382291562500002 0.714270311627907 0.170904165625 0.6941609372093023 0.17081875 0.6938265627906977 0.187929165625 0.7029531255813953 0.185983334375 0.713175 0.185495834375 0.7270484372093023 0.189875
0 0.7335734372093023 0.144970834375 0.7156843744186047 0.142539584375 0.6929562488372093 0.141379165625 0.694875 0.15323958437500002 0.710207811627907 0.152754165625 0.7302875 0.15615833437499999 0.7335734372093023 0.144970834375
7 0.7263468744186047 0.20558958437500002 0.715029688372093 0.203645834375 0.6929562488372093 0.204541665625 0.693125 0.217752084375 0.7040781255813954 0.218725 0.7259812511627908 0.222129165625 0.7263468744186047 0.20558958437500002
7 0.7186796883720931 0.12825 0.7351093744186047 0.13214166562500002 0.7351093744186047 0.12290000000000001 0.729632811627907 0.115116665625 0.7175843744186047 0.113170834375 0.6985765627906977 0.111404165625 0.6942203116279069 0.11657500000000001 0.6927593744186046 0.129222915625 0.7037125000000001 0.125816665625 0.7186796883720931 0.12825
7 0.5092875 0.13265625 0.524620311627907 0.131685415625 0.5403187488372093 0.134116665625 0.538492188372093 0.125360415625 0.5348421883720931 0.11903749999999999 0.5260796883720931 0.117579165625 0.505075 0.11568541562500001 0.5001593744186047 0.122441665625 0.49870000000000003 0.126820834375 0.497604688372093 0.13460208437500001 0.5092875 0.13265625
7 0.5339906255813953 0.22386875 0.5332593744186047 0.21024791562499998 0.522307811627907 0.208302084375 0.4998562488372093 0.210964584375 0.4989437511627907 0.22386875 0.5109906255813953 0.222408334375 0.5197515627906977 0.222408334375 0.5339906255813953 0.22386875
7 0.40215 0.1628125 0.388642188372093 0.162327084375 0.369382811627907 0.16225625 0.3685625 0.174 0.3824359372093023 0.174972915625 0.401054688372093 0.17691874999999999 0.40215 0.1628125
7 0.3917875 0.26838125 0.4009156255813954 0.269354165625 0.4049312511627907 0.262058334375 0.4049312511627907 0.253789584375 0.3895984372093024 0.250870834375 0.36295937441860465 0.247364584375 0.36258281162790695 0.255735415625 0.36367812558139534 0.26595 0.37609062558139533 0.26692291562500003 0.3917875 0.26838125
2 0.3892218744186047 0.142879165625 0.40784062558139533 0.145797915625 0.407475 0.134608334375 0.39725312558139536 0.13120416562499998 0.3895859372093023 0.13071875 0.36817812558139534 0.128533334375 0.36512656279069766 0.135095834375 0.36439687441860463 0.1443375 0.3746187488372093 0.143364584375 0.3892218744186047 0.142879165625
2 0.528075 0.253695834375 0.5375671883720929 0.255154165625 0.5382968744186046 0.242508334375 0.523329688372093 0.238616665625 0.5127421883720931 0.23812916562500003 0.49584062558139536 0.239335415625 0.4944890627906977 0.24591249999999998 0.49558281162790696 0.253208334375 0.5112812511627908 0.253695834375 0.528075 0.253695834375
2 0.7276609372093024 0.250727084375 0.7287562488372092 0.23953958437499998 0.7203593744186046 0.23808125000000002 0.7101375 0.236135415625 0.685729688372093 0.233447915625 0.6849468744186046 0.2468375 0.700645311627907 0.247322915625 0.7134218744186047 0.24878125 0.7276609372093024 0.250727084375