7 0.5068093744186046 0.3669 0.5068093744186046 0.383735415625 0.549479688372093 0.38315416562500004 0.5499140627906977 0.36631874999999997 0.5068093744186046 0.3669
7 0.6435265627906978 0.276335415625 0.6430906255813954 0.294333334375 0.683582811627907 0.298395834375 0.6848890627906977 0.2804 0.6435265627906978 0.276335415625
7 0.652670311627907 0.18809375 0.6513640627906977 0.20609166562499998 0.686195311627907 0.20957499999999998 0.6857609372093023 0.192739584375 0.652670311627907 0.18809375
7 0.38315468837209304 0.22989375 0.3835906255813954 0.246729165625 0.421470311627907 0.252533334375 0.42538906279069766 0.23395625 0.38315468837209304 0.22989375
7 0.39273437441860465 0.140489584375 0.39273437441860465 0.156164584375 0.42669531162790697 0.160229165625 0.4284375 0.144554165625 0.39273437441860465 0.140489584375
2 0.38925 0.10914166562500001 0.3888156255813954 0.124235415625 0.4323562511627907 0.130620834375 0.4340968744186046 0.11320416562499999 0.38925 0.10914166562500001
2 0.6496218744186046 0.1584875 0.6487515627906977 0.174741665625 0.6931624999999999 0.178225 0.6927265627906977 0.164291665625 0.6496218744186046 0.1584875
2 0.5081156255813953 0.49113541562499996 0.509857811627907 0.5050687500000001 0.5516562488372093 0.503327084375 0.5525265627906977 0.488233334375 0.5081156255813953 0.49113541562499996
7 0.5115984372093023 0.460947915625 0.5107281255813954 0.47778333437500003 0.5464312511627907 0.474879165625 0.5464312511627907 0.457464584375 0.5115984372093023 0.460947915625
0 0.3879437488372093 0.20783333437499998 0.38446093720930236 0.222345834375 0.4280015627906977 0.22873125 0.425825 0.211316665625 0.3879437488372093 0.20783333437499998
0 0.3905562511627907 0.17358125 0.38968593720930234 0.189835415625 0.42364687441860466 0.195060415625 0.42495312558139536 0.17764375 0.3905562511627907 0.17358125
0 0.6513640627906977 0.2240875 0.6509281255813953 0.238602084375 0.6840187488372093 0.24092291562499998 0.685325 0.22466875000000003 0.6513640627906977 0.2240875
0 0.6465734372093023 0.252533334375 0.6452671883720931 0.26704791562499997 0.6848890627906977 0.27459375 0.6848890627906977 0.257758334375 0.6465734372093023 0.252533334375
0 0.512470311627907 0.42669583437499997 0.512470311627907 0.442370834375 0.5464312511627907 0.44178958437500004 0.5455609372093023 0.42263124999999996 0.512470311627907 0.42669583437499997
0 0.5081156255813953 0.394185415625 0.5089859372093023 0.410439584375 0.5486078116279071 0.4075375 0.5481734372093023 0.393025 0.5081156255813953 0.394185415625