2 0.4333812488372093 0.091658334375 0.42006406279069763 0.086852084375 0.39370937441860465 0.085375 0.3920515627906977 0.096454165625 0.4167359372093023 0.097202084375 0.43227187441860465 0.10200833437500001 0.4333812488372093 0.091658334375
2 0.5229890627906977 0.23433958437500002 0.5007953116279069 0.23433958437500002 0.4997437511627907 0.2457375 0.5401906255813954 0.24727708437499998 0.540745311627907 0.2361875 0.5229890627906977 0.23433958437500002
2 0.661425 0.138972915625 0.6403406255813954 0.13749375 0.625082811627907 0.138602084375 0.6236031255813953 0.150960415625 0.6642 0.150060415625 0.6644765627906977 0.14045000000000002 0.661425 0.138972915625
7 0.4294968744186047 0.11753333437499999 0.3951031255813953 0.11760625 0.3959281255813954 0.131210415625 0.42700000000000005 0.133427084375 0.4294968744186047 0.11753333437499999
7 0.42727812558139533 0.22435833437500002 0.427832811627907 0.206616665625 0.407579688372093 0.20513750000000003 0.3893062511627907 0.20628125000000003 0.38705 0.22140208437500003 0.4086906255813953 0.222510415625 0.42727812558139533 0.22435833437500002
7 0.5426875 0.11568541562500001 0.5329765627906977 0.110510415625 0.5052343744186046 0.11161875000000002 0.5038468744186047 0.11383541562499999 0.5030984372093023 0.125335415625 0.5282609372093023 0.124925 0.5421328116279069 0.126404165625 0.5426875 0.11568541562500001
7 0.5055125 0.20439791562499998 0.5030984372093023 0.218077084375 0.5363062488372092 0.21918333437499998 0.536582811627907 0.20550625 0.5055125 0.20439791562499998
7 0.6600374999999999 0.169283334375 0.6392312511627907 0.167804165625 0.6281343744186046 0.1689125 0.629095311627907 0.18431458437499998 0.6456125 0.180370834375 0.6600374999999999 0.18221875 0.6600374999999999 0.169283334375
7 0.6639218744186046 0.27019375 0.6655875 0.256147915625 0.6356250000000001 0.2543 0.6342375 0.25725625 0.6254343744186046 0.259566665625 0.626192188372093 0.273520834375 0.6478312511627906 0.27278125000000003 0.6639218744186046 0.27019375
0 0.39454062558139535 0.149691665625 0.39388281162790695 0.16194375 0.42562500000000003 0.16548125 0.426167188372093 0.151908334375 0.39454062558139535 0.149691665625
0 0.416470311627907 0.19948749999999998 0.427567188372093 0.200595834375 0.42617968837209297 0.1839625 0.392967188372093 0.18431458437499998 0.38845 0.196160415625 0.4111984372093023 0.19653125 0.416470311627907 0.19948749999999998
0 0.5246062488372093 0.14986875 0.540142188372093 0.15245625000000002 0.5415281255813953 0.13988958437500001 0.5030984372093023 0.1375375 0.5021343744186046 0.145064584375 0.5035218744186046 0.151347915625 0.5246062488372093 0.14986875
0 0.5370906255813953 0.1702 0.5052343744186046 0.169672915625 0.5051859372093023 0.185354165625 0.5373671883720931 0.185354165625 0.5370906255813953 0.1702
0 0.6616578116279069 0.200841665625 0.6284843744186047 0.20058541562499999 0.6289203116279071 0.21599791562499998 0.660825 0.21562708437500003 0.6616578116279069 0.200841665625
0 0.658882811627907 0.23226249999999998 0.638907811627907 0.231522915625 0.6275687488372093 0.23353333437499998 0.624482811627907 0.24335 0.6644312511627908 0.24298125 0.658882811627907 0.23226249999999998