2 0.3765234372093023 0.19678125 0.352045311627907 0.191020834375 0.33440781162790695 0.191502084375 0.3351281255813954 0.20158125 0.3765234372093023 0.2083 0.3765234372093023 0.19678125
2 0.5039515627906976 0.21261875 0.4787531255813953 0.20733958437500002 0.463995311627907 0.20877916562499998 0.4629156255813954 0.21933958437499998 0.5032312488372093 0.220297915625 0.5039515627906976 0.21261875
2 0.6454171883720929 0.10415 0.6457781255813954 0.094070834375 0.6198593744186047 0.088791665625 0.6076218744186046 0.087352084375 0.6025812511627907 0.098389584375 0.6313781255813954 0.09743125 0.6454171883720929 0.10415
0 0.6371390627906978 0.155025 0.6058218744186046 0.150225 0.6054609372093024 0.162704165625 0.6356984372093023 0.166064584375 0.6371390627906978 0.155025
0 0.5964625 0.192460415625 0.6234593744186047 0.193420834375 0.636057811627907 0.197741665625 0.6353390627906977 0.188620834375 0.6040218744186047 0.183822915625 0.6015015627906977 0.18286249999999998 0.6004218744186046 0.18286249999999998 0.5964625 0.192460415625
0 0.5089906255813954 0.116147915625 0.481632811627907 0.109429165625 0.4701140627906977 0.10846875 0.4711937511627907 0.12142916562499999 0.5064703116279069 0.12526874999999998 0.5089906255813954 0.116147915625
0 0.5032312488372093 0.147825 0.4726343744186046 0.143027084375 0.4711937511627907 0.155504165625 0.5028718744186046 0.15934375 0.5032312488372093 0.147825
0 0.37472343720930235 0.130547915625 0.3516859372093023 0.12862708437499998 0.3441265627906977 0.130547915625 0.34196718837209306 0.142066665625 0.3743640627906977 0.143985415625 0.37472343720930235 0.130547915625
0 0.38012343720930236 0.10175000000000001 0.3570859372093023 0.09743125 0.34196718837209306 0.098389584375 0.34124687441860463 0.107029165625 0.37868281162790696 0.11230833437500001 0.38012343720930236 0.10175000000000001
7 0.3725640627906977 0.162225 0.34160624883720936 0.161264584375 0.33944687441860466 0.170383334375 0.3725640627906977 0.17854375 0.3725640627906977 0.162225
7 0.3779640627906977 0.0715125 0.3452062488372093 0.0715125 0.34160624883720936 0.084952084375 0.38228281162790695 0.08543125 0.3779640627906977 0.0715125
7 0.49423281162790694 0.09647083437500001 0.510070311627907 0.100789584375 0.510070311627907 0.088791665625 0.4935125 0.086391665625 0.4758734372093023 0.083991665625 0.47335468837209305 0.084470834375 0.4690343744186046 0.09647083437500001 0.49423281162790694 0.09647083437500001
7 0.5014312488372092 0.179022915625 0.46975468837209305 0.17614375 0.46795468837209303 0.18622291562499999 0.4996312511627907 0.189102084375 0.5014312488372092 0.179022915625
7 0.6349781255813953 0.21213958437499997 0.5979015627906976 0.204939584375 0.5935828116279069 0.21981875 0.6320984372093023 0.2265375 0.6349781255813953 0.21213958437499997
7 0.6374984372093023 0.13390625 0.6385781255813954 0.120947915625 0.6051015627906977 0.117589584375 0.6051015627906977 0.120947915625 0.6054609372093024 0.127666665625 0.6374984372093023 0.13390625