2 0.6085890627906976 0.623683334375 0.566025 0.623079165625 0.5664765627906977 0.6363624999999999 0.6076843744186047 0.6369666656249999 0.6085890627906976 0.623683334375
2 0.7136437511627907 0.5198375000000001 0.7127375 0.53493125 0.7566609372093023 0.532516665625 0.7562093744186046 0.5186291656249999 0.7136437511627907 0.5198375000000001
2 0.41523593720930235 0.5113833343749999 0.414329688372093 0.525875 0.45780000000000004 0.529497915625 0.45780000000000004 0.51681875 0.41523593720930235 0.5113833343749999
7 0.41931093720930235 0.5445916656249999 0.41840468837209305 0.556666665625 0.4505562488372093 0.559685415625 0.4519140627906977 0.5451937499999999 0.41931093720930235 0.5445916656249999
7 0.4107078116279069 0.631533334375 0.4093484372093023 0.649645834375 0.4501031255813953 0.6514562500000001 0.451007811627907 0.6339479156250001 0.4107078116279069 0.631533334375
7 0.5696468744186047 0.5928916656250001 0.5696468744186047 0.6104 0.6027031255813954 0.60919375 0.6031562511627907 0.59108125 0.5696468744186047 0.5928916656250001
7 0.566929688372093 0.501120834375 0.5664765627906977 0.516214584375 0.605420311627907 0.51681875 0.605420311627907 0.500516665625 0.566929688372093 0.501120834375
7 0.719529688372093 0.547610415625 0.719529688372093 0.564514584375 0.7516812511627907 0.562704165625 0.7512281255813954 0.547610415625 0.719529688372093 0.547610415625
7 0.7177187488372093 0.6369666656249999 0.7168140627906977 0.6544749999999999 0.758020311627907 0.6538708343749999 0.757567188372093 0.6369666656249999 0.7177187488372093 0.6369666656249999
0 0.4165937488372093 0.5747791656250001 0.41568906279069767 0.590477084375 0.4491968744186046 0.593495834375 0.4505562488372093 0.576589584375 0.4165937488372093 0.5747791656250001
0 0.41297187441860467 0.60738125 0.4116125 0.623683334375 0.4505562488372093 0.6279104156249999 0.451007811627907 0.609797915625 0.41297187441860467 0.60738125
0 0.5701 0.559685415625 0.5696468744186047 0.5790062500000001 0.6040609372093023 0.575383334375 0.603607811627907 0.556666665625 0.5701 0.559685415625
0 0.5678359372093024 0.5276854156249999 0.5678359372093024 0.5421750000000001 0.6045140627906977 0.541572915625 0.6049671883720931 0.52889375 0.5678359372093024 0.5276854156249999
0 0.7190781255813954 0.581420834375 0.7190781255813954 0.596514584375 0.7525859372093023 0.5953062499999999 0.7534921883720931 0.579608334375 0.7190781255813954 0.581420834375
0 0.715907811627907 0.612816665625 0.715907811627907 0.624891665625 0.7562093744186046 0.623683334375 0.7557562511627907 0.611004165625 0.715907811627907 0.612816665625