2 0.39745625116279065 0.5857812499999999 0.3985843744186046 0.573264584375 0.377542188372093 0.572764584375 0.35787187441860463 0.57083125 0.35574843720930227 0.575266665625 0.35612343720930234 0.583779165625 0.3782937511627907 0.584279165625 0.39745625116279065 0.5857812499999999
2 0.4489343744186046 0.7069375 0.45832812558139535 0.7064375 0.45907968837209306 0.693420834375 0.4350312511627907 0.6924187500000001 0.4177843744186046 0.69038125 0.4173718744186047 0.694920834375 0.41812343720930234 0.70243125 0.4324015627906977 0.705435415625 0.4489343744186046 0.7069375
2 0.5598359372093024 0.7200729156250001 0.5594609372093023 0.710058334375 0.5572062511627908 0.70805625 0.5354125 0.7120625 0.5169515627906976 0.714622915625 0.5173765627906977 0.721575 0.520382811627907 0.7280833343750001 0.5433031255813954 0.725079165625 0.5598359372093024 0.7200729156250001
7 0.518192188372093 0.68211875 0.5188796883720931 0.6960416656249999 0.5526968744186047 0.690533334375 0.5508187488372093 0.676516665625 0.518192188372093 0.68211875
7 0.551945311627907 0.6024208343749999 0.5508187488372093 0.593910415625 0.5466843744186047 0.584897915625 0.5124062511627907 0.59341875 0.5109890627906977 0.599916665625 0.5109890627906977 0.612933334375 0.5369156255813954 0.606927084375 0.551945311627907 0.6024208343749999
7 0.46511093720930236 0.588810415625 0.46435937441860464 0.582302084375 0.462104688372093 0.572791665625 0.4277015627906977 0.5691770843749999 0.422275 0.576295834375 0.422275 0.588310415625 0.44482031162790703 0.587810415625 0.46511093720930236 0.588810415625
7 0.455717188372093 0.66240625 0.42522187441860465 0.659529165625 0.424154688372093 0.675422915625 0.4395593744186046 0.6764249999999999 0.4568437511627907 0.6764249999999999 0.455717188372093 0.66240625
7 0.3889640627906977 0.7083166656250001 0.3946 0.7033104156250001 0.3949765627906977 0.6917958343749999 0.3686734372093023 0.6917958343749999 0.35373906279069767 0.685975 0.352892188372093 0.696302084375 0.3562734372093023 0.706814584375 0.373557811627907 0.7073145843749999 0.3889640627906977 0.7083166656250001
7 0.39255156279069764 0.602183334375 0.35952343720930235 0.601683334375 0.36023593720930236 0.614697915625 0.375642188372093 0.6157 0.39142343720930234 0.6157 0.39255156279069764 0.602183334375
0 0.3794 0.636727084375 0.35986093720930235 0.635725 0.35869843720930233 0.647960415625 0.39255156279069764 0.6497437500000001 0.39367812558139537 0.635725 0.3794 0.636727084375
0 0.3955562511627907 0.680283334375 0.39367812558139537 0.6677666656250001 0.3760187511627907 0.670270834375 0.35828437441860467 0.665039584375 0.3549765627906977 0.6792812500000001 0.3722609372093023 0.6782812500000001 0.38428437441860464 0.6792812500000001 0.3955562511627907 0.680283334375
0 0.42646249999999997 0.627577084375 0.42486562558139535 0.642233334375 0.458307811627907 0.643235415625 0.458307811627907 0.6287166656250001 0.42646249999999997 0.627577084375
0 0.46244062558139537 0.6031833343749999 0.4429015627906977 0.602683334375 0.423982811627907 0.599479165625 0.425617188372093 0.61069375 0.44853750000000003 0.6116937499999999 0.46018593720930234 0.612195834375 0.46244062558139537 0.6031833343749999
0 0.548429688372093 0.627372915625 0.5495562511627907 0.6193625 0.5506843744186046 0.612352084375 0.5326468744186046 0.6143562499999999 0.5119937488372093 0.617108334375 0.5119812511627907 0.6263708343750001 0.5142359372093024 0.633379165625 0.5281390627906977 0.630375 0.548429688372093 0.627372915625
0 0.5179937511627907 0.650902084375 0.518192188372093 0.662835415625 0.5514343744186047 0.659914584375 0.5491812511627907 0.645395834375 0.5179937511627907 0.650902084375