7 0.3817968744186046 0.11138125000000001 0.34473593720930235 0.107460415625 0.3388531255813953 0.121579165625 0.3817968744186046 0.12471666562499999 0.3817968744186046 0.11138125000000001
7 0.3700312511627907 0.20158541562500001 0.34061718837209304 0.198447915625 0.3412062511627907 0.21178333437500002 0.371207811627907 0.21648958437500002 0.3700312511627907 0.20158541562500001
7 0.5006312488372093 0.230608334375 0.5012203116279069 0.218058334375 0.47121718837209303 0.21492083437499998 0.47004062558139537 0.22825416562499998 0.48474687441860465 0.22825416562499998 0.5006312488372093 0.230608334375
7 0.5094562511627907 0.13883541562499999 0.5094562511627907 0.12863750000000002 0.47415781162790693 0.1223625 0.46768750000000003 0.135697915625 0.48474687441860465 0.134129165625 0.5094562511627907 0.13883541562499999
7 0.6353484372093023 0.252570834375 0.5965218744186047 0.24002083437500002 0.5953453116279069 0.25884583437500003 0.6335843744186047 0.267475 0.6353484372093023 0.252570834375
7 0.6353484372093023 0.17570208437499998 0.6382906255813954 0.161583334375 0.6271125 0.157660415625 0.6041703116279069 0.156877084375 0.6071109372093023 0.16628958437500002 0.623582811627907 0.165504165625 0.6353484372093023 0.17570208437499998
0 0.38120937441860464 0.140404165625 0.342970311627907 0.137266665625 0.34238281162790696 0.146679165625 0.3788562488372093 0.15138541562500002 0.38120937441860464 0.140404165625
0 0.37591406279069767 0.16707291562499998 0.342970311627907 0.169427084375 0.34473593720930235 0.178054165625 0.37415 0.179622915625 0.37591406279069767 0.16707291562499998
0 0.508279688372093 0.153739584375 0.47062812558139533 0.149033334375 0.471804688372093 0.15844583437499998 0.5065140627906977 0.162366665625 0.508279688372093 0.153739584375
0 0.5023968744186046 0.183545834375 0.47298125116279066 0.181191665625 0.47121718837209303 0.194527084375 0.5000437511627907 0.199233334375 0.5023968744186046 0.183545834375
0 0.6377015627906977 0.193741665625 0.622995311627907 0.18825208437500002 0.6065234372093022 0.187466665625 0.6029937488372092 0.20080208437499997 0.6347609372093024 0.206291665625 0.6377015627906977 0.193741665625
0 0.6341718744186047 0.234529165625 0.636525 0.22825416562499998 0.6035812511627907 0.21962708437499998 0.5965218744186047 0.230608334375 0.6141703116279069 0.229822915625 0.6341718744186047 0.234529165625
2 0.3753265627906977 0.23296041562499997 0.35414843720930234 0.229039584375 0.33414687441860463 0.230608334375 0.33649999999999997 0.239235415625 0.37415 0.24315833437499998 0.3753265627906977 0.23296041562499997
2 0.5047499999999999 0.24786458437499997 0.46239218837209306 0.245510415625 0.4629812488372093 0.255708334375 0.501807811627907 0.25884583437500003 0.5047499999999999 0.24786458437499997
2 0.6435843744186047 0.14354166562499998 0.6447609372093024 0.130991665625 0.6065234372093022 0.1255 0.6029937488372092 0.135697915625 0.630054688372093 0.137266665625 0.6435843744186047 0.14354166562499998