7 0.377617188372093 0.151370834375 0.3592734372093024 0.149985415625 0.34542812558139535 0.151370834375 0.34058281162790693 0.164291665625 0.38315468837209304 0.1666 0.377617188372093 0.151370834375
7 0.5101812511627907 0.18090625 0.507757811627907 0.16890624999999998 0.4738390627906977 0.1661375 0.46864687441860464 0.177675 0.49841406279069767 0.179983334375 0.5101812511627907 0.18090625
7 0.37069531162790703 0.257975 0.37207968837209304 0.24320624999999998 0.3423125 0.241360415625 0.3398906255813954 0.252897915625 0.3554656255813954 0.254283334375 0.37069531162790703 0.257975
7 0.5015281255813954 0.260283334375 0.48526093720930236 0.25889791562500003 0.4693390627906977 0.2575125 0.46968593720930235 0.26674375 0.5015281255813954 0.2695125 0.5015281255813954 0.260283334375
7 0.6372078116279071 0.217825 0.6385921883720931 0.20213333437499997 0.6067484372093024 0.2002875 0.6070953116279071 0.20905625 0.621632811627907 0.21228750000000002 0.6372078116279071 0.217825
7 0.6302843744186047 0.307816665625 0.6344390627906977 0.293970834375 0.5949812511627907 0.284279165625 0.5922125 0.28981875 0.5949812511627907 0.30320208437499996 0.6302843744186047 0.307816665625
0 0.37934843720930234 0.193827084375 0.3796937511627907 0.18275208437499998 0.34473593720930235 0.179520834375 0.3423125 0.182289584375 0.34335156279069773 0.189672915625 0.37934843720930234 0.193827084375
0 0.3751937511627907 0.20951875000000003 0.3443890627906977 0.20905625 0.34058281162790693 0.221979165625 0.3745015627906977 0.22659375 0.3751937511627907 0.20951875000000003
0 0.5053359372093024 0.204904165625 0.5063734372093023 0.196135415625 0.4707234372093023 0.187827084375 0.46657031162790696 0.187827084375 0.47037812558139536 0.20351875000000003 0.5053359372093024 0.204904165625
0 0.502220311627907 0.227516665625 0.4700312511627907 0.22428541562499998 0.4714156255813954 0.236285415625 0.502567188372093 0.24182291562499997 0.502220311627907 0.227516665625
0 0.6354765627906978 0.23582291562500002 0.6043265627906977 0.230747915625 0.6019031255813954 0.24366875000000002 0.6330546883720931 0.24966875000000002 0.6354765627906978 0.23582291562500002
0 0.6199015627906977 0.273666665625 0.6351312488372094 0.27966458437499997 0.6361687511627907 0.270895834375 0.6019031255813954 0.26397499999999996 0.6005187488372093 0.25889791562500003 0.5932499999999999 0.27274375 0.6199015627906977 0.273666665625
2 0.37470625116279066 0.275729165625 0.3376359372093023 0.27136875 0.336182811627907 0.281545834375 0.373979688372093 0.285420834375 0.37470625116279066 0.275729165625
2 0.5026375000000001 0.29995833437499997 0.5019109372093024 0.291720834375 0.46556718837209304 0.287360415625 0.46265937441860466 0.2912375 0.46556718837209304 0.299475 0.5026375000000001 0.29995833437499997
2 0.6414718744186046 0.18705 0.6440156255813954 0.172997915625 0.6073093744186047 0.16960625000000001 0.601857811627907 0.17784375 0.6258437511627908 0.178327084375 0.6414718744186046 0.18705