2 0.5113515627906977 0.472904165625 0.5113515627906977 0.48542708437500004 0.5541843744186047 0.486429165625 0.553432811627907 0.472402084375 0.5113515627906977 0.472904165625
2 0.368579688372093 0.5390291656249999 0.3697062488372093 0.5545604156249999 0.414417188372093 0.554058334375 0.414417188372093 0.538529165625 0.368579688372093 0.5390291656249999
2 0.5966406255813954 0.603654165625 0.5966406255813954 0.619183334375 0.6394718744186048 0.614172915625 0.6390968744186047 0.600647915625 0.5966406255813954 0.603654165625
7 0.3745906255813954 0.571091665625 0.3745906255813954 0.5861208343750001 0.409532811627907 0.58511875 0.408404688372093 0.571091665625 0.3745906255813954 0.571091665625
7 0.6030265627906977 0.6317062499999999 0.6026515627906976 0.648739584375 0.636842188372093 0.6477375000000001 0.6360906255813954 0.63120625 0.6030265627906977 0.6317062499999999
7 0.6000218744186047 0.7213791656249999 0.6007734372093023 0.737910415625 0.6436046883720931 0.73590625 0.6424781255813954 0.717870834375 0.6000218744186047 0.7213791656249999
7 0.3697062488372093 0.659760415625 0.3708343744186046 0.675289584375 0.4125390627906977 0.6737875 0.4110359372093023 0.6602625 0.3697062488372093 0.659760415625
7 0.5162359372093023 0.44184375 0.514732811627907 0.456372915625 0.5504265627906977 0.45737500000000003 0.5511781255813953 0.443347915625 0.5162359372093023 0.44184375
7 0.514357811627907 0.350670834375 0.5139828116279069 0.36419583437499997 0.5564390627906977 0.36419583437499997 0.5549359372093023 0.351170834375 0.514357811627907 0.350670834375
0 0.3742156255813954 0.6026520843750001 0.3742156255813954 0.61818125 0.4087812488372093 0.616679165625 0.4091562511627907 0.603152084375 0.3742156255813954 0.6026520843750001
0 0.3712093744186047 0.633710415625 0.37196093720930234 0.648739584375 0.4117875 0.649239584375 0.4106593744186046 0.637216665625 0.3712093744186047 0.633710415625
0 0.6026515627906976 0.665270834375 0.6037781255813953 0.682804165625 0.6394718744186048 0.6787979156249999 0.6375937511627907 0.66376875 0.6026515627906976 0.665270834375
0 0.6026515627906976 0.69683125 0.6026515627906976 0.70985625 0.6421015627906977 0.707352084375 0.6394718744186048 0.694327084375 0.6026515627906976 0.69683125
0 0.5169874999999999 0.40777916562499994 0.5177390627906976 0.42431041562500005 0.5511781255813953 0.423308334375 0.5508031255813953 0.40928125 0.5169874999999999 0.40777916562499994
0 0.514357811627907 0.378722915625 0.5158609372093023 0.390745834375 0.5545593744186047 0.391247915625 0.5553109372093024 0.379725 0.514357811627907 0.378722915625