2 0.45891250000000006 0.35590833437499997 0.4598125 0.344714584375 0.4403093744186047 0.341914584375 0.4181046883720931 0.34190208437499997 0.4181046883720931 0.351510415625 0.4454093744186046 0.355108334375 0.45891250000000006 0.35590833437499997
2 0.5012218744186047 0.47185 0.4856187488372093 0.47145208437499997 0.485417188372093 0.482247915625 0.5255265627906978 0.483845834375 0.5261265627906977 0.47185 0.5012218744186047 0.47185
2 0.5972421883720931 0.38709375 0.5780390627906976 0.38749375 0.5567343744186046 0.38549375 0.5560312511627907 0.39645625 0.5582343744186047 0.3978875 0.5963421883720931 0.3982875 0.5972421883720931 0.38709375
7 0.4538109372093023 0.388691665625 0.4547125 0.3735 0.4214031255813953 0.371379165625 0.421704688372093 0.38589375000000004 0.44210937441860465 0.38629375 0.4538109372093023 0.388691665625
7 0.4889187488372093 0.44066666562499995 0.48831874883720927 0.455058334375 0.5228265627906977 0.454660415625 0.5219265627906977 0.442264584375 0.4889187488372093 0.44066666562499995
7 0.5603343744186047 0.41467916562499996 0.5599906255813953 0.42857291562500005 0.592742188372093 0.429472915625 0.593042188372093 0.415879165625 0.5603343744186047 0.41467916562499996
7 0.5933421883720931 0.519027084375 0.594842188372093 0.503435415625 0.5822390627906977 0.502635415625 0.554932811627907 0.5014354156249999 0.554932811627907 0.51383125 0.5579343744186046 0.518227084375 0.5933421883720931 0.519027084375
7 0.491020311627907 0.3487125 0.48706718837209306 0.3617 0.5273281255813953 0.364304165625 0.5243265627906977 0.349910415625 0.491020311627907 0.3487125
7 0.4523109372093024 0.476247915625 0.45321093720930233 0.46065625 0.41315468837209307 0.45981041562499997 0.41360312558139534 0.47305 0.42050468837209304 0.47704791562500004 0.4523109372093024 0.476247915625
0 0.45141093720930237 0.421875 0.4520109372093023 0.405883334375 0.41942343720930236 0.40305625 0.41930468837209306 0.41707708437499996 0.4316062511627907 0.41867708437499995 0.45141093720930237 0.421875
0 0.43550781162790697 0.451460415625 0.438507811627907 0.45346041562500006 0.4523109372093024 0.453860415625 0.45171093720930233 0.43626875 0.4478109372093023 0.43906666562499996 0.417775 0.43693333437500004 0.4151031255813954 0.444664584375 0.4142031255813954 0.4494625 0.43550781162790697 0.451460415625
0 0.5243265627906977 0.388691665625 0.5276281255813954 0.377097915625 0.4873968744186047 0.375339584375 0.48741874883720926 0.38429375 0.492520311627907 0.388291665625 0.5243265627906977 0.388691665625
0 0.5228265627906977 0.408283334375 0.4916875 0.407014584375 0.491620311627907 0.421875 0.5228265627906977 0.422675 0.5228265627906977 0.408283334375
0 0.5921406255813954 0.4478625 0.560320311627907 0.447491665625 0.5606343744186046 0.46025625000000003 0.5924406255813953 0.46065625 0.5921406255813954 0.4478625
0 0.5729375 0.48984166562500003 0.5933421883720931 0.49104166562499996 0.5918406255813954 0.481045834375 0.5576812488372093 0.478729165625 0.555832811627907 0.48544375000000006 0.5561343744186046 0.489041665625 0.5729375 0.48984166562500003