7 0.3753093744186046 0.533247915625 0.3753093744186046 0.552704165625 0.4136156255813953 0.55756875 0.4172640627906977 0.5381104156250001 0.3753093744186046 0.533247915625
7 0.38465781162790696 0.44723125 0.3842062488372093 0.463254165625 0.41840468837209305 0.46547083437500003 0.4179484372093023 0.4514875 0.38465781162790696 0.44723125
7 0.5075640627906977 0.26827708437500003 0.5065890627906976 0.28169166562500003 0.5416390627906977 0.284720834375 0.5416390627906977 0.270441665625 0.5075640627906977 0.26827708437500003
7 0.5085375 0.172216665625 0.5082125 0.188227084375 0.5504015627906977 0.19515 0.5520234372093024 0.17827500000000002 0.5085375 0.172216665625
7 0.6343109372093023 0.582785415625 0.6336843744186047 0.5990895843749999 0.6757 0.6036875 0.6760125 0.587802084375 0.6343109372093023 0.582785415625
7 0.6440312511627908 0.49457291562499994 0.6440312511627908 0.50836875 0.6769531255813954 0.5117125 0.677895311627907 0.49958958437499995 0.6440312511627908 0.49457291562499994
0 0.6424640627906977 0.526345834375 0.6412093744186047 0.543904165625 0.6757 0.545577084375 0.677895311627907 0.53178125 0.6424640627906977 0.526345834375
0 0.6368187511627907 0.5577 0.6358781255813953 0.570660415625 0.6763265627906977 0.576095834375 0.6760125 0.563554165625 0.6368187511627907 0.5577
0 0.38284375116279074 0.47952291562499993 0.3825312511627907 0.495408334375 0.415767188372093 0.498335415625 0.416707811627907 0.482447915625 0.38284375116279074 0.47952291562499993
0 0.3775140627906977 0.510458334375 0.3768875 0.526345834375 0.41764843720930234 0.532616665625 0.418275 0.514639584375 0.3775140627906977 0.510458334375
0 0.5098312488372093 0.234954165625 0.510145311627907 0.250839584375 0.5440093744186046 0.25251250000000003 0.542754688372093 0.23578958437500003 0.5098312488372093 0.234954165625
0 0.5076375 0.20150833437500001 0.5076375 0.21613958437499997 0.5471437511627907 0.21781250000000002 0.5480843744186046 0.20443541562499998 0.5076375 0.20150833437500001
2 0.5010531255813954 0.2976625 0.5010531255813954 0.310622915625 0.5440093744186046 0.31605833437499997 0.5446359372093024 0.300170834375 0.5010531255813954 0.2976625
2 0.382217188372093 0.415975 0.38190312558139533 0.430189584375 0.424232811627907 0.43604374999999995 0.42454687441860467 0.419739584375 0.382217188372093 0.415975
2 0.6402687488372093 0.46572500000000006 0.640582811627907 0.479939584375 0.6835390627906978 0.482447915625 0.683225 0.46948749999999995 0.6402687488372093 0.46572500000000006