2 0.4024875 0.280608334375 0.40361406279069767 0.268091665625 0.3825734372093023 0.26759166562500003 0.3629015627906977 0.26565833437499997 0.360779688372093 0.27009375 0.361154688372093 0.27860625 0.38332343720930234 0.27910625 0.4024875 0.280608334375
2 0.455395311627907 0.400710415625 0.46478906279069765 0.400210415625 0.46554062558139536 0.38719375 0.44149218837209303 0.386191665625 0.424245311627907 0.384154165625 0.4238312511627907 0.388695834375 0.42458281162790695 0.396204165625 0.43886093720930236 0.39920833437500003 0.455395311627907 0.400710415625
2 0.5667265627906977 0.415795834375 0.5663515627906976 0.40578333437499997 0.5640968744186047 0.40378125000000004 0.5423031255813954 0.407785415625 0.5238421883720931 0.410345834375 0.524267188372093 0.417297915625 0.5272734372093023 0.42380625 0.5501937511627907 0.420802084375 0.5667265627906977 0.415795834375
7 0.5256859372093023 0.3786 0.5263734372093023 0.39252291562499997 0.5601906255813953 0.387016665625 0.5583125 0.372997915625 0.5256859372093023 0.3786
7 0.5582312488372093 0.297385415625 0.557104688372093 0.288875 0.5529718744186046 0.279864584375 0.5186937488372093 0.288385415625 0.5172749999999999 0.29488333437500003 0.5172749999999999 0.3079 0.5432015627906976 0.301891665625 0.5582312488372093 0.297385415625
7 0.47157187441860465 0.282491665625 0.47082031162790694 0.275983334375 0.4685656255813953 0.266470834375 0.4341625 0.262858334375 0.4287359372093023 0.26997499999999997 0.4287359372093023 0.281991665625 0.4512812511627907 0.281491665625 0.47157187441860465 0.282491665625
7 0.46257343720930233 0.35870416562499996 0.43207812558139536 0.355827084375 0.43100937441860465 0.371720834375 0.44641562558139536 0.37272083437500003 0.4637 0.37272083437500003 0.46257343720930233 0.35870416562499996
7 0.3954593744186046 0.40204375 0.40109531162790696 0.39703750000000004 0.40147031162790703 0.385522915625 0.3751687511627907 0.385522915625 0.3602343744186046 0.37970208437499997 0.35938749999999997 0.390029165625 0.3627687511627907 0.40054166562500004 0.38005312558139537 0.40104166562500004 0.3954593744186046 0.40204375
7 0.3980812488372093 0.296483334375 0.365054688372093 0.295983334375 0.365767188372093 0.308997915625 0.3811734372093023 0.31 0.396954688372093 0.31 0.3980812488372093 0.296483334375
0 0.38632500000000003 0.33107291562499996 0.3667859372093023 0.330072915625 0.3656234372093023 0.34230625 0.3994765627906977 0.344089584375 0.4006031255813953 0.330072915625 0.38632500000000003 0.33107291562499996
0 0.4029125 0.37405625 0.4010343744186047 0.361539584375 0.38337343720930234 0.36404375 0.3656406255813954 0.3588125 0.3623312488372093 0.373054165625 0.3796156255813954 0.372054165625 0.3916406255813954 0.373054165625 0.4029125 0.37405625
0 0.43188906279069766 0.32258749999999997 0.43029218837209304 0.337245834375 0.46373437441860466 0.338247915625 0.46373437441860466 0.323729165625 0.43188906279069766 0.32258749999999997
0 0.4687968744186046 0.29567083437499997 0.44925781162790696 0.295170834375 0.43033906279069767 0.291966665625 0.43197343720930237 0.30318125 0.4548937488372093 0.304183334375 0.46654218837209305 0.304683334375 0.4687968744186046 0.29567083437499997
0 0.555354688372093 0.32243125 0.5564812511627907 0.314420834375 0.5576093744186047 0.30741041562500004 0.5395734372093024 0.30941458437499997 0.5189187511627907 0.312166665625 0.5189062511627907 0.321429165625 0.5211609372093023 0.3284375 0.5350640627906977 0.325433334375 0.555354688372093 0.32243125
0 0.5248140627906978 0.347772915625 0.5250125 0.35970625 0.5582562488372093 0.356783334375 0.5560015627906977 0.34226458437499996 0.5248140627906978 0.347772915625