0 0.39561562558139535 0.618402084375 0.36411875116279074 0.619785415625 0.36238750000000003 0.631322915625 0.3938843744186047 0.632708334375 0.39561562558139535 0.618402084375
0 0.39734687441860467 0.6543979156249999 0.37484843720930233 0.6543979156249999 0.361695311627907 0.6530145843749999 0.3578890627906977 0.661320834375 0.39734687441860467 0.6608583343750001 0.39734687441860467 0.6543979156249999
0 0.5281796883720931 0.6017875 0.49702812558139536 0.6017875 0.4949515627906977 0.612864584375 0.5264484372093023 0.615170834375 0.5281796883720931 0.6017875
0 0.527832811627907 0.579635415625 0.5302562488372093 0.5690208343750001 0.5049890627906977 0.5676375 0.48976093720930236 0.568097915625 0.492182811627907 0.58194375 0.5094890627906977 0.579175 0.527832811627907 0.579635415625
0 0.7254687511627907 0.569483334375 0.687395311627907 0.568560415625 0.689817188372093 0.576866665625 0.7213140627906978 0.579175 0.7254687511627907 0.569483334375
0 0.7202765627906977 0.597635415625 0.689125 0.5957874999999999 0.6880875000000001 0.608710415625 0.718545311627907 0.6105562499999999 0.7202765627906977 0.597635415625
7 0.6842796883720931 0.544102084375 0.6849718744186047 0.553791665625 0.6877406255813954 0.552408334375 0.7268531255813954 0.555177084375 0.7258140627906977 0.54179375 0.688779688372093 0.537639584375 0.6842796883720931 0.544102084375
7 0.717507811627907 0.629939584375 0.6853187488372093 0.629016665625 0.6870484372093024 0.6410145843749999 0.7157765627906977 0.643322915625 0.717507811627907 0.629939584375
7 0.5262765627906977 0.6343979156249999 0.4977890627906977 0.6337312500000001 0.49279062558139536 0.64639375 0.5252781255813954 0.6450604156249999 0.5262765627906977 0.6343979156249999
7 0.530775 0.544435415625 0.4952906255813953 0.54376875 0.489792188372093 0.561095834375 0.530775 0.55443125 0.530775 0.544435415625
7 0.39333281162790695 0.5984125 0.39483281162790695 0.588416665625 0.36334531162790695 0.5904166656250001 0.36684531162790696 0.59708125 0.37734062558139536 0.599079165625 0.39333281162790695 0.5984125
7 0.3973312511627907 0.678379165625 0.373342188372093 0.677045834375 0.35535 0.669716665625 0.3583484372093024 0.689041665625 0.39483281162790695 0.693039584375 0.3973312511627907 0.678379165625
2 0.3998312488372093 0.557764584375 0.36084687441860464 0.558429165625 0.3578484372093023 0.568425 0.39883125116279067 0.569758334375 0.3998312488372093 0.557764584375
2 0.5282765627906977 0.6670499999999999 0.49129218837209304 0.667716665625 0.49429062558139536 0.6777124999999999 0.5282765627906977 0.677045834375 0.5282765627906977 0.6670499999999999
2 0.719195311627907 0.6630520843750001 0.6822109372093024 0.6583875 0.6807109372093024 0.6670499999999999 0.719195311627907 0.6743812499999999 0.719195311627907 0.6630520843750001