2 0.327679688372093 0.525410415625 0.2987125 0.52324375 0.28490468837209304 0.5239666656249999 0.28607499999999997 0.534420834375 0.30737499999999995 0.535522915625 0.32795156279069765 0.534079165625 0.327679688372093 0.525410415625
2 0.4740234372093023 0.632360415625 0.4889656255813954 0.6305875000000001 0.4879687488372093 0.6208437499999999 0.463067188372093 0.622172915625 0.448817188372093 0.622777084375 0.4474609372093023 0.633245834375 0.46240312558139535 0.63413125 0.4740234372093023 0.632360415625
2 0.6755687488372092 0.513214584375 0.6430281255813953 0.5118875 0.6350593744186047 0.509229165625 0.6340640627906976 0.5198583343750001 0.6596312488372092 0.522516665625 0.674904688372093 0.522960415625 0.6755687488372092 0.513214584375
6 0.322617188372093 0.549977084375 0.28982968837209305 0.548610415625 0.289745311627907 0.561935415625 0.32162031162790694 0.5650375000000001 0.322617188372093 0.549977084375
6 0.4517781255813953 0.592939584375 0.452442188372093 0.6049 0.481992188372093 0.6049 0.48365312558139534 0.5907250000000001 0.4517781255813953 0.592939584375
6 0.6380484372093024 0.536247915625 0.6370515627906976 0.550420834375 0.6676 0.55485 0.669592188372093 0.540233334375 0.6380484372093024 0.536247915625
0 0.3209562511627907 0.57478125 0.29040937441860465 0.575222915625 0.28875 0.586295834375 0.32162031162790694 0.5880687499999999 0.3209562511627907 0.57478125
0 0.45047812558139533 0.5657687499999999 0.4511140627906977 0.575222915625 0.4826562488372093 0.572122915625 0.4826562488372093 0.562379165625 0.45047812558139533 0.5657687499999999
0 0.6682640627906976 0.5716812499999999 0.660295311627907 0.5659229156250001 0.6360562511627907 0.565479165625 0.634395311627907 0.57788125 0.6669359372093022 0.58098125 0.6682640627906976 0.5716812499999999
7 0.3209562511627907 0.613758334375 0.3192968744186046 0.602241665625 0.28941562558139533 0.60174375 0.2880859372093023 0.6111 0.29871093720930236 0.613758334375 0.3209562511627907 0.613758334375
7 0.32323437441860464 0.642435415625 0.32389999999999997 0.630920834375 0.30829374883720934 0.63180625 0.2819437488372093 0.6294187499999999 0.2820625 0.640220834375 0.2883718744186046 0.6437645843750001 0.32323437441860464 0.642435415625
7 0.482995311627907 0.5371479156250001 0.46407031162790696 0.540247915625 0.45047812558139533 0.54196875 0.4504562488372093 0.551320834375 0.48100312558139535 0.55220625 0.482995311627907 0.5371479156250001
7 0.4849875 0.5110166656249999 0.44713593720930234 0.5101312499999999 0.4451437488372093 0.518989584375 0.4454968744186047 0.526470834375 0.46506562558139536 0.525189584375 0.4849875 0.523860415625 0.4849875 0.5110166656249999
7 0.667275 0.635033334375 0.668270311627907 0.620416665625 0.649345311627907 0.6190875 0.6314656255813953 0.617241665625 0.6287593744186046 0.629275 0.6380562511627907 0.633260415625 0.667275 0.635033334375
7 0.665282811627907 0.60225625 0.6669421883720931 0.591627084375 0.6536609372093024 0.591627084375 0.6360328116279069 0.58790625 0.633407811627907 0.601370834375 0.6463562511627906 0.6000416656249999 0.665282811627907 0.60225625