7 0.3171937511627907 0.729160415625 0.3167109372093023 0.74334375 0.3587781255813954 0.7426999999999999 0.3582937488372093 0.729160415625 0.3171937511627907 0.729160415625
7 0.32154687441860463 0.7594624999999999 0.3210625 0.771710415625 0.352492188372093 0.7704208343750001 0.352975 0.7594624999999999 0.32154687441860463 0.7594624999999999
7 0.4501640627906977 0.660177084375 0.4506484372093023 0.673716665625 0.4825609372093023 0.672427084375 0.4825609372093023 0.661466665625 0.4501640627906977 0.660177084375
7 0.446779688372093 0.631164584375 0.446779688372093 0.6459937499999999 0.48836406279069766 0.643414584375 0.486429688372093 0.629875 0.446779688372093 0.631164584375
7 0.559442188372093 0.821354165625 0.5584749999999999 0.8355375 0.5908718744186047 0.8355375 0.5889375 0.821997915625 0.559442188372093 0.821354165625
7 0.5550906255813953 0.8503645843750001 0.5555734372093023 0.863904165625 0.5942562511627907 0.864547915625 0.5942562511627907 0.8535875 0.5550906255813953 0.8503645843750001
0 0.320579688372093 0.779447915625 0.320095311627907 0.7942750000000001 0.352975 0.792341665625 0.352007811627907 0.782670834375 0.320579688372093 0.779447915625
0 0.4511312488372093 0.6866104156249999 0.4506484372093023 0.698858334375 0.48352812558139535 0.698214584375 0.4825609372093023 0.6866104156249999 0.4511312488372093 0.6866104156249999
0 0.559442188372093 0.8020125 0.559442188372093 0.8110375 0.591354688372093 0.8110375 0.5899046883720931 0.8026562500000001 0.559442188372093 0.8020125
6 0.320579688372093 0.8084583343749999 0.320579688372093 0.8226416656250001 0.352975 0.821997915625 0.352007811627907 0.8123270843749999 0.320579688372093 0.8084583343749999
6 0.45306562558139535 0.711108334375 0.4520984372093024 0.725291665625 0.4854625 0.72206875 0.4840109372093023 0.710464584375 0.45306562558139535 0.711108334375
6 0.560892188372093 0.7684875 0.559925 0.7807375000000001 0.589420311627907 0.784604165625 0.5903875 0.771066665625 0.560892188372093 0.7684875
2 0.353942188372093 0.8413395843749999 0.3317 0.843272915625 0.3157437511627907 0.8387604156249999 0.31526093720930237 0.847785415625 0.331217188372093 0.8535875 0.353942188372093 0.849075 0.353942188372093 0.8413395843749999
2 0.4869125 0.739475 0.46998906279069763 0.742054165625 0.44774687441860467 0.739475 0.446779688372093 0.751725 0.468054688372093 0.751725 0.4888468744186047 0.7491458343749999 0.4869125 0.739475
2 0.5947390627906977 0.743989584375 0.5739484372093023 0.744633334375 0.5550906255813953 0.740764584375 0.5565406255813954 0.751725 0.5744312511627907 0.753014584375 0.5947390627906977 0.754304165625 0.5947390627906977 0.743989584375