7 0.3506312488372093 0.812777084375 0.34966562558139536 0.8303625 0.3905187488372093 0.8355104156250001 0.3918062488372093 0.8196395843750001 0.3506312488372093 0.812777084375
7 0.35288281162790697 0.8440875 0.35159687441860465 0.8595291656249999 0.3863375 0.863389584375 0.38730312558139535 0.8479479156249999 0.35288281162790697 0.8440875
7 0.430407811627907 0.900275 0.4316937488372093 0.916572915625 0.46482812558139536 0.916572915625 0.4645062488372093 0.899845834375 0.430407811627907 0.900275
7 0.4281562488372093 0.928583334375 0.42879999999999996 0.94616875 0.4696531255813953 0.9448812500000001 0.4693312511627907 0.928583334375 0.4281562488372093 0.928583334375
7 0.5156531255813953 0.8475187500000001 0.5146875000000001 0.8651041656249999 0.5475 0.8676770843750001 0.5487859372093024 0.8513791656249999 0.5156531255813953 0.8475187500000001
7 0.5124359372093024 0.818354165625 0.5137234372093024 0.8372249999999999 0.554254688372093 0.8402270843749999 0.555220311627907 0.8226437499999999 0.5124359372093024 0.818354165625
6 0.34773593720930235 0.8946999999999999 0.34837968837209304 0.9127124999999999 0.3837640627906977 0.913141665625 0.3840859372093023 0.8972729156250001 0.34773593720930235 0.8946999999999999
6 0.4310515627906977 0.84880625 0.430407811627907 0.862960415625 0.465470311627907 0.862960415625 0.4645062488372093 0.847089584375 0.4310515627906977 0.84880625
6 0.5114718744186046 0.89684375 0.5114718744186046 0.914 0.5452468744186046 0.918289584375 0.5458906255813953 0.90241875 0.5114718744186046 0.89684375
0 0.3499875 0.8676770843750001 0.34966562558139536 0.8835479156250001 0.3850515627906977 0.8865500000000001 0.3850515627906977 0.8698229156249999 0.3499875 0.8676770843750001
0 0.4310515627906977 0.877970834375 0.43201562558139533 0.8921250000000001 0.465792188372093 0.8921250000000001 0.46482812558139536 0.876685415625 0.4310515627906977 0.877970834375
0 0.5137234372093024 0.8711083343749999 0.5134015627906977 0.8895520843750001 0.5468562511627907 0.893841665625 0.547820311627907 0.87625625 0.5137234372093024 0.8711083343749999
2 0.42607656279069767 0.8207020843749999 0.42607656279069767 0.83536875 0.46909999999999996 0.8334125 0.46909999999999996 0.82005 0.42607656279069767 0.8207020843749999
2 0.5047906255813953 0.925652084375 0.503567188372093 0.9412958343750001 0.5478124999999999 0.948466665625 0.5490359372093023 0.933147915625 0.5047906255813953 0.925652084375
2 0.343942188372093 0.925325 0.3429640627906977 0.9377125 0.3854984372093023 0.9429270843750001 0.3854984372093023 0.9295625 0.343942188372093 0.925325