2 0.41459218837209305 0.46975208437499993 0.41504218837209306 0.48024374999999997 0.4548375 0.48114375000000004 0.4550625 0.47275 0.41459218837209305 0.46975208437499993
2 0.5034015627906977 0.36183125 0.5034015627906977 0.372322915625 0.5440968744186047 0.372622915625 0.5434218744186047 0.36153124999999997 0.5034015627906977 0.36183125
2 0.5868140627906977 0.3543375 0.5874890627906977 0.366029165625 0.6270593744186047 0.364829165625 0.6259359372093023 0.355235415625 0.5868140627906977 0.3543375
0 0.41953906279069764 0.41039583437499993 0.41931406279069766 0.42238749999999997 0.45101562558139535 0.42238749999999997 0.4507906255813953 0.41189375000000006 0.41953906279069764 0.41039583437499993
0 0.5069984372093024 0.41579166562500003 0.5074484372093023 0.42838125 0.5409484372093023 0.427483334375 0.5404984372093024 0.41579166562500003 0.5069984372093024 0.41579166562500003
0 0.5910859372093024 0.411295834375 0.5908609372093023 0.425085415625 0.6234624999999999 0.42418541562499995 0.6234624999999999 0.410995834375 0.5910859372093024 0.411295834375
6 0.41931406279069766 0.439772915625 0.41931406279069766 0.452964584375 0.4507906255813953 0.45386249999999995 0.4501156255813954 0.44187291562500003 0.41931406279069766 0.439772915625
6 0.5072234372093023 0.390010415625 0.5074484372093023 0.40290208437499997 0.54005 0.400802084375 0.539375 0.390010415625 0.5072234372093023 0.390010415625
6 0.5901875 0.383714584375 0.5906374999999999 0.39540625 0.6241375 0.39450625 0.6221140627906977 0.384614584375 0.5901875 0.383714584375
7 0.41998906279069764 0.389110415625 0.41998906279069764 0.399604165625 0.45213906279069765 0.40050208437499996 0.4507906255813953 0.389410415625 0.41998906279069764 0.389110415625
7 0.415267188372093 0.359133334375 0.415267188372093 0.372322915625 0.4539375 0.372922915625 0.45416249999999997 0.360033334375 0.415267188372093 0.359133334375
7 0.5074484372093023 0.439772915625 0.5074484372093023 0.45146458437500003 0.54005 0.451164584375 0.5396 0.440972915625 0.5074484372093023 0.439772915625
7 0.504525 0.46975208437499993 0.504525 0.482941665625 0.5418484372093023 0.48054375 0.5431968744186046 0.47095000000000004 0.504525 0.46975208437499993
7 0.5868140627906977 0.46375625 0.5865890627906977 0.47784583437499994 0.6248109372093024 0.476345834375 0.6252609372093024 0.466154165625 0.5868140627906977 0.46375625
7 0.5908609372093023 0.43617708437499997 0.5908609372093023 0.44666875 0.6214390627906977 0.44606874999999996 0.6216640627906976 0.43767500000000004 0.5908609372093023 0.43617708437499997