2 0.6359484372093024 0.30339166562500003 0.6367734372093022 0.32025625 0.6769187511627907 0.319525 0.6766437511627907 0.30522499999999997 0.6359484372093024 0.30339166562500003
6 0.6406062511627907 0.2741625 0.6408812488372093 0.28992708437500003 0.6744281255813954 0.29102708437499997 0.6752531255813953 0.27709583437499996 0.6406062511627907 0.2741625
7 0.5094093744186047 0.4567 0.511057811627907 0.47356666562500005 0.552579688372093 0.47430000000000005 0.551479688372093 0.45853333437500005 0.5094093744186047 0.4567
7 0.5127390627906977 0.42913750000000006 0.5135640627906977 0.444904165625 0.5493093744186047 0.44453750000000003 0.5484843744186046 0.4313375 0.5127390627906977 0.42913750000000006
0 0.5134140627906977 0.4083375 0.5136890627906977 0.42300208437500003 0.5480593744186046 0.422635415625 0.5486093744186047 0.406870834375 0.5134140627906977 0.4083375
6 0.5163187511627907 0.378047915625 0.5163187511627907 0.394545834375 0.5498640627906977 0.394545834375 0.5498640627906977 0.376947915625 0.5163187511627907 0.378047915625
7 0.6400765627906976 0.22547083437499998 0.6400765627906976 0.241235415625 0.6749984372093023 0.24306875 0.6744484372093024 0.2258375 0.6400765627906976 0.22547083437499998
2 0.510229688372093 0.34925625 0.510229688372093 0.363920834375 0.5545 0.3631875 0.5534 0.348522915625 0.510229688372093 0.34925625
7 0.6379140627906976 0.197020834375 0.6381890627906976 0.21095416562499997 0.6805359372093023 0.21095416562499997 0.6794359372093023 0.1951875 0.6379140627906976 0.197020834375
2 0.385117188372093 0.5508708343750001 0.38462968837209305 0.566816665625 0.4278281255813953 0.569420834375 0.42734062558139535 0.556404165625 0.385117188372093 0.5508708343750001
6 0.390792188372093 0.524425 0.3900593744186046 0.53971875 0.42422812558139533 0.541672915625 0.42349531162790693 0.5257270843749999 0.390792188372093 0.524425
0 0.3910781255813953 0.49454374999999995 0.39132187441860466 0.510814584375 0.4257343744186046 0.511791665625 0.4254906255813954 0.496495834375 0.3910781255813953 0.49454374999999995
7 0.3907609372093023 0.471785415625 0.3907609372093023 0.48805624999999997 0.42468593720930237 0.48838125000000004 0.42468593720930237 0.47341249999999996 0.3907609372093023 0.471785415625
7 0.388470311627907 0.441654165625 0.388470311627907 0.458902084375 0.431425 0.45987708437499997 0.4319125 0.44230625 0.388470311627907 0.441654165625
0 0.6402640627906977 0.249283334375 0.6410890627906977 0.267247915625 0.6765609372093023 0.268714584375 0.6746359372093024 0.251483334375 0.6402640627906977 0.249283334375