7 0.41864843720930234 0.34674375 0.4206218744186046 0.33464166562500003 0.40443281162790695 0.32938125 0.3791156255813954 0.323129165625 0.3771875 0.3378 0.3914031255813954 0.34095624999999996 0.4012734372093023 0.342533334375 0.41864843720930234 0.34674375
7 0.4135140627906977 0.362 0.4040375 0.359370834375 0.3795562488372093 0.357264584375 0.37868124883720927 0.367708334375 0.39574531162790694 0.37094375 0.412329688372093 0.3741 0.4135140627906977 0.362
7 0.5376468744186046 0.42635208437500005 0.5202734372093023 0.425825 0.504604688372093 0.42502500000000004 0.5029 0.43739999999999996 0.5194843744186046 0.43687291562499997 0.5376468744186046 0.438452084375 0.5376468744186046 0.42635208437500005
7 0.540017188372093 0.46686249999999996 0.5419906255813953 0.453710415625 0.5202734372093023 0.45265625 0.4993937511627907 0.45339375000000004 0.5001359372093023 0.46002291562500003 0.501320311627907 0.468439584375 0.5198781255813953 0.468439584375 0.540017188372093 0.46686249999999996
7 0.6075125 0.4232875 0.6076437488372093 0.438452084375 0.6400234372093023 0.438452084375 0.640417188372093 0.424772915625 0.6075125 0.4232875
7 0.6289671883720931 0.45318333437499997 0.6031703116279069 0.45165625 0.6040906255813953 0.46686249999999996 0.6439718744186047 0.468439584375 0.6443671883720931 0.45318333437499997 0.6289671883720931 0.45318333437499997
0 0.3782468744186046 0.380445834375 0.37764687441860467 0.39233541562499996 0.410420311627907 0.395491665625 0.4116062511627907 0.383391665625 0.3782468744186046 0.380445834375
0 0.5033015627906977 0.39897083437499997 0.5038625 0.41262499999999996 0.537820311627907 0.413677084375 0.5374265627906977 0.39789375 0.5033015627906977 0.39897083437499997
0 0.6092500000000001 0.398391665625 0.6082406255813954 0.413097915625 0.641804688372093 0.415202084375 0.6422 0.404679165625 0.6092500000000001 0.398391665625
6 0.40897968837209303 0.41260624999999995 0.375207811627907 0.40591875 0.3738375 0.41997083437500005 0.39318593720930234 0.42260208437499996 0.40779531162790694 0.426810415625 0.40897968837209303 0.41260624999999995
6 0.536820311627907 0.373260415625 0.5210265627906977 0.372733334375 0.5037359372093023 0.37233958437500003 0.5036531255813953 0.386939584375 0.5210265627906977 0.38746458437500003 0.536820311627907 0.386939584375 0.536820311627907 0.373260415625
6 0.6427390627906976 0.373 0.6301031255813954 0.370895834375 0.6096843744186047 0.37233958437500003 0.609570311627907 0.38510208437500004 0.624179688372093 0.38510208437500004 0.6435281255813953 0.385627084375 0.6427390627906976 0.373
2 0.41128437441860466 0.44439791562500003 0.397679688372093 0.4387125 0.38220781162790696 0.43835625 0.36817343720930235 0.43458333437499996 0.36646874883720926 0.445464584375 0.39287812558139534 0.45043958437500003 0.409682811627907 0.45435 0.41128437441860466 0.44439791562500003
2 0.5418921883720931 0.34707499999999997 0.5226859372093023 0.347785415625 0.49812343720930236 0.347754165625 0.49867812558139535 0.35809375 0.5170843744186047 0.35738125 0.541092188372093 0.358447915625 0.5418921883720931 0.34707499999999997
2 0.6484031255813952 0.3459375 0.6283968744186046 0.343804165625 0.6054859372093023 0.34540833437499996 0.6054562488372093 0.35588958437499996 0.6246625 0.354822915625 0.6484031255813952 0.35695416562500004 0.6484031255813952 0.3459375