2 0.4116062511627907 0.382577084375 0.395457811627907 0.381175 0.368829688372093 0.374808334375 0.3691312511627907 0.389125 0.38668281162790696 0.392866665625 0.41055312558139534 0.39520625 0.4116062511627907 0.382577084375
2 0.5431187511627907 0.288395834375 0.5153875 0.287460415625 0.499754688372093 0.288039584375 0.500292188372093 0.299620834375 0.518195311627907 0.298685415625 0.5424171883720931 0.298685415625 0.5431187511627907 0.288395834375
2 0.647707811627907 0.287329165625 0.6238375 0.286860415625 0.6077750000000001 0.285985415625 0.6076906255813953 0.29761875 0.6336656255813954 0.298085415625 0.6480593744186046 0.29855416562500003 0.647707811627907 0.287329165625
6 0.62505 0.314239584375 0.6113593744186047 0.314239584375 0.6112359372093024 0.3265625 0.6443562488372093 0.33014166562499997 0.6443562488372093 0.31564375 0.62505 0.314239584375
6 0.505632811627907 0.3157375 0.5057109372093024 0.330077084375 0.538357811627907 0.32961041562500004 0.538357811627907 0.314175 0.505632811627907 0.3157375
6 0.409257811627907 0.353427084375 0.3758140627906976 0.3485 0.37520624883720927 0.36324999999999996 0.3896 0.364185415625 0.40820468837209306 0.3688625 0.409257811627907 0.353427084375
0 0.504725 0.341389584375 0.5050531255813954 0.355195834375 0.5387515627906977 0.35566458437500004 0.5391031255813954 0.34069791562499996 0.504725 0.341389584375
0 0.6098406255813954 0.340920834375 0.610225 0.355016665625 0.6425203116279069 0.35595208437500003 0.6432218744186046 0.341452084375 0.6098406255813954 0.340920834375
0 0.37975312558139535 0.322339584375 0.3785937488372093 0.3339625 0.4108875 0.337704165625 0.41123906279069766 0.326479165625 0.37975312558139535 0.322339584375
7 0.420332811627907 0.273947915625 0.397867188372093 0.269739584375 0.37978906279069763 0.26483124999999996 0.3771562511627907 0.27909375000000003 0.397867188372093 0.28283541562500003 0.4196312511627907 0.28798124999999997 0.420332811627907 0.273947915625
7 0.37984218837209305 0.29646249999999996 0.3796656255813953 0.31174375 0.4130140627906977 0.316420834375 0.41371562558139535 0.302389584375 0.37984218837209305 0.29646249999999996
7 0.505542188372093 0.36567500000000003 0.5038406255813953 0.37829999999999997 0.5378906255813953 0.380170834375 0.5368375 0.36660624999999997 0.505542188372093 0.36567500000000003
7 0.5424812488372094 0.41008541562499995 0.5435343744186046 0.4035375 0.543182811627907 0.39745625 0.5228234372093024 0.396520834375 0.4998140627906977 0.3968625 0.500357811627907 0.40400416562499997 0.5024640627906977 0.41102083437500003 0.5287906255813953 0.410552084375 0.5424812488372094 0.41008541562499995
7 0.6461906255813953 0.397383334375 0.6216187511627908 0.396914584375 0.60355 0.393839584375 0.6037156255813954 0.40860833437500005 0.6230234372093023 0.410479165625 0.6454890627906976 0.411414584375 0.6461906255813953 0.397383334375
7 0.6420718744186047 0.36608333437499996 0.6094343744186047 0.3656625 0.6090749999999999 0.377775 0.6280312488372093 0.379179165625 0.641370311627907 0.379645834375 0.6420718744186047 0.36608333437499996