7 0.3192359372093023 0.499752084375 0.3192359372093023 0.5178166656250001 0.36369843720930234 0.518279165625 0.36300468837209304 0.500679165625 0.3192359372093023 0.499752084375
7 0.3230562488372093 0.531710415625 0.32340312558139533 0.5446791656250001 0.35848906279069764 0.54560625 0.35848906279069764 0.5326375 0.3230562488372093 0.531710415625
0 0.32236093720930237 0.553016665625 0.3230562488372093 0.568764584375 0.3574468744186047 0.569227084375 0.3570984372093023 0.55394375 0.32236093720930237 0.553016665625
6 0.32236093720930237 0.582195834375 0.3230562488372093 0.595627084375 0.35640468837209305 0.596091665625 0.3567515627906977 0.58080625 0.32236093720930237 0.582195834375
6 0.4279625 0.713270834375 0.42830937441860467 0.72948125 0.4609625 0.731797915625 0.4609625 0.717902084375 0.4279625 0.713270834375
6 0.5467640627906977 0.899 0.5471109372093023 0.915672915625 0.5818484372093023 0.9152104156249999 0.581154688372093 0.898072915625 0.5467640627906977 0.899
0 0.5464171883720931 0.872135415625 0.5478062511627907 0.8892729156250001 0.5825437488372093 0.888810415625 0.581154688372093 0.872135415625 0.5464171883720931 0.872135415625
0 0.4279625 0.747545834375 0.4279625 0.760514584375 0.4602687488372093 0.760514584375 0.4609625 0.747545834375 0.4279625 0.747545834375
7 0.426920311627907 0.766997915625 0.4262265627906977 0.7808937499999999 0.46061562558139535 0.783208334375 0.4602687488372093 0.767925 0.426920311627907 0.766997915625
7 0.4210156255813954 0.794325 0.42136250000000003 0.8119249999999999 0.462004688372093 0.8123875 0.463395311627907 0.798029165625 0.4210156255813954 0.794325
7 0.5474593744186047 0.848052084375 0.5481531255813954 0.8628729156249999 0.5832375 0.8624104156250001 0.5821953116279069 0.8494416656249999 0.5474593744186047 0.848052084375
7 0.5436375 0.81655625 0.542595311627907 0.835545834375 0.5881015627906977 0.836472915625 0.5870593744186047 0.8202624999999999 0.5436375 0.81655625
2 0.5415531255813953 0.926327084375 0.5429437488372093 0.9425375 0.585670311627907 0.9425375 0.586017188372093 0.92910625 0.5415531255813953 0.926327084375
2 0.4248359372093023 0.68501875 0.4237937511627907 0.6989124999999999 0.46652031162790697 0.704008334375 0.4679109372093023 0.691039584375 0.4248359372093023 0.68501875
2 0.31610937441860465 0.609522915625 0.3164562511627907 0.625270834375 0.36092031162790694 0.626195834375 0.36057187441860467 0.613691665625 0.31610937441860465 0.609522915625