2 0.3844125 0.676883334375 0.39508593720930235 0.672716665625 0.39534687441860467 0.6636875 0.353179688372093 0.663139584375 0.353175 0.673758334375 0.3622859372093023 0.675147915625 0.3844125 0.676883334375
2 0.531492188372093 0.781058334375 0.531492188372093 0.7692520843749999 0.490520311627907 0.769020834375 0.491925 0.778627084375 0.5036390627906977 0.780016665625 0.531492188372093 0.781058334375
2 0.665817188372093 0.6501458343750001 0.6567062511627907 0.65188125 0.6259890627906977 0.65188125 0.6272906255813953 0.66125625 0.6468140627906976 0.66125625 0.6655562511627907 0.6581312500000001 0.665817188372093 0.6501458343750001
6 0.3888390627906977 0.7046625 0.388057811627907 0.691814584375 0.35741093720930234 0.69004375 0.3562984372093023 0.701885415625 0.3711375 0.702927084375 0.3888390627906977 0.7046625
6 0.5265468744186046 0.7525833343749999 0.5257656255813954 0.739735415625 0.49507656279069767 0.738645834375 0.494267188372093 0.751889584375 0.5182171883720931 0.7522375 0.5265468744186046 0.7525833343749999
6 0.6530609372093023 0.677577084375 0.6319750000000001 0.677577084375 0.6317671883720931 0.69004375 0.6637343744186046 0.688341665625 0.6634734372093024 0.67549375 0.6530609372093023 0.677577084375
0 0.3888390627906977 0.716470834375 0.3549968744186046 0.716816665625 0.35707968837209303 0.728622915625 0.388057811627907 0.729664584375 0.3888390627906977 0.716470834375
0 0.5268078116279069 0.7116083343749999 0.49572812558139534 0.712608334375 0.4950484372093023 0.722720834375 0.5262859372093023 0.722720834375 0.5268078116279069 0.7116083343749999
0 0.6645156255813953 0.7067479156250001 0.6515 0.709525 0.6468140627906976 0.705358334375 0.6307906255813953 0.705666665625 0.631454688372093 0.718554165625 0.6652968744186046 0.7171645843750001 0.6645156255813953 0.7067479156250001
7 0.38701718837209304 0.754320834375 0.38727656279069766 0.742166665625 0.355517188372093 0.740777084375 0.3542156255813953 0.751195834375 0.36176562558139536 0.753625 0.38701718837209304 0.754320834375
7 0.38727656279069766 0.783141665625 0.39248281162790694 0.771683334375 0.37191874883720927 0.772725 0.34895 0.769020834375 0.351092188372093 0.784183334375 0.37217812558139535 0.78453125 0.38727656279069766 0.783141665625
7 0.5322734372093023 0.673410415625 0.5327953116279069 0.658827084375 0.5158734372093023 0.65986875 0.4916640627906977 0.6557000000000001 0.4934859372093023 0.670633334375 0.5059812488372093 0.673410415625 0.5322734372093023 0.673410415625
7 0.5275875 0.686954165625 0.495829688372093 0.687995834375 0.49661093720930227 0.699802084375 0.5278484372093023 0.7004958343750001 0.5275875 0.686954165625
7 0.6637343744186046 0.7390416656250001 0.6645156255813953 0.72758125 0.632092188372093 0.7290979156249999 0.631454688372093 0.740083334375 0.6410874999999999 0.741472915625 0.6637343744186046 0.7390416656250001
7 0.6600906255813954 0.7709875 0.6694609372093023 0.768904165625 0.6689406255813953 0.7553625 0.6486359372093023 0.7584875 0.6285921883720931 0.7591812499999999 0.6296328116279071 0.771683334375 0.6392640627906977 0.772725 0.6600906255813954 0.7709875