7 0.322557811627907 0.304989584375 0.322557811627907 0.323054165625 0.367020311627907 0.32351666562500003 0.36632656279069764 0.305916665625 0.322557811627907 0.304989584375
7 0.32737343720930234 0.338085415625 0.327720311627907 0.351054165625 0.362804688372093 0.35198125 0.362804688372093 0.3390125 0.32737343720930234 0.338085415625
0 0.327320311627907 0.36010624999999996 0.32801562558139535 0.375852084375 0.362404688372093 0.376316665625 0.36205781162790696 0.36103125 0.327320311627907 0.36010624999999996
6 0.3254515627906977 0.38863333437500003 0.3261468744186046 0.402064584375 0.359495311627907 0.40252708437500007 0.35984218837209303 0.38724375 0.3254515627906977 0.38863333437500003
6 0.43224062558139537 0.51968125 0.4325875 0.535891665625 0.46524062558139534 0.5382083343749999 0.46524062558139534 0.5243125 0.43224062558139537 0.51968125
6 0.5516265627906977 0.705783334375 0.5519734372093024 0.72245625 0.5867109372093023 0.72199375 0.586017188372093 0.70485625 0.5516265627906977 0.705783334375
0 0.5498999999999999 0.678304165625 0.5512890627906977 0.695441665625 0.5860265627906976 0.6949770843749999 0.5846375 0.678304165625 0.5498999999999999 0.678304165625
0 0.431467188372093 0.553139584375 0.431467188372093 0.566108334375 0.4637718744186047 0.566108334375 0.464467188372093 0.553139584375 0.431467188372093 0.553139584375
7 0.43060468837209304 0.575491665625 0.42990937441860466 0.5893875000000001 0.4643 0.5917020843749999 0.46395156279069766 0.57641875 0.43060468837209304 0.575491665625
7 0.42591562558139534 0.60056875 0.42626250000000004 0.6181687499999999 0.46690468837209304 0.618633334375 0.46829375116279065 0.604275 0.42591562558139534 0.60056875
7 0.550445311627907 0.655039584375 0.5511406255813953 0.669860415625 0.586225 0.6693979156250001 0.585182811627907 0.656429165625 0.550445311627907 0.655039584375
7 0.5486343744186046 0.6227 0.547592188372093 0.641689584375 0.5930984372093023 0.6426166656250001 0.5920562488372093 0.626404165625 0.5486343744186046 0.6227
2 0.5464640627906977 0.73299375 0.5478546883720931 0.7492041656249999 0.5905812488372093 0.7492041656249999 0.5909281255813954 0.7357729156249999 0.5464640627906977 0.73299375
2 0.4271625 0.49185208437499994 0.426120311627907 0.505747915625 0.4721125 0.507829165625 0.4721125 0.493977084375 0.4271625 0.49185208437499994
2 0.32124843720930235 0.4166 0.321595311627907 0.43234583437499996 0.36605937441860464 0.43327291562500003 0.36571093720930237 0.420766665625 0.32124843720930235 0.4166