7 0.4229109372093023 0.23832291562500002 0.4229109372093023 0.25091458437499997 0.4539375 0.2518125 0.4537140627906977 0.240120834375 0.4229109372093023 0.23832291562500002
7 0.41886406279069766 0.21014375 0.4186390627906976 0.22183541562500003 0.45708593720930235 0.222135415625 0.4568609372093023 0.21044374999999998 0.41886406279069766 0.21014375
7 0.5105968744186047 0.29048541562499997 0.511045311627907 0.302475 0.5425218744186047 0.303075 0.5431968744186046 0.292583334375 0.5105968744186047 0.29048541562499997
7 0.5076734372093024 0.3189625 0.5078984372093024 0.333052084375 0.5465687488372093 0.332154165625 0.546345311627907 0.3201625 0.5076734372093024 0.3189625
7 0.5913109372093023 0.31446666562500003 0.5913109372093023 0.32765625 0.630432811627907 0.32765625 0.629757811627907 0.316264584375 0.5913109372093023 0.31446666562500003
7 0.5953578116279069 0.2859875 0.595582811627907 0.297379165625 0.6266093744186046 0.296779165625 0.6259359372093023 0.2862875 0.5953578116279069 0.2859875
0 0.4229109372093023 0.26140625 0.4226859372093023 0.272797915625 0.4552875 0.271897915625 0.4543875 0.26200625 0.4229109372093023 0.26140625
0 0.511270311627907 0.26620208437500004 0.511270311627907 0.27879375 0.5440968744186047 0.27729375 0.5438718744186046 0.264404165625 0.511270311627907 0.26620208437500004
0 0.5944593744186046 0.26110625 0.5944593744186046 0.274595834375 0.6259359372093023 0.274295834375 0.6268343744186046 0.263804165625 0.5944593744186046 0.26110625
6 0.4226859372093023 0.29048541562499997 0.4226859372093023 0.303375 0.4534890627906977 0.304575 0.4539375 0.292883334375 0.4226859372093023 0.29048541562499997
6 0.511270311627907 0.24072083437499997 0.511045311627907 0.25241250000000004 0.5434218744186047 0.2518125 0.5425218744186047 0.240120834375 0.511270311627907 0.24072083437499997
6 0.5953578116279069 0.234725 0.5946843744186047 0.246116665625 0.6266093744186046 0.24491875 0.6266093744186046 0.23442708437499998 0.5953578116279069 0.234725
2 0.41886406279069766 0.3198625 0.41908906279069763 0.330054165625 0.4577609372093023 0.332454165625 0.45820937441860465 0.323760415625 0.41886406279069766 0.3198625
2 0.5069984372093024 0.21374166562500002 0.5069984372093024 0.2203375 0.5474687511627907 0.22273541562500002 0.5472437488372093 0.21254166562500001 0.5069984372093024 0.21374166562500002
2 0.6245859372093023 0.21254166562500001 0.630207811627907 0.216439584375 0.630207811627907 0.205947915625 0.5899625000000001 0.207745834375 0.5901875 0.217039584375 0.5976062488372093 0.21314166562499998 0.6133453116279071 0.212241665625 0.6245859372093023 0.21254166562500001