2 0.37737187441860465 0.8089708343750001 0.3909093744186046 0.8054979156250001 0.39221093720930233 0.795427084375 0.36774062558139536 0.7971625 0.3502515627906977 0.796791665625 0.35212187441860465 0.80445625 0.35836874883720926 0.8075812499999999 0.37737187441860465 0.8089708343750001
2 0.516642188372093 0.913839584375 0.5278359372093023 0.910366665625 0.5278359372093023 0.902033334375 0.49633750000000004 0.9013395843750001 0.4872656255813953 0.8996354156249999 0.4861843744186046 0.9079375000000001 0.49191250000000003 0.9127979156249999 0.516642188372093 0.913839584375
2 0.6630859372093023 0.790745834375 0.6623062488372093 0.779285415625 0.6344515627906976 0.782758334375 0.622654688372093 0.7842083343749999 0.6224765627906976 0.7938708343750001 0.6440828116279069 0.7928291656249999 0.6630859372093023 0.790745834375
6 0.3837656255813953 0.838666665625 0.3866281255813953 0.82165 0.37152968837209305 0.822691665625 0.355132811627907 0.8206583343749999 0.353307811627907 0.834845834375 0.360857811627907 0.8362354156249999 0.3837656255813953 0.838666665625
6 0.5225156255813953 0.884502084375 0.5230359372093023 0.8720020843749999 0.49283906279069767 0.871308334375 0.4923187511627907 0.883460415625 0.5055937488372093 0.884502084375 0.5225156255813953 0.884502084375
6 0.6576203116279069 0.8213041656250001 0.6599625 0.807066665625 0.651632811627907 0.8084541656249999 0.624932811627907 0.81024375 0.6271625 0.822345834375 0.6409593744186046 0.824775 0.6576203116279069 0.8213041656250001
0 0.3848062511627907 0.861585415625 0.38636875116279074 0.848389584375 0.36241875116279065 0.8490833343749999 0.35148593720930227 0.848389584375 0.350445311627907 0.8598479156250001 0.37465468837209304 0.8612375 0.3848062511627907 0.861585415625
0 0.5235562511627907 0.841791665625 0.49214843720930235 0.8436583343749999 0.49205781162790696 0.8549875 0.523295311627907 0.854291665625 0.5235562511627907 0.841791665625
0 0.660482811627907 0.848041665625 0.6599625 0.838666665625 0.638617188372093 0.837970834375 0.6268843744186046 0.837147915625 0.6279437511627907 0.85081875 0.650070311627907 0.8529041656249999 0.660482811627907 0.848041665625
7 0.3842859372093023 0.8848499999999999 0.383504688372093 0.87235 0.3762156255813953 0.8726958343750001 0.35155312558139534 0.871429165625 0.34940312558139536 0.88415625 0.375695311627907 0.8865875000000001 0.3842859372093023 0.8848499999999999
7 0.37699687441860463 0.9181874999999999 0.38454687441860463 0.9157562499999999 0.3868890627906977 0.903254165625 0.36658437441860464 0.9025604156249999 0.345695311627907 0.902239584375 0.346279688372093 0.9119354156249999 0.3499234372093023 0.9181874999999999 0.37699687441860463 0.9181874999999999
7 0.5032515627906976 0.831372915625 0.5230656255813954 0.832808334375 0.522254688372093 0.818872915625 0.49179687441860465 0.8195666656249999 0.4923187511627907 0.831372915625 0.5032515627906976 0.831372915625
7 0.496482811627907 0.804983334375 0.5285015627906977 0.8039416656249999 0.5300640627906977 0.7903979156250001 0.5160062511627908 0.790745834375 0.48815312558139534 0.787620834375 0.487892188372093 0.8008145843750001 0.496482811627907 0.804983334375
7 0.6597031255813953 0.8570708343750001 0.6466859372093023 0.860889584375 0.6289843744186047 0.858458334375 0.6284640627906977 0.869570834375 0.6477281255813954 0.873391665625 0.660482811627907 0.8702666656250001 0.6597031255813953 0.8570708343750001
7 0.663867188372093 0.9022125000000001 0.663867188372093 0.88728125 0.6401781255813953 0.8904062500000001 0.625582811627907 0.8900874999999999 0.6266421883720931 0.90464375 0.6529343744186046 0.9053375000000001 0.663867188372093 0.9022125000000001