7 0.3223390627906977 0.43805625 0.3218562511627907 0.452239584375 0.36392187441860463 0.45159374999999996 0.36343906279069765 0.43805625 0.3223390627906977 0.43805625
7 0.32612968837209305 0.467639584375 0.3256468744186046 0.47988958437499996 0.357075 0.47859999999999997 0.35755937441860464 0.467639584375 0.32612968837209305 0.467639584375
7 0.455004688372093 0.36934166562500004 0.4554875 0.38288125 0.4874015627906977 0.381591665625 0.4874015627906977 0.37063125 0.455004688372093 0.36934166562500004
7 0.45067812558139536 0.341583334375 0.45067812558139536 0.3564125 0.4922609372093023 0.35383333437500003 0.49032656279069764 0.34029375 0.45067812558139536 0.341583334375
7 0.5632609372093024 0.531127084375 0.5622937511627907 0.545310415625 0.5946906255813954 0.545310415625 0.5927562488372093 0.5317729156250001 0.5632609372093024 0.531127084375
0 0.32610312558139537 0.48884791562499996 0.325620311627907 0.503677084375 0.3585 0.501741665625 0.357532811627907 0.492072915625 0.32610312558139537 0.48884791562499996
0 0.4555359372093023 0.39655625 0.4550531255813953 0.40880625000000004 0.48793281162790697 0.408160415625 0.48696562558139533 0.39655625 0.4555359372093023 0.39655625
0 0.5645093744186047 0.5124 0.5645093744186047 0.521425 0.5964218744186047 0.521425 0.5949718744186047 0.51304375 0.5645093744186047 0.5124
6 0.32472656279069767 0.5171812499999999 0.32472656279069767 0.531364584375 0.35712187441860466 0.5307208343750001 0.3561562511627907 0.52105 0.32472656279069767 0.5171812499999999
6 0.4570125 0.42169999999999996 0.45604531162790696 0.435883334375 0.489407811627907 0.432660415625 0.48795781162790697 0.42105416562500003 0.4570125 0.42169999999999996
6 0.5645343744186047 0.477652084375 0.563567188372093 0.489902084375 0.5930625 0.49377083437499997 0.594029688372093 0.48023125 0.5645343744186047 0.477652084375
2 0.3594437488372093 0.550095834375 0.33720156279069763 0.552029165625 0.321245311627907 0.547516665625 0.3207609372093023 0.556541665625 0.336717188372093 0.5623437499999999 0.3594437488372093 0.55783125 0.3594437488372093 0.550095834375
2 0.4900937511627907 0.44826249999999995 0.47317031162790696 0.45084166562499994 0.45092812558139533 0.44826249999999995 0.44996093720930236 0.4605125 0.4712359372093023 0.4605125 0.49202812558139536 0.457933334375 0.4900937511627907 0.44826249999999995
2 0.5997812488372093 0.45274583437500004 0.5789890627906976 0.453389584375 0.560132811627907 0.449520834375 0.5615828116279069 0.46048125000000006 0.5794734372093023 0.46177083437500005 0.5997812488372093 0.46306041562500005 0.5997812488372093 0.45274583437500004
7 0.559342188372093 0.560077084375 0.5598265627906976 0.573614584375 0.598507811627907 0.574260415625 0.598507811627907 0.5633 0.559342188372093 0.560077084375