2 0.627520311627907 0.703333334375 0.628345311627907 0.720197915625 0.6684906255813953 0.719466665625 0.6682156255813954 0.705166665625 0.627520311627907 0.703333334375
6 0.6332921883720931 0.6734895843750001 0.633567188372093 0.689254165625 0.6671140627906976 0.690354165625 0.6679390627906977 0.676422915625 0.6332921883720931 0.6734895843750001
7 0.5012187488372093 0.856658334375 0.502867188372093 0.8735250000000001 0.5443890627906977 0.8742583343750001 0.5432890627906977 0.858491665625 0.5012187488372093 0.856658334375
7 0.504957811627907 0.8281333343749999 0.505782811627907 0.8439 0.5415281255813953 0.8435333343750001 0.5407031255813953 0.8303333343749999 0.504957811627907 0.8281333343749999
0 0.5068265627906976 0.8065749999999999 0.5071015627906977 0.821239584375 0.5414718744186047 0.820872915625 0.5420218744186046 0.805108334375 0.5068265627906976 0.8065749999999999
0 0.630654688372093 0.646433334375 0.631479688372093 0.6643979156250001 0.6669515627906977 0.665864584375 0.6650265627906977 0.648633334375 0.630654688372093 0.646433334375
6 0.5073765627906976 0.775929165625 0.5073765627906976 0.792427084375 0.5409218744186046 0.792427084375 0.5409218744186046 0.774829165625 0.5073765627906976 0.775929165625
7 0.6311515627906977 0.624066665625 0.6311515627906977 0.6398312500000001 0.6660734372093023 0.641664584375 0.6655234372093023 0.624433334375 0.6311515627906977 0.624066665625
2 0.5031406255813954 0.749164584375 0.5031406255813954 0.763829165625 0.5474109372093023 0.763095834375 0.5463109372093023 0.74843125 0.5031406255813954 0.749164584375
7 0.6287312488372093 0.5970833343749999 0.6290062511627907 0.611014584375 0.6713515627906976 0.611014584375 0.6702515627906976 0.59525 0.6287312488372093 0.5970833343749999
2 0.37658281162790697 0.9492270843749999 0.37609531162790694 0.965172915625 0.4192937488372093 0.967777084375 0.41880625116279074 0.9547604156249999 0.37658281162790697 0.9492270843749999
6 0.3831734372093023 0.92254375 0.38244062558139535 0.9378375 0.4166093744186047 0.939791665625 0.4158765627906977 0.923845834375 0.3831734372093023 0.92254375
0 0.3831734372093023 0.89293125 0.38341718837209304 0.9092020843749999 0.417829688372093 0.910179165625 0.4175859372093023 0.894883334375 0.3831734372093023 0.89293125
7 0.383904688372093 0.8704770843749999 0.383904688372093 0.8867479156250001 0.417829688372093 0.887072915625 0.417829688372093 0.8721041656249999 0.383904688372093 0.8704770843749999
7 0.38097656279069764 0.840864584375 0.38097656279069764 0.8581125000000001 0.4239312488372093 0.8590875 0.4244187488372093 0.8415166656249999 0.38097656279069764 0.840864584375