7 0.34954062558139537 0.36905416562500004 0.3244343744186046 0.3678125 0.3230390627906977 0.38083125 0.3653484372093023 0.38083125 0.36395312558139536 0.36905416562500004 0.34954062558139537 0.36905416562500004
7 0.325507811627907 0.401364584375 0.3245781255813953 0.412522915625 0.3575890627906977 0.41190208437500003 0.355729688372093 0.401364584375 0.325507811627907 0.401364584375
7 0.4555437511627907 0.302179165625 0.4555437511627907 0.314577084375 0.4871593744186047 0.3133375 0.4871593744186047 0.304660415625 0.4555437511627907 0.302179165625
7 0.49061718837209306 0.27366458437499996 0.471554688372093 0.27366458437499996 0.4515625 0.27366458437499996 0.45063281162790697 0.284822915625 0.470625 0.28668125 0.49201249999999996 0.283583334375 0.49061718837209306 0.27366458437499996
7 0.5650625 0.464054165625 0.5650625 0.47831041562500004 0.5971437511627907 0.47831041562500004 0.5971437511627907 0.467152084375 0.5650625 0.464054165625
7 0.5612859372093023 0.491252084375 0.5603562488372094 0.505510415625 0.5994109372093024 0.50426875 0.5994109372093024 0.495591665625 0.5612859372093023 0.491252084375
0 0.3561937488372093 0.437591665625 0.35898437441860465 0.422714584375 0.3431765627906977 0.423954165625 0.32597343720930233 0.42085416562500005 0.32550937441860467 0.43511249999999996 0.33992187441860466 0.432633334375 0.35061562558139536 0.43015208437499997 0.3561937488372093 0.437591665625
0 0.45435156279069766 0.328835415625 0.45435156279069766 0.338754165625 0.4896859372093023 0.33999375 0.48736250000000003 0.32573541562499997 0.45435156279069766 0.328835415625
0 0.5968249999999999 0.44421458437499994 0.5800875 0.445454165625 0.564279688372093 0.442975 0.5638140627906977 0.453514584375 0.5749734372093023 0.45661250000000003 0.5968249999999999 0.45599375000000003 0.5968249999999999 0.44421458437499994
6 0.34183906279069765 0.45316666562499996 0.32463749999999997 0.450066665625 0.32463749999999997 0.462464584375 0.3576468744186046 0.464325 0.35718281162790694 0.45254583437499996 0.34183906279069765 0.45316666562499996
6 0.488757811627907 0.351152084375 0.47527499999999995 0.354872915625 0.4557484372093023 0.3530125 0.4557484372093023 0.367270834375 0.46783593720930233 0.36293125000000004 0.4878281255813954 0.36478958437500003 0.488757811627907 0.351152084375
6 0.595692188372093 0.41349166562499995 0.5794187488372092 0.41225208437500005 0.5640765627906976 0.410391665625 0.5626812488372093 0.42217083437499997 0.578954688372093 0.42403124999999997 0.595692188372093 0.426510415625 0.595692188372093 0.41349166562499995
2 0.3615687488372093 0.4838125 0.3387875 0.48443333437499997 0.32065468837209304 0.479472915625 0.318795311627907 0.49063125 0.33692812558139534 0.49187083437499995 0.3625 0.489391665625 0.3615687488372093 0.4838125
2 0.47109062558139536 0.383116665625 0.4515625 0.382495834375 0.4520281255813954 0.393654165625 0.4934062488372093 0.390554165625 0.4934062488372093 0.383116665625 0.47109062558139536 0.383116665625
2 0.6019390627906976 0.386216665625 0.5814828116279069 0.385595834375 0.561954688372093 0.3837375 0.561954688372093 0.39427500000000004 0.5875265627906977 0.39489583437500003 0.601475 0.39427500000000004 0.6019390627906976 0.386216665625