7 0.4397406255813954 0.855591665625 0.44704218837209303 0.85413125 0.4481375 0.839539584375 0.43609062558139533 0.841485415625 0.41783593720930234 0.841485415625 0.4055140627906977 0.8372375 0.4046937511627907 0.8419708343750001 0.4046937511627907 0.8536458343750001 0.4218515627906977 0.855591665625 0.4397406255813954 0.855591665625
7 0.4429062488372093 0.869220834375 0.4217312488372093 0.87019375 0.40992968837209304 0.8682833343749999 0.41004999999999997 0.882354165625 0.4261125 0.8833270843750001 0.44217656279069767 0.882354165625 0.4429062488372093 0.869220834375
7 0.532254688372093 0.9313874999999999 0.5307937511627907 0.9197145843750001 0.5180156255813954 0.921660415625 0.49905312558139536 0.92020625 0.4972062488372093 0.931875 0.5088890627906977 0.9333333343750001 0.5202062511627907 0.9338208343750001 0.532254688372093 0.9313874999999999
7 0.6136562488372093 0.927077084375 0.6136562488372093 0.9158875 0.5964984372093023 0.9178333343749999 0.582154688372093 0.9137812500000001 0.5811656255813954 0.927077084375 0.593942188372093 0.9295083343749999 0.603070311627907 0.928535415625 0.6136562488372093 0.927077084375
7 0.6074187511627908 0.9616729156250001 0.617275 0.959241665625 0.618004688372093 0.943189584375 0.6004812488372092 0.947566665625 0.576132811627907 0.9432229156249999 0.5756562511627906 0.9514583343749999 0.5778468744186046 0.959727084375 0.5920843744186046 0.960214584375 0.6074187511627908 0.9616729156250001
7 0.526429688372093 0.9644979156250001 0.5344609372093023 0.962552084375 0.5351906255813953 0.9489333343749999 0.5205875 0.9523375 0.507079688372093 0.9523375 0.493207811627907 0.9494187500000001 0.4939375 0.957689584375 0.49722343720930234 0.9640124999999999 0.5136515627906977 0.965470834375 0.526429688372093 0.9644979156250001
0 0.44227968837209297 0.8934625 0.40992968837209304 0.8907645843750001 0.41051875116279074 0.903189584375 0.43315312558139535 0.90465 0.44191562558139535 0.903677084375 0.44227968837209297 0.8934625
0 0.5298234372093023 0.895070834375 0.5137593744186046 0.897502084375 0.49825 0.8939770843750001 0.49806093720930233 0.908689584375 0.517045311627907 0.91015 0.5298234372093023 0.908689584375 0.5298234372093023 0.895070834375
0 0.5813515627906977 0.88969375 0.5814656255813954 0.905189584375 0.6143218744186046 0.9056749999999999 0.6146875 0.891083334375 0.5813515627906977 0.88969375
6 0.44244374883720927 0.93501875 0.44244374883720927 0.919939584375 0.4278406255813954 0.921397915625 0.40952812558139534 0.92020625 0.40922187441860464 0.93501875 0.4234593744186047 0.936477084375 0.435142188372093 0.935991665625 0.44244374883720927 0.93501875
6 0.530917188372093 0.8690625000000001 0.515582811627907 0.8705208343749999 0.49784843720930233 0.8682833343749999 0.49696406279069766 0.8826812500000001 0.5104718744186046 0.8841416656250001 0.530917188372093 0.88316875 0.530917188372093 0.8690625000000001
6 0.6150765627906977 0.8625458343749999 0.5813515627906977 0.861860415625 0.5811234372093024 0.8771375000000001 0.5924406255813953 0.8776249999999999 0.6147109372093023 0.8776249999999999 0.6150765627906977 0.8625458343749999
2 0.44597031162790696 0.9624770843749999 0.44670156279069767 0.9517749999999999 0.4302734372093023 0.9551791656249999 0.4189562488372093 0.9537208343750001 0.4043093744186046 0.9496458343749999 0.40471718837209303 0.961016665625 0.4189562488372093 0.964422915625 0.4306375 0.965395834375 0.44597031162790696 0.9624770843749999
2 0.5355140627906977 0.850727084375 0.5355140627906977 0.842458334375 0.514704688372093 0.8444041656250001 0.4930312511627907 0.842589584375 0.49426093720930236 0.855591665625 0.512879688372093 0.855591665625 0.534054688372093 0.855591665625 0.5355140627906977 0.850727084375
2 0.6189843744186047 0.8471249999999999 0.618620311627907 0.83545 0.595254688372093 0.8373958343749999 0.576132811627907 0.8345604156249999 0.5777312488372093 0.8480979156249999 0.5934296883720931 0.8480979156249999 0.6083984372093023 0.8476104156250001 0.6189843744186047 0.8471249999999999