2 0.4524562488372093 0.5810291656250001 0.4290734372093023 0.581964584375 0.41293906279069764 0.5779124999999999 0.4122375 0.5882 0.4304765627906976 0.59069375 0.4524562488372093 0.5885125 0.4524562488372093 0.5810291656250001
2 0.5406078116279069 0.4712875 0.529617188372093 0.470975 0.5008562511627908 0.471910415625 0.5008562511627908 0.48157500000000003 0.5212 0.481264584375 0.5417765627906976 0.480952084375 0.5406078116279069 0.4712875
2 0.5840984372093023 0.46567708437500005 0.584332811627907 0.47534166562499997 0.62455 0.47284791562499995 0.624317188372093 0.46380625000000003 0.5840984372093023 0.46567708437500005
0 0.41738125116279073 0.5193 0.41714843720930234 0.530835415625 0.4484812511627907 0.5302125 0.4484812511627907 0.520860415625 0.41738125116279073 0.5193
0 0.505067188372093 0.524916665625 0.5053 0.537075 0.5378031255813953 0.536452084375 0.5375687488372093 0.524916665625 0.505067188372093 0.524916665625
0 0.588542188372093 0.519610415625 0.5887749999999999 0.53270625 0.619875 0.53270625 0.6208093744186047 0.521170834375 0.588542188372093 0.519610415625
7 0.41364375116279073 0.46785833437499996 0.41364375116279073 0.480952084375 0.45316093720930234 0.481577084375 0.454095311627907 0.46910625 0.41364375116279073 0.46785833437499996
7 0.4178484372093023 0.49622916562499997 0.4178484372093023 0.509635415625 0.44918125116279073 0.509635415625 0.44871406279069764 0.497477084375 0.4178484372093023 0.49622916562499997
7 0.5050656255813953 0.5483 0.5050656255813953 0.560458334375 0.5380359372093023 0.5613937499999999 0.5378015627906977 0.552041665625 0.5050656255813953 0.5483
7 0.501792188372093 0.5785375 0.501792188372093 0.59163125 0.5403734372093023 0.5906958343750001 0.5399062511627907 0.5779124999999999 0.501792188372093 0.5785375
7 0.5857359372093024 0.5723 0.5859703116279069 0.5853937499999999 0.6233812511627908 0.58508125 0.6229140627906977 0.573858334375 0.5857359372093024 0.5723
7 0.5894781255813953 0.54330625 0.5892437488372093 0.556089584375 0.6194078116279069 0.553595834375 0.6189406255813954 0.5448666656250001 0.5894781255813953 0.54330625
6 0.41691406279069765 0.548604165625 0.41691406279069765 0.5613875 0.4484812511627907 0.5613875 0.44871406279069764 0.5504749999999999 0.41691406279069765 0.548604165625
6 0.5050687511627907 0.498729165625 0.5053031255813953 0.511510415625 0.5366359372093024 0.511822915625 0.5366359372093024 0.49904166562499996 0.5050687511627907 0.498729165625
6 0.5899484372093023 0.4924875 0.5890124999999999 0.504647915625 0.6201109372093023 0.503089584375 0.6198781255813953 0.49404791562500006 0.5899484372093023 0.4924875