2 0.33163750000000003 0.35693541562500003 0.33139687441860466 0.346339584375 0.3051625 0.3424875 0.28771874883720927 0.34470833437500004 0.28807499999999997 0.35565 0.30468124883720926 0.35565 0.33163750000000003 0.35693541562500003
2 0.4916890627906977 0.4522875 0.4914484372093023 0.442977084375 0.47243437441860464 0.442014584375 0.450504688372093 0.442602084375 0.44884687441860466 0.45389166562499994 0.4702687488372093 0.454214584375 0.4916890627906977 0.4522875
6 0.32465781162790697 0.384866665625 0.32441718837209305 0.372666665625 0.2904265627906977 0.37198958437499996 0.291925 0.383902084375 0.3106984372093023 0.385829165625 0.32465781162790697 0.384866665625
6 0.4546234372093023 0.415045834375 0.45411562558139534 0.42815833437500006 0.4863937488372093 0.428208334375 0.48591249999999997 0.41408125 0.4546234372093023 0.415045834375
0 0.32417656279069773 0.396745834375 0.2907281255813953 0.3960625 0.2914437511627907 0.410229165625 0.32225 0.411191665625 0.32417656279069773 0.396745834375
0 0.48519062558139536 0.385508334375 0.45351406279069767 0.38482916562499997 0.45342031162790697 0.396745834375 0.48567187441860465 0.396102084375 0.48519062558139536 0.385508334375
7 0.323695311627907 0.42339166562499997 0.291329688372093 0.42133750000000003 0.29264687441860465 0.435914584375 0.323695311627907 0.43751875 0.323695311627907 0.42339166562499997
7 0.3277859372093024 0.45357083437499995 0.28470937441860467 0.45222916562500004 0.286629688372093 0.46480833437499997 0.32730468837209303 0.46577083437500005 0.3277859372093024 0.45357083437499995
7 0.4871156255813954 0.3322125 0.4659359372093023 0.331570834375 0.447495311627907 0.333475 0.4476437511627907 0.346660415625 0.4875968744186046 0.34537708437500003 0.4871156255813954 0.3322125
7 0.48567187441860465 0.361108334375 0.45351406279069767 0.3627625 0.45317968837209305 0.37555625 0.463770311627907 0.37427083437499997 0.4847093744186046 0.375235415625 0.48567187441860465 0.361108334375
6 0.6728937511627907 0.3636125 0.6581031255813954 0.359227084375 0.6405312488372092 0.35896249999999996 0.639554688372093 0.374572915625 0.671720311627907 0.377391665625 0.6728937511627907 0.3636125
2 0.6780593744186048 0.3357375 0.6388515627906977 0.33229375 0.638182811627907 0.340958334375 0.639554688372093 0.343254165625 0.6789984372093024 0.345133334375 0.6780593744186048 0.3357375
7 0.6365031255813953 0.410277084375 0.6364218744186046 0.423929165625 0.6686687488372093 0.42499583437500005 0.668432811627907 0.412783334375 0.6365031255813953 0.410277084375
0 0.6703109372093023 0.39430416562500004 0.655754688372093 0.3867875 0.637595311627907 0.386747915625 0.637442188372093 0.40056875 0.6703109372093023 0.4037 0.6703109372093023 0.39430416562500004
7 0.67125 0.45819375000000007 0.671720311627907 0.44316041562499997 0.6323125 0.43879999999999997 0.6313375 0.45193125 0.6440156255813954 0.45568958437499996 0.67125 0.45819375000000007