2 0.3917437511627907 0.7557666656250001 0.39385312558139535 0.7445062499999999 0.36765 0.744977084375 0.351470311627907 0.745914584375 0.3509437488372093 0.753891665625 0.3773218744186046 0.757879165625 0.3917437511627907 0.7557666656250001
2 0.5154625 0.8592124999999999 0.5279484372093023 0.859916665625 0.5275968744186047 0.8491250000000001 0.49787656279069764 0.850766665625 0.48902031162790693 0.8469729156250001 0.4875 0.8575687500000001 0.492425 0.8603854156249999 0.5154625 0.8592124999999999
2 0.6643 0.739239584375 0.6651625 0.72736875 0.6240906255813954 0.732125 0.6238312488372093 0.74191875 0.6493749999999999 0.74191875 0.6643 0.739239584375
6 0.385092188372093 0.784035415625 0.3865281255813954 0.770252084375 0.36758437441860464 0.771016665625 0.3543812511627907 0.768720834375 0.3543812511627907 0.784035415625 0.376195311627907 0.7867145843750001 0.385092188372093 0.784035415625
6 0.523725 0.818877084375 0.5102343744186046 0.820025 0.493832811627907 0.8192020843750001 0.49157812558139535 0.8330437500000001 0.5228640627906976 0.8334250000000001 0.523725 0.818877084375
6 0.6609218744186047 0.75646875 0.6459968744186046 0.7591479156250001 0.6283968744186046 0.757960415625 0.6296359372093023 0.772166665625 0.6617828116279071 0.7691020843749999 0.6609218744186047 0.75646875
0 0.376195311627907 0.8108354156249999 0.3865281255813954 0.810070834375 0.3862406255813954 0.7962875 0.3747593744186047 0.798202084375 0.35460312558139534 0.794802084375 0.3529468744186047 0.807772915625 0.3730375 0.810454165625 0.376195311627907 0.8108354156249999
0 0.52315 0.8024125 0.5245859372093024 0.792075 0.4927562488372093 0.793366665625 0.493875 0.80088125 0.5033468744186046 0.8024125 0.52315 0.8024125
0 0.6617828116279071 0.79666875 0.6617828116279071 0.787097915625 0.6399687488372092 0.7893958343749999 0.631267188372093 0.784754165625 0.6299234372093023 0.7985833343750001 0.6508765627906976 0.7985833343750001 0.6617828116279071 0.79666875
7 0.3845187511627907 0.820025 0.3641406255813953 0.8215562500000001 0.35209218837209305 0.818725 0.3529468744186047 0.8334250000000001 0.3859531255813954 0.8345750000000001 0.3845187511627907 0.820025
7 0.3592609372093023 0.866352084375 0.3845187511627907 0.86405625 0.3888234372093023 0.851804165625 0.36729687441860465 0.85371875 0.34892812558139535 0.8514208343749999 0.34921562558139535 0.862141665625 0.35495468837209304 0.866352084375 0.3592609372093023 0.866352084375
7 0.503632811627907 0.738472915625 0.4895687511627907 0.737325 0.4888093744186046 0.749827084375 0.5291781255813953 0.751108334375 0.5291781255813953 0.739239584375 0.503632811627907 0.738472915625
7 0.5245859372093024 0.7675708343750001 0.4934734372093023 0.76944375 0.4930140627906977 0.779439584375 0.5251593744186047 0.78020625 0.5245859372093024 0.7675708343750001
7 0.6617828116279071 0.817345834375 0.661207811627907 0.8062416656250001 0.6471437511627908 0.810070834375 0.6319328116279069 0.807008334375 0.6310718744186047 0.8211729156249999 0.6434124999999999 0.8215562500000001 0.6617828116279071 0.817345834375
7 0.6597734372093024 0.85256875 0.6666624999999999 0.849122915625 0.6666624999999999 0.8479749999999999 0.6663749999999999 0.833808334375 0.6485796883720931 0.8395520843750001 0.628775 0.8387854156250001 0.6282015627906976 0.8510375 0.6376734372093023 0.854483334375 0.6597734372093024 0.85256875