7 0.4311656255813953 0.798108334375 0.44749218837209304 0.795577084375 0.44787187441860465 0.778883334375 0.43078593720930236 0.7839437499999999 0.4178765627906977 0.7839437499999999 0.40628593720930234 0.77943125 0.4057265627906977 0.785966665625 0.4057265627906977 0.795577084375 0.419775 0.797095834375 0.4311656255813953 0.798108334375
7 0.410282811627907 0.811766665625 0.41142187441860467 0.82390625 0.443695311627907 0.8228958343749999 0.44293593720930236 0.811766665625 0.410282811627907 0.811766665625
7 0.5331343744186047 0.8751125 0.5319953116279069 0.862466665625 0.5187062488372093 0.863479165625 0.4989734372093024 0.861820834375 0.49820468837209303 0.874608334375 0.5088343744186047 0.87663125 0.520225 0.876125 0.5331343744186047 0.8751125
7 0.6136265627906977 0.8569020843749999 0.5957812511627908 0.85841875 0.581642188372093 0.8568104156249999 0.5805937488372094 0.869547915625 0.5965406255813954 0.8715729156249999 0.6143859372093022 0.869547915625 0.6136265627906977 0.8569020843749999
7 0.6159031255813954 0.90141875 0.6181812511627908 0.8988895843750001 0.6178015627906976 0.88624375 0.5988187511627906 0.887254165625 0.57705 0.8852020843749999 0.5775562511627907 0.8923125000000001 0.5802140627906978 0.90141875 0.5984390627906977 0.90243125 0.6159031255813954 0.90141875
7 0.5222187511627907 0.9065291656250001 0.5324703116279069 0.9050104156250001 0.5358875 0.899952084375 0.5358875 0.8903416656250001 0.5207 0.892364584375 0.5047531255813954 0.892364584375 0.4935468744186046 0.89076875 0.49450312558139536 0.897929165625 0.4960218744186047 0.9065291656250001 0.5108281255813953 0.907035415625 0.5222187511627907 0.9065291656250001
0 0.442542188372093 0.8348416656250001 0.41087812558139536 0.8339854156250001 0.41065 0.845970834375 0.43153281162790696 0.8469833343750001 0.442542188372093 0.8464770843749999 0.442542188372093 0.8348416656250001
0 0.4989734372093024 0.8367687500000001 0.4991281255813953 0.852204165625 0.5314 0.8516979156250001 0.531020311627907 0.837533334375 0.4989734372093024 0.8367687500000001
0 0.581642188372093 0.831758334375 0.5816437511627907 0.845885415625 0.6150546883720931 0.8474020843750001 0.614675 0.8342499999999999 0.581642188372093 0.831758334375
6 0.442945311627907 0.8623291656250001 0.4277593744186047 0.863847915625 0.4104609372093023 0.861820834375 0.4110531255813954 0.877 0.42624062558139536 0.8780125 0.442945311627907 0.877 0.442945311627907 0.8623291656250001
6 0.5306515627906977 0.812247915625 0.5158437488372093 0.8132604156250001 0.4985562511627907 0.812275 0.49913749999999996 0.8253999999999999 0.513945311627907 0.8264125 0.5306515627906977 0.8264125 0.5306515627906977 0.812247915625
6 0.6150765627906977 0.805625 0.6029265627906977 0.8071416656249999 0.5824765627906977 0.806152084375 0.5828046883720931 0.817260415625 0.595332811627907 0.819789584375 0.6146968744186047 0.8182729156249999 0.6150765627906977 0.805625
2 0.44622187441860467 0.905902084375 0.44622187441860467 0.894772915625 0.432932811627907 0.896795834375 0.41964531162790697 0.896289584375 0.40461562558139536 0.8913249999999999 0.40445781162790695 0.902360415625 0.414329688372093 0.905395834375 0.4272375 0.90741875 0.44622187441860467 0.905902084375
2 0.5262812511627907 0.79758125 0.5350140627906977 0.797075 0.5361531255813953 0.784935415625 0.5099562511627906 0.786452084375 0.493629688372093 0.785441665625 0.49438906279069766 0.79758125 0.508057811627907 0.797075 0.5160312511627907 0.797075 0.5262812511627907 0.79758125
2 0.6197296883720931 0.78989375 0.61935 0.778258334375 0.588975 0.779777084375 0.5766312488372093 0.778316665625 0.5772062488372093 0.7893875 0.5939109372093023 0.79090625 0.6079593744186046 0.78989375 0.6197296883720931 0.78989375