2 0.41440312558139536 0.28068125 0.39825624883720934 0.279279165625 0.37162812558139535 0.2729125 0.3719281255813953 0.287229165625 0.3918812511627907 0.287316665625 0.41335 0.29331041562500004 0.41440312558139536 0.28068125
2 0.5458390627906977 0.18614375 0.518107811627907 0.185208334375 0.5024765627906976 0.1857875 0.5030140627906976 0.19736875 0.520917188372093 0.196433334375 0.5451374999999999 0.196433334375 0.5458390627906977 0.18614375
2 0.651017188372093 0.184810415625 0.6271468744186046 0.184341665625 0.6110843744186046 0.183466665625 0.6109984372093024 0.1951 0.636975 0.195566665625 0.6513671883720931 0.196035415625 0.651017188372093 0.184810415625
6 0.627770311627907 0.21164791562500002 0.614079688372093 0.21164791562500002 0.6139562511627907 0.22397083437499998 0.6470765627906977 0.22755 0.6470765627906977 0.21305208437499998 0.627770311627907 0.21164791562500002
6 0.507575 0.213160415625 0.507654688372093 0.22749999999999998 0.5403 0.227033334375 0.5403 0.211597915625 0.507575 0.213160415625
6 0.412632811627907 0.250525 0.3791890627906977 0.24559791562500002 0.37858281162790697 0.26034791562500004 0.392975 0.261283334375 0.411579688372093 0.265960415625 0.412632811627907 0.250525
0 0.5077562488372093 0.239564584375 0.5080843744186047 0.25337291562500003 0.541782811627907 0.253841665625 0.5421343744186047 0.238875 0.5077562488372093 0.239564584375
0 0.6134281255813954 0.239410415625 0.6138109372093022 0.253504165625 0.6461062511627907 0.25443958437499997 0.6468093744186048 0.239939584375 0.6134281255813954 0.239410415625
0 0.3825625 0.219747915625 0.38140312558139533 0.231370834375 0.41369687441860464 0.2351125 0.41404843720930234 0.22388750000000002 0.3825625 0.219747915625
7 0.42387500000000006 0.171358334375 0.40140937441860464 0.167147915625 0.3833312488372093 0.162239584375 0.38069843720930235 0.17650208437499998 0.40140937441860464 0.18024374999999998 0.4231734372093023 0.185389584375 0.42387500000000006 0.171358334375
7 0.3836843744186047 0.193841665625 0.383507811627907 0.209122915625 0.4168562511627907 0.2138 0.41755781162790695 0.19976875 0.3836843744186047 0.193841665625
7 0.5094062488372093 0.26415 0.507704688372093 0.276775 0.5417546883720931 0.278645834375 0.5407015627906977 0.265083334375 0.5094062488372093 0.26415
7 0.5458015627906977 0.3075375 0.5468546883720931 0.300989584375 0.5465031255813954 0.29490833437499997 0.5261437511627907 0.293972915625 0.5031328116279069 0.294314584375 0.5036765627906976 0.30145625 0.505782811627907 0.308472915625 0.5321109372093024 0.308004165625 0.5458015627906977 0.3075375
7 0.649832811627907 0.294847915625 0.6252609372093024 0.29438125 0.6071921883720931 0.29130625 0.607357811627907 0.306072915625 0.6266640627906978 0.30794375 0.6491312511627907 0.308879165625 0.649832811627907 0.294847915625
7 0.6461812488372093 0.264970834375 0.6135421883720931 0.26455 0.6131843744186046 0.2766625 0.6321390627906976 0.27806666562500004 0.645479688372093 0.278533334375 0.6461812488372093 0.264970834375