7 0.2879406255813954 0.738397915625 0.2870687488372093 0.7504062499999999 0.3175765627906976 0.75234375 0.31786718837209305 0.739560415625 0.2879406255813954 0.738397915625
7 0.32164531162790694 0.769389584375 0.2969468744186047 0.769389584375 0.28154843720930234 0.767454165625 0.2818390627906977 0.7802374999999999 0.2989812488372093 0.7817875 0.319029688372093 0.7817875 0.32164531162790694 0.769389584375
7 0.448617188372093 0.6779625 0.448907811627907 0.690745834375 0.48145000000000004 0.688035415625 0.48028750000000003 0.676025 0.448617188372093 0.6779625
7 0.4439687488372093 0.65045625 0.44425937441860464 0.662854165625 0.48348437441860465 0.6609166656250001 0.48290312558139536 0.64929375 0.4439687488372093 0.65045625
7 0.6337015627906977 0.7256125 0.633120311627907 0.738785415625 0.6639187511627908 0.741497915625 0.6642093744186046 0.73065 0.6337015627906977 0.7256125
7 0.6668234372093024 0.761254165625 0.645904688372093 0.759316665625 0.6275999999999999 0.75428125 0.6273093744186046 0.767839584375 0.645904688372093 0.771714584375 0.6659531255813954 0.7721020843749999 0.6668234372093024 0.761254165625
0 0.6348625 0.70198125 0.633992188372093 0.716314584375 0.6662437511627907 0.719414584375 0.6668234372093024 0.708179165625 0.6348625 0.70198125
0 0.44832656279069766 0.70236875 0.448907811627907 0.714379165625 0.4811593744186046 0.710891665625 0.48145000000000004 0.70081875 0.44832656279069766 0.70236875
0 0.28765 0.714766665625 0.2879406255813954 0.7267750000000001 0.319029688372093 0.7263875 0.32077343720930235 0.714766665625 0.28765 0.714766665625
6 0.28765 0.688810415625 0.2882312488372093 0.70120625 0.31873906279069764 0.70159375 0.319320311627907 0.689583334375 0.28765 0.688810415625
6 0.44948906279069767 0.7279375 0.4503609372093023 0.7434333343749999 0.48290312558139536 0.741497915625 0.4820312511627907 0.7302625 0.44948906279069767 0.7279375
6 0.6354437511627907 0.6764125 0.6357343744186047 0.690745834375 0.6685671883720931 0.691133334375 0.667404688372093 0.6802875 0.6354437511627907 0.6764125
2 0.6337015627906977 0.64890625 0.633120311627907 0.660141665625 0.6740875 0.662079165625 0.6743781255813953 0.6535562500000001 0.6337015627906977 0.64890625
2 0.446582811627907 0.760091665625 0.4471640627906977 0.770552084375 0.486970311627907 0.769777084375 0.486679688372093 0.7581562500000001 0.446582811627907 0.760091665625
2 0.32658437441860466 0.6636270843750001 0.28503437441860463 0.661691665625 0.2841625 0.671377084375 0.3053734372093023 0.6748624999999999 0.326875 0.6725375 0.32658437441860466 0.6636270843750001