7 0.5566312511627907 0.1989125 0.553054688372093 0.215602084375 0.5857531255813954 0.224116665625 0.5875406255813954 0.20947083437499997 0.5566312511627907 0.1989125
7 0.5658281255813954 0.23808125000000002 0.5476906255813954 0.23331249999999998 0.5466687511627907 0.24830000000000002 0.5849859372093023 0.25817708437500003 0.588307811627907 0.2442125 0.5658281255813954 0.23808125000000002
7 0.6570234372093023 0.147822915625 0.6557468744186047 0.166214584375 0.6864015627906976 0.180179165625 0.691254688372093 0.16383125 0.6570234372093023 0.147822915625
7 0.6634109372093023 0.117508334375 0.6580453116279069 0.127727084375 0.697129688372093 0.146460415625 0.6986625 0.1345375 0.6634109372093023 0.117508334375
7 0.7793859372093023 0.13828541562500002 0.7765765627906978 0.153270834375 0.8166812511627907 0.165191665625 0.8171921883720931 0.15156875 0.7793859372093023 0.13828541562500002
7 0.7760656255813954 0.172685415625 0.7742765627906977 0.19005624999999998 0.8074859372093023 0.19788958437499998 0.8113171883720931 0.179839584375 0.7760656255813954 0.172685415625
0 0.5890703116279069 0.195691665625 0.5927312488372093 0.179272915625 0.577754688372093 0.174835415625 0.5627781255813954 0.169510415625 0.5577859372093023 0.184597915625 0.5710984372093023 0.191697915625 0.5890703116279069 0.195691665625
0 0.5947281255813953 0.15664166562499998 0.5637765627906977 0.150872915625 0.5627781255813954 0.162410415625 0.5930640627906977 0.171729165625 0.5947281255813953 0.15664166562499998
0 0.6849187488372093 0.191254165625 0.653967188372093 0.177941665625 0.651304688372093 0.193916665625 0.680925 0.20767291562499998 0.6849187488372093 0.191254165625
0 0.6795937488372092 0.215660415625 0.6509718744186047 0.20190416562500002 0.6459796883720931 0.215216665625 0.6756 0.227641665625 0.6795937488372092 0.215660415625
0 0.8057281255813954 0.211666665625 0.7741109372093024 0.202791665625 0.77045 0.218322915625 0.8030656255813954 0.229416665625 0.8057281255813954 0.211666665625
0 0.802067188372093 0.233852084375 0.7860921883720929 0.233852084375 0.77045 0.227641665625 0.7697843744186046 0.240508334375 0.7990718744186047 0.24893958437500002 0.802067188372093 0.233852084375
2 0.799404688372093 0.275120834375 0.8014015627906976 0.26225208437499997 0.7814328116279069 0.25515208437500003 0.7624625 0.252045834375 0.759467188372093 0.264914584375 0.7791031255813954 0.266689584375 0.799404688372093 0.275120834375
2 0.6746015627906976 0.25603958437499996 0.6782625 0.243614584375 0.659292188372093 0.23473958437500003 0.640654688372093 0.227641665625 0.6376609372093024 0.240064584375 0.6546328116279071 0.24538958437499997 0.6746015627906976 0.25603958437499996
2 0.5987218744186046 0.144216665625 0.6007187488372092 0.131791665625 0.580417188372093 0.128241665625 0.5641093744186046 0.12202916562499999 0.5611140627906976 0.134454165625 0.578420311627907 0.13756041562500002 0.5987218744186046 0.144216665625