7 0.299654688372093 0.606058334375 0.28319687441860464 0.6139812499999999 0.266982811627907 0.616616665625 0.2667375 0.63561875 0.28479687441860463 0.629829165625 0.305370311627907 0.621904165625 0.299654688372093 0.606058334375
7 0.3097125 0.638970834375 0.28845312558139535 0.6481125 0.26627968837209304 0.6511604156249999 0.27130937441860464 0.6636562500000001 0.288225 0.661216665625 0.30948437441860466 0.653904165625 0.3097125 0.638970834375
7 0.6448781255813953 0.572552084375 0.6042125 0.5739375 0.6041890627906976 0.587483334375 0.622704688372093 0.5862645843750001 0.6467062488372093 0.5844375 0.6448781255813953 0.572552084375
7 0.6432781255813954 0.6015020843750001 0.6323062488372093 0.6039395843750001 0.6080749999999999 0.6045499999999999 0.6101328116279069 0.620702084375 0.6231625000000001 0.620702084375 0.6451062511627907 0.618264584375 0.6432781255813954 0.6015020843750001
7 0.9650109372093023 0.5227125 0.9517515627906977 0.5257583343750001 0.9231515627906977 0.524783334375 0.922720311627907 0.53916875 0.942607811627907 0.53764375 0.9661531255813954 0.535816665625 0.9650109372093023 0.5227125
7 0.9494656255813954 0.55440625 0.9277249999999999 0.555647915625 0.9291218744186046 0.573604165625 0.9629531255813953 0.5702520843750001 0.9640953116279071 0.5516625000000001 0.9494656255813954 0.55440625
2 0.29338437441860465 0.542414584375 0.29026406279069766 0.529525 0.27185156279069767 0.5370083343750001 0.2505484372093023 0.5408875 0.252192188372093 0.5536416656250001 0.26935468837209303 0.5515625 0.2824625 0.5474041656249999 0.29338437441860465 0.542414584375
0 0.2915125 0.557383334375 0.278717188372093 0.561125 0.2591265627906977 0.566054165625 0.260617188372093 0.580666665625 0.28027812558139537 0.57609375 0.29369687441860465 0.5706875 0.2915125 0.557383334375
0 0.29650468837209304 0.57775625 0.28027812558139537 0.582745834375 0.26221562558139533 0.5861854156249999 0.2646734372093023 0.602704165625 0.28183749999999996 0.60145625 0.2980656255813953 0.595635415625 0.29650468837209304 0.57775625
0 0.644004688372093 0.629841665625 0.623095311627907 0.6327520843750001 0.6115593744186046 0.633314584375 0.6134218744186046 0.6498 0.6296484372093023 0.6493833343750001 0.6436921883720931 0.647720834375 0.644004688372093 0.629841665625
0 0.6447781255813954 0.656172915625 0.6313593744186047 0.65866875 0.6132593744186047 0.656172915625 0.6129312511627907 0.6694604156249999 0.6285499999999999 0.669479165625 0.6460265627906977 0.6678145843750001 0.6447781255813954 0.656172915625
0 0.962829688372093 0.581966665625 0.9490984372093023 0.585291665625 0.9296749999999999 0.5852708343749999 0.9313109372093024 0.603170834375 0.9481625 0.602339584375 0.9634531255813954 0.5994291656249999 0.962829688372093 0.581966665625
0 0.9637656255813953 0.606497915625 0.9475390627906977 0.61231875 0.9322468744186047 0.610239584375 0.9320765627906976 0.623247915625 0.948475 0.6227125 0.9643906255813953 0.62105 0.9637656255813953 0.606497915625
2 0.9709437488372092 0.6493249999999999 0.9706312488372093 0.63435625 0.9550281255813954 0.635604165625 0.9279593744186047 0.6346875 0.9275656255813954 0.64225625 0.9275656255813954 0.652235415625 0.9494109372093024 0.649739584375 0.9709437488372092 0.6493249999999999
2 0.6508281255813954 0.6964645843749999 0.6502031255813953 0.6814958343749999 0.6389687488372092 0.6848229156250001 0.6094999999999999 0.682272915625 0.6105718744186046 0.689395834375 0.6105718744186046 0.700208334375 0.6317921883720929 0.6993750000000001 0.6508281255813954 0.6964645843749999