7 0.3611 0.932839584375 0.3755031255813953 0.933239584375 0.3755031255813953 0.92404375 0.37730312558139534 0.9164479156249999 0.3638 0.913247915625 0.3547984372093024 0.91045 0.3455109372093023 0.9032875 0.34399687441860466 0.9092499999999999 0.33919531162790695 0.918445834375 0.34879687441860463 0.9280416656250001 0.3611 0.932839584375
7 0.3659015627906977 0.9604250000000001 0.37130156279069765 0.961225 0.3749031255813954 0.956427084375 0.37610312558139536 0.950829165625 0.3638 0.94963125 0.3523984372093023 0.94723125 0.33561250000000004 0.936725 0.3355937511627907 0.944433334375 0.338895311627907 0.952429165625 0.3535984372093023 0.9572270843749999 0.3659015627906977 0.9604250000000001
7 0.52415 0.676672915625 0.5328515627906977 0.671475 0.52805 0.65988125 0.5145468744186047 0.665477084375 0.505845311627907 0.6690750000000001 0.4906968744186046 0.6692312499999999 0.489942188372093 0.6770729156249999 0.491142188372093 0.68506875 0.5094468744186046 0.681470834375 0.52415 0.676672915625
7 0.532854688372093 0.706039584375 0.531054688372093 0.69684375 0.5304546883720931 0.6896479156249999 0.5193515627906976 0.69644375 0.5118499999999999 0.699241665625 0.49531718837209304 0.698708334375 0.49924687441860466 0.706039584375 0.4995468744186047 0.7160333343749999 0.5205515627906977 0.7108375 0.532854688372093 0.706039584375
7 0.7755937511627907 0.5373187500000001 0.781595311627907 0.532520834375 0.7803953116279069 0.528522915625 0.777095311627907 0.522927084375 0.7626921883720931 0.532520834375 0.7530890627906978 0.53811875 0.7414734372093023 0.541641665625 0.7413875 0.548514584375 0.7428874999999999 0.554510415625 0.7599906255813954 0.547314584375 0.7755937511627907 0.5373187500000001
7 0.7872968744186047 0.56530625 0.782495311627907 0.553710415625 0.7734937488372092 0.560108334375 0.7638921883720929 0.56450625 0.7507125 0.570239584375 0.7548906255813953 0.578897915625 0.7572906255813954 0.585295834375 0.7761937488372093 0.5749 0.7872968744186047 0.56530625
0 0.354925 0.853445834375 0.353179688372093 0.870595834375 0.38348437441860467 0.877864584375 0.3876265627906976 0.863620834375 0.354925 0.853445834375
0 0.38370156279069767 0.88396875 0.365170311627907 0.8825145843750001 0.3505640627906977 0.876702084375 0.34816562558139535 0.892397915625 0.36255468837209304 0.8982125 0.38152187441860463 0.89995625 0.38370156279069767 0.88396875
0 0.5033906255813954 0.7290333343750001 0.5051343744186046 0.745020834375 0.5367468744186046 0.737754165625 0.534567188372093 0.71740625 0.5033906255813954 0.7290333343750001
0 0.506007811627907 0.751416665625 0.5079687511627907 0.765079165625 0.5397984372093023 0.75723125 0.5382734372093023 0.742114584375 0.506007811627907 0.751416665625
0 0.7606640627906978 0.5978583343749999 0.766082811627907 0.61314375 0.7952671883720931 0.59535625 0.7910984372093023 0.579235415625 0.7606640627906978 0.5978583343749999
0 0.7698359372093023 0.617035415625 0.772545311627907 0.6320458343750001 0.802354688372093 0.6148125 0.7986031255813953 0.602304165625 0.7698359372093023 0.617035415625
2 0.774004688372093 0.646497915625 0.7773406255813953 0.660116665625 0.8138203116279069 0.6351020843749999 0.8084 0.62065 0.774004688372093 0.646497915625
2 0.5073875 0.7813 0.5092625000000001 0.7949208343749999 0.5488703116279069 0.7824125000000001 0.5472031255813954 0.7662916656250001 0.5073875 0.7813
2 0.35708906279069763 0.827439584375 0.35312812558139534 0.8441166656249999 0.39127656279069767 0.85606875 0.39440312558139534 0.840225 0.35708906279069763 0.827439584375