7 0.3910812511627907 0.53913125 0.37884375116279073 0.53134375 0.36376875116279067 0.514695834375 0.3518656255813954 0.5261541656250001 0.36577187441860465 0.540985415625 0.38663124883720934 0.557297915625 0.3910812511627907 0.53913125
7 0.37606249999999997 0.581027084375 0.381154688372093 0.5717187499999999 0.3454687488372093 0.540985415625 0.341854688372093 0.552479165625 0.37606249999999997 0.581027084375
7 0.5401515627906976 0.5002 0.5373703116279069 0.51280625 0.5813125 0.517625 0.5793656255813954 0.502795834375 0.5401515627906976 0.5002
7 0.5754718744186047 0.549141665625 0.57575 0.533197915625 0.541820311627907 0.529860415625 0.5409859372093023 0.546916665625 0.5754718744186047 0.549141665625
7 0.7998281255813953 0.4926125 0.7836984372093023 0.506702084375 0.7664109372093024 0.517941665625 0.7695140627906977 0.5326562499999999 0.784254688372093 0.5230166656249999 0.8062250000000001 0.501141665625 0.7998281255813953 0.4926125
7 0.8095625 0.5222749999999999 0.7950999999999999 0.53599375 0.778579688372093 0.5466854156250001 0.7881468744186048 0.558239584375 0.8037218744186047 0.5486 0.8145687488372093 0.5333979156249999 0.8095625 0.5222749999999999
2 0.41797656279069767 0.48688750000000003 0.42349531162790693 0.47694166562499996 0.4056437511627907 0.459645834375 0.3865531255813954 0.44355833437500003 0.38422343720930235 0.448833334375 0.38325000000000004 0.458347915625 0.4011 0.473483334375 0.41797656279069767 0.48688750000000003
2 0.5773312511627907 0.62699375 0.576032811627907 0.611858334375 0.560129688372093 0.6153187499999999 0.5500687488372094 0.6153187499999999 0.535020311627907 0.60868125 0.5351390627906977 0.6231020843749999 0.5533140627906977 0.62699375 0.5646734372093023 0.62699375 0.5773312511627907 0.62699375
2 0.8381046883720931 0.6066874999999999 0.847192188372093 0.595010415625 0.8439468744186046 0.588525 0.8403765627906976 0.5837687500000001 0.8277187488372093 0.601497915625 0.8091156255813953 0.612489584375 0.808895311627907 0.618795834375 0.8114906255813953 0.624847915625 0.8235 0.620525 0.8381046883720931 0.6066874999999999
0 0.8205781255813953 0.5448500000000001 0.8101937488372093 0.5560937499999999 0.7912703116279071 0.568233334375 0.7975359372093023 0.5841999999999999 0.817982811627907 0.5703625 0.8273937511627907 0.559985415625 0.8205781255813953 0.5448500000000001
0 0.828692188372093 0.566904165625 0.8166843744186046 0.578579165625 0.8009062511627907 0.588695834375 0.8066234372093023 0.601064584375 0.8218765627906977 0.5906875 0.8348593744186047 0.5751208343750001 0.828692188372093 0.566904165625
0 0.574317188372093 0.5619562499999999 0.5574406255813953 0.563254165625 0.5407312488372092 0.557764584375 0.5418609372093023 0.5762270843749999 0.5551687488372093 0.577091665625 0.5746406255813954 0.578820834375 0.574317188372093 0.5619562499999999
0 0.573992188372093 0.58746875 0.5603609372093024 0.58746875 0.5399140627906976 0.583577084375 0.540017188372093 0.5977375 0.555817188372093 0.600875 0.574317188372093 0.60346875 0.573992188372093 0.58746875
0 0.4094437488372093 0.495660415625 0.382270311627907 0.47163541562500005 0.37504062558139534 0.483985415625 0.38672500000000004 0.49176875000000003 0.40652187441860466 0.5060395843750001 0.4094437488372093 0.495660415625
0 0.40197812558139534 0.512525 0.38672500000000004 0.5021479156249999 0.3730937511627907 0.490472915625 0.36757656279069767 0.5030125 0.38315468837209304 0.517283334375 0.398407811627907 0.524633334375 0.40197812558139534 0.512525