7 0.5206468744186046 0.629997915625 0.5315906255813954 0.6290250000000001 0.537670311627907 0.62091875 0.531104688372093 0.6073000000000001 0.5152968744186046 0.61573125 0.501679688372093 0.619945834375 0.50095 0.63648125 0.508975 0.63680625 0.5206468744186046 0.629997915625
7 0.5432625 0.6513979156249999 0.5432625 0.637454165625 0.5252671883720931 0.648802084375 0.514567188372093 0.6536666656250001 0.503625 0.653991665625 0.5075156255813953 0.6659875000000001 0.5340218744186046 0.654639584375 0.5432625 0.6513979156249999
7 0.6607187488372093 0.558989584375 0.666554688372093 0.553477084375 0.6782281255813954 0.54634375 0.6753093744186047 0.532725 0.6619343744186046 0.541479165625 0.6543968744186046 0.542129165625 0.649532811627907 0.54601875 0.6434531255813953 0.546991665625 0.6407781255813955 0.5476395843749999 0.6480734372093023 0.561258334375 0.6607187488372093 0.558989584375
7 0.6621781255813954 0.51943125 0.6748234372093024 0.511325 0.670445311627907 0.50321875 0.6444265627906978 0.5174854156250001 0.6351843744186046 0.51943125 0.6364015627906977 0.532077084375 0.6475875 0.526564584375 0.6621781255813954 0.51943125
7 0.8039515627906976 0.403029165625 0.8010328116279071 0.3887625 0.7920359372093023 0.40011041562500005 0.780120311627907 0.408866665625 0.7691765627906977 0.41826875 0.7769593744186046 0.43026666562500004 0.791792188372093 0.41567499999999996 0.8039515627906976 0.403029165625
7 0.7959265627906977 0.372552084375 0.7908203116279069 0.364120834375 0.770392188372093 0.381954165625 0.7577468744186047 0.390383334375 0.7616390627906977 0.40238125 0.7832812511627908 0.3839 0.7959265627906977 0.372552084375
2 0.5134187511627907 0.547539584375 0.522870311627907 0.544391665625 0.5218578116279069 0.52955 0.5086937511627907 0.534047915625 0.495529688372093 0.54124375 0.4821875 0.546422915625 0.4830406255813954 0.553385415625 0.486754688372093 0.559233334375 0.497892188372093 0.554735415625 0.5134187511627907 0.547539584375
2 0.694717188372093 0.622160415625 0.700454688372093 0.6190125 0.699104688372093 0.6064208343749999 0.697079688372093 0.6014729156249999 0.6876281255813953 0.613166665625 0.6737890627906976 0.6185625 0.6577515627906977 0.6231312499999999 0.6609640627906976 0.6320541656249999 0.6619765627906977 0.636552084375 0.6771656255813954 0.632954165625 0.694717188372093 0.622160415625
2 0.8230468744186046 0.479827084375 0.8358734372093023 0.46858541562499995 0.8341859372093023 0.46363750000000004 0.8297984372093024 0.456441665625 0.8210218744186046 0.46633541562499997 0.8085328116279069 0.47398125 0.7946937488372093 0.484325 0.796045311627907 0.49286874999999997 0.8000953116279069 0.498266665625 0.811907811627907 0.488822915625 0.8230468744186046 0.479827084375
0 0.8099656255813953 0.418325 0.7937640627906978 0.43091875 0.780979688372093 0.44150625000000004 0.7870140627906976 0.454304165625 0.8059156255813954 0.4412625 0.8160406255813953 0.43406666562499996 0.8099656255813953 0.418325
0 0.817729688372093 0.43721458437500005 0.8076031255813954 0.452504165625 0.7991640627906977 0.457002084375 0.7895156255813953 0.4603125 0.7947765627906976 0.47229166562499997 0.8079406255813953 0.462847915625 0.8221171883720931 0.44890625 0.817729688372093 0.43721458437500005
0 0.6518125 0.5736416656250001 0.6548484372093024 0.5880124999999999 0.6865765627906977 0.575420834375 0.6828640627906977 0.55653125 0.6518125 0.5736416656250001
0 0.6751 0.590710415625 0.6565359372093024 0.596108334375 0.6602484372093024 0.60825 0.6916390627906976 0.596108334375 0.6882640627906977 0.583514584375 0.6751 0.590710415625
0 0.491095311627907 0.567704165625 0.49434062558139535 0.586814584375 0.5253937511627906 0.568825 0.5226937488372093 0.5575833343750001 0.491095311627907 0.567704165625
0 0.49501562558139534 0.5926604156249999 0.49963281162790696 0.60729375 0.5304562511627907 0.5917625 0.5274187511627907 0.577370834375 0.49501562558139534 0.5926604156249999