7 0.44661562558139534 0.710225 0.43132343720930233 0.7133 0.41566562558139536 0.71540625 0.41632031162790695 0.727908334375 0.4278609372093023 0.7290625000000001 0.4477687488372093 0.72445 0.44661562558139534 0.710225
7 0.44892343720930233 0.757510415625 0.455270311627907 0.75481875 0.455270311627907 0.740210415625 0.4425765627906976 0.7463625 0.4298812511627907 0.748283334375 0.4153484372093023 0.7500958343749999 0.415454688372093 0.7555875000000001 0.417475 0.762891665625 0.4319 0.760585415625 0.44892343720930233 0.757510415625
7 0.525832811627907 0.674104165625 0.5244109372093023 0.6589375000000001 0.5130281255813953 0.662414584375 0.506625 0.663677084375 0.4918562511627907 0.66659375 0.493107811627907 0.672525 0.4942937488372093 0.681370834375 0.5151625000000001 0.67663125 0.525832811627907 0.674104165625
7 0.526545311627907 0.640295834375 0.526307811627907 0.6327125 0.5239359372093023 0.627972915625 0.5025937511627907 0.633029165625 0.48481406279069766 0.6353 0.4855187511627907 0.647879165625 0.5018812511627907 0.646614584375 0.5187187511627906 0.6440875 0.526545311627907 0.640295834375
7 0.6438343744186046 0.794627084375 0.655929688372093 0.78483125 0.6528468744186047 0.7785124999999999 0.6497640627906976 0.7712458343749999 0.6398031255813953 0.781039584375 0.6300796883720929 0.7864125 0.620420311627907 0.788289584375 0.6215437511627908 0.795575 0.6210687488372094 0.80631875 0.6319781255813953 0.803789584375 0.6438343744186046 0.794627084375
7 0.6547437488372093 0.820535415625 0.663517188372093 0.8129520843750001 0.663754688372093 0.80631875 0.6628062488372093 0.799997915625 0.6545062511627906 0.8104250000000001 0.6419374999999999 0.8173770843750001 0.6331625000000001 0.8192729156249999 0.6243312511627908 0.822364584375 0.6265234372093024 0.829066665625 0.6317406255813953 0.834439584375 0.6452578116279071 0.828435415625 0.6547437488372093 0.820535415625
2 0.4408375 0.647202084375 0.443957811627907 0.64304375 0.44302187441860463 0.632233334375 0.4308515627906977 0.6343125 0.4022281255813953 0.64109375 0.4027656255813954 0.6488645843749999 0.4065109372093023 0.6567645843750001 0.42398593720930233 0.653022915625 0.4408375 0.647202084375
2 0.5269906255813953 0.754316665625 0.5379125 0.750575 0.5366656255813954 0.738516665625 0.5154437511627907 0.742675 0.496942188372093 0.74404375 0.4979687511627907 0.750991665625 0.4979687511627907 0.7559812499999999 0.5088906255813953 0.75764375 0.5269906255813953 0.754316665625
2 0.6246265627906977 0.720766665625 0.6371093744186046 0.71161875 0.6361718744186046 0.704966665625 0.6333640627906977 0.697897915625 0.6249374999999999 0.7074604156250001 0.6168250000000001 0.71245 0.596117188372093 0.7188770843750001 0.5977875 0.727004165625 0.6018453116279069 0.732825 0.6093343744186046 0.7311625 0.6246265627906977 0.720766665625
0 0.6414781255813954 0.73365625 0.6355484372093023 0.723260415625 0.6196328116279071 0.7361500000000001 0.60715 0.74155625 0.6108953116279069 0.75569375 0.6286828116279071 0.748208334375 0.6361718744186046 0.74155625 0.6414781255813954 0.73365625
0 0.6414781255813954 0.744883334375 0.6249374999999999 0.7581875 0.6115187488372092 0.7598520843750001 0.6173937488372093 0.778360415625 0.6371093744186046 0.767752084375 0.646782811627907 0.7598520843750001 0.6414781255813954 0.744883334375
0 0.5270296883720931 0.6890583343750001 0.49591250000000003 0.6937125 0.49738437441860467 0.7102645843750001 0.5104906255813954 0.7098479156249999 0.5289031255813954 0.705275 0.5270296883720931 0.6890583343750001
0 0.5289031255813954 0.7123437499999999 0.512675 0.716502084375 0.4970718744186046 0.717333334375 0.49865781162790696 0.73351875 0.5192281255813953 0.7306375 0.530775 0.7244020843750001 0.5289031255813954 0.7123437499999999
0 0.42742968837209305 0.663104165625 0.40995312558139535 0.665183334375 0.41115 0.677239584375 0.443657811627907 0.6734979156249999 0.44116093720930233 0.66019375 0.42742968837209305 0.663104165625
0 0.4324234372093024 0.6826458343749999 0.4121390627906977 0.685141665625 0.41423906279069767 0.70240625 0.44490468837209307 0.6947041656249999 0.443032811627907 0.67931875 0.4324234372093024 0.6826458343749999