7 0.4376 0.21127500000000002 0.4400625 0.202595834375 0.4228281255813953 0.187347915625 0.4108687511627907 0.180075 0.40506562558139536 0.19250833437499998 0.436545311627907 0.217610415625 0.4376 0.21127500000000002
7 0.42687187441860464 0.245760415625 0.43144531162790695 0.23543958437499998 0.4091093744186047 0.21432500000000002 0.39667812558139537 0.20614375 0.3939859372093023 0.2103375 0.3939859372093023 0.21995625 0.42687187441860464 0.245760415625
7 0.5214609372093023 0.11967708437499999 0.5177687511627906 0.13093749999999998 0.533595311627907 0.135160415625 0.5546984372093023 0.146185415625 0.5555781255813954 0.135160415625 0.5214609372093023 0.11967708437499999
7 0.5476640627906977 0.17691874999999999 0.5494234372093023 0.161904165625 0.538695311627907 0.15674375000000002 0.5248031255813954 0.152052084375 0.5154046883720931 0.14839375 0.5147781255813954 0.166595834375 0.5369375000000001 0.173633334375 0.5476640627906977 0.17691874999999999
7 0.6815984372093024 0.120208334375 0.6736843744186046 0.11340625 0.6654187511627907 0.11363958437499999 0.6640125 0.131 0.6789609372093023 0.132877084375 0.6940843744186046 0.139445834375 0.6968984372093023 0.125839584375 0.6815984372093024 0.120208334375
7 0.6852906255813953 0.08642708437499999 0.6677046883720931 0.082439584375 0.6648906255813953 0.09393541562499999 0.6891609372093023 0.099095834375 0.703229688372093 0.107070834375 0.7044609372093024 0.096045834375 0.6852906255813953 0.08642708437499999
2 0.47139218837209307 0.13865 0.4529109372093023 0.120579165625 0.4341843744186047 0.1074375 0.42851562558139533 0.12156458437499999 0.4437937511627907 0.130764584375 0.4672031255813954 0.149820834375 0.47139218837209307 0.13865
2 0.5019484372093024 0.226702084375 0.49726562558139537 0.2437875 0.540142188372093 0.2589 0.5411281255813953 0.2437875 0.5019484372093024 0.226702084375
2 0.6907015627906976 0.20074583437500002 0.6505359372093024 0.192533334375 0.6488109372093023 0.207645834375 0.6675390627906976 0.20994583437499997 0.6894703116279071 0.21947291562500001 0.6907015627906976 0.20074583437500002
0 0.6621187488372093 0.14325000000000002 0.6596546883720931 0.16000625 0.6911953116279069 0.17084791562499999 0.693167188372093 0.15310625 0.6621187488372093 0.14325000000000002
0 0.6584218744186046 0.16591875 0.6562046883720931 0.18201875 0.6889781255813954 0.191875 0.6909484372093023 0.177089584375 0.6584218744186046 0.16591875
0 0.5127906255813953 0.17906249999999999 0.5105718744186046 0.19417500000000001 0.5421140627906977 0.20666041562499998 0.5443312511627907 0.192204165625 0.5127906255813953 0.17906249999999999
0 0.5088484372093023 0.201404165625 0.5061375 0.216845834375 0.5389109372093024 0.22933125 0.5413749999999999 0.21454583437500002 0.5088484372093023 0.201404165625
0 0.42186250000000003 0.15080625 0.4154562488372093 0.16690624999999998 0.4450265627906977 0.191545834375 0.45118593720930233 0.178733334375 0.42186250000000003 0.15080625
0 0.4312265627906977 0.132735415625 0.42383437441860466 0.14752083437500002 0.45340468837209297 0.172491665625 0.45808593720930235 0.1560625 0.4312265627906977 0.132735415625