7 0.2853484372093023 0.9384333343750001 0.284867188372093 0.92141875 0.26489062558139537 0.915960415625 0.25550468837209306 0.9082541656249999 0.2494875 0.9198124999999999 0.2668156255813953 0.9329750000000001 0.2853484372093023 0.9384333343750001
7 0.274517188372093 0.9676500000000001 0.2802937511627907 0.9564125000000001 0.26489062558139537 0.9541645843750001 0.2528562511627907 0.9477437500000001 0.241982811627907 0.9388833343749999 0.24371093720930234 0.9525604156249999 0.2600765627906977 0.963797915625 0.274517188372093 0.9676500000000001
7 0.522329688372093 0.66826875 0.5037968744186047 0.653179165625 0.5004281255813953 0.666985415625 0.5269031255813953 0.685285415625 0.5372515627906976 0.68656875 0.538695311627907 0.67436875 0.522329688372093 0.66826875
7 0.524254688372093 0.717391665625 0.5271437511627907 0.704547915625 0.5107765627906977 0.693954165625 0.49684375116279067 0.681714584375 0.49513281162790695 0.700375 0.5069265627906977 0.7084020843750001 0.524254688372093 0.717391665625
7 0.7491359372093023 0.589391665625 0.7279562488372093 0.571733334375 0.7236234372093023 0.580402084375 0.7411937488372092 0.598058334375 0.7553937511627907 0.612827084375 0.7606890627906977 0.603195834375 0.7491359372093023 0.589391665625
7 0.746007811627907 0.6263124999999999 0.7339734372093024 0.614754165625 0.7277156255813952 0.604158334375 0.7195078116279069 0.601075 0.7139968744186047 0.615395834375 0.7409531255813954 0.638191665625 0.746007811627907 0.6263124999999999
0 0.26840781162790694 0.856991665625 0.263717188372093 0.871335415625 0.2946140627906977 0.8889895843750001 0.2982 0.87280625 0.26840781162790694 0.856991665625
0 0.2620625 0.8779562500000001 0.2576484372093023 0.895610415625 0.2882687488372093 0.9121625 0.29185468837209305 0.89524375 0.2620625 0.8779562500000001
0 0.48495312558139536 0.729729165625 0.4805406255813953 0.747016665625 0.509229688372093 0.764670834375 0.5130906255813954 0.752166665625 0.48495312558139536 0.729729165625
0 0.489367188372093 0.706558334375 0.48578124883720936 0.725683334375 0.5161250000000001 0.746647915625 0.5205390627906976 0.7267875 0.489367188372093 0.706558334375
0 0.7075687511627907 0.625639584375 0.7017765627906977 0.642927084375 0.7307406255813954 0.66830625 0.7370859372093024 0.65065 0.7075687511627907 0.625639584375
0 0.698742188372093 0.642927084375 0.6929484372093023 0.660214584375 0.7235687511627907 0.685960415625 0.7279828116279069 0.671983334375 0.698742188372093 0.642927084375
2 0.6866046883720931 0.663891665625 0.6805359372093023 0.6782375 0.7172234372093023 0.7102354156249999 0.7230171883720931 0.698097915625 0.6866046883720931 0.663891665625
2 0.47226406279069766 0.7532687499999999 0.46729843720930236 0.767614584375 0.5048156255813954 0.794464584375 0.5100562488372092 0.779016665625 0.47226406279069766 0.7532687499999999
2 0.2689593744186046 0.8319791656250001 0.26537343720930234 0.8459562500000001 0.3028890627906977 0.866185415625 0.30785468837209307 0.8518416656250001 0.2689593744186046 0.8319791656250001