7 0.38511093720930234 0.184354165625 0.35675937441860467 0.15755 0.34601249999999995 0.169985415625 0.3624968744186047 0.183791665625 0.3796156255813954 0.20266875 0.38511093720930234 0.184354165625
7 0.3768687488372093 0.21591041562500002 0.338192188372093 0.184354165625 0.3362906255813954 0.19703333437499998 0.34854843720930234 0.204077084375 0.37137343720930227 0.22858958437500002 0.3768687488372093 0.21591041562500002
7 0.570595311627907 0.144495834375 0.5558015627906977 0.14365208437500002 0.533820311627907 0.14027083437500001 0.5325531255813953 0.155204165625 0.5492484372093023 0.155204165625 0.5760906255813953 0.16055625 0.570595311627907 0.144495834375
7 0.568270311627907 0.176616665625 0.5321296883720931 0.17492708437499999 0.533820311627907 0.189858334375 0.557492188372093 0.193239584375 0.568692188372093 0.196058334375 0.568270311627907 0.176616665625
7 0.8044390627906977 0.13800625 0.8 0.126454165625 0.7737937511627907 0.147866665625 0.7659734372093023 0.153220834375 0.7687218744186046 0.16815416562500002 0.7775984372093023 0.1591375 0.7915468744186047 0.149275 0.8044390627906977 0.13800625
7 0.8086656255813954 0.155191665625 0.7792890627906977 0.183085415625 0.785629688372093 0.1946375 0.796407811627907 0.185904165625 0.815217188372093 0.168716665625 0.8086656255813954 0.155191665625
2 0.410175 0.12903125 0.41625 0.12039375000000001 0.398432811627907 0.1020375 0.3802125 0.0907 0.3761625 0.098797915625 0.39357499999999995 0.11175625 0.410175 0.12903125
0 0.402482811627907 0.137129165625 0.3753531255813954 0.115535415625 0.369279688372093 0.1247125 0.3992437511627907 0.149547915625 0.402482811627907 0.137129165625
0 0.39357499999999995 0.154945834375 0.367254688372093 0.136589584375 0.36037187441860463 0.14576875 0.391145311627907 0.171683334375 0.39357499999999995 0.154945834375
0 0.5676859372093023 0.207314584375 0.5348890627906977 0.20461458437500002 0.5352937511627907 0.218652084375 0.5672812488372093 0.224591665625 0.5676859372093023 0.207314584375
0 0.5676859372093023 0.23106875 0.5344843744186046 0.228910415625 0.5340781255813953 0.240247915625 0.5656625 0.24510625 0.5676859372093023 0.23106875
2 0.5689015627906977 0.258604165625 0.5300296883720931 0.25752291562499996 0.5267906255813953 0.268320834375 0.5680906255813953 0.2721 0.5689015627906977 0.258604165625
0 0.8191359372093023 0.18248124999999998 0.7936265627906977 0.206235415625 0.796867188372093 0.218652084375 0.8252109372093024 0.197597915625 0.8191359372093023 0.18248124999999998
0 0.8300687511627907 0.20245625 0.8009156255813953 0.224591665625 0.804154688372093 0.234847915625 0.8329031255813953 0.21379375 0.8300687511627907 0.20245625
2 0.8401921883720931 0.21973125 0.808204688372093 0.25050625000000004 0.8122531255813954 0.26184375000000004 0.8454562488372093 0.232689584375 0.8401921883720931 0.21973125