7 0.30685 0.393416665625 0.2929468744186047 0.39366666562499997 0.27190312558139534 0.40193333437499995 0.2640125 0.404939584375 0.266079688372093 0.4169625 0.28223750000000003 0.41045 0.3083531255813954 0.40568958437499997 0.30685 0.393416665625
7 0.3066625 0.41771250000000004 0.29369843720930233 0.42222291562500003 0.2713390627906977 0.4299875 0.2735937511627907 0.442760415625 0.2918187511627907 0.4365 0.30760156279069767 0.432991665625 0.3066625 0.41771250000000004
7 0.407932811627907 0.3651125 0.4071812511627907 0.35384166562499997 0.38839218837209305 0.35308958437500004 0.37768281162790696 0.356095834375 0.3643437488372093 0.35910000000000003 0.36603437441860465 0.373127084375 0.3801265627906977 0.36636458437499997 0.39515625116279074 0.3648625 0.407932811627907 0.3651125
7 0.39628437441860465 0.39416875 0.40642968837209303 0.39466875 0.4068062488372093 0.3914125 0.40530312558139536 0.38089375 0.39609687441860464 0.38089375 0.3782468744186046 0.383397915625 0.37129531162790697 0.38515 0.3724687511627907 0.40031458437499995 0.3851984372093023 0.396172915625 0.39628437441860465 0.39416875
7 0.5107312511627907 0.412933334375 0.5097921883720931 0.397654165625 0.4964515627906977 0.399158334375 0.48292343720930236 0.400410415625 0.47559687441860465 0.401160415625 0.47672343720930227 0.41819375000000003 0.485554688372093 0.416691665625 0.5020875 0.4144375 0.5107312511627907 0.412933334375
7 0.5167437511627907 0.4407375 0.5169312511627907 0.42896458437499996 0.5049062488372094 0.43071875000000004 0.48386250000000003 0.432722915625 0.4742812511627907 0.43322291562500004 0.4744687511627907 0.446497915625 0.4851781255813954 0.44399375 0.5050937511627908 0.442741665625 0.5167437511627907 0.4407375
2 0.5088515627906977 0.31148958437499996 0.48611718837209306 0.31424375000000004 0.46789218837209307 0.315497915625 0.467517188372093 0.330025 0.48348749999999996 0.32701875 0.5084765627906976 0.32501458437499997 0.5088515627906977 0.31148958437499996
3 0.5067859372093023 0.35256875 0.4964515627906977 0.35231875 0.47559687441860465 0.35607500000000003 0.4740937511627907 0.357077084375 0.47522031162790696 0.36934999999999996 0.49908281162790696 0.36559375 0.5081 0.363839584375 0.5067859372093023 0.35256875
0 0.5090406255813954 0.377114584375 0.49532499999999996 0.378116665625 0.4745390627906977 0.37965625 0.47522031162790696 0.39515 0.4923187511627907 0.39289583437500003 0.5103546883720931 0.3883875 0.5090406255813954 0.377114584375
0 0.407667188372093 0.40524791562500007 0.39132187441860466 0.40524791562500007 0.37235781162790693 0.40909583437499997 0.3730968744186047 0.42403333437499996 0.389629688372093 0.420025 0.40898281162790695 0.41877291562499996 0.407667188372093 0.40524791562500007
0 0.3095265627906976 0.44289583437499996 0.2978781255813953 0.445902084375 0.2737015627906977 0.452004165625 0.27739843720930235 0.46794375 0.29505937441860464 0.46268333437500003 0.31234531162790696 0.456422915625 0.3095265627906976 0.44289583437499996
3 0.3132843744186046 0.470197915625 0.2911140627906977 0.47646041562499997 0.2800437511627907 0.477372915625 0.2813437488372093 0.491489584375 0.29881718837209303 0.488733334375 0.3161031255813953 0.48021874999999997 0.3132843744186046 0.470197915625
3 0.4102328116279069 0.44189375000000003 0.4091062488372093 0.43162500000000004 0.39294843720930234 0.43312708437499997 0.3752859372093023 0.43463124999999997 0.37754062558139534 0.44715416562500004 0.3876875 0.445652084375 0.40083906279069764 0.443397915625 0.4102328116279069 0.44189375000000003
2 0.3260609372093023 0.5175395843749999 0.3256843744186047 0.50676875 0.3074593744186046 0.51278125 0.2914890627906977 0.518541665625 0.28190781162790696 0.5200437499999999 0.284725 0.531566665625 0.29994374883720926 0.527808334375 0.318920311627907 0.521547915625 0.3260609372093023 0.5175395843749999
2 0.4171843744186047 0.46894583437500004 0.4051609372093023 0.470197915625 0.38261406279069765 0.474958334375 0.37378281162790694 0.474708334375 0.37472343720930235 0.488733334375 0.3906937488372093 0.48522708437500006 0.4173734372093023 0.482972915625 0.4171843744186047 0.46894583437500004