8 0.41184531162790694 0.163241665625 0.40402031162790697 0.16071249999999998 0.39192499999999997 0.15976458437500002 0.37841718837209304 0.1599875 0.37793437441860467 0.1743 0.3964312511627907 0.173352084375 0.41232031162790694 0.176510415625 0.41184531162790694 0.163241665625
8 0.515979688372093 0.315802084375 0.5017515627906977 0.31548750000000003 0.48298906279069764 0.312629165625 0.48301718837209306 0.325597915625 0.497720311627907 0.325914584375 0.515979688372093 0.328758334375 0.515979688372093 0.315802084375
8 0.6007812511627907 0.503447915625 0.6031531255813953 0.492072915625 0.5903468744186047 0.48638541562500004 0.5818093744186047 0.483225 0.5708718744186047 0.479529165625 0.568292188372093 0.49080833437500004 0.582520311627907 0.493652084375 0.5943781255813954 0.499972915625 0.6007812511627907 0.503447915625
7 0.5903468744186047 0.529041665625 0.6003062488372093 0.5344125 0.6022031255813953 0.5268291656249999 0.6029156255813953 0.520825 0.585129688372093 0.5141895843750001 0.574220311627907 0.507870834375 0.562004688372093 0.5007375 0.560229688372093 0.50660625 0.5583312488372093 0.51798125 0.577067188372093 0.522720834375 0.5903468744186047 0.529041665625
7 0.5092687511627907 0.29963125 0.5218375000000001 0.303108334375 0.5218375000000001 0.29615625 0.5223109372093023 0.288572915625 0.5085562511627907 0.286677084375 0.4938531255813953 0.28541249999999996 0.48142500000000005 0.283770834375 0.4798625 0.290785415625 0.4798625 0.29931666562500003 0.49171875116279073 0.297735415625 0.5092687511627907 0.29963125
7 0.40716562558139535 0.20371666562500002 0.4154656255813953 0.20592916562500002 0.4154656255813953 0.193289584375 0.400525 0.191710415625 0.388667188372093 0.189814584375 0.372679688372093 0.187804165625 0.3715937511627907 0.195816665625 0.372067188372093 0.2021375 0.39151406279069767 0.201504165625 0.40716562558139535 0.20371666562500002
2 0.581179688372093 0.39758125 0.5782 0.41346875 0.6219890627906977 0.431739584375 0.6234796883720931 0.4178375 0.581179688372093 0.39758125
2 0.47215156279069764 0.391225 0.471854688372093 0.40671666562500003 0.5138562511627908 0.41307083437500003 0.51475 0.395197915625 0.47215156279069764 0.391225
2 0.40006406279069767 0.07665625000000001 0.3771265627906977 0.078641665625 0.37593437441860467 0.092145834375 0.4218093744186046 0.09770625 0.42091562558139534 0.084202084375 0.40006406279069767 0.07665625000000001
0 0.38010468837209305 0.11002083437500002 0.3798062511627907 0.129879165625 0.4146593744186046 0.13186458437499998 0.41525625116279075 0.11319791562499999 0.38010468837209305 0.11002083437500002
0 0.3786156255813954 0.138616665625 0.37891406279069767 0.152916665625 0.4146593744186046 0.155297915625 0.4146593744186046 0.141 0.3786156255813954 0.138616665625
0 0.4796 0.355877084375 0.47870625116279064 0.375339584375 0.5129625 0.3789125 0.5135593744186047 0.36262916562499997 0.4796 0.355877084375
0 0.48138749999999997 0.33125208437500003 0.4798968744186047 0.34991875 0.514154688372093 0.35031666562499997 0.51475 0.33323749999999996 0.48138749999999997 0.33125208437500003
0 0.5796890627906977 0.43253333437499997 0.5761156255813953 0.44722916562500004 0.6100749999999999 0.46271874999999996 0.6124578116279069 0.446435415625 0.5796890627906977 0.43253333437499997
0 0.5737312488372094 0.455966665625 0.5707531255813953 0.47145625 0.6056062488372093 0.485358334375 0.6070953116279071 0.470264584375 0.5737312488372094 0.455966665625