7 0.26799062558139536 0.676739584375 0.28244687441860467 0.680291665625 0.285679688372093 0.667097915625 0.2577187511627907 0.66176875 0.2416562511627907 0.652597915625 0.2419312511627907 0.665829165625 0.2476375 0.669889584375 0.26799062558139536 0.676739584375
8 0.26304531162790695 0.629545834375 0.25163281162790696 0.62523125 0.250217188372093 0.641183334375 0.2697015627906977 0.645277084375 0.283017188372093 0.651872915625 0.2845390627906977 0.638933334375 0.26304531162790695 0.629545834375
8 0.38896562558139536 0.579052084375 0.3899156255813953 0.567127084375 0.37527031162790697 0.569916665625 0.3565156255813953 0.5720625 0.3572 0.58565 0.3788843744186046 0.5843812500000001 0.38896562558139536 0.579052084375
7 0.36947812558139537 0.5433583343749999 0.349125 0.545641665625 0.35104687441860466 0.560964584375 0.37195 0.5573125 0.39097187441860465 0.55173125 0.39059218837209303 0.539552084375 0.36947812558139537 0.5433583343749999
7 0.4748812488372093 0.6254875 0.44844218837209304 0.6277708343749999 0.45015312558139536 0.641727084375 0.4678437511627907 0.640710415625 0.48857656279069767 0.63614375 0.48857656279069767 0.6221895843749999 0.4748812488372093 0.6254875
8 0.48705468837209304 0.6617708343750001 0.48743437441860465 0.6526375 0.4745 0.65568125 0.45425312558139536 0.657670834375 0.45490937441860463 0.666085415625 0.4760218744186046 0.66506875 0.48705468837209304 0.6617708343750001
0 0.29433437441860466 0.596429165625 0.29581406279069766 0.58985625 0.277070311627907 0.58755625 0.261745311627907 0.5771791656249999 0.25832656279069766 0.592485415625 0.273125 0.5984 0.29063593720930236 0.6072729156250001 0.29433437441860466 0.596429165625
0 0.287182811627907 0.628960415625 0.2894015627906977 0.617789584375 0.271645311627907 0.6128604156249999 0.2566 0.604972915625 0.2533390627906977 0.61695625 0.26646562558139536 0.623704165625 0.27361718837209303 0.623375 0.287182811627907 0.628960415625
0 0.390532811627907 0.58811875 0.38116093720930233 0.589104165625 0.35721093720930236 0.593452084375 0.35748437441860464 0.60685 0.368582811627907 0.604879165625 0.3920125 0.599291665625 0.390532811627907 0.58811875
0 0.3933156255813954 0.611264584375 0.372845311627907 0.61685 0.3585406255813954 0.617179165625 0.36046562558139533 0.63286875 0.3740781255813953 0.6309812499999999 0.392082811627907 0.625064584375 0.3933156255813954 0.611264584375
0 0.4890187488372093 0.682366665625 0.4882781255813954 0.669222915625 0.4722468744186047 0.671522915625 0.454304688372093 0.674814584375 0.4542437511627907 0.689925 0.46386249999999996 0.687952084375 0.4761937511627907 0.68368125 0.4890187488372093 0.682366665625
0 0.48951093720930233 0.696825 0.47767343720930233 0.700439584375 0.4670687488372093 0.701425 0.45744999999999997 0.699125 0.4572875 0.714591665625 0.48038593720930234 0.713585415625 0.490004688372093 0.709641665625 0.48951093720930233 0.696825
2 0.4774265627906977 0.74973125 0.48926562558139536 0.746445834375 0.49567812558139535 0.743816665625 0.4961703116279069 0.729029165625 0.484825 0.730672915625 0.4724937511627907 0.733629165625 0.4553890627906977 0.7330354156250001 0.4535031255813954 0.7411875 0.45473593720930233 0.7500604156249999 0.46558906279069767 0.74973125 0.4774265627906977 0.74973125
2 0.38873593720930233 0.660422915625 0.3995875 0.657464584375 0.3993406255813953 0.647935415625 0.3986 0.641035415625 0.38873593720930233 0.647279165625 0.3764031255813953 0.650235415625 0.36703125116279073 0.6515500000000001 0.35721093720930236 0.650225 0.35716718837209305 0.6571374999999999 0.3579062488372093 0.666995834375 0.37073124883720926 0.664366665625 0.38873593720930233 0.660422915625
2 0.28912031162790697 0.5700125 0.301945311627907 0.5756 0.30441250000000003 0.565741665625 0.30515156279069766 0.561139584375 0.289367188372093 0.558510415625 0.2750625 0.55128125 0.2628312488372093 0.544272915625 0.25927812558139535 0.560154165625 0.273582811627907 0.564097915625 0.28912031162790697 0.5700125