8 0.384582811627907 0.7259270843750001 0.384582811627907 0.713283334375 0.36791093720930235 0.715675 0.3497812511627907 0.716475 0.3499562511627907 0.729345834375 0.35662499999999997 0.729345834375 0.3702187511627907 0.727979165625 0.384582811627907 0.7259270843750001
8 0.5563937511627907 0.871260415625 0.5540843744186047 0.8603229156250001 0.542029688372093 0.8671583343749999 0.5229656255813954 0.8710416656250001 0.5248437488372093 0.8821958343749999 0.537925 0.8801458343749999 0.5502375 0.8757020843750001 0.5563937511627907 0.871260415625
8 0.6360906255813954 0.64945625 0.633782811627907 0.635785415625 0.6212140627906977 0.642279165625 0.6019421883720931 0.643891665625 0.6019765627906977 0.654583334375 0.6104406255813953 0.654925 0.6263437488372093 0.6535562500000001 0.6360906255813954 0.64945625
7 0.6419906255813954 0.6761125 0.641220311627907 0.661416665625 0.6255734372093024 0.669277084375 0.61275 0.6720125 0.5988390627906977 0.6728500000000001 0.5994109372093024 0.684997915625 0.610954688372093 0.684997915625 0.6325000000000001 0.6785041656249999 0.6419906255813954 0.6761125
7 0.5409265627906976 0.851897915625 0.5565734372093023 0.843695834375 0.5565734372093023 0.83856875 0.5550343744186047 0.830025 0.5399015627906977 0.83754375 0.527845311627907 0.843695834375 0.513657811627907 0.843589584375 0.5137390627906977 0.8495062499999999 0.5155343744186046 0.8563395843749999 0.526820311627907 0.8549729156250001 0.5409265627906976 0.851897915625
7 0.3791812488372093 0.75703125 0.39149375116279067 0.7532708343750001 0.3912375 0.73994375 0.3755906255813954 0.74506875 0.36225312558139533 0.7464354156249999 0.3478890627906977 0.7464354156249999 0.34737656279069773 0.7542958343749999 0.34840156279069767 0.760447915625 0.3632781255813954 0.760447915625 0.3791812488372093 0.75703125
2 0.34252343720930234 0.636114584375 0.3428218744186047 0.652027084375 0.384592188372093 0.648447915625 0.383995311627907 0.6353187499999999 0.34252343720930234 0.636114584375
2 0.5868843744186046 0.56689375 0.5883765627906977 0.58280625 0.6316390627906977 0.5724625 0.6286562488372093 0.556947915625 0.5868843744186046 0.56689375
2 0.5331781255813953 0.9511875 0.5358640627906976 0.967102084375 0.5767406255813954 0.9515854156250001 0.5731593744186047 0.9356729156249999 0.5331781255813953 0.9511875
0 0.5313890627906976 0.9149875 0.5343718744186047 0.9320937499999999 0.566595311627907 0.918566665625 0.5627171883720931 0.90225625 0.5313890627906976 0.9149875
0 0.526017188372093 0.88873125 0.5293 0.9058375 0.5627171883720931 0.8919124999999999 0.5591359372093023 0.877591665625 0.526017188372093 0.88873125
0 0.3478937511627907 0.6675416656250001 0.34878906279069766 0.68544375 0.38489062558139536 0.68425 0.38369843720930236 0.664758334375 0.3478937511627907 0.6675416656250001
0 0.3502812488372093 0.694195834375 0.34968437441860467 0.711302084375 0.38518906279069764 0.706529165625 0.38518906279069764 0.6934 0.3502812488372093 0.694195834375
0 0.5958359372093023 0.59871875 0.5970281255813954 0.613439584375 0.6298484372093024 0.606675 0.6277609372093024 0.5907625000000001 0.5958359372093023 0.59871875
0 0.598520311627907 0.6217937499999999 0.5994156255813954 0.638502084375 0.6334296883720931 0.631341665625 0.6319374999999999 0.6182125 0.598520311627907 0.6217937499999999