7 0.3770437488372093 0.496935415625 0.3766812511627907 0.5099625 0.4208265627906977 0.511408334375 0.4208265627906977 0.498864584375 0.3770437488372093 0.496935415625
7 0.5235921883720931 0.295266665625 0.5225062488372093 0.30973958437500004 0.5652031255813953 0.3111875 0.5662890627906977 0.29719583437499997 0.5235921883720931 0.295266665625
7 0.6828031255813953 0.568339584375 0.6799093744186047 0.580883334375 0.7197125000000001 0.599216665625 0.723692188372093 0.584260415625 0.6828031255813953 0.568339584375
8 0.38355625116279074 0.466058334375 0.38355625116279074 0.4824625 0.4172093744186047 0.483427084375 0.4168468744186047 0.4679875 0.38355625116279074 0.466058334375
8 0.5257625 0.326627084375 0.526125 0.34061875 0.5590531255813953 0.340135415625 0.5597765627906977 0.328072915625 0.5257625 0.326627084375
8 0.6817187511627908 0.596322915625 0.6795468744186046 0.6098312499999999 0.7124750000000001 0.623822915625 0.7146468744186046 0.60935 0.6817187511627908 0.596322915625
2 0.4225187488372093 0.387947915625 0.37679218837209305 0.38658541562500004 0.3762812511627907 0.40054999999999996 0.42226250000000004 0.40054999999999996 0.4225187488372093 0.387947915625
2 0.5609734372093024 0.40599999999999997 0.520867188372093 0.40429583437499994 0.5201015627906977 0.41962291562500004 0.5607187511627907 0.42302916562500004 0.5609734372093024 0.40599999999999997
2 0.7055593744186047 0.6883604156249999 0.663154688372093 0.671670834375 0.6613671883720931 0.68529375 0.7014734372093023 0.701983334375 0.7055593744186047 0.6883604156249999
0 0.7068375 0.65498125 0.674395311627907 0.639654165625 0.6726062488372093 0.65498125 0.7032609372093023 0.6686041656249999 0.7068375 0.65498125
0 0.7114359372093024 0.630797915625 0.6779718744186046 0.616833334375 0.6756718744186047 0.631479165625 0.7088812511627907 0.644420834375 0.7114359372093024 0.630797915625
0 0.558675 0.373302084375 0.5244437511627907 0.372279165625 0.526232811627907 0.38896875 0.558675 0.38896875 0.558675 0.373302084375
0 0.5596968744186046 0.34639375 0.5254656255813953 0.345370834375 0.5252109372093023 0.3607 0.5599515627906977 0.3607 0.5596968744186046 0.34639375
0 0.417154688372093 0.41962291562500004 0.382667188372093 0.419964584375 0.3824125 0.435291665625 0.417920311627907 0.43699374999999996 0.417154688372093 0.41962291562500004
0 0.4166437511627907 0.447552084375 0.38215781162790696 0.446189584375 0.3816468744186047 0.45879375 0.4158765627906977 0.459133334375 0.4166437511627907 0.447552084375