7 0.37791718837209304 0.367745834375 0.384854688372093 0.366285415625 0.3833937511627907 0.3546125 0.36806093720930233 0.356558334375 0.344492188372093 0.364054165625 0.34469687441860464 0.36823125 0.3443312511627907 0.375041665625 0.361125 0.3706625 0.37791718837209304 0.367745834375
7 0.44698124883720924 0.229145834375 0.44625 0.22038958437499998 0.43128281162790694 0.219902084375 0.4051125 0.22541875 0.40572812558139537 0.239360415625 0.416679688372093 0.23254999999999998 0.43128281162790694 0.229145834375 0.44698124883720924 0.229145834375
7 0.5560437511627907 0.294683334375 0.555679688372093 0.28495625 0.5414406255813954 0.283495834375 0.514307811627907 0.28483333437499997 0.5151562511627907 0.297602084375 0.5301234372093023 0.294683334375 0.5410765627906977 0.293710415625 0.5560437511627907 0.294683334375
0 0.5381140627906977 0.310935415625 0.5216859372093023 0.31045 0.5219359372093023 0.322302084375 0.5516218744186047 0.3216375 0.5512562488372094 0.310935415625 0.5381140627906977 0.310935415625
0 0.5534468744186046 0.334770834375 0.5362890627906977 0.336229165625 0.5213203116279069 0.337202084375 0.5216859372093023 0.350822915625 0.540670311627907 0.34498541562499996 0.554542188372093 0.34498541562499996 0.5534468744186046 0.334770834375
0 0.4439406255813953 0.24335625 0.430432811627907 0.245302084375 0.4123375 0.25003958437499996 0.414370311627907 0.26135416562499997 0.4278781255813954 0.25795 0.44430624883720926 0.256491665625 0.4439406255813953 0.24335625
0 0.4479562511627907 0.27156875 0.43152812558139536 0.27156875 0.41582968837209305 0.275947915625 0.4176562488372093 0.288108334375 0.43116406279069763 0.282270834375 0.44722656279069767 0.28275833437500003 0.4479562511627907 0.27156875
0 0.37506406279069765 0.30328750000000004 0.3432875 0.3110625 0.344032811627907 0.32420208437500003 0.359 0.318366665625 0.3761593744186047 0.31739375000000003 0.37506406279069765 0.30328750000000004
0 0.3776187488372093 0.330527084375 0.368857811627907 0.3315 0.347682811627907 0.33393125 0.34804843720930234 0.347064584375 0.36557187441860467 0.34317291562499996 0.3776187488372093 0.341714584375 0.3776187488372093 0.330527084375
2 0.372442188372093 0.2803125 0.35747343720930236 0.284689584375 0.33995000000000003 0.287608334375 0.34104531162790697 0.298310415625 0.3560140627906977 0.296364584375 0.37317187441860467 0.29296041562499997 0.372442188372093 0.2803125
2 0.36148906279069765 0.258910415625 0.376092188372093 0.258422915625 0.37317187441860467 0.24528958437499998 0.36002968837209304 0.2462625 0.3330140627906977 0.253072915625 0.33337812558139535 0.25793750000000004 0.3337437511627907 0.266691665625 0.3509031255813953 0.261341665625 0.36148906279069765 0.258910415625
2 0.44879843720930235 0.29404375 0.4360218744186047 0.29355625 0.41876093720930235 0.29821458437500004 0.419957811627907 0.31058125 0.43054531162790693 0.30377083437499997 0.44989375116279073 0.303285415625 0.44879843720930235 0.29404375
2 0.44916406279069765 0.336360415625 0.45756093720930235 0.3353875 0.45682968837209303 0.3246875 0.44405312558139537 0.325172915625 0.41876093720930235 0.333008334375 0.41959218837209306 0.339766665625 0.4203234372093023 0.346577084375 0.43529062558139536 0.337820834375 0.44916406279069765 0.336360415625
2 0.5219359372093023 0.358702084375 0.5216875 0.370660415625 0.5534484372093024 0.369202084375 0.5538140627906977 0.357041665625 0.5219359372093023 0.358702084375
2 0.5592890627906977 0.402279165625 0.558925 0.390604165625 0.5183234372093023 0.39456458437499997 0.5187656255813954 0.40179166562499996 0.5202265627906977 0.408116665625 0.5337343744186047 0.40325208437500004 0.5592890627906977 0.402279165625