2 0.2658375 0.729635415625 0.26616093720930234 0.724014584375 0.26616093720930234 0.7144999999999999 0.25252968837209305 0.717095834375 0.2252375 0.718604165625 0.22559218837209305 0.724445834375 0.2252687488372093 0.73006875 0.2395484372093023 0.73006875 0.2658375 0.729635415625
2 0.26291562558139536 0.7508250000000001 0.2427937511627907 0.7529874999999999 0.23208437441860463 0.752122915625 0.23166093720930234 0.7642875 0.24896093720930232 0.763797915625 0.26356562558139535 0.7603375 0.26291562558139536 0.7508250000000001
2 0.34957031162790697 0.7590416656250001 0.3330187488372093 0.758175 0.3187437488372093 0.754770834375 0.3177656255813953 0.7650958343750001 0.33107187441860464 0.76725625 0.34924687441860464 0.770716665625 0.34957031162790697 0.7590416656250001
2 0.35022031162790696 0.804877084375 0.35086875116279065 0.792770834375 0.33204531162790696 0.7923375 0.30982031162790696 0.787129165625 0.309975 0.7923375 0.3103 0.80358125 0.333992188372093 0.804445834375 0.35022031162790696 0.804877084375
2 0.44610781162790697 0.8909520843750001 0.445457811627907 0.879708334375 0.43312500000000004 0.8827354156249999 0.4147484372093023 0.882775 0.41495000000000004 0.893545834375 0.4256609372093023 0.8944104156250001 0.43572187441860466 0.89484375 0.44610781162790697 0.8909520843750001
2 0.44058906279069765 0.928572915625 0.4506515627906977 0.9251125 0.4500015627906977 0.912572915625 0.43604531162790694 0.916464584375 0.42501093720930233 0.91819375 0.4104656255813953 0.9184645843749999 0.4107312511627907 0.9246812500000001 0.4107312511627907 0.9311666656250001 0.4237125 0.93203125 0.44058906279069765 0.928572915625
0 0.445457811627907 0.857222915625 0.4321515627906977 0.8576541656250001 0.41367656279069764 0.85803125 0.4143015627906977 0.8719250000000001 0.4289062511627907 0.871491665625 0.445782811627907 0.868464584375 0.445457811627907 0.857222915625
0 0.445457811627907 0.833870834375 0.4321515627906977 0.83516875 0.41367656279069764 0.835189584375 0.41365156279069765 0.845114584375 0.42728281162790693 0.845114584375 0.44513281162790697 0.842952084375 0.445457811627907 0.833870834375
0 0.3516765627906977 0.735425 0.321242188372093 0.7295499999999999 0.320520311627907 0.7423437500000001 0.334475 0.744075 0.3507031255813954 0.746235415625 0.3516765627906977 0.735425
0 0.2644812511627907 0.7748625 0.24955312558139536 0.7757270843749999 0.2320187488372093 0.776660415625 0.23202656279069767 0.789133334375 0.24825468837209302 0.789133334375 0.2644812511627907 0.786539584375 0.2644812511627907 0.7748625
0 0.2651312511627907 0.79778125 0.24663124883720933 0.8025375 0.23365 0.801241665625 0.23344531162790697 0.8128249999999999 0.251175 0.8120520843750001 0.266104688372093 0.808160415625 0.2651312511627907 0.79778125
0 0.3534 0.710283334375 0.323382811627907 0.706233334375 0.32224218837209306 0.716770834375 0.335225 0.720229165625 0.3534 0.721960415625 0.3534 0.710283334375
7 0.26611406279069766 0.8366104156249999 0.2719562488372093 0.8353125 0.27130781162790696 0.8236375 0.25670312558139535 0.826664584375 0.23023437441860467 0.8280520843750001 0.23041406279069768 0.8322854156249999 0.2307390627906977 0.840502084375 0.24794062558139535 0.8392041656250001 0.26611406279069766 0.8366104156249999
7 0.345217188372093 0.6943875 0.36079687441860464 0.69481875 0.3604718744186046 0.684441665625 0.3387265627906977 0.6831437499999999 0.320170311627907 0.67720625 0.3199031255813954 0.683575 0.31957812558139537 0.688764584375 0.33061250000000003 0.691360415625 0.345217188372093 0.6943875
7 0.4384765627906977 0.8194958343750001 0.44853750000000003 0.818197915625 0.44853750000000003 0.80695625 0.43620468837209303 0.8082520843750001 0.427442188372093 0.8086854156250001 0.4076093744186046 0.80949375 0.4082937488372093 0.813441665625 0.409267188372093 0.82079375 0.425170311627907 0.8216583343750001 0.4384765627906977 0.8194958343750001