7 0.7252234372093023 0.5060979156250001 0.7236812488372093 0.496845834375 0.7105750000000001 0.501985415625 0.696182811627907 0.5054125 0.6843625 0.506439584375 0.6846187488372093 0.5170625 0.7072343744186046 0.510208334375 0.7252234372093023 0.5060979156250001
0 0.724195311627907 0.534879165625 0.7229109372093023 0.521858334375 0.7041499999999999 0.530083334375 0.6925859372093024 0.531795834375 0.693870311627907 0.53830625 0.7116031255813954 0.5345375 0.724195311627907 0.534879165625
0 0.7262515627906976 0.559208334375 0.7259937511627907 0.5468729156250001 0.7074906255813954 0.553039584375 0.696182811627907 0.555095834375 0.696182811627907 0.565033334375 0.709032811627907 0.562291665625 0.7262515627906976 0.559208334375
2 0.7290781255813954 0.580110415625 0.7293343744186047 0.5694874999999999 0.7095468744186048 0.5770270843749999 0.697982811627907 0.57736875 0.6997812488372093 0.58525 0.7177703116279069 0.583879165625 0.7290781255813954 0.580110415625
2 0.7375593744186046 0.615404165625 0.737045311627907 0.602383334375 0.7149437511627907 0.609920834375 0.7002953116279069 0.611633334375 0.7002953116279069 0.619514584375 0.7182843744186046 0.61814375 0.7375593744186046 0.615404165625
2 0.815682811627907 0.5712020843750001 0.817225 0.5574958343749999 0.7928109372093023 0.560920834375 0.7784203116279069 0.559208334375 0.776107811627907 0.571885415625 0.7961515627906977 0.57154375 0.815682811627907 0.5712020843750001
2 0.8128562488372093 0.5927875 0.7961515627906977 0.59484375 0.782017188372093 0.5951875 0.7809906255813953 0.605122915625 0.8126 0.605122915625 0.8128562488372093 0.5927875
0 0.8128562488372093 0.617116665625 0.7827890627906976 0.619858334375 0.7815031255813953 0.6297937499999999 0.812342188372093 0.628425 0.8128562488372093 0.617116665625
0 0.8131140627906976 0.642472915625 0.7815031255813953 0.643158334375 0.782017188372093 0.654122915625 0.812342188372093 0.6534375 0.8131140627906976 0.642472915625
7 0.817225 0.6688562499999999 0.7938390627906977 0.67125625 0.7779062488372093 0.671597915625 0.777392188372093 0.679820834375 0.8161968744186047 0.680164584375 0.817225 0.6688562499999999
2 0.9246468744186047 0.614375 0.9074281255813954 0.618829165625 0.8855843744186047 0.620885415625 0.8855843744186047 0.6297937499999999 0.923104688372093 0.6270541656249999 0.9246468744186047 0.614375
2 0.9182218744186046 0.580452084375 0.8863546883720931 0.585591665625 0.8863546883720931 0.5951875 0.9182218744186046 0.592102084375 0.9182218744186046 0.580452084375
0 0.9164234372093023 0.5578375 0.8850703116279071 0.5619500000000001 0.8848140627906977 0.571885415625 0.915395311627907 0.5712020843750001 0.9164234372093023 0.5578375
0 0.9146234372093023 0.544816665625 0.915395311627907 0.535222915625 0.9002328116279069 0.537279165625 0.8835281255813954 0.5403625 0.8837859372093024 0.5482437499999999 0.8989484372093023 0.545502084375 0.9146234372093023 0.544816665625
7 0.9164234372093023 0.516377084375 0.9171937511627907 0.505754165625 0.9012609372093022 0.5095229156250001 0.8886687511627908 0.510552084375 0.8760765627906977 0.511922915625 0.8758187488372092 0.521858334375 0.896120311627907 0.519804165625 0.9164234372093023 0.516377084375