7 0.37141250000000003 0.2125875 0.37194062558139535 0.225258334375 0.414967188372093 0.21962708437499998 0.41364843720930233 0.20625208437500003 0.37141250000000003 0.2125875
7 0.5641140627906978 0.18372708437500002 0.567017188372093 0.197452084375 0.6081968744186046 0.18478125 0.6045015627906977 0.17105625 0.5641140627906978 0.18372708437500002
7 0.4746265627906977 0.322047915625 0.47700156279069766 0.333664584375 0.5176531255813953 0.31325 0.51475 0.30233958437499997 0.4746265627906977 0.322047915625
2 0.38434687441860466 0.322047915625 0.3859312488372093 0.335070834375 0.42605468837209304 0.32803125 0.4249984372093023 0.313602084375 0.38434687441860466 0.322047915625
2 0.38540312558139533 0.286852084375 0.386195311627907 0.298114584375 0.4165515627906977 0.29424375 0.4165515627906977 0.28086875 0.38540312558139533 0.286852084375
2 0.4587875 0.250952084375 0.46406718837209304 0.265733334375 0.4949515627906977 0.24848750000000003 0.4902 0.235464584375 0.4587875 0.250952084375
2 0.446117188372093 0.21962708437499998 0.4495484372093023 0.234058334375 0.4904640627906977 0.21469999999999997 0.48624062558139536 0.20132500000000003 0.446117188372093 0.21962708437499998
2 0.582592188372093 0.28966875000000003 0.584175 0.30550625 0.6245640627906976 0.29107500000000003 0.6216593744186046 0.275589584375 0.582592188372093 0.28966875000000003
2 0.5812718744186047 0.256583334375 0.582592188372093 0.27031041562499997 0.6137406255813954 0.26010208437500004 0.612420311627907 0.24707916562499999 0.5812718744186047 0.256583334375
0 0.5781046883720931 0.233354165625 0.5802156255813954 0.24707916562499999 0.6111015627906976 0.23757708437499997 0.607932811627907 0.22420208437500003 0.5781046883720931 0.233354165625
0 0.5722968744186047 0.2080125 0.574407811627907 0.22279374999999998 0.6071406255813954 0.21364375 0.6050296883720929 0.196747915625 0.5722968744186047 0.2080125
0 0.4661781255813953 0.27418125 0.47013906279069767 0.286852084375 0.500495311627907 0.27171666562499996 0.4970640627906977 0.25939791562500003 0.4661781255813953 0.27418125
0 0.4733062488372093 0.29459583437500003 0.4762093744186046 0.30832291562499997 0.5073593744186047 0.292483334375 0.5036625 0.2798125 0.4733062488372093 0.29459583437500003
0 0.381179688372093 0.261510415625 0.38197031162790696 0.27629375 0.414967188372093 0.27171666562499996 0.41364843720930233 0.256583334375 0.381179688372093 0.261510415625
0 0.37880312558139534 0.23933749999999998 0.3793312488372093 0.2506 0.4128562511627907 0.246377084375 0.41127187441860463 0.23300208437499997 0.37880312558139534 0.23933749999999998