7 0.608882811627907 0.341577084375 0.608882811627907 0.355877084375 0.6505875000000001 0.35309583437500003 0.6499906255813953 0.338797915625 0.608882811627907 0.341577084375
7 0.7188031255813954 0.263333334375 0.7173140627906976 0.275247915625 0.758720311627907 0.28080833437499997 0.7590187488372093 0.269289584375 0.7188031255813954 0.263333334375
7 0.8263406255813953 0.25022500000000003 0.8260421883720931 0.262935415625 0.8686406255813953 0.259758334375 0.8683437488372093 0.24784166562499998 0.8263406255813953 0.25022500000000003
0 0.8311078116279069 0.275645834375 0.8317031255813954 0.28835625 0.8647687511627907 0.287560415625 0.8641718744186047 0.275247915625 0.8311078116279069 0.275645834375
0 0.8317031255813954 0.30066875 0.8322984372093023 0.31456875 0.8659593744186046 0.31298125 0.8656625 0.299872915625 0.8317031255813954 0.30066875
0 0.7196968744186046 0.31615833437499996 0.7191015627906976 0.33164791562499996 0.7503796883720931 0.33323749999999996 0.7503796883720931 0.31735 0.7196968744186046 0.31615833437499996
0 0.7208890627906978 0.292327084375 0.7205906255813954 0.304639584375 0.7530609372093022 0.308214584375 0.7521671883720931 0.2963 0.7208890627906978 0.292327084375
0 0.6130531255813954 0.31735 0.612754688372093 0.329264584375 0.6449265627906977 0.325691665625 0.644629688372093 0.314172915625 0.6130531255813954 0.31735
0 0.6121593744186046 0.291929165625 0.6124578116279069 0.304639584375 0.6440328116279069 0.301860415625 0.6431390627906977 0.28795833437499996 0.6121593744186046 0.291929165625
2 0.6094781255813954 0.26730416562500003 0.6103718744186046 0.28080833437499997 0.6437359372093022 0.278029165625 0.6419484372093023 0.262935415625 0.6094781255813954 0.26730416562500003
2 0.604117188372093 0.231558334375 0.6038187511627907 0.24665208437500002 0.6464171883720929 0.24506250000000002 0.644629688372093 0.22758541562499998 0.604117188372093 0.231558334375
2 0.7179093744186047 0.34118125 0.7170156255813953 0.3527 0.7479968744186047 0.35786250000000003 0.7488906255813953 0.34118125 0.7179093744186047 0.34118125
2 0.7104625 0.37295625 0.7101640627906977 0.385664584375 0.7503796883720931 0.3932125 0.7506765627906977 0.377325 0.7104625 0.37295625
2 0.8308093744186047 0.35786250000000003 0.8308093744186047 0.369777084375 0.8722156255813954 0.370572915625 0.8710234372093023 0.35865625 0.8308093744186047 0.35786250000000003
2 0.8325968744186046 0.324895834375 0.8334906255813953 0.335620834375 0.8650656255813954 0.336414584375 0.8647687511627907 0.32529375 0.8325968744186046 0.324895834375