2 0.3634718744186046 0.92396875 0.365017188372093 0.93714375 0.404545311627907 0.931379165625 0.404545311627907 0.91614375 0.3634718744186046 0.92396875
2 0.3637812511627907 0.88855625 0.365325 0.902145834375 0.397132811627907 0.8955562499999999 0.3958984372093023 0.88279375 0.3637812511627907 0.88855625
2 0.440367188372093 0.8510875 0.4437640627906977 0.8646750000000001 0.47557187441860466 0.849029165625 0.47155781162790694 0.8370875 0.440367188372093 0.8510875
2 0.4270875 0.821854165625 0.43172031162790697 0.8354416656250001 0.47248281162790695 0.8164999999999999 0.4687781255813953 0.8033250000000001 0.4270875 0.821854165625
2 0.565745311627907 0.857264584375 0.5682156255813954 0.8720874999999999 0.5987875 0.8605583343750001 0.596317188372093 0.8477937499999999 0.565745311627907 0.857264584375
2 0.5651281255813954 0.8947333343749999 0.5697593744186047 0.908733334375 0.6089781255813953 0.893910415625 0.6074343744186046 0.8823812500000001 0.5651281255813954 0.8947333343749999
0 0.5595687511627907 0.835854165625 0.5626562511627907 0.84738125 0.596317188372093 0.8375 0.5938468744186046 0.824325 0.5595687511627907 0.835854165625
0 0.5561718744186047 0.8095020843749999 0.558332811627907 0.8234999999999999 0.592920311627907 0.811560415625 0.5892140627906977 0.7979729156250001 0.5561718744186047 0.8095020843749999
7 0.5490687488372092 0.78561875 0.5515390627906976 0.798795834375 0.5916859372093023 0.784385415625 0.589832811627907 0.774091665625 0.5490687488372092 0.78561875
7 0.453954688372093 0.926027084375 0.45766093720930234 0.939202084375 0.4978062511627907 0.918614584375 0.4953359372093023 0.9066750000000001 0.453954688372093 0.926027084375
7 0.35050312558139535 0.817325 0.3526640627906977 0.8309124999999999 0.39651562558139536 0.8189708343750001 0.39466249999999997 0.80620625 0.35050312558139535 0.817325
0 0.36100156279069767 0.8654999999999999 0.361620311627907 0.8807333343750001 0.3958984372093023 0.87538125 0.39527968837209304 0.8593229156250001 0.36100156279069767 0.8654999999999999
0 0.4462343744186047 0.87538125 0.44963125116279073 0.8877333343749999 0.479895311627907 0.8720874999999999 0.47711562558139536 0.86138125 0.4462343744186047 0.87538125
0 0.4514843744186047 0.897616665625 0.4542640627906977 0.9116145843749999 0.4876156255813954 0.892675 0.48236562558139534 0.8811458343749999 0.4514843744186047 0.897616665625
0 0.35945781162790696 0.84161875 0.360075 0.85438125 0.39250156279069764 0.8477937499999999 0.3906484372093023 0.8333833343749999 0.35945781162790696 0.84161875