0 0.371595311627907 0.62609375 0.37260937441860464 0.6382770843750001 0.404592188372093 0.632522915625 0.4035765627906977 0.619325 0.371595311627907 0.62609375
0 0.36880312558139533 0.601727084375 0.3698187511627907 0.61255625 0.4028156255813954 0.6078187500000001 0.401292188372093 0.593604165625 0.36880312558139533 0.601727084375
0 0.45611718837209303 0.6328625 0.45992500000000003 0.647075 0.490382811627907 0.63116875 0.48708437441860464 0.619325 0.45611718837209303 0.6328625
0 0.463732811627907 0.658583334375 0.46728593720930234 0.671104165625 0.4972359372093023 0.654520834375 0.493175 0.641322915625 0.463732811627907 0.658583334375
0 0.5695749999999999 0.59225 0.5721140627906977 0.606802084375 0.6033343744186047 0.59665 0.6005421883720929 0.5831125 0.5695749999999999 0.59225
0 0.564245311627907 0.568560415625 0.567545311627907 0.584466665625 0.5987656255813953 0.5743145843749999 0.5962265627906977 0.558745834375 0.564245311627907 0.568560415625
2 0.450025 0.611202084375 0.4530718744186047 0.624739584375 0.48632187441860464 0.6081562500000001 0.48226093720930235 0.5963125 0.450025 0.611202084375
2 0.43835 0.581420834375 0.44139531162790696 0.595295834375 0.480229688372093 0.575329165625 0.47616874883720933 0.561791665625 0.43835 0.581420834375
2 0.3746406255813954 0.649783334375 0.3756562488372093 0.6609520843750001 0.40941406279069764 0.6555375 0.40687656279069767 0.642677084375 0.3746406255813954 0.649783334375
2 0.3743875 0.68058125 0.3748937488372093 0.69445625 0.41474374883720927 0.6876875 0.41423750000000004 0.675504165625 0.3743875 0.68058125
2 0.5721140627906977 0.616616665625 0.5743984372093024 0.6304937500000001 0.606379688372093 0.619325 0.604095311627907 0.6081562500000001 0.5721140627906977 0.616616665625
2 0.5736375 0.6511375 0.5751593744186047 0.6677208343750001 0.6170406255813954 0.6518145843750001 0.6142484372093023 0.6379374999999999 0.5736375 0.6511375
7 0.46347812558139534 0.684302084375 0.4665234372093023 0.696147915625 0.5073890627906977 0.677535415625 0.5048515627906976 0.6650125 0.46347812558139534 0.684302084375
7 0.361442188372093 0.575329165625 0.36195 0.589204165625 0.4051 0.58040625 0.40382968837209304 0.567883334375 0.361442188372093 0.575329165625
7 0.5581531255813953 0.545885415625 0.559929688372093 0.55773125 0.5985109372093024 0.54453125 0.5959734372093023 0.533364584375 0.5581531255813953 0.545885415625