2 0.3366218744186047 0.579404165625 0.3389062511627907 0.593108334375 0.3785921883720931 0.585495834375 0.3777359372093024 0.5698875 0.3366218744186047 0.579404165625
2 0.336907811627907 0.545522915625 0.33805 0.558847915625 0.371454688372093 0.550472915625 0.36831406279069767 0.5371479156250001 0.336907811627907 0.545522915625
2 0.4082859372093023 0.559989584375 0.408 0.574835415625 0.4511140627906977 0.5729333343749999 0.4499718744186047 0.5584666656249999 0.4082859372093023 0.559989584375
2 0.4117125 0.59539375 0.4117125 0.609479165625 0.446545311627907 0.607575 0.4456890627906977 0.5946312500000001 0.4117125 0.59539375
2 0.24782656279069767 0.609097915625 0.24697031162790697 0.6235645843750001 0.28180312558139536 0.62470625 0.2820890627906977 0.6106208343749999 0.24782656279069767 0.609097915625
2 0.24211718837209303 0.643739584375 0.2426875 0.65896875 0.284657811627907 0.661633334375 0.285229688372093 0.6460250000000001 0.24211718837209303 0.643739584375
0 0.24811249999999999 0.583591665625 0.24839843720930233 0.600341665625 0.28180312558139536 0.600341665625 0.2820890627906977 0.5858770843750001 0.24811249999999999 0.583591665625
0 0.24982500000000002 0.562272915625 0.24954062558139536 0.576358334375 0.2820890627906977 0.575216665625 0.2820890627906977 0.563795834375 0.24982500000000002 0.562272915625
0 0.3334812511627907 0.5223020843749999 0.3357656255813954 0.537529165625 0.36745781162790697 0.5295354156250001 0.3657437511627907 0.51545 0.3334812511627907 0.5223020843749999
0 0.329770311627907 0.49946041562500004 0.3311968744186047 0.509739584375 0.36374531162790696 0.503647915625 0.36174687441860465 0.491845834375 0.329770311627907 0.49946041562500004
0 0.4119984372093023 0.6189958343749999 0.4119984372093023 0.634604165625 0.446545311627907 0.6334625 0.4454031255813954 0.618614584375 0.4119984372093023 0.6189958343749999
0 0.412854688372093 0.64221875 0.4137109372093023 0.657825 0.4459734372093023 0.657064584375 0.4456890627906977 0.644883334375 0.412854688372093 0.64221875
7 0.24382968837209304 0.5329604156250001 0.24411562558139535 0.547427084375 0.286942188372093 0.549710415625 0.286942188372093 0.5363875 0.24382968837209304 0.5329604156250001
7 0.32148906279069767 0.47243124999999997 0.32405937441860466 0.48727916562500007 0.366029688372093 0.47509583437499997 0.3640312488372093 0.46481874999999995 0.32148906279069767 0.47243124999999997
7 0.408 0.67115 0.40771562558139535 0.68409375 0.4479734372093023 0.68409375 0.44825781162790695 0.67115 0.408 0.67115