2 0.341475 0.678764584375 0.34033437441860465 0.6920875 0.38173281162790695 0.693991665625 0.38258906279069765 0.680666665625 0.341475 0.678764584375
2 0.34375937441860466 0.64640625 0.34461562558139536 0.6597291656250001 0.376879688372093 0.65896875 0.3771656255813953 0.6467854156249999 0.34375937441860466 0.64640625
2 0.41057031162790697 0.5352458343750001 0.41057031162790697 0.550091665625 0.4436906255813953 0.550091665625 0.44397499999999995 0.537529165625 0.41057031162790697 0.5352458343750001
2 0.4054312511627907 0.5025062499999999 0.40485937441860465 0.517352084375 0.4474015627906977 0.516591665625 0.4474015627906977 0.5025062499999999 0.4054312511627907 0.5025062499999999
2 0.493654688372093 0.553897915625 0.49565312558139535 0.5706479156250001 0.5353406255813954 0.5615125 0.533342188372093 0.545904165625 0.493654688372093 0.553897915625
2 0.493654688372093 0.520016665625 0.4942265627906977 0.5344833343750001 0.5276312511627907 0.526108334375 0.525632811627907 0.513927084375 0.493654688372093 0.520016665625
0 0.4910859372093023 0.496033334375 0.49251249999999996 0.51088125 0.5253468744186046 0.504029165625 0.523920311627907 0.48994375 0.4910859372093023 0.496033334375
0 0.4885156255813954 0.47471666562500003 0.4890875 0.487658334375 0.521920311627907 0.47890416562500004 0.5204937488372093 0.467102084375 0.4885156255813954 0.47471666562500003
0 0.41114062558139536 0.560370834375 0.4108562488372093 0.574835415625 0.4442609372093024 0.57445625 0.4442609372093024 0.559989584375 0.41114062558139536 0.560370834375
0 0.41114062558139536 0.58625625 0.412282811627907 0.602245834375 0.4436906255813953 0.598058334375 0.4436906255813953 0.584354165625 0.41114062558139536 0.58625625
0 0.3451875 0.6201375 0.3451875 0.635745834375 0.3777359372093024 0.63765 0.3780218744186047 0.624325 0.3451875 0.6201375
0 0.3443312511627907 0.598058334375 0.34490156279069767 0.609479165625 0.3777359372093024 0.611002084375 0.3785921883720931 0.5988187500000001 0.3443312511627907 0.598058334375
7 0.34192656279069766 0.5727249999999999 0.341682811627907 0.584439584375 0.3848812511627907 0.5834645843749999 0.3843937488372093 0.57175 0.34192656279069766 0.5727249999999999
7 0.40782343720930236 0.613077084375 0.40733437441860465 0.62641875 0.4485812511627907 0.627395834375 0.4483375 0.612425 0.40782343720930236 0.613077084375
7 0.48128437441860467 0.44971875 0.4832375 0.46338749999999995 0.5235062488372093 0.45102083437499996 0.521067188372093 0.437679165625 0.48128437441860467 0.44971875