0 0.28717187441860464 0.237004165625 0.2869687511627907 0.226429165625 0.2548343744186047 0.22426041562500001 0.25463125116279073 0.23483541562500002 0.2621562488372093 0.23374999999999999 0.27517187441860463 0.234022915625 0.28717187441860464 0.237004165625
0 0.27212187441860464 0.26032500000000003 0.2869687511627907 0.2630375 0.2851375 0.24758125 0.25320781162790695 0.246225 0.25279999999999997 0.26032500000000003 0.27212187441860464 0.26032500000000003
0 0.3698656255813953 0.165729165625 0.3680187511627907 0.15430625 0.33526406279069765 0.163264584375 0.3371125 0.1690875 0.346182811627907 0.16707291562499998 0.35827656279069764 0.165729165625 0.3698656255813953 0.165729165625
0 0.37322500000000003 0.191260415625 0.3713781255813954 0.17782291562500002 0.3394640627906977 0.186333334375 0.3411437488372093 0.198427084375 0.34735781162790696 0.19484375 0.3606281255813954 0.19170833437499998 0.37322500000000003 0.191260415625
2 0.28588125116279073 0.285320834375 0.28588125116279073 0.27255625 0.25279218837209305 0.2714375 0.25295937441860467 0.283977084375 0.26018281162790696 0.28308125 0.27378749999999996 0.28352916562499997 0.28588125116279073 0.285320834375
2 0.28907343720930234 0.3247375 0.28940937441860465 0.307716665625 0.24758437441860465 0.304133334375 0.2470812511627907 0.3193625 0.2588390627906977 0.31824375 0.27345156279069766 0.3195875 0.28907343720930234 0.3247375
2 0.37624843720930234 0.214775 0.3745687488372093 0.2013375 0.34265468837209306 0.209177084375 0.3434953116279069 0.21903125 0.355925 0.216566665625 0.36667500000000003 0.214775 0.37624843720930234 0.214775
2 0.37944062558139535 0.24725000000000003 0.3853187488372093 0.246577084375 0.38313593720930234 0.234708334375 0.3433265627906977 0.24232291562500002 0.345175 0.25486458437500004 0.3532375 0.251729165625 0.366170311627907 0.24926458437500001 0.37944062558139535 0.24725000000000003
7 0.2927687511627907 0.21096875 0.29192812558139536 0.19865 0.2820187488372093 0.195291665625 0.24909687441860465 0.1935 0.24943281162790695 0.20738541562499999 0.259342188372093 0.20783333437499998 0.2741234372093023 0.20805625 0.2927687511627907 0.21096875
7 0.37070625116279066 0.13728541562500002 0.368857811627907 0.1263125 0.32820937441860465 0.135270834375 0.32905 0.1475875 0.340975 0.14154166562499998 0.355420311627907 0.137733334375 0.37070625116279066 0.13728541562500002
7 0.45677968837209304 0.345958334375 0.456575 0.335054165625 0.4146593744186046 0.33478125 0.41506875116279074 0.34623125 0.4240656255813953 0.34650416562499997 0.4400140627906977 0.34650416562499997 0.45677968837209304 0.345958334375
0 0.45166874883720926 0.282710415625 0.41915781162790694 0.282983334375 0.41936249999999997 0.295795834375 0.4295859372093024 0.29525 0.4520781255813954 0.295522915625 0.45166874883720926 0.282710415625
0 0.45166874883720926 0.306429165625 0.41895312558139536 0.307245834375 0.4194640627906977 0.320877084375 0.43295937441860466 0.32033125 0.4520781255813954 0.320060415625 0.45166874883720926 0.306429165625
2 0.456575 0.2366375 0.4563718744186046 0.221370834375 0.4146593744186046 0.22191458437499997 0.41547812558139535 0.238272915625 0.43183437441860467 0.23636458437500002 0.45166874883720926 0.23636458437500002 0.456575 0.2366375
2 0.45187343720930234 0.257629165625 0.41915781162790694 0.258445834375 0.41895312558139536 0.27180624999999997 0.4289718744186047 0.27071458437499996 0.4522812488372093 0.27016874999999996 0.45187343720930234 0.257629165625