7 0.4412187511627907 0.691947915625 0.441625 0.704429165625 0.48192031162790694 0.701716665625 0.48069999999999996 0.6886916656250001 0.4412187511627907 0.691947915625
7 0.516925 0.7131125 0.5177390627906976 0.724510415625 0.5596625000000001 0.72288125 0.558442188372093 0.711485415625 0.516925 0.7131125
7 0.6146124999999999 0.6181395843749999 0.6150187511627907 0.63225 0.6557218744186046 0.629535415625 0.6545 0.617054165625 0.6146124999999999 0.6181395843749999
0 0.444067188372093 0.66426875 0.44447499999999995 0.676752084375 0.4750015627906977 0.67458125 0.4741875 0.663183334375 0.444067188372093 0.66426875
0 0.442032811627907 0.639847915625 0.44284687441860465 0.653414584375 0.4750015627906977 0.652329165625 0.4750015627906977 0.63821875 0.442032811627907 0.639847915625
0 0.5189609372093023 0.663183334375 0.5193671883720931 0.675666665625 0.5515218744186047 0.6740375000000001 0.5507078116279069 0.662097915625 0.5189609372093023 0.663183334375
0 0.5201812488372093 0.6870625 0.519775 0.70063125 0.551929688372093 0.6984604156249999 0.5503015627906976 0.686520834375 0.5201812488372093 0.6870625
0 0.620717188372093 0.670239584375 0.6219390627906978 0.681635415625 0.6532796883720929 0.679464584375 0.6528718744186047 0.666983334375 0.620717188372093 0.670239584375
0 0.6203109372093023 0.64473125 0.621125 0.65775625 0.6528718744186047 0.6545 0.652057811627907 0.643104165625 0.6203109372093023 0.64473125
2 0.44243906279069767 0.616510415625 0.4432531255813954 0.630079165625 0.47377968837209306 0.62899375 0.4750015627906977 0.6159687500000001 0.44243906279069767 0.616510415625
2 0.43755468837209305 0.5812354156249999 0.4379625 0.595345834375 0.4774437511627907 0.594804165625 0.47785000000000005 0.5801499999999999 0.43755468837209305 0.5812354156249999
2 0.5112265627906977 0.6067437499999999 0.5116343744186046 0.619766665625 0.5523359372093024 0.616510415625 0.5503015627906976 0.6018583343749999 0.5112265627906977 0.6067437499999999
2 0.517332811627907 0.637677084375 0.5181468744186046 0.6539583343750001 0.5494875 0.649616665625 0.5498937511627907 0.6387625 0.517332811627907 0.637677084375
2 0.6227531255813953 0.693033334375 0.622345311627907 0.7066 0.6532796883720929 0.7038875 0.6532796883720929 0.692489584375 0.6227531255813953 0.693033334375
2 0.6194968744186046 0.7261375 0.620717188372093 0.742960415625 0.6597921883720931 0.73590625 0.6597921883720931 0.725595834375 0.6194968744186046 0.7261375