7 0.3562484372093023 0.9143604156249999 0.3565875 0.924735415625 0.39752343720930233 0.923383334375 0.39752343720930233 0.908045834375 0.3562484372093023 0.9143604156249999
7 0.459775 0.8358708343749999 0.46011250000000004 0.849404165625 0.5000343744186047 0.8462458343750001 0.49901875116279065 0.833616665625 0.459775 0.8358708343749999
7 0.5095078116279069 0.7979791656249999 0.5105218744186046 0.810610415625 0.551120311627907 0.8029416656249999 0.5487515627906976 0.789408334375 0.5095078116279069 0.7979791656249999
0 0.35895625116279073 0.884589584375 0.35929375116279066 0.8985729156250001 0.39177187441860467 0.895866665625 0.3914343744186046 0.883235415625 0.35895625116279073 0.884589584375
0 0.358617188372093 0.8593291656250001 0.35929375116279066 0.875116665625 0.391095311627907 0.87060625 0.3914343744186046 0.8575229156249999 0.358617188372093 0.8593291656250001
0 0.463157811627907 0.8051979156250001 0.462142188372093 0.8227895843749999 0.4949593744186046 0.816475 0.49462187441860467 0.804745834375 0.463157811627907 0.8051979156250001
0 0.462142188372093 0.78309375 0.4624812511627907 0.795725 0.4949593744186046 0.794822915625 0.49428281162790694 0.779935415625 0.462142188372093 0.78309375
0 0.5162734372093023 0.8227895843749999 0.5176265627906976 0.835420834375 0.5484140627906977 0.8318125000000001 0.5473984372093024 0.814670834375 0.5162734372093023 0.8227895843749999
0 0.5166125 0.8462458343750001 0.5183031255813954 0.8606812500000001 0.5521359372093023 0.854816665625 0.5504437488372093 0.83993125 0.5166125 0.8462458343750001
2 0.3562484372093023 0.8358708343749999 0.3565875 0.84985625 0.39075781162790696 0.8476000000000001 0.39075781162790696 0.8358708343749999 0.3562484372093023 0.8358708343749999
2 0.35218906279069767 0.802491665625 0.3518515627906977 0.816475 0.39177187441860467 0.8133166656249999 0.39177187441860467 0.802039584375 0.35218906279069767 0.802491665625
2 0.4614656255813953 0.760539584375 0.46045156279069765 0.77271875 0.49462187441860467 0.771364584375 0.492929688372093 0.758283334375 0.4614656255813953 0.760539584375
2 0.4553765627906977 0.7262562499999999 0.45639062558139537 0.740691665625 0.49732812558139533 0.7379854156250001 0.49665156279069766 0.722195834375 0.4553765627906977 0.7262562499999999
2 0.5210093744186046 0.87060625 0.5220250000000001 0.8854916656249999 0.5534890627906977 0.879177084375 0.5528125 0.865191665625 0.5210093744186046 0.87060625
2 0.520332811627907 0.9075958343750001 0.5216859372093023 0.921127084375 0.5633 0.913008334375 0.561270311627907 0.8985729156250001 0.520332811627907 0.9075958343750001