2 0.3061109372093023 0.438479165625 0.307782811627907 0.45141666562499994 0.34023437441860466 0.44115624999999997 0.3372234372093023 0.42732916562499995 0.3061109372093023 0.438479165625
2 0.29721718837209304 0.40279375 0.29779218837209304 0.416564584375 0.3376687511627907 0.40661875 0.33623437441860465 0.39437708437499996 0.29721718837209304 0.40279375
2 0.46275312558139536 0.39437708437499996 0.45988437441860464 0.40738333437499996 0.499475 0.42345 0.501770311627907 0.40967916562499995 0.46275312558139536 0.39437708437499996
2 0.4610312488372093 0.42956874999999994 0.45844999999999997 0.441810415625 0.48972031162790697 0.45404999999999995 0.4920156255813954 0.44219166562499995 0.4610312488372093 0.42956874999999994
2 0.630870311627907 0.553122915625 0.6282890627906976 0.563833334375 0.665870311627907 0.579516665625 0.667304688372093 0.56498125 0.630870311627907 0.553122915625
2 0.6360343744186047 0.52366875 0.6366078116279069 0.53285 0.6652968744186046 0.541647915625 0.667304688372093 0.529789584375 0.6360343744186047 0.52366875
0 0.6409109372093024 0.498039584375 0.6394765627906976 0.510664584375 0.6687390627906976 0.5198437499999999 0.6704609372093023 0.504925 0.6409109372093024 0.498039584375
0 0.643779688372093 0.47661875 0.6420593744186046 0.48656458437500005 0.6724687511627907 0.49574583437499997 0.6736171883720931 0.48465208437499996 0.643779688372093 0.47661875
0 0.4515640627906977 0.47661875 0.4492687488372093 0.488095834375 0.4802531255813954 0.5011 0.4831218744186046 0.48771250000000005 0.4515640627906977 0.47661875
0 0.45730156279069767 0.45137291562500004 0.45443281162790694 0.463995834375 0.48340937441860465 0.477002084375 0.48656406279069764 0.465527084375 0.45730156279069767 0.45137291562500004
0 0.3411125 0.45213749999999997 0.325045311627907 0.453285415625 0.30955468837209305 0.46055416562499996 0.3107015627906977 0.47470625 0.3261937511627907 0.467439584375 0.34283281162790696 0.463995834375 0.3411125 0.45213749999999997
0 0.34369374883720927 0.47585416562500005 0.3290625 0.47738333437499997 0.31242343720930227 0.48388749999999997 0.313570311627907 0.49689375 0.3302093744186046 0.48771250000000005 0.34512812558139533 0.487329165625 0.34369374883720927 0.47585416562500005
7 0.3121359372093023 0.509133334375 0.31242343720930227 0.52366875 0.35344843720930236 0.511429165625 0.35287500000000005 0.49842291562499996 0.3121359372093023 0.509133334375
7 0.44267031162790693 0.501483334375 0.440375 0.51028125 0.4788187511627907 0.5271125 0.4814015627906976 0.5144895843749999 0.44267031162790693 0.501483334375
7 0.6434937511627907 0.44754791562499996 0.6417718744186046 0.45749375 0.6810765627906977 0.471645834375 0.6830843744186046 0.4597875 0.6434937511627907 0.44754791562499996