2 0.3617625 0.601504165625 0.36433906279069767 0.614870834375 0.4055859372093023 0.6072333343749999 0.403867188372093 0.594629165625 0.3617625 0.601504165625
2 0.3732187511627907 0.6351125 0.37493750000000003 0.6473333343750001 0.4055859372093023 0.640077084375 0.40186249999999996 0.6267104156250001 0.3732187511627907 0.6351125
2 0.4903687511627907 0.545364584375 0.4920875 0.561022915625 0.532475 0.552620834375 0.5316156255813953 0.5361979156250001 0.4903687511627907 0.545364584375
2 0.49810312558139536 0.5812625 0.49982187441860465 0.594629165625 0.5316156255813953 0.586991665625 0.530182811627907 0.574770834375 0.49810312558139536 0.5812625
2 0.652775 0.72600625 0.6547796883720931 0.7367 0.6857156255813953 0.725625 0.6825640627906977 0.714166665625 0.652775 0.72600625
2 0.6536343744186046 0.759995834375 0.657357811627907 0.772597915625 0.6968859372093024 0.75846875 0.6945937511627908 0.745102084375 0.6536343744186046 0.759995834375
0 0.5005125 0.6041458343749999 0.5021015627906976 0.6175625 0.533879688372093 0.6119125000000001 0.532554688372093 0.599202084375 0.5005125 0.6041458343749999
0 0.5031609372093023 0.627095834375 0.5036906255813953 0.641927084375 0.5362625 0.6359250000000001 0.5349390627906977 0.622154165625 0.5031609372093023 0.627095834375
0 0.6490765627906976 0.7030125 0.6509312511627907 0.715016665625 0.681120311627907 0.704425 0.6787375 0.6924187500000001 0.6490765627906976 0.7030125
0 0.3779 0.6793541656250001 0.37975312558139535 0.6959500000000001 0.41047343720930235 0.68959375 0.40861875116279067 0.676177084375 0.3779 0.6793541656250001
0 0.37366249999999995 0.658522915625 0.37472187441860466 0.670527084375 0.4096781255813954 0.66240625 0.407825 0.6504 0.37366249999999995 0.658522915625
0 0.642720311627907 0.6793541656250001 0.6453687488372093 0.691360415625 0.6766187488372093 0.6800604156250001 0.6747640627906977 0.667702084375 0.642720311627907 0.6793541656250001
7 0.375682811627907 0.70929375 0.3761390627906977 0.7208375 0.4185140627906977 0.712029165625 0.4169187488372093 0.702004165625 0.375682811627907 0.70929375
7 0.500075 0.655225 0.5018984372093023 0.670108334375 0.541995311627907 0.660995834375 0.5404 0.648845834375 0.500075 0.655225
7 0.6331249999999999 0.6558312500000001 0.636770311627907 0.669804165625 0.6755 0.652489584375 0.672995311627907 0.64125 0.6331249999999999 0.6558312500000001