2 0.4338781255813954 0.75268125 0.41310624883720926 0.7531125000000001 0.39262031162790695 0.7500125 0.39201093720930236 0.76695 0.405317188372093 0.768247915625 0.43355312558139536 0.7678166656250001 0.4338781255813954 0.75268125
2 0.5624 0.737979165625 0.5624 0.722410415625 0.5448734372093024 0.7271687499999999 0.5221718744186047 0.725266665625 0.5215062511627907 0.739708334375 0.540329688372093 0.7414375 0.5533125 0.739708334375 0.5624 0.737979165625
2 0.6500281255813953 0.602195834375 0.651975 0.590520834375 0.6321781255813953 0.588791665625 0.610325 0.5853645843749999 0.610432811627907 0.597008334375 0.6227656255813954 0.596141665625 0.6367218744186047 0.597008334375 0.6500281255813953 0.602195834375
2 0.6138937488372093 0.6158187500000001 0.6136781255813953 0.631602084375 0.6451593744186046 0.632466665625 0.6454843744186047 0.619060415625 0.6138937488372093 0.6158187500000001
2 0.556557811627907 0.69516875 0.524670311627907 0.697666665625 0.5250765627906977 0.7090062500000001 0.5416281255813954 0.708572915625 0.558504688372093 0.708141665625 0.556557811627907 0.69516875
2 0.43019687441860466 0.7246625 0.39797343720930234 0.7238395843750001 0.398392188372093 0.738066665625 0.413970311627907 0.736770834375 0.43019687441860466 0.738066665625 0.43019687441860466 0.7246625
0 0.43149531162790694 0.695689584375 0.39940156279069766 0.695764584375 0.398392188372093 0.710391665625 0.41559218837209305 0.709527084375 0.43019687441860466 0.710391665625 0.43149531162790694 0.695689584375
0 0.556357811627907 0.6681 0.5482437488372093 0.669395834375 0.5414281255813954 0.6732875 0.5243140627906977 0.6719708343749999 0.5242281255813953 0.6819375 0.5394812488372093 0.6819375 0.556357811627907 0.6806395843749999 0.556357811627907 0.6681
0 0.6128234372093023 0.641991665625 0.6124484372093023 0.651964584375 0.6445781255813953 0.65585625 0.6452281255813954 0.6472083343749999 0.6128234372093023 0.641991665625
6 0.6283515627906977 0.6675333343750001 0.6121234372093023 0.664072915625 0.6121093744186046 0.676254165625 0.6439296883720931 0.679208334375 0.6439296883720931 0.6688291656249999 0.6283515627906977 0.6675333343750001
6 0.647825 0.694775 0.6071140627906977 0.690054165625 0.6066062511627907 0.70169375 0.6335437488372093 0.705154165625 0.647825 0.705585415625 0.647825 0.694775
6 0.5214593744186047 0.649129165625 0.5233968744186046 0.66243125 0.5542296883720931 0.658970834375 0.5545531255813954 0.64643125 0.5214593744186047 0.649129165625
6 0.5590968744186047 0.622647915625 0.5164625 0.6215291656249999 0.5162562488372093 0.634322915625 0.5363781255813953 0.634322915625 0.5594218744186046 0.6330250000000001 0.5590968744186047 0.622647915625
6 0.3983312488372093 0.675302084375 0.39816406279069766 0.6885979156250001 0.4312687488372093 0.6885979156250001 0.4312687488372093 0.676058334375 0.3983312488372093 0.675302084375
6 0.4367859372093023 0.654004165625 0.41212031162790697 0.6544375 0.394404688372093 0.651508334375 0.39394531162790697 0.663085415625 0.41796093720930233 0.662220834375 0.4367859372093023 0.662654165625 0.4367859372093023 0.654004165625