6 0.7171156255813953 0.8222437499999999 0.7185609372093024 0.833804165625 0.752520311627907 0.828025 0.7514359372093024 0.815983334375 0.7171156255813953 0.8222437499999999
6 0.7116968744186046 0.798641665625 0.713142188372093 0.809720834375 0.7543265627906978 0.80153125 0.7536031255813954 0.791897915625 0.7116968744186046 0.798641665625
6 0.7478234372093023 0.6839999999999999 0.7489062511627907 0.697004165625 0.7886468744186047 0.687852084375 0.7879234372093024 0.676775 0.7478234372093023 0.6839999999999999
6 0.7474625 0.657025 0.7485453116279069 0.67003125 0.7821437511627908 0.66376875 0.7810593744186046 0.6507625 0.7474625 0.657025
6 0.837417188372093 0.651727084375 0.837417188372093 0.667622915625 0.8717375 0.669547915625 0.8720984372093022 0.658470834375 0.837417188372093 0.651727084375
6 0.8359718744186048 0.627641665625 0.8356109372093024 0.639202084375 0.8767953116279069 0.6445000000000001 0.8775187488372093 0.634385415625 0.8359718744186048 0.627641665625
0 0.8377781255813954 0.67725625 0.837417188372093 0.69074375 0.8713765627906976 0.69170625 0.870292188372093 0.681108334375 0.8377781255813954 0.67725625
0 0.7445718744186046 0.6348666656249999 0.7467390627906977 0.65028125 0.7796140627906977 0.641129165625 0.7796140627906977 0.628604165625 0.7445718744186046 0.6348666656249999
0 0.7200062511627907 0.844402084375 0.7207281255813953 0.858852084375 0.7554093744186047 0.85018125 0.7543265627906978 0.8362125 0.7200062511627907 0.844402084375
2 0.7232578116279069 0.8704124999999999 0.722895311627907 0.8839 0.7575781255813954 0.878602084375 0.7557718744186046 0.8631875000000001 0.7232578116279069 0.8704124999999999
2 0.72145 0.8973875 0.722895311627907 0.914729165625 0.7637187488372094 0.907504165625 0.7619125 0.8911250000000001 0.72145 0.8973875
2 0.8319984372093023 0.73216875 0.8319984372093023 0.749027084375 0.874267188372093 0.7514354156249999 0.8746281255813954 0.735539584375 0.8319984372093023 0.73216875
2 0.8370562511627907 0.702304165625 0.8366953116279069 0.717235415625 0.8699312488372094 0.71964375 0.8706546883720929 0.709047915625 0.8370562511627907 0.702304165625
2 0.7427656255813954 0.607891665625 0.7434875000000001 0.6247520843750001 0.7785312511627908 0.61704375 0.7770859372093023 0.60163125 0.7427656255813954 0.607891665625
2 0.738429688372093 0.5823625 0.7366234372093023 0.58284375 0.737707811627907 0.5948875 0.777807811627907 0.587660415625 0.7774468744186047 0.57465625 0.738429688372093 0.5823625