6 0.6751640627906976 0.4982375 0.6367015627906977 0.5155937500000001 0.6405484372093023 0.524272915625 0.6769390627906977 0.509677084375 0.6751640627906976 0.4982375
6 0.6775312488372093 0.533345834375 0.6766437511627907 0.523089584375 0.6497203116279069 0.537291665625 0.6464656255813953 0.539658334375 0.6509031255813954 0.5483374999999999 0.6775312488372093 0.533345834375
6 0.7872968744186047 0.552677084375 0.7550484372093023 0.5554375 0.7565265627906976 0.564904165625 0.785817188372093 0.564510415625 0.7872968744186047 0.552677084375
6 0.7926234372093023 0.5787125 0.770432811627907 0.581472915625 0.7514968744186047 0.58265625 0.7544562488372093 0.5909416656250001 0.7926234372093023 0.588575 0.7926234372093023 0.5787125
6 0.8591109372093023 0.465889584375 0.8265656255813953 0.46904583437499997 0.8274531255813954 0.48127291562499996 0.8594062511627907 0.476935415625 0.8591109372093023 0.465889584375
6 0.8615593744186046 0.440247915625 0.8381859372093023 0.444191665625 0.8195468744186046 0.447741665625 0.8242796883720931 0.45366041562500004 0.861854688372093 0.45011041562500004 0.8615593744186046 0.440247915625
0 0.860375 0.483245834375 0.8390734372093024 0.489558334375 0.8278312511627908 0.49231875 0.8275343744186047 0.502970834375 0.861854688372093 0.500208334375 0.860375 0.483245834375
0 0.7846343744186047 0.540841665625 0.7864093744186046 0.53176875 0.7553437511627907 0.530979165625 0.7529765627906977 0.533741665625 0.7562312511627907 0.543602084375 0.7846343744186047 0.540841665625
0 0.6798984372093023 0.5428145843750001 0.6503109372093023 0.5589875 0.654157811627907 0.5688500000000001 0.6810812488372093 0.5574104156249999 0.6798984372093023 0.5428145843750001
2 0.6852234372093023 0.570427084375 0.6556375 0.586602084375 0.659779688372093 0.5956750000000001 0.6867031255813955 0.583052084375 0.6852234372093023 0.570427084375
2 0.6949875 0.5956750000000001 0.6751640627906976 0.608297915625 0.656525 0.615004165625 0.66185 0.624866665625 0.6967625 0.608297915625 0.6949875 0.5956750000000001
2 0.7837468744186047 0.517172915625 0.7861140627906976 0.5041541656249999 0.7547515627906978 0.507704165625 0.7526812511627907 0.507310415625 0.7526812511627907 0.51914375 0.7837468744186047 0.517172915625
2 0.7875921883720931 0.48442916562500005 0.7881843744186047 0.47417291562499997 0.765995311627907 0.474566665625 0.7476515627906977 0.47732916562499994 0.7494265627906976 0.489558334375 0.765107811627907 0.48245833437499996 0.7875921883720931 0.48442916562500005
2 0.8615593744186046 0.51373125 0.8287187511627907 0.519647915625 0.8316765627906977 0.527933334375 0.8612640627906977 0.528327084375 0.8615593744186046 0.51373125
2 0.8671812488372094 0.554647915625 0.8662937488372092 0.54163125 0.8435109372093023 0.5432083343749999 0.8290140627906977 0.5471541656250001 0.8284218744186047 0.560170834375 0.8488375 0.556620834375 0.8671812488372094 0.554647915625