6 0.35195156279069767 0.561145834375 0.35250156279069766 0.573958334375 0.39422968837209305 0.567735415625 0.3936812511627907 0.554191665625 0.35195156279069767 0.561145834375
6 0.35332500000000006 0.5344249999999999 0.35387343720930237 0.54796875 0.38736718837209305 0.5406479156249999 0.3870921883720931 0.5282020843749999 0.35332500000000006 0.5344249999999999
6 0.482629688372093 0.432297915625 0.48455156279069767 0.44254791562499995 0.5163968744186047 0.43193333437500003 0.5136515627906977 0.42168333437500005 0.482629688372093 0.432297915625
6 0.4741187488372093 0.4092375 0.47631562558139534 0.420585415625 0.515025 0.40521041562500004 0.5128281255813953 0.396427084375 0.4741187488372093 0.4092375
6 0.6187984372093023 0.491597915625 0.6182500000000001 0.503677084375 0.6517421883720931 0.500016665625 0.6511937488372093 0.48976666562500004 0.6187984372093023 0.491597915625
6 0.6157781255813954 0.51575625 0.6160531255813954 0.527835415625 0.6569578116279069 0.524175 0.6569578116279069 0.513927084375 0.6157781255813954 0.51575625
0 0.48812031162790703 0.452797915625 0.4889437488372093 0.4634125 0.5213390627906976 0.45389583437500003 0.519692188372093 0.44401250000000003 0.48812031162790703 0.452797915625
0 0.3508531255813953 0.512095834375 0.3516765627906977 0.525272915625 0.38379843720930235 0.5175875 0.38297343720930227 0.508070834375 0.3508531255813953 0.512095834375
0 0.6179749999999999 0.46817083437499996 0.6190734372093023 0.483545834375 0.6511937488372093 0.480983334375 0.6506437511627907 0.467439584375 0.6179749999999999 0.46817083437499996
2 0.348107811627907 0.48610625 0.3494812511627907 0.49635625 0.38187656279069765 0.492329165625 0.3805031255813953 0.481714584375 0.348107811627907 0.48610625
2 0.340695311627907 0.455725 0.341245311627907 0.470002084375 0.3816015627906977 0.46414375 0.38022812558139535 0.451333334375 0.340695311627907 0.455725
2 0.4922390627906977 0.476589584375 0.49443437441860466 0.48830416562499995 0.5265546883720931 0.476589584375 0.5238093744186046 0.464877084375 0.4922390627906977 0.476589584375
2 0.4963562511627907 0.507704165625 0.49800312558139537 0.519783334375 0.5369875000000001 0.505872915625 0.534242188372093 0.495258334375 0.4963562511627907 0.507704165625
2 0.6166015627906977 0.439985415625 0.6163281255813954 0.45462708437500005 0.649820311627907 0.45243124999999995 0.649545311627907 0.44145 0.6166015627906977 0.439985415625
2 0.6108375 0.41180000000000005 0.6113859372093023 0.42863749999999995 0.6506437511627907 0.4246125 0.649820311627907 0.410702084375 0.6108375 0.41180000000000005