6 0.40359843720930233 0.795485415625 0.4024437511627907 0.7843375 0.3868640627906977 0.78895 0.361729688372093 0.789014584375 0.36118593720930237 0.800866665625 0.37647656279069763 0.801252084375 0.3963859372093023 0.797022915625 0.40359843720930233 0.795485415625
6 0.3995593744186046 0.819704165625 0.3986937488372093 0.809325 0.3848437488372093 0.81316875 0.36712343720930235 0.8139749999999999 0.36753281162790696 0.8266249999999999 0.381382811627907 0.8262395843749999 0.392345311627907 0.823164584375 0.3995593744186046 0.819704165625
6 0.4925625 0.740108334375 0.49169687441860466 0.72934375 0.479579688372093 0.733958334375 0.4610375 0.737827084375 0.46371093720930234 0.741645834375 0.46428749999999996 0.74818125 0.4723656255813954 0.746258334375 0.4925625 0.740108334375
6 0.48448437441860465 0.7178125 0.49487187441860464 0.713583334375 0.4928515627906977 0.7028187499999999 0.47150000000000003 0.708970834375 0.453104688372093 0.713291665625 0.4541890627906977 0.718964584375 0.4547656255813953 0.7247312499999999 0.469770311627907 0.722808334375 0.48448437441860465 0.7178125
6 0.6381859372093024 0.830516665625 0.6280875 0.833977084375 0.607025 0.837052084375 0.6076031255813953 0.850891665625 0.6214515627906977 0.84743125 0.6396281255813954 0.8435874999999999 0.6381859372093024 0.830516665625
6 0.647129688372093 0.866652084375 0.6453984372093022 0.855120834375 0.6289531255813953 0.8628083343749999 0.6047640627906976 0.8655854156249999 0.6061593744186047 0.8754958343749999 0.6185671883720931 0.874725 0.6318390627906976 0.872035415625 0.647129688372093 0.866652084375
0 0.6358781255813953 0.808220834375 0.6194312488372092 0.815139584375 0.6038109372093023 0.814397915625 0.604717188372093 0.8266729156249999 0.6177015627906977 0.82551875 0.6373203116279069 0.8201375000000001 0.6358781255813953 0.808220834375
0 0.49596562558139534 0.750477084375 0.4841359372093023 0.75163125 0.463892188372093 0.758133334375 0.46509375116279067 0.7712375 0.4754812488372093 0.770083334375 0.49827343720930234 0.761241665625 0.49596562558139534 0.750477084375
0 0.4011281255813954 0.829114584375 0.38699062558139535 0.8321895843749999 0.368392188372093 0.834279165625 0.36823750000000005 0.847566665625 0.3843937488372093 0.846797915625 0.4008406255813953 0.844875 0.4011281255813954 0.829114584375
2 0.40228281162790697 0.871785415625 0.40199375116279074 0.8579458343749999 0.39276093720930233 0.8606374999999999 0.3696609372093023 0.861354165625 0.36910312558139535 0.875245834375 0.38208593720930234 0.874475 0.39766562558139534 0.872554165625 0.40228281162790697 0.871785415625
2 0.4002625 0.9025395843749999 0.40747656279069766 0.900233334375 0.40747656279069766 0.8863937500000001 0.38958750000000003 0.8887 0.366170311627907 0.888852084375 0.36679374883720933 0.898310415625 0.36679374883720933 0.9044604156249999 0.3841062488372093 0.905229165625 0.4002625 0.9025395843749999
2 0.500004688372093 0.776689584375 0.4875984372093023 0.78091875 0.46706562558139536 0.7843625000000001 0.469132811627907 0.798216665625 0.479520311627907 0.79475625 0.500004688372093 0.7893749999999999 0.500004688372093 0.776689584375
2 0.4979859372093023 0.822052084375 0.5086609372093023 0.81820625 0.5069296883720931 0.802060415625 0.4948109372093023 0.8043687500000001 0.48067343720930233 0.8101333343749999 0.46706562558139536 0.8139749999999999 0.46711406279069767 0.8201291656249999 0.46769062558139535 0.829739584375 0.48327031162790696 0.826664584375 0.4979859372093023 0.822052084375
2 0.6328390627906977 0.75404375 0.6169703116279069 0.7590416656250001 0.6022562511627907 0.7609625 0.592445311627907 0.762885415625 0.5941765627906976 0.7736500000000001 0.6166812488372093 0.766345834375 0.6339937488372094 0.7667291656249999 0.6328390627906977 0.75404375
2 0.6319734372093023 0.78364375 0.6158156255813954 0.7886416656249999 0.6008125 0.789795834375 0.602225 0.802129165625 0.6244718744186046 0.7986375 0.6334156255813953 0.795560415625 0.6319734372093023 0.78364375