6 0.44930156279069766 0.580654165625 0.4469015627906977 0.567860415625 0.424695311627907 0.5774541656250001 0.40754531162790697 0.580797915625 0.407892188372093 0.58745 0.40969218837209304 0.591447915625 0.4321984372093023 0.58585 0.44930156279069766 0.580654165625
6 0.44720156279069767 0.594645834375 0.4312968744186046 0.6014437499999999 0.4147937511627907 0.606239584375 0.41678437441860466 0.616435415625 0.4312968744186046 0.6114375 0.44870156279069773 0.607039584375 0.44720156279069767 0.594645834375
6 0.5354359372093023 0.560222915625 0.5330343744186047 0.5498291656250001 0.5192312488372093 0.5538270843750001 0.49267656279069766 0.5601208343749999 0.4937265627906977 0.5650208343750001 0.4955265627906977 0.571816665625 0.5165312488372094 0.5662208343749999 0.5354359372093023 0.560222915625
6 0.5327343744186047 0.576214584375 0.5201328116279069 0.5810125 0.5003281255813954 0.586210415625 0.5033281255813954 0.59500625 0.521332811627907 0.5906083343749999 0.5333343744186047 0.587810415625 0.5327343744186047 0.576214584375
6 0.6582203116279071 0.6440020843750001 0.644417188372093 0.649997915625 0.6286234372093024 0.653391665625 0.6309140627906977 0.665991665625 0.642017188372093 0.663591665625 0.6624218744186047 0.656395834375 0.6582203116279071 0.6440020843750001
6 0.6678218744186046 0.668789584375 0.6480187511627906 0.677185415625 0.6279140627906976 0.681583334375 0.6296140627906976 0.689908334375 0.6510187511627907 0.68358125 0.6702234372093023 0.679185415625 0.6678218744186046 0.668789584375
0 0.656120311627907 0.6220125000000001 0.639317188372093 0.629208334375 0.6252140627906976 0.631608334375 0.6258140627906977 0.6440020843750001 0.640517188372093 0.637604165625 0.6582203116279071 0.6336062499999999 0.656120311627907 0.6220125000000001
0 0.5244718744186047 0.603741665625 0.504067188372093 0.608139584375 0.5049687488372093 0.617335415625 0.537675 0.608139584375 0.536175 0.596545834375 0.5244718744186047 0.603741665625
0 0.44875000000000004 0.613297915625 0.41694218837209307 0.6232916656249999 0.4199437511627907 0.640083334375 0.43464687441860467 0.6332875 0.45115 0.630489584375 0.44875000000000004 0.613297915625
2 0.4205437511627907 0.6508791656249999 0.4214031255813953 0.663510415625 0.45355 0.656875 0.45145 0.643283334375 0.4205437511627907 0.6508791656249999
2 0.46135312558139535 0.6836625 0.4601515627906977 0.66966875 0.44454843720930237 0.67246875 0.4205437511627907 0.676866665625 0.4202437511627907 0.6832625 0.4208437488372093 0.6948562500000001 0.4463484372093023 0.687660415625 0.46135312558139535 0.6836625
2 0.5402843744186047 0.623329165625 0.5264812488372093 0.628127084375 0.5085156255813954 0.63139375 0.5096765627906976 0.64291875 0.5303812511627907 0.640120834375 0.5426843744186046 0.635322915625 0.5402843744186047 0.623329165625
2 0.5495859372093024 0.664108334375 0.5480859372093023 0.6501166656249999 0.5315812488372093 0.6549125 0.5095046883720931 0.659552084375 0.5093765627906977 0.666508334375 0.5105781255813954 0.673704165625 0.532482811627907 0.6705062500000001 0.5495859372093024 0.664108334375
2 0.651782811627907 0.599210415625 0.620704688372093 0.607635415625 0.6220765627906977 0.6188 0.6424812488372093 0.6156020843750001 0.6538843744186046 0.609604165625 0.651782811627907 0.599210415625
2 0.6418812511627907 0.58241875 0.652682811627907 0.5808187499999999 0.6511828116279069 0.568025 0.634079688372093 0.572822915625 0.610375 0.578820834375 0.611275 0.588014584375 0.612175 0.591614584375 0.6259781255813953 0.584816665625 0.6418812511627907 0.58241875