6 0.40508125116279065 0.872420834375 0.4056812511627907 0.8848312500000001 0.4378125 0.8848312500000001 0.4372109372093023 0.8728208343749999 0.40508125116279065 0.872420834375
6 0.39967656279069763 0.8487979156250001 0.40087656279069767 0.859608334375 0.4411156255813954 0.8576062500000001 0.4408140627906977 0.8483979156249999 0.39967656279069763 0.8487979156250001
6 0.500870311627907 0.8956416656249999 0.5011718744186047 0.9032500000000001 0.536904688372093 0.89724375 0.5348031255813953 0.887635415625 0.500870311627907 0.8956416656249999
6 0.5188875 0.9168625 0.499970311627907 0.919264584375 0.500870311627907 0.933679165625 0.5420093744186046 0.9232687500000001 0.539607811627907 0.91005625 0.5188875 0.9168625
6 0.6353968744186047 0.8528020843749999 0.633295311627907 0.8644125 0.6714312511627907 0.8844312499999999 0.6744343744186047 0.876825 0.6353968744186047 0.8528020843749999
6 0.6456078116279069 0.8315812499999999 0.6426046883720931 0.841591665625 0.6750343744186047 0.8580062500000001 0.6768359372093022 0.8479979156249999 0.6456078116279069 0.8315812499999999
0 0.4056812511627907 0.893239584375 0.40598124883720926 0.90485 0.43901249999999997 0.90485 0.4384125 0.895241665625 0.4056812511627907 0.893239584375
0 0.499670311627907 0.87161875 0.5002703116279069 0.8840312499999999 0.5324 0.878827084375 0.5312 0.8624104156250001 0.499670311627907 0.87161875
0 0.6519125 0.809160415625 0.6477093744186047 0.825577084375 0.6783375 0.8395895843750001 0.682842188372093 0.825977084375 0.6519125 0.809160415625
2 0.406582811627907 0.9188645843750001 0.40598124883720926 0.932877084375 0.4387125 0.931275 0.4384125 0.9188645843750001 0.406582811627907 0.9188645843750001
2 0.42369843720930234 0.9524958343750001 0.403879688372093 0.95089375 0.404479688372093 0.96410625 0.4447187488372093 0.962104165625 0.443817188372093 0.95049375 0.42369843720930234 0.9524958343750001
2 0.496667188372093 0.842791665625 0.4987687488372093 0.85720625 0.5302984372093023 0.8503999999999999 0.5296984372093023 0.8363875000000001 0.496667188372093 0.842791665625
2 0.5011718744186047 0.8123645843749999 0.4906609372093023 0.813164584375 0.49156249999999996 0.827579165625 0.5302984372093023 0.822372915625 0.5299984372093023 0.808360415625 0.5011718744186047 0.8123645843749999
2 0.6585187511627908 0.7839375000000001 0.6540156255813954 0.798752084375 0.6849437488372092 0.8143666656249999 0.6885468744186046 0.801554165625 0.6585187511627908 0.7839375000000001
2 0.6765359372093024 0.76471875 0.6594203116279069 0.754310415625 0.655817188372093 0.769122915625 0.6936531255813954 0.7923458343750001 0.6981562488372093 0.7771312499999999 0.6765359372093024 0.76471875