6 0.33620625116279074 0.326677084375 0.3202593744186047 0.32920833437499997 0.294392188372093 0.33575208437500004 0.29633906279069766 0.345902084375 0.313045311627907 0.341347915625 0.337345311627907 0.336795834375 0.33620625116279074 0.326677084375
6 0.33696562558139537 0.363102084375 0.33582656279069767 0.350454165625 0.322917188372093 0.353489584375 0.3014890627906977 0.359689584375 0.30545156279069763 0.36512500000000003 0.3062109372093023 0.370183334375 0.32633437441860463 0.36563124999999996 0.33696562558139537 0.363102084375
6 0.4312562511627907 0.38653125 0.43315312558139535 0.396141665625 0.46390781162790695 0.389566665625 0.46352812558139533 0.37793125 0.4312562511627907 0.38653125
6 0.46428749999999996 0.35162499999999997 0.4521375 0.3526375 0.42340468837209305 0.361358334375 0.42480156279069764 0.372872915625 0.44264531162790693 0.366802084375 0.46618593720930235 0.36224791562499997 0.46428749999999996 0.35162499999999997
6 0.5689093744186047 0.479189584375 0.5563796883720931 0.48070833437499993 0.5361328116279069 0.482160415625 0.5370156255813954 0.49638958437499997 0.552582811627907 0.49284791562499997 0.5696687511627907 0.49133125 0.5689093744186047 0.479189584375
6 0.5784 0.5176375 0.5768812511627908 0.505495834375 0.5601765627906977 0.5070125 0.5344625 0.512220834375 0.5362562511627907 0.523202084375 0.5529625 0.5176375 0.5666312511627908 0.5176375 0.5784 0.5176375
0 0.5514015627906977 0.459495834375 0.5357156255813954 0.459891665625 0.5362140627906977 0.47264999999999996 0.5673484372093023 0.46961458437500003 0.5673484372093023 0.45848541562499995 0.5514015627906977 0.459495834375
0 0.4484937511627907 0.40728749999999997 0.43520468837209303 0.408804165625 0.43634687441860465 0.42036875 0.46899687441860466 0.41133333437499997 0.4667187511627907 0.40020416562500005 0.4484937511627907 0.40728749999999997
0 0.339029688372093 0.370964584375 0.3056640627906977 0.38195625 0.3071375 0.39221249999999996 0.321945311627907 0.389177084375 0.3416875 0.385129165625 0.339029688372093 0.370964584375
2 0.3314375 0.403341665625 0.3120734372093023 0.405364584375 0.31317968837209303 0.418697915625 0.345104688372093 0.40991875 0.3432062511627907 0.40030625000000003 0.3314375 0.403341665625
2 0.35004062558139537 0.42509375 0.33523281162790697 0.431164584375 0.3116937488372093 0.436222915625 0.3124531255813954 0.44178750000000006 0.3135968744186046 0.450429165625 0.33447343720930234 0.44178750000000006 0.3523187488372093 0.437235415625 0.35004062558139537 0.42509375
2 0.47018124883720924 0.427614584375 0.453854688372093 0.43115625 0.43843437441860467 0.43372916562499997 0.4401859372093023 0.44532083437500003 0.4572718744186046 0.441779165625 0.472079688372093 0.437733334375 0.47018124883720924 0.427614584375
2 0.48043281162790696 0.46606249999999994 0.477775 0.45341458437500004 0.46182812558139535 0.457966665625 0.4388515627906977 0.46100624999999995 0.4398062511627907 0.466566665625 0.438667188372093 0.47516666562500004 0.459929688372093 0.47213125 0.48043281162790696 0.46606249999999994
2 0.5521343744186046 0.41329166562499997 0.5669406255813954 0.41430208437499993 0.567320311627907 0.40013750000000003 0.554032811627907 0.40013750000000003 0.5282 0.408120834375 0.5278343744186047 0.414808334375 0.5278343744186047 0.420879165625 0.5422625 0.413797915625 0.5521343744186046 0.41329166562499997
2 0.5650421883720931 0.43251458437499996 0.5471984372093024 0.43555 0.533529688372093 0.43555 0.5344625 0.449314584375 0.5506156255813954 0.446679165625 0.5661812488372092 0.447691665625 0.5650421883720931 0.43251458437499996