6 0.5227109372093023 0.46817083437499996 0.5227109372093023 0.481714584375 0.5647156255813953 0.48025 0.5644406255813954 0.46926875 0.5227109372093023 0.46817083437499996
6 0.5273781255813953 0.495258334375 0.527104688372093 0.508070834375 0.5608718744186046 0.505872915625 0.5605968744186046 0.495625 0.5273781255813953 0.495258334375
6 0.6089156255813953 0.547602084375 0.6111109372093023 0.560047915625 0.6435062511627907 0.5490666656250001 0.6407609372093023 0.538452084375 0.6089156255813953 0.547602084375
6 0.6094640627906976 0.573591665625 0.6097390627906977 0.5860375 0.6517421883720931 0.573591665625 0.6492718744186047 0.561879165625 0.6094640627906976 0.573591665625
6 0.7066484372093024 0.48500833437499996 0.7074718744186046 0.497820834375 0.7409656255813954 0.4970875 0.740142188372093 0.48464375000000004 0.7066484372093024 0.48500833437499996
6 0.7025312488372093 0.459752084375 0.7028062488372093 0.47146458437499994 0.7453578116279069 0.47073333437500003 0.7445343744186047 0.46011875 0.7025312488372093 0.459752084375
0 0.6053468744186046 0.524908334375 0.6067187511627907 0.535889584375 0.6391140627906977 0.5282020843749999 0.6374671883720929 0.5183187499999999 0.6053468744186046 0.524908334375
0 0.7082968744186047 0.506239584375 0.708570311627907 0.52015 0.7417890627906977 0.5183187499999999 0.7423390627906977 0.503310415625 0.7082968744186047 0.506239584375
0 0.526829688372093 0.5183187499999999 0.527104688372093 0.5311312499999999 0.5622437511627907 0.528935415625 0.561695311627907 0.516489584375 0.526829688372093 0.5183187499999999
2 0.5282015627906977 0.5428437500000001 0.5284765627906977 0.557852084375 0.5625187488372093 0.557485415625 0.561420311627907 0.5443083343749999 0.5282015627906977 0.5428437500000001
2 0.5262812511627907 0.573958334375 0.5257312511627907 0.587502084375 0.5674609372093024 0.5864041656250001 0.5666375 0.571029165625 0.5262812511627907 0.573958334375
2 0.6023265627906977 0.501114584375 0.603425 0.514658334375 0.6352703116279069 0.505508334375 0.63225 0.49196458437499996 0.6023265627906977 0.501114584375
2 0.592992188372093 0.4711 0.5949140627906977 0.483179165625 0.6352703116279069 0.47219791562499996 0.63225 0.459752084375 0.592992188372093 0.4711
2 0.709120311627907 0.531495834375 0.7082968744186047 0.546504165625 0.7417890627906977 0.54540625 0.7415140627906976 0.5311312499999999 0.709120311627907 0.531495834375
2 0.7047265627906977 0.5604145843749999 0.7050015627906976 0.576154165625 0.7461812488372093 0.574689584375 0.7464562511627907 0.560047915625 0.7047265627906977 0.5604145843749999