2 0.347704688372093 0.77743125 0.32129218837209306 0.772083334375 0.30658124883720933 0.763166665625 0.30491093720930235 0.780552084375 0.32196093720930236 0.784564584375 0.345029688372093 0.7921437499999999 0.347704688372093 0.77743125
2 0.3390125 0.817552084375 0.3400156255813953 0.804179165625 0.322295311627907 0.801504165625 0.30624687441860465 0.793925 0.30557968837209304 0.8050708343749999 0.3139375 0.811310415625 0.326642188372093 0.8146541656249999 0.3390125 0.817552084375
2 0.5055093744186047 0.791697915625 0.5075156255813953 0.776985415625 0.4864515627906977 0.776095834375 0.46605781162790694 0.767625 0.465054688372093 0.778322915625 0.4760875 0.784564584375 0.48912656279069766 0.7870166656250001 0.5055093744186047 0.791697915625
2 0.4991562488372093 0.818889584375 0.49982499999999996 0.804625 0.48177187441860464 0.804625 0.467395311627907 0.798383334375 0.466392188372093 0.81041875 0.4787625 0.8135395843750001 0.4894609372093023 0.8184437499999999 0.4991562488372093 0.818889584375
0 0.33667187441860463 0.8336 0.31761562558139533 0.8300333343749999 0.3032390627906977 0.8206729156250001 0.302570311627907 0.8340458343750001 0.3169468744186047 0.838504165625 0.33566874883720926 0.8420687499999999 0.33667187441860463 0.8336
0 0.49681718837209304 0.8322625 0.4790968744186046 0.831816665625 0.463717188372093 0.8237937499999999 0.463717188372093 0.8376125 0.4767562511627907 0.8402854156249999 0.496482811627907 0.8434062499999999 0.49681718837209304 0.8322625
6 0.33265937441860466 0.864804165625 0.33265937441860466 0.8541062500000001 0.31661249999999996 0.851877084375 0.29989531162790695 0.8442979156250001 0.29722031162790696 0.851877084375 0.30624687441860465 0.8603458343750001 0.3192859372093024 0.8639125 0.33265937441860466 0.864804165625
6 0.3313218744186046 0.8924416656249999 0.33265937441860466 0.879960415625 0.30825312558139534 0.878177084375 0.2922062488372093 0.8656958343750001 0.2908687511627907 0.8786229156250001 0.301567188372093 0.885310415625 0.3122656255813953 0.889766665625 0.3313218744186046 0.8924416656249999
6 0.495145311627907 0.8674791656249999 0.4948109372093023 0.8554437500000001 0.4620468744186047 0.8469729156250001 0.4610437488372093 0.856779165625 0.47140781162790696 0.8639125 0.48244062558139533 0.8656958343750001 0.495145311627907 0.8674791656249999
6 0.495479688372093 0.883972915625 0.4556937511627907 0.874164584375 0.45469062558139534 0.8804062500000001 0.46906718837209305 0.886647915625 0.49581406279069773 0.89155 0.495479688372093 0.883972915625
6 0.6770218744186047 0.730179165625 0.6790265627906977 0.71680625 0.637570311627907 0.706108334375 0.636567188372093 0.715022915625 0.6506093744186046 0.719927084375 0.667325 0.72616875 0.6770218744186047 0.730179165625
6 0.6696656255813953 0.740433334375 0.6385734372093023 0.731070834375 0.636567188372093 0.742216665625 0.6519468744186047 0.746227084375 0.6686625 0.752914584375 0.6696656255813953 0.740433334375
0 0.6676593744186046 0.762275 0.6345609372093023 0.75380625 0.633892188372093 0.764058334375 0.6539531255813953 0.769408334375 0.667325 0.772529165625 0.6676593744186046 0.762275
2 0.6636484372093023 0.78545625 0.6462625 0.782335415625 0.6298812511627906 0.77565 0.6282093744186046 0.7899145843750001 0.6409140627906977 0.793925 0.660304688372093 0.8006125000000001 0.6636484372093023 0.78545625
2 0.6609734372093022 0.830479165625 0.662645311627907 0.8153229156249999 0.6409140627906977 0.8122020843750001 0.6228593744186046 0.8032875 0.6195156255813954 0.8171062499999999 0.631217188372093 0.822902084375 0.6445906255813953 0.827358334375 0.6609734372093022 0.830479165625