2 0.7273515627906977 0.639035415625 0.6969265627906978 0.641072915625 0.696145311627907 0.654227084375 0.7102484372093024 0.653827084375 0.7273515627906977 0.653027084375 0.7273515627906977 0.639035415625
2 0.7348531255813954 0.681814584375 0.7345531255813953 0.665022915625 0.7147499999999999 0.668220834375 0.6932968744186047 0.667910415625 0.693445311627907 0.674616665625 0.6931453116279069 0.6842125 0.7132484372093023 0.6830125 0.7348531255813954 0.681814584375
2 0.820270311627907 0.6507875000000001 0.801067188372093 0.6511875 0.7794187488372093 0.6511916656250001 0.7785625 0.66598125 0.7917656255813954 0.667179165625 0.8196703116279069 0.66558125 0.820270311627907 0.6507875000000001
2 0.8139703116279069 0.621602084375 0.798967188372093 0.6244 0.7817296883720931 0.62259375 0.7815624999999999 0.6339958343750001 0.7995671883720931 0.635995834375 0.813670311627907 0.634795834375 0.8139703116279069 0.621602084375
2 0.9249937488372093 0.597214584375 0.9078890627906976 0.598814584375 0.8836890627906976 0.600595834375 0.8841843744186046 0.61240625 0.9042890627906977 0.611208334375 0.9255937511627907 0.608408334375 0.9249937488372093 0.597214584375
2 0.9246937511627907 0.6275999999999999 0.9102906255813953 0.629597915625 0.8913859372093024 0.629997915625 0.8910859372093023 0.643591665625 0.9057890627906977 0.642791665625 0.9252937488372093 0.641191665625 0.9246937511627907 0.6275999999999999
0 0.9255937511627907 0.654385415625 0.9108906255813953 0.657185415625 0.8934875000000001 0.657985415625 0.894907811627907 0.667910415625 0.9087906255813953 0.66598125 0.9267937511627907 0.66478125 0.9255937511627907 0.654385415625
0 0.802867188372093 0.597614584375 0.7813984372093024 0.598397915625 0.7824625 0.609208334375 0.8139703116279069 0.607210415625 0.813370311627907 0.593616665625 0.802867188372093 0.597614584375
0 0.727532811627907 0.626922915625 0.727832811627907 0.610529165625 0.7092281255813954 0.613729165625 0.694617188372093 0.61335625 0.695125 0.628120834375 0.7116296883720931 0.625322915625 0.7203312488372093 0.624922915625 0.727532811627907 0.626922915625
6 0.729032811627907 0.577345834375 0.728732811627907 0.5673520843750001 0.7101281255813954 0.56975 0.690025 0.56975 0.6885234372093024 0.5797458343749999 0.6978265627906977 0.580145834375 0.7104281255813955 0.5797458343749999 0.729032811627907 0.577345834375
6 0.726932811627907 0.591739584375 0.7107281255813953 0.5953375000000001 0.6942875000000001 0.5944375 0.6948249999999999 0.605733334375 0.711929688372093 0.604933334375 0.7266328116279069 0.603333334375 0.726932811627907 0.591739584375
6 0.8167171883720931 0.549625 0.7996140627906977 0.5488270843749999 0.774470311627907 0.549120834375 0.774407811627907 0.560020834375 0.7939125 0.560020834375 0.817317188372093 0.559220834375 0.8167171883720931 0.549625
6 0.7963125 0.5764125 0.7783093744186046 0.5768125000000001 0.7786093744186047 0.586008334375 0.8131171883720931 0.5852083343750001 0.812817188372093 0.574014584375 0.7963125 0.5764125
6 0.9282093744186046 0.67710625 0.912004688372093 0.67950625 0.8962281255813953 0.6775895843749999 0.8964015627906977 0.688702084375 0.9105046883720931 0.688702084375 0.9285093744186046 0.686702084375 0.9282093744186046 0.67710625
6 0.9348093744186047 0.70269375 0.9132062511627907 0.70469375 0.8919390627906977 0.70530625 0.8925015627906976 0.7154874999999999 0.9141062511627908 0.7146874999999999 0.9357109372093023 0.712689584375 0.9348093744186047 0.70269375