2 0.417917188372093 0.97125625 0.435117188372093 0.9740624999999999 0.43687343720930233 0.959095834375 0.4200234372093023 0.957225 0.3984093744186047 0.9465749999999999 0.397557811627907 0.9506770843749999 0.39580156279069767 0.9600312499999999 0.405279688372093 0.967047915625 0.417917188372093 0.97125625
2 0.437575 0.9296312500000001 0.420375 0.928227084375 0.4065156255813953 0.920841665625 0.40457812558139533 0.936179165625 0.4161625 0.9389854156249999 0.435117188372093 0.945064584375 0.437575 0.9296312500000001
2 0.528867188372093 0.939185415625 0.5295687488372093 0.9246854156250001 0.5102609372093023 0.927491665625 0.4980015627906977 0.92444375 0.49692187441860464 0.9363791656249999 0.508857811627907 0.939652084375 0.5197390627906977 0.939652084375 0.528867188372093 0.939185415625
2 0.520442188372093 0.969585415625 0.5337812488372093 0.966779165625 0.5341312488372093 0.958829165625 0.533429688372093 0.950410415625 0.5243031255813954 0.9550875 0.5116656255813954 0.956489584375 0.4933687488372093 0.951722915625 0.4923593744186046 0.959295834375 0.49446562558139534 0.9677145843750001 0.507804688372093 0.969585415625 0.520442188372093 0.969585415625
2 0.6434656255813954 0.862622915625 0.6434656255813954 0.8542041656249999 0.6413593744186047 0.85093125 0.6290734372093023 0.8556083343750001 0.619595311627907 0.8593500000000001 0.602225 0.862166665625 0.6027468744186046 0.868235415625 0.60415 0.8733812500000001 0.629425 0.86776875 0.6434656255813954 0.862622915625
2 0.6434656255813954 0.880395834375 0.6262656255813953 0.8888145843749999 0.6122234372093023 0.88975 0.6145781255813954 0.9023125000000001 0.635392188372093 0.897233334375 0.646275 0.8925562499999999 0.6434656255813954 0.880395834375
6 0.6526562488372093 0.938725 0.6512531255813954 0.9275 0.6414234372093023 0.9335812499999999 0.6199828116279069 0.9362812500000001 0.6214156255813953 0.943870834375 0.6228187488372093 0.94995 0.6389671883720931 0.943870834375 0.6526562488372093 0.938725
6 0.6565187511627907 0.965852084375 0.6617843744186046 0.962110415625 0.6600281255813953 0.952289584375 0.6509015627906977 0.9579020843749999 0.6375625 0.962110415625 0.6192109372093023 0.9651041656249999 0.6203625 0.9738041656249999 0.6326484372093024 0.97286875 0.6466890627906977 0.9695937499999999 0.6565187511627907 0.965852084375
6 0.49684375116279067 0.8765770843749999 0.4965875 0.8878770843750001 0.5306375 0.88600625 0.529232811627907 0.876652084375 0.49684375116279067 0.8765770843749999
6 0.443642188372093 0.894333334375 0.444695311627907 0.8835770843749999 0.432057811627907 0.8835770843749999 0.41345312558139535 0.874689584375 0.41204999999999997 0.8854479156249999 0.420475 0.8901249999999999 0.4341640627906977 0.893866665625 0.443642188372093 0.894333334375
6 0.524379688372093 0.863933334375 0.5331562511627908 0.8615937499999999 0.532804688372093 0.8499020843749999 0.5180609372093024 0.853175 0.5043718744186046 0.854110415625 0.4925968744186046 0.851358334375 0.49278750000000004 0.8559812499999999 0.4934890627906977 0.8653354156249999 0.511392188372093 0.866270834375 0.524379688372093 0.863933334375
6 0.45156562558139535 0.870325 0.45226718837209307 0.8600354156250001 0.4371734372093023 0.860504165625 0.4269937511627907 0.858164584375 0.41269218837209304 0.849814584375 0.4111968744186047 0.85956875 0.42594062558139534 0.866116665625 0.439629688372093 0.8693895843749999 0.45156562558139535 0.870325
0 0.440004688372093 0.9186458343749999 0.4421109372093023 0.9041479156250001 0.42596249999999997 0.900872915625 0.41076093720930235 0.894591665625 0.40876250000000003 0.9092916656250001 0.42420781162790694 0.913502084375 0.4319312488372093 0.9144375 0.440004688372093 0.9186458343749999
0 0.5293171883720931 0.8995354156250001 0.512117188372093 0.8986000000000001 0.497229688372093 0.898195834375 0.49842656279069764 0.9112291656249999 0.508957811627907 0.9112291656249999 0.5293171883720931 0.910760415625 0.5293171883720931 0.8995354156250001
0 0.647217188372093 0.9074125000000001 0.6335281255813954 0.9134916656250001 0.6153500000000001 0.91415 0.6173796883720931 0.925652084375 0.6338781255813953 0.923314584375 0.6493234372093023 0.9186375 0.647217188372093 0.9074125000000001