2 0.2719656255813953 0.553789584375 0.2687515627906977 0.5387875 0.26907187441860464 0.5409312500000001 0.22856718837209303 0.554647915625 0.23049531162790696 0.5670770843749999 0.24271250000000003 0.5623625 0.2568562511627907 0.5563625 0.2719656255813953 0.553789584375
2 0.276145311627907 0.58379375 0.2719656255813953 0.5683625 0.25428437441860463 0.5765083343749999 0.23917499999999997 0.581222915625 0.24110468837209303 0.592366665625 0.2517125 0.589795834375 0.263607811627907 0.5846520843749999 0.276145311627907 0.58379375
2 0.40151874883720934 0.47320833437500004 0.39959062558139535 0.459491665625 0.3597281255813954 0.47535 0.36390625116279074 0.492066665625 0.37451562558139534 0.4856375 0.38833906279069763 0.479208334375 0.40151874883720934 0.47320833437500004
2 0.40377031162790694 0.500639584375 0.4024843744186047 0.489495834375 0.3703359372093023 0.502354165625 0.372907811627907 0.5165 0.3819093744186047 0.513497915625 0.39508906279069766 0.505783334375 0.40377031162790694 0.500639584375
0 0.2803234372093023 0.606083334375 0.278395311627907 0.5953666656250001 0.25846406279069767 0.6039395843750001 0.2439984372093023 0.6065125 0.24560468837209304 0.6198 0.25846406279069767 0.612941665625 0.27067968837209305 0.6095125 0.2803234372093023 0.606083334375
0 0.40955624883720926 0.527214584375 0.4073062488372093 0.513927084375 0.37612343720930236 0.530214584375 0.37901562558139534 0.543075 0.39058906279069766 0.536645834375 0.400554688372093 0.5327875 0.40955624883720926 0.527214584375
6 0.28386093720930233 0.62665625 0.2816093744186047 0.616370834375 0.2693937511627907 0.624514584375 0.24849843720930231 0.630514584375 0.24978437441860465 0.6390875 0.26232187441860466 0.6365166656250001 0.2774312511627907 0.6330875 0.28386093720930233 0.62665625
6 0.293182811627907 0.6515187499999999 0.2906109372093023 0.639516665625 0.26746562558139536 0.650660415625 0.25139218837209304 0.65451875 0.2517125 0.66480625 0.2632859372093023 0.665233334375 0.27550156279069765 0.658804165625 0.293182811627907 0.6515187499999999
6 0.41245 0.534502084375 0.3819093744186047 0.549933334375 0.38351718837209303 0.5623625 0.39669687441860463 0.553789584375 0.415342188372093 0.545216665625 0.41245 0.534502084375
6 0.423057811627907 0.5679354156249999 0.42145 0.56021875 0.3825531255813953 0.5760791656250001 0.38448125116279075 0.5863666656250001 0.39573281162790697 0.580364584375 0.40987812558139536 0.57350625 0.423057811627907 0.5679354156249999
6 0.522392188372093 0.5195000000000001 0.5207859372093023 0.5062125 0.47867343720930233 0.5186416656249999 0.4812437488372093 0.533216665625 0.4937812488372093 0.52464375 0.5095343744186047 0.520785415625 0.522392188372093 0.5195000000000001
6 0.5220718744186046 0.546504165625 0.5195 0.531929165625 0.487995311627907 0.543502084375 0.48960312558139535 0.5559333343749999 0.5018187488372093 0.548645834375 0.5121062488372093 0.546504165625 0.5220718744186046 0.546504165625
0 0.52625 0.563220834375 0.524 0.552933334375 0.4918531255813954 0.56450625 0.4934609372093023 0.57779375 0.5018187488372093 0.571791665625 0.5117843744186047 0.5687916656249999 0.52625 0.563220834375
2 0.5291437511627907 0.591510415625 0.5275359372093024 0.5769354156250001 0.4953890627906977 0.5876520843749999 0.49699687441860463 0.6039395843750001 0.5059984372093024 0.598366665625 0.5204640627906977 0.5945104156250001 0.5291437511627907 0.591510415625
2 0.5381453116279069 0.617227084375 0.5365375 0.605225 0.49506718837209307 0.618941665625 0.49828281162790694 0.635229165625 0.5072843744186046 0.6288 0.523357811627907 0.623229165625 0.5381453116279069 0.617227084375