6 0.24015312558139534 0.8270625 0.23926093720930233 0.815966665625 0.21934843720930233 0.822704165625 0.1997312511627907 0.825477084375 0.20002812558139535 0.8345916656249999 0.21043124883720932 0.833404165625 0.22529218837209303 0.830629165625 0.24015312558139534 0.8270625
6 0.23807343720930232 0.851633334375 0.23807343720930232 0.838158334375 0.22232031162790697 0.8464812500000001 0.20597343720930233 0.8488583343749999 0.20656718837209304 0.8603520843749999 0.21726718837209302 0.8591625 0.22885937441860466 0.8552 0.23807343720930232 0.851633334375
6 0.35369062558139536 0.768014584375 0.3623109372093023 0.764447915625 0.36112187441860466 0.7545416656249999 0.34566562558139535 0.760485415625 0.320104688372093 0.76484375 0.321592188372093 0.775941665625 0.3284281255813954 0.774752084375 0.3409109372093023 0.771977084375 0.35369062558139536 0.768014584375
6 0.36171562558139536 0.79298125 0.360229688372093 0.779110415625 0.34507187441860465 0.786641665625 0.328129688372093 0.78901875 0.32931875116279075 0.79971875 0.338532811627907 0.798133334375 0.3498265627906977 0.7949625 0.36171562558139536 0.79298125
6 0.4597984372093023 0.884129165625 0.44255937441860466 0.8857145843750001 0.427104688372093 0.88254375 0.42799531162790694 0.896414584375 0.4381015627906977 0.8960166656249999 0.460392188372093 0.8948291656249999 0.4597984372093023 0.884129165625
6 0.465742188372093 0.919002084375 0.4651484372093023 0.9098875 0.4443437511627907 0.9130583343750001 0.42383437441860466 0.912264584375 0.42472656279069765 0.920983334375 0.4357234372093023 0.9213812499999999 0.44642343720930233 0.9217770843749999 0.465742188372093 0.919002084375
0 0.241045311627907 0.8758062499999999 0.24045 0.859954165625 0.214295311627907 0.868277084375 0.2068640627906977 0.8686729156249999 0.20745937441860465 0.884129165625 0.21667343720930232 0.8793729156250001 0.227075 0.876995834375 0.241045311627907 0.8758062499999999
0 0.36557968837209304 0.81160625 0.3637968744186047 0.800510415625 0.3489359372093023 0.8100229156250001 0.33080468837209304 0.812795834375 0.33258906279069766 0.8219104156249999 0.34447812558139534 0.8195333343750001 0.3587437511627907 0.816758334375 0.36557968837209304 0.81160625
0 0.4597984372093023 0.8611437499999999 0.4401812511627907 0.862729165625 0.42680781162790693 0.8603520843749999 0.427104688372093 0.872239584375 0.4416687511627907 0.872239584375 0.4597984372093023 0.872635415625 0.4597984372093023 0.8611437499999999
2 0.243125 0.901566665625 0.24134218837209304 0.886110415625 0.23302031162790698 0.8920541656250001 0.20953906279069767 0.895620834375 0.21013437441860466 0.9087 0.22202343720930232 0.9075104156249999 0.23628906279069767 0.9051333343750001 0.243125 0.901566665625
2 0.251745311627907 0.9269291656249999 0.24996093720930232 0.913454165625 0.23123749999999998 0.920983334375 0.2077562511627907 0.92455 0.20924218837209302 0.94000625 0.2291562511627907 0.936835415625 0.24372031162790697 0.933664584375 0.251745311627907 0.9269291656249999
2 0.36795781162790697 0.827458334375 0.3557718744186047 0.8341958343749999 0.33496562558139537 0.8377625 0.33675 0.849652084375 0.35369062558139536 0.8456875 0.370929688372093 0.840933334375 0.36795781162790697 0.827458334375
2 0.37717187441860467 0.8678812499999999 0.3765765627906977 0.854804165625 0.3498265627906977 0.8659000000000001 0.3346687488372093 0.8639187500000001 0.3370468744186047 0.880958334375 0.3516109372093023 0.8781854156250001 0.3646890627906977 0.87461875 0.37717187441860467 0.8678812499999999
2 0.46217656279069763 0.816758334375 0.4615812488372093 0.804475 0.43691250000000004 0.8064562499999999 0.4223484372093023 0.804475 0.4223484372093023 0.816758334375 0.4342375 0.8163625 0.4477609372093023 0.815966665625 0.46217656279069763 0.816758334375
2 0.459204688372093 0.8468770843750001 0.45860937441860467 0.833404165625 0.4428562511627907 0.8365729156249999 0.42650937441860465 0.8345916656249999 0.4262125 0.8460854156250001 0.4363187511627907 0.8488583343749999 0.446720311627907 0.850047915625 0.459204688372093 0.8468770843750001