6 0.25746718837209304 0.34674166562500003 0.24000312558139536 0.349270834375 0.21381093720930233 0.351895834375 0.21456406279069767 0.362422915625 0.22937187441860465 0.36090625 0.25746718837209304 0.357870834375 0.25746718837209304 0.34674166562500003
6 0.2548093744186047 0.371529165625 0.220492188372093 0.376389584375 0.22329687441860466 0.390752084375 0.24152187441860465 0.3862 0.2548093744186047 0.38468125 0.2548093744186047 0.371529165625
6 0.3839 0.347752084375 0.36833281162790693 0.3442125 0.3424062488372093 0.337979165625 0.33985781162790696 0.3507875 0.3546656255813953 0.3507875 0.3823812488372093 0.357364584375 0.3839 0.347752084375
6 0.3641562488372093 0.3679875 0.343654688372093 0.36748125 0.343275 0.37810625 0.3759265627906977 0.38265833437499996 0.3763062511627907 0.37051666562499996 0.3641562488372093 0.3679875
6 0.4697265627906977 0.463914584375 0.456817188372093 0.459866665625 0.4388515627906977 0.45822291562500006 0.4382140627906977 0.470491665625 0.4518812511627907 0.46998541562499996 0.4693468744186046 0.473527084375 0.4697265627906977 0.463914584375
6 0.474282811627907 0.489714584375 0.43258906279069764 0.48438749999999997 0.43251875116279065 0.49628958437500004 0.45377968837209304 0.49628958437500004 0.474282811627907 0.50084375 0.474282811627907 0.489714584375
0 0.47124531162790695 0.44013749999999996 0.43843437441860467 0.43372916562499997 0.4389734372093023 0.44620833437499996 0.4571968744186046 0.44722083437500004 0.4701062511627907 0.44975 0.47124531162790695 0.44013749999999996
0 0.3740484372093023 0.39056250000000003 0.3419890627906977 0.3908625 0.341775 0.39966875 0.359620311627907 0.401185415625 0.3744281255813954 0.405233334375 0.3740484372093023 0.39056250000000003
0 0.2580187511627907 0.391670834375 0.2234140627906977 0.40032708437500003 0.22536718837209305 0.4124125 0.23827656279069767 0.409377084375 0.25877812558139535 0.408364584375 0.2580187511627907 0.391670834375
2 0.24359218837209304 0.42303541562499997 0.22764531162790697 0.42505833437499996 0.22884218837209302 0.437625 0.25991718837209304 0.432141665625 0.2595375 0.42050625 0.24359218837209304 0.42303541562499997
2 0.268270311627907 0.46198750000000005 0.26599218837209304 0.44782291562500004 0.22764531162790697 0.45288333437499995 0.22726562558139535 0.45996458437500004 0.22802499999999998 0.47109375 0.246629688372093 0.46198750000000005 0.268270311627907 0.46198750000000005
2 0.376770311627907 0.44837499999999997 0.3357265627906977 0.44152291562499996 0.3334875 0.454952084375 0.3585468744186046 0.461022915625 0.37601093720930234 0.463045834375 0.376770311627907 0.44837499999999997
2 0.373354688372093 0.43421041562499996 0.37411249999999996 0.41903541562499996 0.3407015627906977 0.41600000000000004 0.3403218744186046 0.426622915625 0.373354688372093 0.43421041562499996
2 0.4734593744186047 0.41483333437500003 0.4396875 0.40979166562499997 0.43890937441860467 0.423433334375 0.45485468837209303 0.42292708437500004 0.472320311627907 0.426975 0.4734593744186047 0.41483333437500003
2 0.4620687488372093 0.39206875 0.4764968744186046 0.398139584375 0.4776359372093023 0.383975 0.46282812558139536 0.381445834375 0.4355125 0.378060415625 0.43625156279069766 0.3849875 0.43587187441860464 0.39409166562500003 0.4487812511627907 0.39206875 0.4620687488372093 0.39206875