6 0.41447031162790693 0.8176875000000001 0.41447031162790693 0.8077083343749999 0.3966812488372093 0.8097875 0.3744312488372093 0.810845834375 0.3742125 0.81935 0.39262500000000006 0.8205979156250001 0.4079156255813953 0.81851875 0.41447031162790693 0.8176875000000001
6 0.40978906279069766 0.8434666656250001 0.40978906279069766 0.8330708343750001 0.389817188372093 0.834733334375 0.3785484372093023 0.8360125 0.37858281162790697 0.8438812499999999 0.3885687511627907 0.845545834375 0.40385937441860464 0.8447125 0.40978906279069766 0.8434666656250001
6 0.49186250000000004 0.823508334375 0.45885 0.823658334375 0.4597187511627907 0.8355666656249999 0.4728265627906977 0.834733334375 0.49155 0.834733334375 0.49186250000000004 0.823508334375
6 0.49529531162790696 0.8089541656250001 0.49529531162790696 0.799391665625 0.4750109372093023 0.8006395843749999 0.45473281162790696 0.7962041656250001 0.4541015627906977 0.810202084375 0.4731390627906977 0.8089541656250001 0.49061406279069764 0.810202084375 0.49529531162790696 0.8089541656250001
6 0.5841468744186047 0.894835415625 0.5657359372093024 0.8998250000000001 0.5525343744186046 0.895952084375 0.5532531255813954 0.9106354156249999 0.5688562488372093 0.9093875 0.585395311627907 0.9064770843750001 0.5841468744186047 0.894835415625
6 0.5907015627906977 0.9206145843750001 0.570417188372093 0.9260208343749999 0.550132811627907 0.9247770843750001 0.550132811627907 0.9359999999999999 0.5713531255813954 0.9359999999999999 0.5910125 0.93225625 0.5907015627906977 0.9206145843750001
0 0.570104688372093 0.876125 0.551504688372093 0.8744458343750001 0.552004688372093 0.885272915625 0.5841468744186047 0.884025 0.5841468744186047 0.871966665625 0.570104688372093 0.876125
0 0.4930234372093023 0.84535625 0.4783562511627907 0.849514584375 0.4602234372093023 0.847908334375 0.459945311627907 0.858245834375 0.4739875 0.8586625 0.4927125 0.857829165625 0.4930234372093023 0.84535625
0 0.4104625 0.852464584375 0.37925468837209303 0.8541270843750001 0.3786312511627907 0.867016665625 0.395482811627907 0.866602084375 0.4107734372093023 0.867016665625 0.4104625 0.852464584375
2 0.4110859372093023 0.8790749999999999 0.3936109372093023 0.8828166656249999 0.37889218837209304 0.881310415625 0.37894374883720927 0.894460415625 0.3967312488372093 0.894460415625 0.4110859372093023 0.893629165625 0.4110859372093023 0.8790749999999999
2 0.4079656255813953 0.925229165625 0.415454688372093 0.92398125 0.415454688372093 0.908595834375 0.39205 0.911922915625 0.37546093720930235 0.9087624999999999 0.374575 0.914002084375 0.3742625 0.9256437500000001 0.39205 0.9256437500000001 0.4079656255813953 0.925229165625
2 0.4922062488372093 0.874416665625 0.47909843720930234 0.8764958343749999 0.46056562558139535 0.872616665625 0.4600625 0.8848104156250001 0.47504218837209305 0.8864750000000001 0.49189375116279066 0.8860583343749999 0.4922062488372093 0.874416665625
2 0.48627656279069764 0.918075 0.49813437441860464 0.9155791656250001 0.49719843720930235 0.901027084375 0.478475 0.9056 0.456104688372093 0.90006875 0.4560062488372093 0.9056 0.4560062488372093 0.9155791656250001 0.4706734372093023 0.9172437499999999 0.48627656279069764 0.918075
2 0.5820265627906976 0.84579375 0.5648624999999999 0.849952084375 0.550475 0.848822915625 0.5501953116279069 0.861177084375 0.5601812511627907 0.8620104156249999 0.5817140627906977 0.8603458343750001 0.5820265627906976 0.84579375
2 0.5723515627906977 0.830408334375 0.583275 0.8295770843750001 0.583275 0.816272915625 0.5648624999999999 0.819183334375 0.542582811627907 0.819997915625 0.5420812511627907 0.825004165625 0.5427062488372093 0.8324875 0.5583093744186046 0.8299937500000001 0.5723515627906977 0.830408334375