2 0.36615781162790695 0.5456458343749999 0.3632640627906976 0.529358334375 0.323079688372093 0.5456458343749999 0.326295311627907 0.561077084375 0.3365812511627907 0.554647915625 0.3513687488372093 0.5495041656249999 0.36615781162790695 0.5456458343749999
2 0.3680859372093023 0.57265 0.36487187441860464 0.5593625 0.33336718837209306 0.571364584375 0.33561718837209303 0.58679375 0.3462265627906977 0.581652084375 0.35554843720930235 0.5773645843749999 0.3680859372093023 0.57265
2 0.5056765627906977 0.5670770843749999 0.502782811627907 0.55121875 0.46485000000000004 0.5679354156249999 0.46677812558139536 0.581222915625 0.475779688372093 0.5760791656250001 0.4912093744186047 0.56965 0.5056765627906977 0.5670770843749999
2 0.5088906255813953 0.593225 0.5050328116279069 0.581222915625 0.47481562558139534 0.596652084375 0.4770656255813953 0.606939584375 0.48574531162790696 0.6030833343750001 0.498604688372093 0.598366665625 0.5088906255813953 0.593225
0 0.373229688372093 0.598795834375 0.3696937488372093 0.5859375 0.3381890627906977 0.60008125 0.3404390627906977 0.6095125 0.35169062558139536 0.607797915625 0.3642281255813954 0.602654165625 0.373229688372093 0.598795834375
0 0.5121062488372093 0.606939584375 0.49506718837209307 0.616370834375 0.47931562558139534 0.619370834375 0.48381562558139535 0.63394375 0.49056718837209307 0.629658334375 0.5149984372093024 0.617227084375 0.5121062488372093 0.606939584375
6 0.375479688372093 0.608654165625 0.34461875116279067 0.6215145843750001 0.34558281162790694 0.631372915625 0.3597281255813954 0.625370834375 0.37772968837209303 0.6198 0.375479688372093 0.608654165625
6 0.3867312511627907 0.641658334375 0.3841593744186047 0.629658334375 0.34461875116279067 0.645945834375 0.34719062558139535 0.658804165625 0.35683437441860466 0.653660415625 0.370979688372093 0.647660415625 0.3867312511627907 0.641658334375
6 0.517570311627907 0.62794375 0.48606718837209306 0.640802084375 0.487995311627907 0.651089584375 0.500532811627907 0.649375 0.5198218744186046 0.63823125 0.517570311627907 0.62794375
6 0.5294656255813953 0.660089584375 0.5275359372093024 0.651945834375 0.4870312511627907 0.666947915625 0.48960312558139535 0.677664584375 0.4979609372093023 0.6729499999999999 0.517892188372093 0.663947915625 0.5294656255813953 0.660089584375
6 0.6040468744186047 0.49463958437500005 0.5664343744186047 0.5122125 0.568042188372093 0.523785415625 0.5919921883720931 0.510070834375 0.6088687488372093 0.5062125 0.6040468744186047 0.49463958437500005
6 0.6088687488372093 0.5327875 0.605332811627907 0.5195000000000001 0.5760781255813954 0.53364375 0.5773640627906976 0.545216665625 0.5860437488372092 0.541360415625 0.5972953116279069 0.536216665625 0.6088687488372093 0.5327875
0 0.612404688372093 0.550789584375 0.6114406255813953 0.54393125 0.5982609372093023 0.5456458343749999 0.580257811627907 0.555075 0.5815437488372094 0.5687916656249999 0.5892593744186047 0.5623625 0.599867188372093 0.554647915625 0.612404688372093 0.550789584375
2 0.6162625 0.5623625 0.585079688372093 0.578222915625 0.5876515627906976 0.593225 0.6062968744186046 0.5842229156250001 0.6188343744186046 0.57865 0.6162625 0.5623625
2 0.6297640627906976 0.6039395843750001 0.6246218744186046 0.589366665625 0.5870093744186047 0.608654165625 0.5886156255813954 0.621085415625 0.6062968744186046 0.61465625 0.6197984372093023 0.609083334375 0.6297640627906976 0.6039395843750001