6 0.39880000000000004 0.886097915625 0.40100312558139534 0.8971145843749999 0.4403875 0.8849979156250001 0.4392859372093023 0.8736124999999999 0.39880000000000004 0.886097915625
6 0.39852343720930233 0.860027084375 0.3996265627906977 0.8695729156249999 0.4329515627906977 0.858189584375 0.43157343720930236 0.8501104156249999 0.39852343720930233 0.860027084375
6 0.526592188372093 0.76601875 0.5274171883720931 0.777035415625 0.559917188372093 0.775566665625 0.5590906255813953 0.764916665625 0.526592188372093 0.76601875
6 0.5629468744186047 0.737741665625 0.5450437488372093 0.741047915625 0.5210828116279069 0.740679165625 0.5210828116279069 0.752064584375 0.5477984372093023 0.751695834375 0.5629468744186047 0.748391665625 0.5629468744186047 0.737741665625
6 0.678895311627907 0.8240395843749999 0.678895311627907 0.8357895843750001 0.711945311627907 0.8335874999999999 0.7105687488372092 0.822570834375 0.678895311627907 0.8240395843749999
6 0.6764171883720931 0.850845834375 0.6764171883720931 0.8611270843750001 0.7193812488372093 0.857822915625 0.7182796883720931 0.847908334375 0.6764171883720931 0.850845834375
0 0.5273906255813954 0.787085415625 0.528125 0.797858334375 0.5614234372093023 0.7968791656249999 0.5611781255813953 0.786758334375 0.5273906255813954 0.787085415625
0 0.39395156279069765 0.835075 0.39590937441860463 0.8491125 0.4287187511627907 0.837685415625 0.42602500000000004 0.8269125 0.39395156279069765 0.835075
0 0.6769890627906977 0.802102084375 0.6772328116279069 0.8148354156250001 0.7107765627906977 0.810589584375 0.7097968744186046 0.799491665625 0.6769890627906977 0.802102084375
2 0.3895437488372093 0.810264584375 0.39101250000000004 0.8223437499999999 0.4245562511627907 0.81124375 0.42259687441860466 0.800470834375 0.3895437488372093 0.810264584375
2 0.38048437441860467 0.7818625 0.3824437511627907 0.7968791656249999 0.4216187511627907 0.784147915625 0.42014843720930234 0.769783334375 0.38048437441860467 0.7818625
2 0.5293484372093024 0.812222915625 0.5300828116279069 0.825933334375 0.5628921883720931 0.8229958343750001 0.562157811627907 0.810264584375 0.5293484372093024 0.812222915625
2 0.5276343744186046 0.8438895843750001 0.5278796883720931 0.8579270843750001 0.5675437511627907 0.85335625 0.5675437511627907 0.840625 0.5276343744186046 0.8438895843750001
2 0.6747843744186047 0.775660415625 0.6755187488372094 0.7883916656250001 0.7090625 0.784147915625 0.708082811627907 0.771741665625 0.6747843744186047 0.775660415625
2 0.6671953116279069 0.745952084375 0.6684187511627908 0.7593375 0.7090625 0.755745834375 0.7085734372093023 0.74138125 0.6671953116279069 0.745952084375