6 0.28945 0.753504165625 0.2907734372093023 0.768335415625 0.332879688372093 0.759154165625 0.3312906255813954 0.748560415625 0.28945 0.753504165625
6 0.2950109372093023 0.780339584375 0.2973937488372093 0.793052084375 0.329967188372093 0.785989584375 0.330232811627907 0.7743375 0.2950109372093023 0.780339584375
6 0.4049109372093023 0.806822915625 0.40597031162790703 0.821652084375 0.43960312558139536 0.8131770843749999 0.4388093744186046 0.801525 0.4049109372093023 0.806822915625
6 0.40438124883720933 0.8357749999999999 0.4051765627906977 0.8456625000000001 0.44648906279069767 0.836835415625 0.44516406279069765 0.826947915625 0.40438124883720933 0.8357749999999999
6 0.49203749999999996 0.76515625 0.4933625 0.77786875 0.526729688372093 0.768335415625 0.525404688372093 0.755977084375 0.49203749999999996 0.76515625
6 0.48674062558139536 0.740439584375 0.48753593720930233 0.753152084375 0.5291125 0.740439584375 0.5275234372093024 0.729847915625 0.48674062558139536 0.740439584375
0 0.4035875 0.7838708343749999 0.40464687441860464 0.796229165625 0.43722031162790703 0.789166665625 0.436954688372093 0.778220834375 0.4035875 0.7838708343749999
0 0.493892188372093 0.785635415625 0.49600937441860465 0.8018791656250001 0.5307015627906977 0.790933334375 0.5288484372093023 0.775395834375 0.493892188372093 0.785635415625
0 0.2981890627906977 0.8018791656250001 0.30004218837209307 0.8163562499999999 0.33235000000000003 0.8085875 0.331820311627907 0.79658125 0.2981890627906977 0.8018791656250001
2 0.30004218837209307 0.830479165625 0.30110156279069766 0.84354375 0.33526406279069765 0.836129165625 0.33367500000000005 0.822004165625 0.30004218837209307 0.830479165625
2 0.2997781255813954 0.858727084375 0.300307811627907 0.873910415625 0.34188437441860464 0.8654354156249999 0.34082500000000004 0.85060625 0.2997781255813954 0.858727084375
2 0.39908593720930235 0.76091875 0.4009390627906977 0.7743375 0.43483593720930236 0.766922915625 0.43245312558139537 0.753152084375 0.39908593720930235 0.76091875
2 0.3922 0.730554165625 0.393525 0.744325 0.432982811627907 0.734789584375 0.4319234372093023 0.72455 0.3922 0.730554165625
2 0.4989234372093023 0.8114125 0.4991875 0.826947915625 0.53335 0.8167083343750001 0.5322906255813954 0.80364375 0.4989234372093023 0.8114125
2 0.4970687511627907 0.8393062499999999 0.4991875 0.858020834375 0.5391765627906977 0.8463687500000001 0.5373218744186047 0.830127084375 0.4970687511627907 0.8393062499999999