6 0.7027749999999999 0.273272915625 0.7011968744186047 0.263804165625 0.6775046883720931 0.266960415625 0.6609218744186047 0.27218125 0.6625 0.281164584375 0.6759249999999999 0.27642916562500003 0.691325 0.2738 0.7027749999999999 0.273272915625
6 0.6989359372093024 0.28753125 0.6772187511627907 0.29226666562500003 0.6677406255813954 0.295422915625 0.6678687488372093 0.304022915625 0.6862999999999999 0.300158334375 0.700120311627907 0.300158334375 0.6989359372093024 0.28753125
6 0.8114656255813955 0.17903750000000002 0.798829688372093 0.174829165625 0.7885625 0.173777084375 0.7715843744186046 0.176933334375 0.7719781255813954 0.187454165625 0.790932811627907 0.183245834375 0.810675 0.186402084375 0.8114656255813955 0.17903750000000002
6 0.8094906255813953 0.201660415625 0.7917218744186046 0.201660415625 0.774742188372093 0.20218541562499998 0.7746859372093023 0.211389584375 0.7952750000000001 0.21165625000000002 0.8087015627906977 0.2148125 0.8094906255813953 0.201660415625
6 0.8619640627906976 0.45976249999999996 0.8626625000000001 0.47316874999999997 0.8942515627906976 0.471064584375 0.8942515627906976 0.46159375 0.8619640627906976 0.45976249999999996
6 0.9005703116279069 0.486847915625 0.881617188372093 0.485795834375 0.8584890627906977 0.487552084375 0.8587140627906977 0.49631666562500004 0.8737187488372093 0.49631666562500004 0.9009656255813953 0.495791665625 0.9005703116279069 0.486847915625
2 0.7033859372093024 0.334170834375 0.671342188372093 0.340497915625 0.672192188372093 0.355741665625 0.6864078116279069 0.352060415625 0.704570311627907 0.35048124999999997 0.7033859372093024 0.334170834375
2 0.7014125 0.378891665625 0.7116781255813953 0.376260415625 0.7104937511627907 0.363108334375 0.6958843744186046 0.363633334375 0.671342188372093 0.367708334375 0.671007811627907 0.375735415625 0.6717968744186047 0.38573124999999997 0.6848281255813953 0.379416665625 0.7014125 0.378891665625
2 0.8127640627906977 0.29471250000000004 0.8135531255813954 0.287872915625 0.8127640627906977 0.27945625 0.7914406255813954 0.281033334375 0.7725156255813953 0.277391665625 0.7716984372093023 0.283664584375 0.7716984372093023 0.29471250000000004 0.8021015627906977 0.292608334375 0.8127640627906977 0.29471250000000004
2 0.8080250000000001 0.264725 0.808554688372093 0.250760415625 0.7752515627906977 0.252097915625 0.7756468744186047 0.263672915625 0.8080250000000001 0.264725
2 0.8606609372093024 0.41112916562499996 0.8599343744186045 0.42569999999999997 0.8713859372093022 0.42359375000000005 0.8935674209302326 0.4225920375 0.893892188372093 0.41044166562499995 0.8749390627906977 0.41096875 0.8606609372093024 0.41112916562499996
2 0.8962625 0.393079165625 0.8962625 0.380979165625 0.881257811627907 0.380979165625 0.8694109372093023 0.38150625 0.8540109372093023 0.3846625 0.85545 0.396077084375 0.8705953116279069 0.39097499999999996 0.882442188372093 0.39097499999999996 0.8962625 0.393079165625
0 0.893892188372093 0.438852084375 0.8615140627906978 0.436747915625 0.861529688372093 0.448183334375 0.8788875 0.44832291562500004 0.8934984372093022 0.44989999999999997 0.893892188372093 0.438852084375
0 0.808495311627907 0.22530833437500003 0.7927 0.22530833437500003 0.775120311627907 0.22644375 0.7753265627906977 0.23740833437500003 0.7859875000000001 0.235829165625 0.8077046883720931 0.23635625 0.808495311627907 0.22530833437500003
0 0.6936531255813954 0.321702084375 0.7027343744186045 0.32275416562500003 0.7023390627906976 0.308547915625 0.6912843744186046 0.307495834375 0.6845703116279069 0.31012708437500003 0.6696062488372092 0.315602084375 0.6699609372093024 0.323279165625 0.6699609372093024 0.32853958437499997 0.6833859372093023 0.32433125 0.6936531255813954 0.321702084375