6 0.4859765627906977 0.9049791656249999 0.48848749999999996 0.9178145843750001 0.5286718744186046 0.900514584375 0.5261609372093023 0.88795625 0.4859765627906977 0.9049791656249999
6 0.485767188372093 0.87846875 0.48639531162790695 0.8899104156250001 0.5211375 0.87763125 0.518207811627907 0.865910415625 0.485767188372093 0.87846875
6 0.5598562488372093 0.898560415625 0.5646703116279069 0.90776875 0.6040171883720931 0.888514584375 0.601504688372093 0.88014375 0.5598562488372093 0.898560415625
6 0.5604843744186047 0.8703749999999999 0.5619484372093023 0.8829333343749999 0.595854688372093 0.8673062500000001 0.5918781255813954 0.855585415625 0.5604843744186047 0.8703749999999999
6 0.3534937488372093 0.866189584375 0.35265781162790694 0.87763125 0.3853062511627907 0.8751187500000001 0.38467812558139536 0.863679165625 0.3534937488372093 0.866189584375
6 0.3470062511627907 0.8407958343749999 0.3476343744186046 0.853354165625 0.3890734372093023 0.8494458343750001 0.38949218837209304 0.8377270843750001 0.3470062511627907 0.8407958343749999
0 0.35328437441860466 0.88628125 0.35370312558139533 0.8977229156250001 0.38781875116279074 0.8966062499999999 0.38760937441860466 0.88405 0.35328437441860466 0.88628125
0 0.48179062558139535 0.854189584375 0.48367343720930234 0.866747915625 0.515904688372093 0.8586562499999999 0.5133937488372093 0.8433083343750001 0.48179062558139535 0.854189584375
0 0.556507811627907 0.850283334375 0.5592281255813953 0.865072915625 0.5885296883720931 0.8488875 0.585807811627907 0.83549375 0.556507811627907 0.850283334375
2 0.5498109372093023 0.8234937499999999 0.5539953116279069 0.8382854156249999 0.583925 0.8232145843750001 0.5818312511627907 0.8101 0.5498109372093023 0.8234937499999999
2 0.35516874883720934 0.9100020843750001 0.35600624883720927 0.924791665625 0.3882375 0.9228375 0.38760937441860466 0.9088854156249999 0.35516874883720934 0.9100020843750001
2 0.35223906279069767 0.9409770843749999 0.35412187441860465 0.9588374999999999 0.39493437441860463 0.953814584375 0.39493437441860463 0.937629165625 0.35223906279069767 0.9409770843749999
2 0.47676718837209303 0.8268437499999999 0.480325 0.8416333343750001 0.5121375 0.831866665625 0.5104640627906977 0.8173541656250001 0.47676718837209303 0.8268437499999999
2 0.46881406279069765 0.799775 0.4721625 0.814564584375 0.5113 0.801727084375 0.509207811627907 0.785820834375 0.46881406279069765 0.799775
2 0.5391359372093023 0.798658334375 0.5449968744186047 0.8120520843750001 0.5820406255813954 0.7975416656250001 0.578692188372093 0.779683334375 0.5391359372093023 0.798658334375