2 0.415492188372093 0.65998125 0.3900531255813954 0.659510415625 0.37627499999999997 0.654329165625 0.37627499999999997 0.668460415625 0.39747343720930234 0.6708166656250001 0.416904688372093 0.671758334375 0.415492188372093 0.65998125
2 0.511945311627907 0.658097915625 0.49533906279069767 0.6585687499999999 0.4730812488372093 0.658097915625 0.4737875 0.6712875 0.49322031162790697 0.66893125 0.513004688372093 0.6675187499999999 0.511945311627907 0.658097915625
2 0.6168781255813953 0.652914584375 0.5907328116279069 0.6548 0.5769546883720931 0.651972915625 0.5776609372093023 0.666577084375 0.5985062488372093 0.664220834375 0.6154640627906977 0.665164584375 0.6168781255813953 0.652914584375
0 0.5804874999999999 0.5935604156250001 0.5801343744186047 0.607691665625 0.6136984372093024 0.607220834375 0.612992188372093 0.59403125 0.5804874999999999 0.5935604156250001
0 0.5804874999999999 0.5681208343749999 0.5808406255813954 0.57754375 0.6119312511627908 0.57895625 0.6119312511627908 0.569535415625 0.5804874999999999 0.5681208343749999
0 0.47520156279069764 0.574245834375 0.47520156279069764 0.583195834375 0.5066453116279069 0.58036875 0.5059390627906977 0.57283125 0.47520156279069764 0.574245834375
0 0.475554688372093 0.602039584375 0.47520156279069764 0.612872915625 0.507704688372093 0.612402084375 0.5062921883720931 0.602039584375 0.475554688372093 0.602039584375
0 0.38192656279069764 0.600625 0.381220311627907 0.6100479156249999 0.4133718744186047 0.6142875 0.41266562558139536 0.602039584375 0.38192656279069764 0.600625
0 0.38298750000000004 0.5700062499999999 0.38228124883720926 0.5808395843749999 0.41584531162790694 0.582725 0.4151390627906977 0.5723604156250001 0.38298750000000004 0.5700062499999999
6 0.41867187441860465 0.548335415625 0.39535312558139535 0.54598125 0.37874687441860466 0.542683334375 0.3769812488372093 0.5516333343750001 0.3939390627906977 0.55493125 0.41831874883720926 0.55634375 0.41867187441860465 0.548335415625
6 0.41266562558139536 0.629833334375 0.3957062511627907 0.628889584375 0.380867188372093 0.62559375 0.380867188372093 0.6383125 0.39252656279069764 0.6411395843750001 0.4123125 0.64208125 0.41266562558139536 0.629833334375
6 0.47484843720930237 0.626535415625 0.47520156279069764 0.6401958343749999 0.507704688372093 0.6383125 0.5066453116279069 0.6274770843749999 0.47484843720930237 0.626535415625
6 0.5091187511627907 0.54598125 0.4896859372093023 0.547864584375 0.47166718837209304 0.546452084375 0.47025468837209305 0.555872915625 0.4921593744186047 0.55634375 0.5122984372093023 0.55493125 0.5091187511627907 0.54598125
6 0.6158187511627906 0.5431541656250001 0.5769546883720931 0.541270834375 0.5758937488372093 0.5506916656249999 0.5988593744186046 0.5502208343749999 0.6179375 0.5502208343749999 0.6158187511627906 0.5431541656250001
6 0.6105187511627906 0.62700625 0.5985062488372093 0.62700625 0.5801343744186047 0.625122915625 0.5794265627906977 0.635014584375 0.5995656255813954 0.636897915625 0.6133453116279071 0.634072915625 0.6105187511627906 0.62700625