2 0.3860343744186046 0.63416875 0.3860343744186046 0.64949375 0.4292125 0.650460415625 0.43057343720930236 0.6353187499999999 0.3860343744186046 0.63416875
2 0.4965765627906977 0.73225 0.4985875 0.7487229156249999 0.5396781255813954 0.746041665625 0.5411156255813954 0.72841875 0.4965765627906977 0.73225
2 0.6078468744186047 0.5998041656249999 0.6084218744186046 0.615129165625 0.6515593744186046 0.614247915625 0.6506625 0.598270834375 0.6078468744186047 0.5998041656249999
6 0.5001968744186046 0.705297915625 0.5004843744186046 0.71870625 0.5366906255813954 0.7148749999999999 0.5358281255813954 0.7003166656250001 0.5001968744186046 0.705297915625
6 0.49352031162790694 0.622247915625 0.494382811627907 0.635658334375 0.5380609372093024 0.628760415625 0.5371984372093024 0.61765 0.49352031162790694 0.622247915625
6 0.6116515627906977 0.712870834375 0.6113640627906977 0.7258958343749999 0.656382811627907 0.725929165625 0.655875 0.712391665625 0.6116515627906977 0.712870834375
6 0.6145968744186047 0.628741665625 0.6148843744186047 0.645597915625 0.6496531255813953 0.644833334375 0.6487687488372093 0.627785415625 0.6145968744186047 0.628741665625
6 0.39183437441860464 0.6676124999999999 0.39212187441860463 0.6810229156250001 0.4271812511627907 0.68058125 0.4271781255813954 0.664547915625 0.39183437441860464 0.6676124999999999
6 0.38682187441860466 0.7482249999999999 0.3865343744186046 0.76086875 0.42946562558139534 0.761127084375 0.4284875 0.746691665625 0.38682187441860466 0.7482249999999999
0 0.39161406279069766 0.691458334375 0.39161406279069766 0.705635415625 0.4274359372093023 0.707316665625 0.427532811627907 0.691075 0.39161406279069766 0.691458334375
0 0.39085156279069766 0.7204875000000001 0.39085156279069766 0.736579165625 0.4279187511627907 0.7350479156249999 0.4279437511627907 0.721529165625 0.39085156279069766 0.7204875000000001
0 0.498675 0.6735854156250001 0.4995375 0.693125 0.5354562511627907 0.685845834375 0.533157811627907 0.668989584375 0.498675 0.6735854156250001
0 0.49720312558139534 0.64940625 0.49835312558139533 0.663197915625 0.534270311627907 0.659366665625 0.5331218744186046 0.645191665625 0.49720312558139534 0.64940625
0 0.614525 0.687945834375 0.61395 0.70250625 0.651592188372093 0.70135625 0.6510531255813954 0.684641665625 0.614525 0.687945834375
0 0.6144421883720931 0.6536625 0.6147296883720931 0.671670834375 0.6512234372093023 0.669754165625 0.6507984372093023 0.65384375 0.6144421883720931 0.6536625