2 0.43348125116279074 0.7380875 0.44596875116279067 0.7367375 0.44563125116279073 0.720997915625 0.43651875116279065 0.723245834375 0.418629688372093 0.7227958343750001 0.40439687441860467 0.71563125 0.4031031255813953 0.7218958343749999 0.4027656255813954 0.730891665625 0.41964218837209305 0.7362875 0.43348125116279074 0.7380875
2 0.5278765627906976 0.733639584375 0.5440781255813953 0.731391665625 0.5440781255813953 0.7147520843749999 0.5268640627906976 0.71835 0.5140375 0.71835 0.501775 0.7141 0.50155 0.7196979156250001 0.502225 0.7300416656250001 0.5133625 0.732291665625 0.5278765627906976 0.733639584375
2 0.618870311627907 0.74519375 0.6327093744186046 0.743845834375 0.6421593744186047 0.741595834375 0.6418218744186046 0.72675625 0.628995311627907 0.729904165625 0.616170311627907 0.730354165625 0.600817188372093 0.72645625 0.5996312488372093 0.733502084375 0.5999687488372093 0.742045834375 0.6080687488372093 0.74474375 0.618870311627907 0.74519375
6 0.6369468744186046 0.7567541656250001 0.618720311627907 0.7590041656250001 0.6030968744186047 0.756633334375 0.6031937488372093 0.768897915625 0.6146687488372093 0.770695834375 0.6376218744186047 0.768897915625 0.6369468744186046 0.7567541656250001
6 0.5380640627906976 0.746447915625 0.5205125 0.7491479156249999 0.5055265627906976 0.745783334375 0.5056609372093023 0.757691665625 0.5151125 0.760389584375 0.5380640627906976 0.759489584375 0.5380640627906976 0.746447915625
6 0.43755 0.76579375 0.43788750000000004 0.7523 0.4240484372093023 0.7523 0.4040765627906977 0.7447541656250001 0.4031218744186047 0.758597915625 0.40852187441860466 0.76309375 0.4172984372093024 0.76579375 0.43755 0.76579375
6 0.4392765627906977 0.8461000000000001 0.4392765627906977 0.833958334375 0.43083906279069767 0.8366562500000001 0.4159875 0.8366562500000001 0.3955015627906977 0.830435415625 0.3960734372093023 0.842952084375 0.41025 0.8470000000000001 0.4261140627906977 0.84745 0.4392765627906977 0.8461000000000001
6 0.5425890627906977 0.840195834375 0.5429281255813954 0.829402084375 0.5294265627906977 0.831652084375 0.514575 0.83255 0.4998843744186046 0.8274854156250001 0.5000609372093023 0.8388479156249999 0.5182875 0.841995834375 0.5324640627906977 0.84289375 0.5425890627906977 0.840195834375
6 0.6299656255813953 0.8558875 0.6407656255813954 0.8531875 0.6404281255813954 0.8419458343749999 0.6279406255813954 0.846441665625 0.6120765627906977 0.846441665625 0.5993984372093023 0.8416916656250001 0.599925 0.8531875 0.6110640627906977 0.8549875 0.6218640627906976 0.8558875 0.6299656255813953 0.8558875
0 0.4365312511627907 0.8217708343749999 0.4361937488372093 0.810977084375 0.422017188372093 0.810977084375 0.4010609372093023 0.80510625 0.4000765627906977 0.8163750000000001 0.4142531255813953 0.8199708343750001 0.425729688372093 0.8217708343749999 0.4365312511627907 0.8217708343749999
0 0.4354765627906977 0.7939812500000001 0.43615156279069767 0.7813875 0.419275 0.7818375 0.40294375116279074 0.7749645843749999 0.40239843720930235 0.787235415625 0.41083749999999997 0.79218125 0.4219765627906976 0.79353125 0.4354765627906977 0.7939812500000001
0 0.5384265627906977 0.785675 0.5384265627906977 0.771733334375 0.5249265627906977 0.77353125 0.5117625 0.77443125 0.5051781255813954 0.769566665625 0.5053484372093023 0.784325 0.516825 0.787472915625 0.5279640627906977 0.787472915625 0.5384265627906977 0.785675
0 0.6375562488372093 0.799847915625 0.6365421883720931 0.784108334375 0.6200031255813954 0.7868062499999999 0.6038015627906977 0.784558334375 0.6038015627906977 0.800297915625 0.6162906255813954 0.8007479156249999 0.6291171883720931 0.8007479156249999 0.6375562488372093 0.799847915625
0 0.6375687488372093 0.825408334375 0.6368937511627907 0.8137166656250001 0.622379688372093 0.8164145843749999 0.6030906255813953 0.8135354156249999 0.6028031255813954 0.8258583343750001 0.6156296883720931 0.8276583343749999 0.6277812488372093 0.8276583343749999 0.6375687488372093 0.825408334375
0 0.5372968744186046 0.8137708343750001 0.5362828116279069 0.8034270843750001 0.522107811627907 0.806577084375 0.5040968744186046 0.802658334375 0.5035437488372093 0.8137708343750001 0.5153562488372093 0.816020834375 0.528520311627907 0.8151208343749999 0.5372968744186046 0.8137708343750001