0 0.4166390627906977 0.39147916562499996 0.41716875116279073 0.40769374999999997 0.4531265627906977 0.40698958437500005 0.4531265627906977 0.3928875 0.4166390627906977 0.39147916562499996
0 0.41474374883720927 0.42326458437500003 0.4152734372093023 0.436660415625 0.45175937441860464 0.43736666562500004 0.45202499999999995 0.42397083437500005 0.41474374883720927 0.42326458437500003
0 0.5255984372093023 0.42464375 0.5261265627906977 0.438745834375 0.5604984372093024 0.435925 0.5604984372093024 0.425347915625 0.5255984372093023 0.42464375
0 0.5248015627906977 0.3940375 0.5258593744186046 0.41095833437499996 0.5597015627906977 0.409547915625 0.5597015627906977 0.39509375 0.5248015627906977 0.3940375
0 0.6464609372093023 0.373570834375 0.6459312511627906 0.391195834375 0.6810968744186046 0.388022915625 0.6800390627906976 0.372160415625 0.6464609372093023 0.373570834375
0 0.6449359372093023 0.348766665625 0.6452 0.360047915625 0.680629688372093 0.360047915625 0.6798359372093024 0.34911875000000003 0.6449359372093023 0.348766665625
6 0.4173062511627907 0.363666665625 0.4170406255813954 0.379179165625 0.45273437441860465 0.379883334375 0.45273437441860465 0.364020834375 0.4173062511627907 0.363666665625
6 0.411892188372093 0.449579165625 0.41162812558139533 0.462622915625 0.45604687441860464 0.462622915625 0.4568390627906977 0.45204583437499996 0.411892188372093 0.449579165625
6 0.520054688372093 0.450902084375 0.5211125 0.465004165625 0.563945311627907 0.46394583437500003 0.5644734372093023 0.451254165625 0.520054688372093 0.450902084375
6 0.524757811627907 0.369708334375 0.5250218744186047 0.38239999999999996 0.5586 0.38239999999999996 0.5591296883720931 0.36865000000000003 0.524757811627907 0.369708334375
6 0.6447843744186046 0.4051875 0.644520311627907 0.41787916562499994 0.6810078116279069 0.41752708437499997 0.6799499999999999 0.40342500000000003 0.6447843744186046 0.4051875
6 0.6411187488372093 0.321747915625 0.640854688372093 0.332677084375 0.6836875000000001 0.332325 0.683157811627907 0.320691665625 0.6411187488372093 0.321747915625
2 0.41392968837209304 0.333154165625 0.4134015627906977 0.349016665625 0.45623437441860465 0.35042708437500003 0.455704688372093 0.334916665625 0.41392968837209304 0.333154165625
2 0.522107811627907 0.338202084375 0.521579688372093 0.35265625 0.5646765627906977 0.35195208437500003 0.565204688372093 0.337497915625 0.522107811627907 0.338202084375
2 0.6418890627906977 0.43339375 0.6421531255813953 0.44961041562500004 0.6855140627906977 0.44714375000000006 0.6841921883720931 0.431279165625 0.6418890627906977 0.43339375