2 0.38799687441860464 0.9730437500000001 0.4052109372093023 0.9721437500000001 0.40723593720930235 0.958202084375 0.39204687441860464 0.96135 0.381245311627907 0.959102084375 0.3648984372093023 0.953225 0.3647062511627907 0.9595520843750001 0.3653812488372093 0.968545834375 0.375507811627907 0.97169375 0.38799687441860464 0.9730437500000001
2 0.48895625116279073 0.973066665625 0.505157811627907 0.96991875 0.5071828116279069 0.963622915625 0.507520311627907 0.9568770843750001 0.495032811627907 0.9600250000000001 0.4818687511627907 0.9609229156250001 0.464 0.957679165625 0.463979688372093 0.964072915625 0.464992188372093 0.9721666656249999 0.4805187488372093 0.9726166656249999 0.48895625116279073 0.973066665625
2 0.5972125 0.969435415625 0.6066640627906976 0.968085415625 0.6120640627906977 0.9649374999999999 0.6127390627906977 0.950995834375 0.6016 0.9545937500000001 0.5911375 0.9563937499999999 0.5697843744186046 0.9522354156249999 0.5702109372093024 0.9604416656250001 0.5718984372093023 0.9671875 0.5843859372093023 0.969435415625 0.5972125 0.969435415625
6 0.4029875 0.943247915625 0.4029875 0.92930625 0.3888125 0.92930625 0.370095311627907 0.924025 0.3685593744186047 0.93965 0.3807109372093023 0.944595834375 0.3948875 0.944595834375 0.4029875 0.943247915625
6 0.41106875116279074 0.8561937500000001 0.4117437511627907 0.8445 0.394192188372093 0.847197915625 0.382717188372093 0.847197915625 0.36786718837209303 0.841379165625 0.36786562558139535 0.853045834375 0.38102812558139537 0.85709375 0.394192188372093 0.8575416656250001 0.41106875116279074 0.8561937500000001
6 0.5059593744186046 0.8560166656250001 0.5059593744186046 0.8452229156250001 0.48705781162790696 0.8479208343750001 0.4738937488372093 0.8483708343749999 0.463257811627907 0.844347915625 0.4634312511627907 0.856466665625 0.478282811627907 0.8587145843749999 0.49110781162790695 0.8582645843750001 0.5059593744186046 0.8560166656250001
6 0.6121343744186046 0.851395834375 0.6121343744186046 0.839254165625 0.6043718744186046 0.8451000000000001 0.582095311627907 0.84465 0.5690406255813953 0.840389584375 0.5692687488372093 0.8527458343750001 0.5871578116279069 0.85364375 0.6006593744186046 0.8527458343750001 0.6121343744186046 0.851395834375
6 0.6069703116279069 0.925839584375 0.5921187511627907 0.9276375 0.573867188372093 0.924025 0.572879688372093 0.93798125 0.5911062488372093 0.93978125 0.609670311627907 0.9375333343750001 0.6069703116279069 0.925839584375
6 0.5010156255813953 0.9278562499999999 0.48751406279069764 0.92875625 0.4691968744186047 0.928479165625 0.4686125 0.941347915625 0.48582656279069764 0.942697915625 0.5020281255813953 0.9391 0.5010156255813953 0.9278562499999999
0 0.404504688372093 0.91510625 0.405517188372093 0.900266665625 0.3910031255813954 0.902514584375 0.37046562558139534 0.897795834375 0.37041406279069766 0.912408334375 0.38526406279069764 0.91600625 0.39842812558139534 0.91600625 0.404504688372093 0.91510625
0 0.40585468837209304 0.8714833343749999 0.38661562558139534 0.872383334375 0.37195 0.8671125 0.3710890627906977 0.880929165625 0.3845890627906977 0.882727084375 0.405517188372093 0.882727084375 0.40585468837209304 0.8714833343749999
0 0.5018531255813954 0.871316665625 0.48261249999999994 0.8735666656250001 0.4695687488372093 0.87255625 0.468775 0.884358334375 0.4849765627906977 0.884808334375 0.5005015627906977 0.882560415625 0.5018531255813954 0.871316665625
0 0.5008406255813953 0.89965 0.4832875 0.901897915625 0.46771250000000003 0.9002708343749999 0.4677625 0.915389584375 0.4846390627906977 0.916739584375 0.5011781255813954 0.9144895843749999 0.5008406255813953 0.89965
0 0.6079265627906976 0.8677645843749999 0.5900375 0.8704625 0.573125 0.8671125 0.5731609372093023 0.878558334375 0.590375 0.8812562500000001 0.6082640627906977 0.878558334375 0.6079265627906976 0.8677645843749999
0 0.6086015627906977 0.893397915625 0.5981390627906976 0.896995834375 0.5742375 0.8928479156250001 0.5738359372093023 0.9109375 0.5900375 0.9113875 0.6079265627906976 0.9100374999999999 0.6086015627906977 0.893397915625