6 0.3761640627906977 0.6124208343750001 0.37531562558139536 0.62788125 0.418304688372093 0.6308979156250001 0.41943593720930233 0.617322915625 0.3761640627906977 0.6124208343750001
6 0.4683656255813954 0.61656875 0.4686484372093024 0.628635415625 0.510507811627907 0.628635415625 0.5107906255813953 0.613929165625 0.4683656255813954 0.61656875
6 0.573295311627907 0.610535415625 0.5735781255813954 0.622602084375 0.6151546883720931 0.6244875000000001 0.6168515627906976 0.610535415625 0.573295311627907 0.610535415625
6 0.5769734372093024 0.6931208343749999 0.5769734372093024 0.70820625 0.6126093744186046 0.708960415625 0.6114781255813952 0.694629165625 0.5769734372093024 0.6931208343749999
6 0.47317343720930227 0.696891665625 0.472607811627907 0.711222915625 0.5071140627906977 0.71046875 0.5068312511627907 0.6950062499999999 0.47317343720930227 0.696891665625
6 0.37870937441860464 0.6931208343749999 0.3778609372093023 0.711977084375 0.4132140627906977 0.714239584375 0.4140625 0.697645834375 0.37870937441860464 0.6931208343749999
0 0.379275 0.667479165625 0.37899218837209303 0.6844479156250001 0.4140625 0.6870875 0.413779688372093 0.670495834375 0.379275 0.667479165625
0 0.38012343720930236 0.640327084375 0.38012343720930236 0.6539020843750001 0.4140625 0.6557875 0.4132140627906977 0.6410812499999999 0.38012343720930236 0.640327084375
0 0.4714765627906977 0.640327084375 0.472607811627907 0.65691875 0.5085281255813954 0.65465625 0.5071140627906977 0.639572915625 0.4714765627906977 0.640327084375
0 0.472325 0.6716270843750001 0.472042188372093 0.685579165625 0.5059828116279069 0.68595625 0.5062656255813953 0.6689875 0.472325 0.6716270843750001
0 0.578670311627907 0.663329165625 0.578670311627907 0.679545834375 0.6134578116279069 0.679922915625 0.6123265627906977 0.664083334375 0.578670311627907 0.663329165625
0 0.5781046883720931 0.636933334375 0.5778218744186047 0.649754165625 0.611195311627907 0.649754165625 0.610629688372093 0.636933334375 0.5781046883720931 0.636933334375
2 0.37277031162790697 0.72404375 0.37277031162790697 0.740260415625 0.4134968744186046 0.743654165625 0.414345311627907 0.72856875 0.37277031162790697 0.72404375
2 0.46977968837209305 0.72630625 0.46977968837209305 0.742145834375 0.5116390627906977 0.741014584375 0.512204688372093 0.7247979156250001 0.46977968837209305 0.72630625
2 0.5741437488372093 0.721404165625 0.5741437488372093 0.736866665625 0.6162859372093024 0.73724375 0.6154375 0.7236666656249999 0.5741437488372093 0.721404165625