2 0.38670312558139536 0.587777084375 0.38670312558139536 0.603104165625 0.4312312511627907 0.6035229156249999 0.43124218837209305 0.5889270843750001 0.38670312558139536 0.587777084375
2 0.496242188372093 0.684075 0.49825312558139534 0.700547915625 0.5423015627906976 0.69675 0.5423015627906976 0.680691665625 0.496242188372093 0.684075
2 0.6091843744186046 0.552520834375 0.6097593744186046 0.567845834375 0.6528984372093023 0.566964584375 0.652 0.5509875 0.6091843744186046 0.552520834375
6 0.500817188372093 0.65705 0.5008187488372092 0.672316665625 0.537025 0.668485415625 0.5361625 0.653925 0.500817188372093 0.65705
6 0.492182811627907 0.57451875 0.49304531162790693 0.5879291656250001 0.537282811627907 0.581666665625 0.5358593744186047 0.569920834375 0.492182811627907 0.57451875
6 0.6126562488372093 0.665141665625 0.6123687488372093 0.67816875 0.6573859372093023 0.6782 0.6568781255813952 0.664664584375 0.6126562488372093 0.665141665625
6 0.6149312488372093 0.579675 0.6152187488372093 0.59653125 0.6499874999999999 0.595764584375 0.6491031255813954 0.57871875 0.6149312488372093 0.579675
6 0.3911656255813954 0.6194375 0.3914531255813954 0.632847915625 0.42888906279069766 0.633408334375 0.42888906279069766 0.618689584375 0.3911656255813954 0.6194375
6 0.38916406279069765 0.7018333343750001 0.3888765627906977 0.714477084375 0.431807811627907 0.714735415625 0.43424218837209305 0.70031875 0.38916406279069765 0.7018333343750001
0 0.392282811627907 0.6441749999999999 0.392282811627907 0.6583520843749999 0.42810468837209303 0.660033334375 0.42922343720930234 0.64233125 0.392282811627907 0.6441749999999999
0 0.39252343720930233 0.672758334375 0.39252343720930233 0.68885 0.429592188372093 0.68731875 0.4296156255813954 0.673802084375 0.39252343720930233 0.672758334375
0 0.49901093720930234 0.6258583343749999 0.49987187441860464 0.645397915625 0.5349406255813953 0.6401 0.5352750000000001 0.621364584375 0.49901093720930234 0.6258583343749999
0 0.49586406279069767 0.6021229156250001 0.4970140627906977 0.615916665625 0.5352750000000001 0.61110625 0.5336031255813953 0.5968312499999999 0.49586406279069767 0.6021229156250001
0 0.6138562511627907 0.6402187500000001 0.6132812511627906 0.654777084375 0.6509234372093023 0.653627084375 0.6503828116279069 0.6369125 0.6138562511627907 0.6402187500000001
0 0.6154453116279069 0.60771875 0.6157328116279069 0.625725 0.6522265627906977 0.6238104156250001 0.6518015627906977 0.6079 0.6154453116279069 0.60771875