2 0.38908750000000003 0.534158334375 0.38908750000000003 0.549483334375 0.4336140627906977 0.549904165625 0.43362656279069767 0.535308334375 0.38908750000000003 0.534158334375
2 0.499220311627907 0.631645834375 0.5012312511627907 0.648120834375 0.5452796883720931 0.644322915625 0.5452796883720931 0.628264584375 0.499220311627907 0.631645834375
2 0.6103765627906977 0.49731249999999994 0.6109515627906977 0.5126375000000001 0.6540890627906978 0.51175625 0.653192188372093 0.495779165625 0.6103765627906977 0.49731249999999994
6 0.5020093744186047 0.603033334375 0.5020109372093023 0.6183 0.5382156255813954 0.614466665625 0.537354688372093 0.599908334375 0.5020093744186047 0.603033334375
6 0.4942687488372093 0.5201041656250001 0.49512968837209304 0.533514584375 0.539367188372093 0.5272520843749999 0.5379453116279069 0.515508334375 0.4942687488372093 0.5201041656250001
6 0.6138468744186046 0.612316665625 0.6135593744186046 0.6253416656249999 0.6585781255813954 0.625375 0.658070311627907 0.6118375 0.6138468744186046 0.612316665625
6 0.616420311627907 0.526054165625 0.6167078116279069 0.5429125 0.6514765627906978 0.5421458343750001 0.650592188372093 0.525097915625 0.616420311627907 0.526054165625
6 0.390867188372093 0.564627084375 0.39115468837209305 0.5780354156249999 0.42859218837209306 0.578597915625 0.42859218837209306 0.563877084375 0.390867188372093 0.564627084375
0 0.3919843744186046 0.590158334375 0.3919843744186046 0.604335415625 0.4278062488372093 0.606016665625 0.4289265627906977 0.5883145843750001 0.3919843744186046 0.590158334375
0 0.393417188372093 0.6155645843750001 0.393417188372093 0.63165625 0.43048593720930234 0.630122915625 0.43050937441860465 0.61660625 0.393417188372093 0.6155645843750001
0 0.5013937488372093 0.5722375000000001 0.502254688372093 0.591777084375 0.5373234372093023 0.5864812500000001 0.5376578116279069 0.5677458343749999 0.5013937488372093 0.5722375000000001
0 0.4970562488372093 0.5488999999999999 0.4982062488372093 0.56269375 0.5364671883720931 0.557883334375 0.5347937488372093 0.543610415625 0.4970562488372093 0.5488999999999999
0 0.619217188372093 0.585010415625 0.6186437511627907 0.59956875 0.6562859372093023 0.59841875 0.655745311627907 0.5817041656249999 0.619217188372093 0.585010415625
0 0.6175312511627906 0.553304165625 0.6178187488372093 0.571310415625 0.6543125 0.5693958343750001 0.6538875000000001 0.553485415625 0.6175312511627906 0.553304165625
6 0.39035624883720926 0.646625 0.3900687511627907 0.6592687500000001 0.433 0.659527084375 0.43543437441860466 0.645110415625 0.39035624883720926 0.646625