2 0.4486265627906977 0.5630291656249999 0.44834843720930234 0.547872915625 0.4342 0.549720834375 0.416445311627907 0.546395834375 0.4077562488372093 0.542264584375 0.40673437441860466 0.556745834375 0.4228265627906977 0.56118125 0.44141406279069767 0.562658334375 0.4486265627906977 0.5630291656249999
2 0.5483906255813954 0.5561791656249999 0.5481140627906976 0.5425020843749999 0.5289718744186047 0.543241665625 0.5058531255813953 0.540514584375 0.5062218744186047 0.555439584375 0.5239781255813953 0.55765625 0.5361843744186047 0.55765625 0.5483906255813954 0.5561791656249999
2 0.6454140627906977 0.5540166656250001 0.6221093744186046 0.555864584375 0.603817188372093 0.553477084375 0.6035218744186047 0.56769375 0.6185031255813953 0.568802084375 0.6470781255813953 0.5673250000000001 0.6454140627906977 0.5540166656250001
6 0.6415046883720931 0.5827 0.6079890627906976 0.584010415625 0.6082125 0.59526875 0.6248593744186046 0.596008334375 0.6412265627906977 0.5956375 0.6415046883720931 0.5827
6 0.5092109372093023 0.571689584375 0.5086031255813953 0.586241665625 0.5427265627906976 0.586241665625 0.5427265627906976 0.573304165625 0.5092109372093023 0.571689584375
6 0.44281250000000005 0.5775645843749999 0.427382811627907 0.5761333343749999 0.40975 0.571733334375 0.40924374883720926 0.58754375 0.4239468744186047 0.590870834375 0.44253437441860466 0.59271875 0.44281250000000005 0.5775645843749999
6 0.4408656255813953 0.672475 0.44252968837209306 0.6628645843750001 0.41950312558139535 0.66175625 0.3996265627906977 0.65624375 0.39952812558139533 0.6673 0.41090312558139536 0.670627084375 0.4250515627906977 0.672475 0.4408656255813953 0.672475
6 0.544379688372093 0.655279165625 0.521629688372093 0.6578666656250001 0.501854688372093 0.6536666656250001 0.5019328116279069 0.66415 0.5210750000000001 0.665997915625 0.543825 0.6667375 0.544379688372093 0.655279165625
6 0.6448625000000001 0.6790145843750001 0.6445843744186047 0.667925 0.625442188372093 0.6697729156250001 0.6021765627906976 0.667977084375 0.6024156255813954 0.679754165625 0.6190625 0.68049375 0.634320311627907 0.6801229156249999 0.6448625000000001 0.6790145843750001
0 0.6072921883720931 0.61113125 0.6074468744186047 0.625320834375 0.6418468744186046 0.6264291656250001 0.6418468744186046 0.611275 0.6072921883720931 0.61113125
0 0.6079218744186047 0.64061875 0.6074937488372093 0.65320625 0.6432812488372093 0.652466665625 0.6427265627906976 0.6402687499999999 0.6079218744186047 0.64061875
0 0.5076687488372092 0.629733334375 0.5069296883720931 0.6422458343749999 0.5424406255813954 0.642985415625 0.5421640627906977 0.6315270843749999 0.5076687488372092 0.629733334375
0 0.508279688372093 0.596979165625 0.5081812488372093 0.611820834375 0.54175 0.6114499999999999 0.5414734372093023 0.5985145843749999 0.508279688372093 0.596979165625
0 0.44231718837209305 0.605741665625 0.42567187441860466 0.6053729156250001 0.409025 0.598627084375 0.4087484372093023 0.613875 0.4204 0.617202084375 0.44120781162790695 0.6186791656249999 0.44231718837209305 0.605741665625
0 0.440375 0.647716665625 0.440375 0.636258334375 0.42317499999999997 0.636258334375 0.406720311627907 0.630695834375 0.4054187511627907 0.642541665625 0.4181812511627907 0.6462395843750001 0.42650312558139536 0.6473479156249999 0.440375 0.647716665625