2 0.4490281255813954 0.6897916656249999 0.42465 0.692145834375 0.4087515627906977 0.688377084375 0.4073375 0.7006249999999999 0.4274765627906977 0.703922915625 0.4493812488372093 0.702039584375 0.4490281255813954 0.6897916656249999
2 0.554804688372093 0.693279165625 0.5261859372093023 0.693279165625 0.5155875 0.69139375 0.5141734372093023 0.7027 0.5300734372093023 0.7050562499999999 0.5540984372093023 0.703170834375 0.554804688372093 0.693279165625
2 0.6765375 0.783547915625 0.656045311627907 0.78873125 0.6352000000000001 0.7873166656249999 0.6362593744186046 0.8000354156249999 0.6563984372093024 0.8000354156249999 0.6751234372093023 0.7972104156250001 0.6765375 0.783547915625
0 0.44389843720930233 0.7776562499999999 0.426232811627907 0.77906875 0.4110406255813953 0.7753 0.41068750000000004 0.78519375 0.42305312558139535 0.788491665625 0.44460625116279073 0.785664584375 0.44389843720930233 0.7776562499999999
0 0.4105312488372093 0.746791665625 0.41159062558139536 0.7576270843749999 0.4430359372093023 0.7576270843749999 0.4430359372093023 0.745379165625 0.4105312488372093 0.746791665625
0 0.5206890627906977 0.74605625 0.519629688372093 0.758775 0.5524875 0.758775 0.551779688372093 0.747941665625 0.5206890627906977 0.74605625
0 0.5203359372093023 0.7766770843749999 0.519275 0.787983334375 0.5535468744186047 0.787983334375 0.552132811627907 0.780445834375 0.5203359372093023 0.7766770843749999
0 0.673145311627907 0.7263229156250001 0.6576 0.72915 0.6395812488372093 0.728208334375 0.6399343744186047 0.742339584375 0.6604265627906977 0.741397915625 0.672792188372093 0.737629165625 0.673145311627907 0.7263229156250001
0 0.6720999999999999 0.704841665625 0.6569078116279069 0.705783334375 0.6399484372093023 0.704841665625 0.6388890627906977 0.71285 0.6604406255813953 0.71285 0.6717468744186047 0.710964584375 0.6720999999999999 0.704841665625
6 0.429779688372093 0.719016665625 0.41282031162790694 0.718545834375 0.41282031162790694 0.728439584375 0.443204688372093 0.730322915625 0.443204688372093 0.717604165625 0.429779688372093 0.719016665625
6 0.5198125 0.7213166656250001 0.5183984372093023 0.73309375 0.5509031255813953 0.732152084375 0.55055 0.722258334375 0.5198125 0.7213166656250001
6 0.6756046883720931 0.6749562499999999 0.6597062488372092 0.6768395843749999 0.6360343744186047 0.675427084375 0.6356812511627907 0.683435415625 0.6547593744186047 0.684377084375 0.6777249999999999 0.680608334375 0.6756046883720931 0.6749562499999999
6 0.6747281255813954 0.759279165625 0.6598890627906977 0.7611625 0.6404578116279069 0.757866665625 0.6404578116279069 0.77105625 0.6605953116279071 0.771527084375 0.6747281255813954 0.7672875 0.6747281255813954 0.759279165625
6 0.4472625 0.8038125 0.42712343720930235 0.8075812499999999 0.4066312511627907 0.80004375 0.40592500000000004 0.81040625 0.4257093744186047 0.815116665625 0.44690781162790694 0.812291665625 0.4472625 0.8038125
6 0.5556671883720931 0.8054125000000001 0.5372937511627908 0.808239584375 0.5175093744186047 0.8035291656249999 0.5168031255813954 0.812479165625 0.5348218744186046 0.814833334375 0.557432811627907 0.812008334375 0.5556671883720931 0.8054125000000001