2 0.3818875 0.837527084375 0.3818875 0.852852084375 0.4261390627906977 0.852852084375 0.4264265627906977 0.838677084375 0.3818875 0.837527084375
2 0.492804688372093 0.93484375 0.49481562558139536 0.9513187500000001 0.5359062511627907 0.948635415625 0.5373437488372094 0.9310124999999999 0.492804688372093 0.93484375
2 0.6051578116279069 0.801895834375 0.6057328116279069 0.817220834375 0.6476859372093023 0.8164562500000001 0.6479734372093023 0.800364584375 0.6051578116279069 0.801895834375
6 0.49625312558139534 0.907641665625 0.4965390627906977 0.9210499999999999 0.5327453116279071 0.91721875 0.5318843744186047 0.902660415625 0.49625312558139534 0.907641665625
6 0.4884937511627907 0.823735415625 0.48935624883720935 0.8371437500000001 0.5330328116279069 0.830247915625 0.532170311627907 0.8191375000000001 0.4884937511627907 0.823735415625
6 0.6088937511627908 0.916835415625 0.6086062511627908 0.9298624999999999 0.6514203116279069 0.929479165625 0.6517078116279069 0.9164520843749999 0.6088937511627908 0.916835415625
6 0.6097546883720931 0.830247915625 0.6100421883720931 0.8471062500000001 0.6448125 0.846339584375 0.6448125 0.829097915625 0.6097546883720931 0.830247915625
6 0.3864843744186046 0.8704770843749999 0.3867718744186046 0.8838874999999999 0.4221156255813953 0.882354165625 0.4218281255813954 0.8674125 0.3864843744186046 0.8704770843749999
6 0.38533593720930237 0.95285 0.3850484372093023 0.96549375 0.4261390627906977 0.965110415625 0.4270015627906977 0.9513187500000001 0.38533593720930237 0.95285
0 0.38734687441860466 0.8949979156250001 0.38734687441860466 0.909172915625 0.42269062558139536 0.9087895843749999 0.42326562558139535 0.894614584375 0.38734687441860466 0.8949979156250001
0 0.3867718744186046 0.9233499999999999 0.3867718744186046 0.939441665625 0.4238406255813953 0.9379083343750001 0.42412812558139534 0.92488125 0.3867718744186046 0.9233499999999999
0 0.4951031255813953 0.8758416656250001 0.49596562558139534 0.89538125 0.5318843744186047 0.8881020843749999 0.5295843744186046 0.87124375 0.4951031255813953 0.8758416656250001
0 0.4933781255813953 0.851320834375 0.49452812558139536 0.8651125000000001 0.5304468744186046 0.86128125 0.5292968744186046 0.8471062500000001 0.4933781255813953 0.851320834375
0 0.610617188372093 0.888866665625 0.6100421883720931 0.9034270843750001 0.6476859372093023 0.9022770843749999 0.6476859372093023 0.888866665625 0.610617188372093 0.888866665625
0 0.6100421883720931 0.856683334375 0.610329688372093 0.8746916656250001 0.6468234372093022 0.8727750000000001 0.6459609372093023 0.85745 0.6100421883720931 0.856683334375