6 0.41374062558139535 0.711175 0.41374062558139535 0.7227166656249999 0.4455718744186047 0.7234625 0.44501250000000003 0.71043125 0.41374062558139535 0.711175
6 0.470725 0.7133125 0.470445311627907 0.72299375 0.5003234372093024 0.7237375 0.5003234372093024 0.7133125 0.470725 0.7133125
6 0.5128656255813954 0.704264584375 0.5123062488372093 0.71245625 0.5525156255813953 0.712083334375 0.5522359372093023 0.70203125 0.5128656255813954 0.704264584375
6 0.5497234372093023 0.7873375 0.535482811627907 0.7873375 0.51845 0.78621875 0.5178906255813953 0.797760415625 0.5349234372093024 0.79850625 0.5525156255813953 0.792920834375 0.5497234372093023 0.7873375
6 0.50655 0.7938270843749999 0.485329688372093 0.797177084375 0.46745937441860463 0.7938270843749999 0.46745937441860463 0.8035062500000001 0.48281718837209303 0.804252084375 0.50655 0.802016665625 0.50655 0.7938270843749999
6 0.4484843744186046 0.796433334375 0.42810156279069767 0.7994104156249999 0.40967187441860464 0.7953166656249999 0.40995156279069767 0.8049958343749999 0.42865937441860463 0.8057395843749999 0.4484843744186046 0.8053687500000001 0.4484843744186046 0.796433334375
0 0.44545 0.738839584375 0.430370311627907 0.741072915625 0.412779688372093 0.739210415625 0.413617188372093 0.751125 0.428975 0.7522416656249999 0.44545 0.75038125 0.44545 0.738839584375
0 0.470445311627907 0.7373999999999999 0.46960781162790693 0.7489416656250001 0.5028359372093023 0.749314584375 0.5006015627906977 0.737027084375 0.470445311627907 0.7373999999999999
0 0.5498437488372093 0.75543125 0.5333687488372093 0.756920834375 0.5174531255813953 0.756547915625 0.517732811627907 0.771439584375 0.5333687488372093 0.770322915625 0.5506812488372093 0.768089584375 0.5498437488372093 0.75543125
0 0.5361609372093024 0.73309375 0.517732811627907 0.730860415625 0.517732811627907 0.740539584375 0.5487265627906978 0.73905 0.5487265627906978 0.72974375 0.5361609372093024 0.73309375
0 0.4708093744186046 0.768622915625 0.4705312488372093 0.779047915625 0.5026421883720931 0.779047915625 0.502920311627907 0.771229165625 0.4708093744186046 0.768622915625
0 0.4130234372093023 0.77085625 0.41246406279069764 0.780164584375 0.4442968744186046 0.7809083343750001 0.44513437441860465 0.771229165625 0.4130234372093023 0.77085625
2 0.449357811627907 0.681439584375 0.43120937441860463 0.682185415625 0.410545311627907 0.67995 0.409707811627907 0.690375 0.430092188372093 0.692608334375 0.44963749999999997 0.691864584375 0.449357811627907 0.681439584375
2 0.505592188372093 0.68225 0.48492968837209305 0.683366665625 0.46789687441860467 0.681877084375 0.46677968837209305 0.69341875 0.48939687441860463 0.694908334375 0.50615 0.6937916656249999 0.505592188372093 0.68225
2 0.5565812488372093 0.8118604156250001 0.5370359372093023 0.81744375 0.514417188372093 0.814839584375 0.5166515627906977 0.828241665625 0.5353593744186047 0.82786875 0.5543468744186046 0.82451875 0.5565812488372093 0.8118604156250001