6 0.38128437441860463 0.23321458437499998 0.38113593720930233 0.245760415625 0.4235781255813954 0.247422915625 0.42451406279069764 0.23661249999999998 0.38128437441860463 0.23321458437499998
6 0.38455937441860466 0.31590625 0.38334531162790697 0.33125208437500003 0.41798437441860464 0.33333124999999997 0.418607811627907 0.320027084375 0.38455937441860466 0.31590625
6 0.4801 0.318222915625 0.4802125 0.33183125 0.512667188372093 0.330585415625 0.512667188372093 0.31977500000000003 0.4801 0.318222915625
6 0.5841156255813953 0.316841665625 0.5831531255813953 0.329666665625 0.617792188372093 0.328835415625 0.6171687511627907 0.31885625 0.5841156255813953 0.316841665625
6 0.5805390627906977 0.232566665625 0.5809484372093023 0.24388333437499998 0.6233890627906977 0.243052084375 0.6230765627906978 0.232241665625 0.5805390627906977 0.232566665625
6 0.4752734372093023 0.235370834375 0.47540937441860465 0.248802084375 0.5181625 0.2471375 0.51785 0.235495834375 0.4752734372093023 0.235370834375
0 0.386407811627907 0.2603375 0.38694531162790696 0.27308958437499997 0.41908906279069763 0.2743375 0.42033750000000003 0.26311249999999997 0.386407811627907 0.2603375
0 0.420217188372093 0.292510415625 0.3864687511627907 0.290152084375 0.3858890627906977 0.304983334375 0.4030531255813954 0.30623125 0.41990468837209305 0.3070625 0.420217188372093 0.292510415625
0 0.479567188372093 0.263216665625 0.47925468837209306 0.274441665625 0.5132703116279069 0.274027084375 0.512957811627907 0.263216665625 0.479567188372093 0.263216665625
0 0.5849843744186046 0.258675 0.5849609372093023 0.271735415625 0.6189749999999999 0.271735415625 0.6189749999999999 0.26009166562499997 0.5849843744186046 0.258675
0 0.5862640627906976 0.28626874999999996 0.5855843744186047 0.300191665625 0.6180390627906976 0.300191665625 0.6186640627906977 0.287302084375 0.5862640627906976 0.28626874999999996
0 0.4790125 0.29273125 0.48023750000000004 0.305566665625 0.5133171883720931 0.305566665625 0.5136281255813954 0.29309375000000004 0.4790125 0.29273125
2 0.4200109372093023 0.363016665625 0.42219531162790697 0.350958334375 0.400975 0.349295834375 0.37875156279069766 0.344341665625 0.37913125116279073 0.349295834375 0.3806906255813953 0.359275 0.4019109372093024 0.361354165625 0.4200109372093023 0.363016665625
2 0.5170609372093024 0.35391041562500003 0.5167484372093023 0.348504165625 0.49053593720930233 0.348504165625 0.47508281162790694 0.35023333437500004 0.47555624883720926 0.356404165625 0.476804688372093 0.362641665625 0.5161250000000001 0.361810415625 0.5170609372093024 0.35391041562500003
2 0.6223265627906976 0.34585625000000003 0.6020421883720931 0.345439584375 0.5799156255813953 0.344416665625 0.5814468744186047 0.358329165625 0.6042265627906978 0.35874583437499996 0.6210781255813954 0.357497915625 0.6223265627906976 0.34585625000000003