2 0.456675 0.8246249999999999 0.45735000000000003 0.8394875 0.4999093744186046 0.8376875 0.4992343744186047 0.823275 0.456675 0.8246249999999999
2 0.6086734372093023 0.80030625 0.6096874999999999 0.81606875 0.6519093744186046 0.81651875 0.6525843744186047 0.802558334375 0.6086734372093023 0.80030625
2 0.5140968744186046 0.9340666656250001 0.5151093744186046 0.949829165625 0.5573312511627907 0.948027084375 0.5580078116279069 0.932714584375 0.5140968744186046 0.9340666656250001
6 0.518825 0.903891665625 0.5191625000000001 0.919204165625 0.5529406255813953 0.916502084375 0.5529406255813953 0.901639584375 0.518825 0.903891665625
6 0.46140312558139535 0.93676875 0.4617406255813954 0.95298125 0.5053140627906977 0.9489270843750001 0.5053140627906977 0.9363166656249999 0.46140312558139535 0.93676875
6 0.4617406255813954 0.8543499999999999 0.4617406255813954 0.8687625000000001 0.497207811627907 0.8683125 0.49687031162790696 0.8534499999999999 0.4617406255813954 0.8543499999999999
6 0.614754688372093 0.8304812500000001 0.6140781255813953 0.84669375 0.6475187511627907 0.84669375 0.6478562511627908 0.8291291656249999 0.614754688372093 0.8304812500000001
6 0.6100249999999999 0.9156000000000001 0.6107 0.9291124999999999 0.655625 0.9304625 0.6559625 0.917402084375 0.6100249999999999 0.9156000000000001
6 0.5130828116279069 0.8228249999999999 0.513420311627907 0.8345333343749999 0.5556437511627907 0.83228125 0.554967188372093 0.820122915625 0.5130828116279069 0.8228249999999999
0 0.5161234372093023 0.8502979156249999 0.5164609372093023 0.8615562499999999 0.5509140627906977 0.860204165625 0.5505765627906977 0.850747915625 0.5161234372093023 0.8502979156249999
0 0.5164609372093023 0.873266665625 0.5167984372093023 0.89308125 0.5529406255813953 0.889479165625 0.5522656255813954 0.871014584375 0.5164609372093023 0.873266665625
0 0.6137406255813954 0.857954165625 0.615092188372093 0.8746166656250001 0.650220311627907 0.873716665625 0.6485312511627908 0.8584041656249999 0.6137406255813954 0.857954165625
0 0.6140781255813953 0.889029165625 0.615092188372093 0.902989584375 0.649882811627907 0.9025395843749999 0.6488687511627906 0.889479165625 0.6140781255813953 0.889029165625
0 0.46410468837209307 0.911997915625 0.4651187488372093 0.925058334375 0.5009234372093023 0.92145625 0.5002468744186046 0.908845834375 0.46410468837209307 0.911997915625
0 0.463092188372093 0.879120834375 0.46342968837209303 0.894883334375 0.49889687441860464 0.89308125 0.4999093744186046 0.878220834375 0.463092188372093 0.879120834375