2 0.4509093744186046 0.432797915625 0.4102281255813953 0.42634999999999995 0.409375 0.436970834375 0.42445312558139536 0.43962500000000004 0.4511937511627907 0.44455625000000004 0.4509093744186046 0.432797915625
2 0.5086609372093023 0.42521041562499995 0.509229688372093 0.436970834375 0.5499109372093023 0.43735 0.549342188372093 0.42521041562499995 0.5086609372093023 0.42521041562499995
2 0.6076609372093023 0.436970834375 0.6073765627906976 0.449108334375 0.6483421883720931 0.448729165625 0.6474890627906977 0.43583125 0.6076609372093023 0.436970834375
0 0.41136562558139533 0.482108334375 0.4096593744186046 0.49348749999999997 0.4412375 0.499935415625 0.44294374883720933 0.48969375 0.41136562558139533 0.482108334375
0 0.511220311627907 0.47907291562500004 0.511220311627907 0.49121249999999994 0.543367188372093 0.492729165625 0.5425140627906977 0.480591665625 0.511220311627907 0.47907291562500004
0 0.6107906255813954 0.494245834375 0.6113593744186047 0.50714375 0.644075 0.505625 0.644075 0.493866665625 0.6107906255813954 0.494245834375
0 0.511504688372093 0.510935415625 0.5117890627906977 0.5192812499999999 0.543082811627907 0.5215562499999999 0.543367188372093 0.514729165625 0.511504688372093 0.510935415625
0 0.6122124999999999 0.523833334375 0.6116437511627908 0.531797915625 0.6432218744186046 0.5329375 0.6432218744186046 0.524970834375 0.6122124999999999 0.523833334375
0 0.409375 0.513970834375 0.4082375 0.522695834375 0.4415218744186047 0.5283854156250001 0.4415218744186047 0.521177084375 0.409375 0.513970834375
6 0.41136562558139533 0.45366041562500004 0.41079687441860463 0.468072915625 0.4432281255813954 0.47376250000000003 0.444082811627907 0.46200416562499996 0.41136562558139533 0.45366041562500004
6 0.4432281255813954 0.5465916656250001 0.40368593720930235 0.53900625 0.4034 0.54886875 0.429857811627907 0.552660415625 0.444082811627907 0.553039584375 0.4432281255813954 0.5465916656250001
6 0.5464968744186046 0.5469708343749999 0.5470656255813953 0.540902084375 0.5086609372093023 0.536729165625 0.5075218744186046 0.545075 0.5217468744186047 0.545454165625 0.5379625 0.548108334375 0.5464968744186046 0.5469708343749999
6 0.6472046883720931 0.552660415625 0.6355406255813953 0.552660415625 0.6204640627906978 0.5537979156249999 0.608229688372093 0.550764584375 0.608229688372093 0.5594875 0.623592188372093 0.5598687499999999 0.6466359372093023 0.560627084375 0.6472046883720931 0.552660415625
6 0.5117890627906977 0.45555625 0.5117890627906977 0.46617708437500005 0.5445062488372093 0.46617708437500005 0.5445062488372093 0.45669375 0.5117890627906977 0.45555625
6 0.6107906255813954 0.46503958437500004 0.6107906255813954 0.47490208437500003 0.6437906255813953 0.475660415625 0.6443593744186046 0.46731458437500006 0.6107906255813954 0.46503958437500004