0 0.42186093720930234 0.657329165625 0.42219062558139536 0.6745354156250001 0.456270311627907 0.674977084375 0.456270311627907 0.659977084375 0.42186093720930234 0.657329165625
0 0.420867188372093 0.6868875 0.420867188372093 0.7023291656249999 0.456270311627907 0.703652084375 0.45594062558139536 0.690858334375 0.420867188372093 0.6868875
0 0.5025921883720931 0.5633625 0.5032546883720931 0.58145 0.5370031255813954 0.579685415625 0.5366718744186046 0.5633625 0.5025921883720931 0.5633625
0 0.5009390627906977 0.5360104156250001 0.5015999999999999 0.5505687499999999 0.5383265627906977 0.5514520843749999 0.5373343744186047 0.535129165625 0.5009390627906977 0.5360104156250001
0 0.5942437488372093 0.49586458437500003 0.5942437488372093 0.5108645843749999 0.6296468744186047 0.5099812499999999 0.6289859372093023 0.498070834375 0.5942437488372093 0.49586458437500003
0 0.594575 0.46630625 0.5949062488372093 0.480425 0.630970311627907 0.481747915625 0.6303093744186047 0.46718958437499997 0.594575 0.46630625
6 0.596229688372093 0.441160415625 0.5965593744186046 0.45527916562500004 0.631632811627907 0.45527916562500004 0.6303093744186047 0.440720834375 0.596229688372093 0.441160415625
6 0.5912656255813953 0.523658334375 0.5912656255813953 0.5368937500000001 0.6346109372093023 0.537333334375 0.6339484372093023 0.52498125 0.5912656255813953 0.523658334375
6 0.49862187441860467 0.510422915625 0.4979609372093023 0.521452084375 0.5422968744186046 0.522335415625 0.541967188372093 0.51130625 0.49862187441860467 0.510422915625
6 0.5019312488372093 0.5933625 0.5022625 0.610125 0.5360109372093023 0.608360415625 0.5350187488372093 0.592479165625 0.5019312488372093 0.5933625
6 0.4225218744186046 0.6290958343749999 0.4225218744186046 0.646741665625 0.4572640627906977 0.6493895843749999 0.45560937441860466 0.631302084375 0.4225218744186046 0.6290958343749999
6 0.4168968744186047 0.714239584375 0.4172281255813954 0.728797915625 0.46090312558139535 0.72968125 0.46123437441860465 0.7151229156250001 0.4168968744186047 0.714239584375
2 0.49862187441860467 0.621595834375 0.497629688372093 0.6370375 0.541967188372093 0.6374770843750001 0.541967188372093 0.623360415625 0.49862187441860467 0.621595834375
2 0.41789062558139534 0.5995375000000001 0.41789062558139534 0.6145375 0.461895311627907 0.618508334375 0.46123437441860465 0.603066665625 0.41789062558139534 0.5995375000000001
2 0.590604688372093 0.40939791562499994 0.590604688372093 0.425720834375 0.6369265627906977 0.42660208437499997 0.6356031255813954 0.410720834375 0.590604688372093 0.40939791562499994