6 0.4139156255813954 0.70613125 0.39409218837209303 0.7057375 0.37367812558139535 0.7021875 0.3739734372093024 0.712047915625 0.39054218837209304 0.7144166656250001 0.4127312511627907 0.715204165625 0.4139156255813954 0.70613125
6 0.5082968744186046 0.703764584375 0.4872906255813953 0.70613125 0.46835468837209304 0.7057375 0.4677625 0.713627084375 0.4837390627906977 0.7156 0.5082968744186046 0.71244375 0.5082968744186046 0.703764584375
6 0.6133281255813953 0.7002145843750001 0.5932093744186047 0.7025812499999999 0.5733859372093023 0.7002145843750001 0.5733859372093023 0.70889375 0.5940968744186047 0.7104708343749999 0.613625 0.708497915625 0.6133281255813953 0.7002145843750001
6 0.6100734372093023 0.7846333343749999 0.5923218744186046 0.78660625 0.5775281255813953 0.7826625 0.5751625 0.793708334375 0.591729688372093 0.795679165625 0.6100734372093023 0.791735415625 0.6100734372093023 0.7846333343749999
6 0.47190468837209304 0.785422915625 0.47249687441860466 0.797652084375 0.505042188372093 0.7964687500000001 0.5047453116279069 0.78660625 0.47190468837209304 0.785422915625
6 0.4082937488372093 0.7988354156249999 0.4079984372093023 0.7862125 0.389654688372093 0.787395834375 0.376045311627907 0.781479165625 0.37308593720930233 0.795285415625 0.379595311627907 0.8000187499999999 0.3943875 0.801202084375 0.4082937488372093 0.7988354156249999
0 0.41066093720930236 0.73295625 0.3935 0.731772915625 0.37722812558139535 0.727829165625 0.376045311627907 0.738085415625 0.3855125 0.740452084375 0.41006875116279073 0.740452084375 0.41066093720930236 0.73295625
0 0.4082937488372093 0.761754165625 0.38995 0.761360415625 0.3754531255813953 0.758204165625 0.3754531255813953 0.76925 0.388175 0.77319375 0.4091812488372093 0.772010415625 0.4082937488372093 0.761754165625
0 0.5053375 0.760570834375 0.4713125 0.761360415625 0.47101718837209305 0.7716166656250001 0.4855140627906977 0.772404165625 0.506817188372093 0.770827084375 0.5053375 0.760570834375
0 0.4716093744186047 0.732166665625 0.4713125 0.740845834375 0.503267188372093 0.7400562500000001 0.5035625 0.7309833343750001 0.4716093744186047 0.732166665625
0 0.6088906255813954 0.7286166656249999 0.5766406255813953 0.72664375 0.5760500000000001 0.734929165625 0.590842188372093 0.737295834375 0.6091859372093024 0.73571875 0.6088906255813954 0.7286166656249999
0 0.6103703116279069 0.7522854156250001 0.5929140627906977 0.754654165625 0.5769375 0.75268125 0.576345311627907 0.7664875 0.592617188372093 0.766883334375 0.6100734372093023 0.765304165625 0.6103703116279069 0.7522854156250001
2 0.4112531255813953 0.8280270843749999 0.4112531255813953 0.817770834375 0.38935781162790695 0.817770834375 0.3698312511627907 0.811064584375 0.3698312511627907 0.8240833343749999 0.38225781162790695 0.8280270843749999 0.3935 0.82960625 0.4112531255813953 0.8280270843749999
2 0.509479688372093 0.815010415625 0.4864015627906977 0.8169812500000001 0.4680593744186047 0.815404165625 0.46865 0.829210415625 0.4864015627906977 0.828816665625 0.5074093744186047 0.8268437499999999 0.509479688372093 0.815010415625
2 0.613920311627907 0.8229 0.6133281255813953 0.811064584375 0.5958718744186046 0.8142208343749999 0.5739781255813954 0.810670834375 0.5722031255813954 0.82329375 0.5893640627906976 0.8240833343749999 0.6068187488372092 0.8248729156250001 0.613920311627907 0.8229