2 0.44722187441860467 0.65195 0.446945311627907 0.636795834375 0.43279687441860465 0.6386437500000001 0.4150406255813953 0.635316665625 0.4063515627906976 0.6311875 0.40533124883720933 0.6456666656250001 0.4214218744186047 0.6501020843750001 0.4400093744186046 0.65158125 0.44722187441860467 0.65195
2 0.5463375 0.64475625 0.5460609372093024 0.631079165625 0.5269187511627907 0.63181875 0.5037999999999999 0.62909375 0.5041687511627907 0.6440166656249999 0.521925 0.646235415625 0.5341312488372093 0.646235415625 0.5463375 0.64475625
2 0.642625 0.6427104156250001 0.6193218744186046 0.644558334375 0.6010281255813953 0.642170834375 0.6007343744186047 0.6563875 0.6157140627906976 0.6574958343749999 0.6442890627906976 0.6560166656249999 0.642625 0.6427104156250001
6 0.639775 0.670960415625 0.6062593744186047 0.672270834375 0.6064843744186046 0.683529165625 0.623129688372093 0.68426875 0.6394984372093023 0.683897915625 0.639775 0.670960415625
6 0.507720311627907 0.659833334375 0.5071125000000001 0.6743875 0.5412359372093023 0.6743875 0.5412359372093023 0.66145 0.507720311627907 0.659833334375
6 0.44041406279069767 0.66735 0.42498437441860465 0.6659208343749999 0.4073515627906977 0.661520834375 0.406845311627907 0.67733125 0.42155000000000004 0.680658334375 0.4401375 0.68250625 0.44041406279069767 0.66735
6 0.43961406279069765 0.7614854156249999 0.44127812558139534 0.751875 0.4182515627906977 0.7507666656249999 0.39837500000000003 0.745254165625 0.39827656279069773 0.756310415625 0.40965156279069764 0.7596375 0.4238 0.7614854156249999 0.43961406279069765 0.7614854156249999
6 0.5442734372093023 0.745066665625 0.5215234372093023 0.747654165625 0.5017484372093023 0.743454165625 0.5018265627906977 0.7539374999999999 0.5209687511627906 0.755785415625 0.5437187511627907 0.756525 0.5442734372093023 0.745066665625
6 0.6441937488372093 0.7672749999999999 0.6439156255813954 0.756185415625 0.6247734372093023 0.758033334375 0.601507811627907 0.7562375 0.6017468744186046 0.768014584375 0.618392188372093 0.768752084375 0.6336515627906977 0.768383334375 0.6441937488372093 0.7672749999999999
0 0.60565 0.7008041656249999 0.6058031255813954 0.71499375 0.6402046883720931 0.716102084375 0.6402046883720931 0.700947915625 0.60565 0.7008041656249999
0 0.605954688372093 0.729858334375 0.6055265627906976 0.742445834375 0.6413140627906976 0.74170625 0.6407593744186046 0.729508334375 0.605954688372093 0.729858334375
0 0.5066765627906977 0.717014584375 0.5059359372093024 0.729527084375 0.5414468744186046 0.7302666656250001 0.541170311627907 0.71880625 0.5066765627906977 0.717014584375
0 0.5072859372093023 0.686333334375 0.5071890627906976 0.701175 0.5407562511627907 0.7008062500000001 0.540479688372093 0.68786875 0.5072859372093023 0.686333334375
0 0.439117188372093 0.694435415625 0.4224718744186046 0.694064584375 0.4058265627906977 0.687320834375 0.40555 0.702566665625 0.41720156279069764 0.70589375 0.438007811627907 0.7073729156249999 0.439117188372093 0.694435415625
0 0.43782499999999996 0.73543125 0.43782499999999996 0.723970834375 0.420625 0.723970834375 0.404170311627907 0.7184083343750001 0.4028687511627907 0.7302562499999999 0.4156312511627907 0.733952084375 0.42395312558139536 0.735060415625 0.43782499999999996 0.73543125