6 0.3206875 0.689035415625 0.28721718837209304 0.689035415625 0.28680937441860466 0.7026416656250001 0.3002781255813954 0.70481875 0.3206875 0.7037312499999999 0.3206875 0.689035415625
6 0.47907812558139534 0.6813625 0.4603015627906977 0.68299375 0.4472406255813953 0.678639584375 0.446425 0.69006875 0.4598937488372093 0.693335415625 0.4782609372093023 0.692245834375 0.47907812558139534 0.6813625
6 0.6296812488372093 0.677572915625 0.6109062488372092 0.6808375 0.5958031255813953 0.676485415625 0.5958031255813953 0.68736875 0.6117218744186047 0.691179165625 0.6313140627906977 0.6879125 0.6296812488372093 0.677572915625
6 0.633820311627907 0.7711375 0.633820311627907 0.762429165625 0.6154531255813953 0.768960415625 0.5921875 0.762975 0.5925953116279069 0.7727708343749999 0.6109625 0.7765791656250001 0.6264734372093024 0.774402084375 0.633820311627907 0.7711375
6 0.48109687441860466 0.77491875 0.4819125 0.766210415625 0.45742343720930234 0.769477084375 0.4382390627906977 0.762945834375 0.4382390627906977 0.770020834375 0.4513 0.7754624999999999 0.4659937488372093 0.778183334375 0.48109687441860466 0.77491875
6 0.3252625 0.7826125 0.32444531162790696 0.7749937499999999 0.29995625116279073 0.779891665625 0.28199687441860466 0.772816665625 0.28322031162790695 0.785333334375 0.3015875 0.788597915625 0.31424062558139537 0.785877084375 0.3252625 0.7826125
0 0.31992031162790696 0.718410415625 0.30155312558139535 0.72004375 0.28685937441860465 0.716777084375 0.2860437511627907 0.729295834375 0.29910468837209303 0.730383334375 0.31992031162790696 0.729295834375 0.31992031162790696 0.718410415625
0 0.32075312558139535 0.750408334375 0.28565 0.74931875 0.2860593744186047 0.760204165625 0.3040187488372093 0.76238125 0.3215687511627907 0.759116665625 0.32075312558139535 0.750408334375
0 0.478682811627907 0.70958125 0.444804688372093 0.706316665625 0.4439875 0.71665625 0.4611312511627907 0.7231875 0.478682811627907 0.720466665625 0.478682811627907 0.70958125
0 0.4758781255813953 0.74006875 0.4571031255813953 0.7417 0.44363437441860465 0.7384354156249999 0.4424093744186046 0.74714375 0.45628749999999996 0.750408334375 0.4758781255813953 0.748775 0.4758781255813953 0.74006875
0 0.630445311627907 0.738410415625 0.6100375 0.739497915625 0.597792188372093 0.737320834375 0.596567188372093 0.7454854156249999 0.6120781255813954 0.7498375 0.6300375 0.746029165625 0.630445311627907 0.738410415625
0 0.630107811627907 0.706375 0.6105171883720931 0.709095834375 0.5958218744186046 0.70583125 0.5962312488372092 0.719435415625 0.6137812488372092 0.7216125 0.6297 0.7178041656249999 0.630107811627907 0.706375
2 0.3231734372093023 0.660208334375 0.2962343744186047 0.661841665625 0.2815406255813953 0.660208334375 0.2815406255813953 0.6716375 0.2937859372093023 0.673270834375 0.32521562558139533 0.673270834375 0.3231734372093023 0.660208334375
2 0.48361093720930237 0.66229375 0.48361093720930237 0.6524979156249999 0.44252187441860463 0.65124375 0.442795311627907 0.660116665625 0.4558562488372093 0.665558334375 0.469325 0.665558334375 0.48361093720930237 0.66229375
2 0.6329625 0.650316665625 0.5910937488372093 0.648004165625 0.5914984372093023 0.6652812499999999 0.6125531255813954 0.664466665625 0.634595311627907 0.660658334375 0.6329625 0.650316665625