2 0.430195311627907 0.788675 0.442682811627907 0.7873249999999999 0.44234531162790697 0.7715854156249999 0.433232811627907 0.773833334375 0.4153437511627907 0.773383334375 0.4011125 0.76621875 0.399817188372093 0.7724854156250001 0.399479688372093 0.781479165625 0.4163562511627907 0.786875 0.430195311627907 0.788675
2 0.526417188372093 0.784714584375 0.5426187511627907 0.782464584375 0.5426187511627907 0.765825 0.525404688372093 0.769422915625 0.5125781255813954 0.769422915625 0.5003140627906977 0.7651749999999999 0.5000890627906976 0.770772915625 0.5007640627906976 0.781116665625 0.5119031255813954 0.783364584375 0.526417188372093 0.784714584375
2 0.6174093744186047 0.795295834375 0.6312484372093023 0.793945834375 0.6406999999999999 0.791697915625 0.6403625000000001 0.77685625 0.6275359372093023 0.7800041656250001 0.6147093744186047 0.7804541656249999 0.5993562488372093 0.77655625 0.598170311627907 0.783602084375 0.598507811627907 0.792147915625 0.6066093744186047 0.794845834375 0.6174093744186047 0.795295834375
6 0.6362156255813953 0.8078291656250001 0.6179890627906977 0.810077084375 0.6023656255813954 0.8077083343749999 0.6024625 0.8199708343750001 0.6139390627906977 0.8217708343749999 0.6368906255813954 0.8199708343750001 0.6362156255813953 0.8078291656250001
6 0.5366031255813953 0.79655 0.5190515627906976 0.799247915625 0.504067188372093 0.795885415625 0.5042015627906976 0.8077937500000001 0.5136515627906977 0.810491665625 0.5366031255813953 0.809591665625 0.5366031255813953 0.79655
6 0.43609062558139533 0.818327084375 0.4364281255813954 0.8048354156249999 0.4225890627906977 0.8048354156249999 0.40261718837209304 0.7972875 0.40166250000000003 0.8111312500000001 0.4070625 0.8156270843750001 0.41583749999999997 0.818327084375 0.43609062558139533 0.818327084375
6 0.4367218744186046 0.897660415625 0.4367218744186046 0.8855187499999999 0.428282811627907 0.888216665625 0.4134312511627907 0.888216665625 0.3929468744186046 0.8819958343750001 0.39351718837209304 0.8945125 0.4076937488372093 0.898560415625 0.423557811627907 0.8990104156250001 0.4367218744186046 0.897660415625
6 0.541495311627907 0.891270834375 0.541832811627907 0.8804770843749999 0.5283312488372093 0.882725 0.513479688372093 0.883625 0.4987890627906977 0.878558334375 0.49896562558139534 0.889920834375 0.517192188372093 0.89306875 0.5313687511627907 0.89396875 0.541495311627907 0.891270834375
6 0.6288703116279071 0.9079333343749999 0.639670311627907 0.9052354156250001 0.639332811627907 0.893991665625 0.6268453116279069 0.8984895843749999 0.6109812511627908 0.8984895843749999 0.5983031255813954 0.8937375 0.5988296883720929 0.9052354156250001 0.6099687511627907 0.9070333343750001 0.6207687511627907 0.9079333343749999 0.6288703116279071 0.9079333343749999
0 0.434704688372093 0.8728458343750001 0.43436718837209304 0.862052084375 0.420192188372093 0.862052084375 0.39923593720930234 0.85618125 0.3982515627906977 0.8674479156249999 0.41242812558139536 0.871045834375 0.42390468837209305 0.8728458343750001 0.434704688372093 0.8728458343750001
0 0.434017188372093 0.843108334375 0.43469218837209306 0.830516665625 0.41781562558139534 0.830966665625 0.40148281162790694 0.82409375 0.4009390627906977 0.8363625000000001 0.4093765627906977 0.841310415625 0.4205156255813954 0.842660415625 0.434017188372093 0.843108334375
0 0.5358718744186046 0.8357749999999999 0.5358718744186046 0.821835415625 0.522370311627907 0.823633334375 0.5092062488372093 0.824533334375 0.5026218744186046 0.819666665625 0.5027937511627907 0.8344270843749999 0.5142703116279069 0.837575 0.525407811627907 0.837575 0.5358718744186046 0.8357749999999999
0 0.6364609372093023 0.8509229156250001 0.6354468744186047 0.83518125 0.6189093744186047 0.83788125 0.602707811627907 0.8356312499999999 0.602707811627907 0.851372915625 0.615195311627907 0.851820834375 0.6280218744186046 0.851820834375 0.6364609372093023 0.8509229156250001
0 0.6364734372093024 0.87745625 0.6357984372093023 0.8657625 0.6212843744186047 0.8684625 0.601995311627907 0.865583334375 0.601707811627907 0.87790625 0.6145343744186046 0.879704165625 0.6266859372093024 0.879704165625 0.6364734372093024 0.87745625
0 0.5354703116279069 0.8648458343750001 0.534457811627907 0.8545020843750001 0.5202812511627907 0.8576499999999999 0.5022718744186047 0.853733334375 0.501717188372093 0.8648458343750001 0.5135312511627906 0.8670937500000001 0.526695311627907 0.8661958343749999 0.5354703116279069 0.8648458343750001