6 0.5019640627906977 0.551095834375 0.5055406255813953 0.563016665625 0.5356843744186046 0.539516665625 0.5315968744186047 0.53168125 0.5019640627906977 0.551095834375
6 0.5103937511627907 0.581410415625 0.5132046883720931 0.5912875 0.5499890627906977 0.5609729156250001 0.5456468744186046 0.55211875 0.5103937511627907 0.581410415625
6 0.8529562511627907 0.352864584375 0.8555109372093024 0.362402084375 0.8938281255813953 0.33787916562500003 0.8910187488372093 0.328341665625 0.8529562511627907 0.352864584375
6 0.5313406255813954 0.19584791562499998 0.5369609372093024 0.207427084375 0.565317188372093 0.180520834375 0.558929688372093 0.171322915625 0.5313406255813954 0.19584791562499998
6 0.537217188372093 0.155314584375 0.5175468744186046 0.177454165625 0.5211234372093023 0.1852875 0.5550984372093023 0.151908334375 0.551267188372093 0.143735415625 0.537217188372093 0.155314584375
0 0.5230218744186047 0.50986875 0.4933625 0.527522915625 0.492567188372093 0.5292895843750001 0.4965390627906977 0.53988125 0.526729688372093 0.5201083343749999 0.5230218744186047 0.50986875
0 0.4840937511627907 0.509516665625 0.4885953116279069 0.521520834375 0.51905 0.497864584375 0.5145468744186047 0.48656458437500005 0.4840937511627907 0.509516665625
2 0.4703218744186046 0.48585833437500003 0.47455937441860463 0.498570834375 0.5119 0.468910415625 0.506867188372093 0.45831666562500006 0.4703218744186046 0.48585833437500003
2 0.5622156255813954 0.26870625000000004 0.5667171883720931 0.277885415625 0.6011437511627906 0.24751875 0.5950531255813953 0.234102084375 0.5622156255813954 0.26870625000000004
0 0.5510921883720931 0.236572915625 0.5577140627906977 0.248579165625 0.585254688372093 0.21891875 0.5788984372093023 0.20903125 0.5510921883720931 0.236572915625
0 0.5423531255813954 0.21609375000000003 0.5479156255813954 0.22915833437500002 0.5749265627906976 0.203029165625 0.5690999999999999 0.19243749999999998 0.5423531255813954 0.21609375000000003
6 0.8649625 0.37738958437500003 0.8680281255813953 0.388629165625 0.8981718744186047 0.366489584375 0.89485 0.35593125 0.8649625 0.37738958437500003
0 0.8707328116279069 0.39935 0.8754984372093024 0.412414584375 0.9064828116279069 0.39440624999999996 0.9017156255813954 0.380283334375 0.8707328116279069 0.39935
0 0.8786765627906976 0.420183334375 0.8831781255813953 0.43360000000000004 0.914692188372093 0.41206250000000005 0.9091312511627907 0.39864375 0.8786765627906976 0.420183334375
2 0.8855625 0.45125624999999997 0.8911234372093024 0.46573125 0.9266093744186046 0.43819166562499995 0.923167188372093 0.424772915625 0.8855625 0.45125624999999997