6 0.428742188372093 0.48604583437500004 0.438175 0.491591665625 0.4417812488372093 0.48308958437499994 0.42846562558139534 0.47643541562499997 0.4159812511627907 0.469041665625 0.40395 0.456441665625 0.3998906255813953 0.46497708437499996 0.4062718744186047 0.472 0.4168140627906977 0.48013125 0.428742188372093 0.48604583437500004
6 0.42707812558139535 0.514877084375 0.430407811627907 0.50600625 0.42042031162790694 0.50083125 0.41265156279069765 0.497504165625 0.4002890627906977 0.486135415625 0.39656093720930236 0.49787499999999996 0.40349687441860466 0.504158334375 0.4157031255813953 0.5119208343749999 0.42707812558139535 0.514877084375
6 0.662870311627907 0.531579165625 0.6656437488372093 0.523816665625 0.6523281255813954 0.5138375 0.6387343744186046 0.5053354156250001 0.627875 0.495491665625 0.6251390627906976 0.5049645843749999 0.634295311627907 0.511989584375 0.6523281255813954 0.523816665625 0.662870311627907 0.531579165625
6 0.652882811627907 0.5482125 0.642617188372093 0.54008125 0.6242140627906976 0.525591665625 0.6204234372093024 0.5345375 0.6351265627906977 0.546364584375 0.6487203116279069 0.556714584375 0.652882811627907 0.5482125
6 0.851554688372093 0.6885958343749999 0.8360187511627907 0.6823125 0.8203765627906977 0.6699937499999999 0.8174312488372093 0.681202084375 0.8324124999999999 0.69044375 0.8485031255813953 0.6993145843749999 0.851554688372093 0.6885958343749999
6 0.8457296883720931 0.727408334375 0.8482265627906976 0.7189062500000001 0.8313031255813954 0.7118833343750001 0.8213156255813954 0.706708334375 0.8096984372093022 0.6956187500000001 0.8057796883720931 0.705229165625 0.8202062511627908 0.7159500000000001 0.8362968744186047 0.72408125 0.8457296883720931 0.727408334375
2 0.39523281162790697 0.5876458343750001 0.40366562558139535 0.59045625 0.40956875116279073 0.592141665625 0.412520311627907 0.587085415625 0.4139968744186046 0.5795 0.40514218837209304 0.578377084375 0.3929140627906977 0.573320834375 0.373504688372093 0.557979165625 0.37288593720930235 0.5629270843749999 0.3722531255813954 0.572479165625 0.3851140627906977 0.582870834375 0.39523281162790697 0.5876458343750001
2 0.6161218744186047 0.6188 0.6201281255813954 0.62385625 0.6264515627906977 0.629191665625 0.6296140627906976 0.630316665625 0.6336203116279069 0.621045834375 0.624132811627907 0.6162708343750001 0.614857811627907 0.610372915625 0.6083218744186046 0.606439584375 0.5962937511627907 0.593527084375 0.593775 0.600541665625 0.6013640627906977 0.606158334375 0.6102187511627908 0.6134625 0.6161218744186047 0.6188
2 0.8528749999999999 0.6140625 0.8619390627906978 0.61968125 0.872692188372093 0.6247375 0.873745311627907 0.6191187499999999 0.873745311627907 0.612377084375 0.8625718744186047 0.607041665625 0.8353765627906977 0.59046875 0.8336890627906977 0.596366665625 0.8334781255813953 0.6045125 0.8469718744186047 0.608727084375 0.8528749999999999 0.6140625
0 0.8628671883720931 0.642716665625 0.8318343744186046 0.625983334375 0.828925 0.6365354156249999 0.8426281255813953 0.644120834375 0.8603375000000001 0.652829165625 0.8628671883720931 0.642716665625
0 0.8578078116279069 0.6640645843749999 0.8271984372093024 0.6470020843750001 0.825129688372093 0.656197915625 0.8445250000000001 0.667995834375 0.8557 0.673614584375 0.8578078116279069 0.6640645843749999
0 0.6425343744186046 0.579425 0.6450640627906976 0.571279165625 0.616 0.5465416656250001 0.6130203116279069 0.557235415625 0.6256687488372092 0.568189584375 0.6341015627906977 0.573245834375 0.6425343744186046 0.579425
0 0.6381078116279071 0.591504165625 0.638529688372093 0.5895374999999999 0.6241937488372094 0.5827958343749999 0.6092765627906976 0.56910625 0.6056406255813954 0.577739584375 0.6252468744186046 0.592066665625 0.636842188372093 0.597683334375 0.6381078116279071 0.591504165625
0 0.4215875 0.540814584375 0.4238406255813953 0.5299645843749999 0.41430937441860466 0.5276562499999999 0.39312187441860463 0.5114625 0.38935781162790695 0.52280625 0.40668593720930235 0.53458125 0.41430937441860466 0.5392 0.4215875 0.540814584375
0 0.41535000000000005 0.559747915625 0.4189890627906977 0.5479729156250001 0.4046062488372093 0.544047915625 0.3866421883720931 0.53255 0.38398593720930235 0.541970834375 0.3917843744186047 0.54681875 0.4058187488372093 0.5569770843749999 0.41535000000000005 0.559747915625