6 0.5132484372093024 0.4053 0.5123140627906977 0.393452084375 0.4943093744186047 0.403116665625 0.48215 0.40748125 0.48168281162790694 0.41839375 0.5010906255813953 0.41153541562499996 0.5132484372093024 0.4053
6 0.5120796883720931 0.374745834375 0.5116124999999999 0.36508124999999997 0.4875281255813953 0.37599375 0.47209531162790697 0.38129375 0.472329688372093 0.390022915625 0.49617968837209303 0.381604165625 0.5120796883720931 0.374745834375
6 0.6549484372093024 0.33421666562499996 0.6528437488372092 0.3248625 0.6397499999999999 0.329852084375 0.6229140627906977 0.338891665625 0.62455 0.349491665625 0.643957811627907 0.339516665625 0.6549484372093024 0.33421666562499996
6 0.6526093744186047 0.304910415625 0.6512062488372093 0.293375 0.626654688372093 0.304597915625 0.6114562488372094 0.31176875000000004 0.6142625 0.321433334375 0.6355406255813953 0.31145625 0.6526093744186047 0.304910415625
6 0.7823828116279069 0.29586875 0.780279688372093 0.28433333437499997 0.7625078116279069 0.294310415625 0.7487125 0.30148125000000003 0.7533890627906976 0.312391665625 0.7674187511627908 0.303039584375 0.7823828116279069 0.29586875
6 0.7753687511627907 0.331410415625 0.7929062488372093 0.32049791562499996 0.790567188372093 0.311145834375 0.7678859372093023 0.324552084375 0.7547921883720929 0.331097915625 0.7522203116279069 0.33296875 0.7522203116279069 0.34045208437499996 0.7753687511627907 0.331410415625
0 0.5182062511627907 0.431964584375 0.5171937511627908 0.418814584375 0.502020311627907 0.42791875 0.48583437441860466 0.43263958437500005 0.48760468837209303 0.44241875 0.5022734372093023 0.439720834375 0.5182062511627907 0.431964584375
0 0.5214937488372093 0.45556875 0.5212406255813953 0.440058334375 0.5060656255813953 0.448825 0.4903859372093023 0.45523125000000003 0.49316874883720935 0.46534791562500005 0.5088484372093023 0.458941665625 0.5214937488372093 0.45556875
0 0.6585624999999999 0.360916665625 0.6563609372093023 0.34991249999999996 0.6437078116279069 0.357247915625 0.6299531255813954 0.365316665625 0.6310531255813954 0.374854165625 0.644807811627907 0.36751875 0.6585624999999999 0.360916665625
0 0.6636624999999999 0.371679165625 0.6468656255813954 0.380733334375 0.6329281255813953 0.38406875 0.634 0.3936 0.6633062511627906 0.37978125 0.6636624999999999 0.371679165625
0 0.7698062488372093 0.25016875 0.7694484372093022 0.2401625 0.7537234372093022 0.248739584375 0.7397859372093023 0.257316665625 0.7412156255813953 0.26637083437500003 0.7540812511627907 0.258745834375 0.7698062488372093 0.25016875
0 0.7748093744186046 0.26970625 0.7748093744186046 0.263035415625 0.759442188372093 0.26827708437500003 0.7444312488372092 0.276377084375 0.7472906255813954 0.286860415625 0.7587265627906977 0.27780625 0.7748093744186046 0.26970625
2 0.532145311627907 0.48175416562500006 0.5317875 0.46936458437499995 0.5099875 0.48175416562500006 0.494620311627907 0.48556666562500006 0.49605 0.497479165625 0.5157062511627907 0.49080833437500004 0.532145311627907 0.48175416562500006
2 0.6743843744186047 0.410277084375 0.674742188372093 0.39979375 0.651154688372093 0.408370834375 0.6347140627906978 0.417425 0.6393609372093023 0.426479165625 0.657945311627907 0.41933125000000004 0.6743843744186047 0.410277084375
2 0.7669468744186047 0.2163375 0.7637312511627907 0.20728333437500002 0.7440749999999999 0.2163375 0.727992188372093 0.225866665625 0.7308515627906976 0.236827084375 0.7451468744186047 0.22634375 0.7669468744186047 0.2163375