2 0.591120311627907 0.76869375 0.592617188372093 0.7592104156249999 0.5795156255813954 0.763702084375 0.5607968744186046 0.762704165625 0.5626687511627907 0.7716875 0.576520311627907 0.7716875 0.591120311627907 0.76869375
2 0.5944890627906977 0.807129165625 0.5974843744186046 0.79065625 0.573525 0.796147915625 0.5574281255813953 0.797145834375 0.55855 0.80513125 0.576520311627907 0.8076270843750001 0.5944890627906977 0.807129165625
2 0.6966906255813954 0.695816665625 0.6970656255813954 0.683339584375 0.6794703116279069 0.6858354156249999 0.6663671883720931 0.6868333343749999 0.6659937511627907 0.69531875 0.681717188372093 0.69481875 0.6966906255813954 0.695816665625
2 0.7008093744186046 0.73175625 0.7015578116279069 0.716283334375 0.679095311627907 0.720275 0.6633718744186047 0.720275 0.6648703116279069 0.729760415625 0.6802187488372092 0.73175625 0.7008093744186046 0.73175625
2 0.7577125 0.622441665625 0.7595843744186047 0.607466665625 0.7393687488372093 0.608466665625 0.7285125 0.612958334375 0.7292609372093023 0.618947915625 0.7416140627906976 0.620445834375 0.7577125 0.622441665625
2 0.764825 0.65139375 0.764825 0.6399125 0.7419890627906977 0.6459020843750001 0.7247687488372092 0.64390625 0.7262656255813953 0.6543875 0.7453578116279069 0.6543875 0.764825 0.65139375
0 0.6966906255813954 0.6613749999999999 0.6746031255813953 0.663372915625 0.664495311627907 0.6613749999999999 0.6659937511627907 0.67335625 0.6948187511627907 0.671858334375 0.6966906255813954 0.6613749999999999
0 0.7595843744186047 0.583508334375 0.7288859372093023 0.58500625 0.7258906255813954 0.594989584375 0.7558406255813953 0.5959875 0.7595843744186047 0.583508334375
0 0.5899968744186046 0.736247915625 0.573525 0.742239584375 0.561920311627907 0.738245834375 0.561545311627907 0.752720834375 0.5899968744186046 0.749725 0.5899968744186046 0.736247915625
8 0.591495311627907 0.7132875000000001 0.5604218744186046 0.715783334375 0.561545311627907 0.7267645843749999 0.5888734372093023 0.7262666656250001 0.591495311627907 0.7132875000000001
8 0.6936953116279071 0.63641875 0.6652437488372094 0.6389145843749999 0.6652437488372094 0.649895834375 0.6936953116279071 0.6469 0.6936953116279071 0.63641875
8 0.7584609372093023 0.5590499999999999 0.7266406255813953 0.5630437500000001 0.7266406255813953 0.573525 0.7562140627906977 0.572527084375 0.7584609372093023 0.5590499999999999
9 0.5941156255813953 0.6838375 0.573525 0.688329165625 0.5570531255813954 0.68733125 0.5544328116279069 0.695816665625 0.593367188372093 0.69531875 0.5941156255813953 0.6838375
9 0.6985625 0.61795 0.6985625 0.608466665625 0.6633718744186047 0.6104625 0.6603781255813954 0.608964584375 0.6603781255813954 0.616952084375 0.6985625 0.61795
9 0.7614562488372094 0.5301 0.7352500000000001 0.53309375 0.721025 0.534091665625 0.723270311627907 0.5440750000000001 0.7595843744186047 0.541579165625 0.7614562488372094 0.5301