9 0.5471515627906977 0.6095312500000001 0.5485406255813954 0.5984166656250001 0.5281750000000001 0.5984166656250001 0.509429688372093 0.596875 0.5078109372093023 0.606752084375 0.533267188372093 0.610147915625 0.5471515627906977 0.6095312500000001
9 0.6420343744186046 0.572795834375 0.6117187488372093 0.573104165625 0.6121812488372093 0.5823645843749999 0.6219015627906976 0.582672915625 0.651292188372093 0.57896875 0.651754688372093 0.5700166656250001 0.6420343744186046 0.572795834375
9 0.7170156255813953 0.5774250000000001 0.7167843744186047 0.5681645843750001 0.6964187488372093 0.569089584375 0.6770796883720931 0.570627084375 0.677442188372093 0.5811291656249999 0.6894765627906977 0.57896875 0.7170156255813953 0.5774250000000001
8 0.5429859372093023 0.638858334375 0.5436812511627906 0.625891665625 0.5110062488372094 0.626947915625 0.51105 0.637314584375 0.520075 0.639783334375 0.5429859372093023 0.638858334375
8 0.6169 0.613833334375 0.6499031255813954 0.61261875 0.6492093744186047 0.599960415625 0.6177359372093024 0.60243125 0.6169 0.613833334375
8 0.6834437488372093 0.610360415625 0.7142390627906977 0.608604165625 0.714007811627907 0.594404165625 0.6836906255813954 0.598108334375 0.6834437488372093 0.610360415625
0 0.541829688372093 0.652441665625 0.5103562488372093 0.651822915625 0.5098937488372093 0.661085415625 0.5420609372093024 0.664170834375 0.541829688372093 0.652441665625
0 0.650829688372093 0.624039584375 0.618345311627907 0.625020834375 0.6193562488372093 0.63700625 0.6503656255813953 0.637314584375 0.650829688372093 0.624039584375
0 0.714470311627907 0.618483334375 0.7040562511627907 0.622495834375 0.683732811627907 0.62231875 0.6839218744186046 0.6339187500000001 0.7137749999999999 0.633302084375 0.714470311627907 0.618483334375
2 0.5409031255813954 0.686397915625 0.5410968744186047 0.673627084375 0.5103562488372093 0.673125 0.5101249999999999 0.685164584375 0.5267875 0.6833125 0.5409031255813954 0.686397915625
2 0.5455328116279069 0.72035625 0.5462265627906977 0.7077 0.5043515627906977 0.70603125 0.5050328116279069 0.716960415625 0.5103562488372093 0.7206645843749999 0.5455328116279069 0.72035625
2 0.6399515627906976 0.69596875 0.656845311627907 0.6919562499999999 0.6575406255813954 0.6774458343750001 0.63625 0.681458334375 0.6154531255813953 0.6821125 0.6161156255813953 0.6922645843749999 0.6200500000000001 0.694733334375 0.6399515627906976 0.69596875
2 0.721875 0.6888687499999999 0.7221062511627907 0.675902084375 0.6813765627906977 0.681458334375 0.6827656255813954 0.691029165625 0.6959562511627907 0.690102084375 0.721875 0.6888687499999999
2 0.7160906255813954 0.644414584375 0.6850796883720931 0.646575 0.6839218744186046 0.659541665625 0.7160906255813954 0.6567624999999999 0.7160906255813954 0.644414584375
2 0.6503656255813953 0.656145834375 0.650829688372093 0.64719375 0.6209500000000001 0.65009375 0.6207437511627907 0.659541665625 0.6244468744186047 0.659233334375 0.6503656255813953 0.656145834375