2 0.4432125 0.7539104156249999 0.4424218744186047 0.765172915625 0.47647343720930235 0.767285415625 0.4756812488372093 0.754966665625 0.4432125 0.7539104156249999
2 0.438725 0.7862916656250001 0.43925312558139534 0.802483334375 0.4814890627906977 0.800370834375 0.4814890627906977 0.783829165625 0.438725 0.7862916656250001
2 0.5659609372093023 0.882379165625 0.5646406255813954 0.8999770843749999 0.607932811627907 0.9017375 0.607932811627907 0.88730625 0.5659609372093023 0.882379165625
2 0.5701843744186047 0.8514062499999999 0.5699203116279069 0.8644291656249999 0.6047656255813953 0.8654833343749999 0.6031812488372092 0.8517583343749999 0.5701843744186047 0.8514062499999999
2 0.531645311627907 0.5751125 0.530325 0.588839584375 0.5630578116279069 0.592358334375 0.5643781255813953 0.5800395843749999 0.531645311627907 0.5751125
2 0.529004688372093 0.540970834375 0.5274203116279069 0.5543458343750001 0.5730890627906976 0.561385415625 0.5709765627906976 0.54730625 0.529004688372093 0.540970834375
0 0.4428484372093023 0.728964584375 0.4428484372093023 0.743097915625 0.476342188372093 0.743097915625 0.4754937488372093 0.730660415625 0.4428484372093023 0.728964584375
0 0.5706781255813953 0.825914584375 0.5708906255813954 0.8406125 0.605232811627907 0.8425916656249999 0.6039609372093022 0.828458334375 0.5706781255813953 0.825914584375
0 0.5619859372093023 0.604314584375 0.5291281255813953 0.598660415625 0.5276437511627907 0.612229165625 0.528279688372093 0.61420625 0.5609265627906976 0.6153375 0.5619859372093023 0.604314584375
8 0.5276437511627907 0.620989584375 0.527220311627907 0.6342749999999999 0.5592312488372093 0.640777084375 0.559442188372093 0.626927084375 0.5276437511627907 0.620989584375
8 0.4417875 0.7057875 0.4415765627906977 0.7199187499999999 0.4754937488372093 0.7196374999999999 0.47507031162790697 0.7057875 0.4417875 0.7057875
8 0.5721625 0.803866665625 0.5715265627906977 0.8174354156250001 0.6041718744186046 0.819979165625 0.604807811627907 0.804997915625 0.5721625 0.803866665625
9 0.5672859372093023 0.7750375 0.5677109372093023 0.78634375 0.6103203116279069 0.788320834375 0.610107811627907 0.778429165625 0.5672859372093023 0.7750375
9 0.43606406279069765 0.677520834375 0.4371234372093023 0.689958334375 0.4795218744186046 0.689110415625 0.478675 0.677520834375 0.43606406279069765 0.677520834375
9 0.5198 0.650952084375 0.5191640627906977 0.66310625 0.5630468744186047 0.669889584375 0.563682811627907 0.660279165625 0.5198 0.650952084375