2 0.4623093744186047 0.409895834375 0.47740468837209304 0.409895834375 0.4763515627906977 0.398204165625 0.4640656255813953 0.39773541562500003 0.4538859372093023 0.398670834375 0.434695311627907 0.402035415625 0.43422812558139534 0.408960415625 0.43457812558139536 0.41644375 0.4482687488372093 0.41083125000000004 0.4623093744186047 0.409895834375
2 0.4735437488372093 0.431410415625 0.441642188372093 0.43703541562500003 0.44195 0.44731249999999995 0.45528906279069764 0.44450625 0.47494687441860467 0.44263541562500003 0.4735437488372093 0.431410415625
2 0.6303718744186046 0.47107708437499995 0.6307218744186046 0.458916665625 0.6082562488372093 0.458447915625 0.5885984372093024 0.456577084375 0.58895 0.462189584375 0.5893 0.47154375000000004 0.6138734372093023 0.469672915625 0.6303718744186046 0.47107708437499995
2 0.6258078116279069 0.49072083437499997 0.6079046883720931 0.492122915625 0.5929609372093023 0.492620834375 0.5935125 0.5024124999999999 0.6072031255813954 0.50288125 0.625457811627907 0.5024124999999999 0.6258078116279069 0.49072083437499997
2 0.6883515627906976 0.50419375 0.702392188372093 0.50185625 0.7009890627906977 0.48922708437500007 0.6785218744186047 0.49343750000000003 0.6605140627906977 0.495708334375 0.660620311627907 0.499985415625 0.6616718744186046 0.508404165625 0.6718531255813953 0.506064584375 0.6883515627906976 0.50419375
2 0.6992328116279071 0.5238375 0.6890531255813953 0.5252416656250001 0.6682343744186047 0.5271041656250001 0.6690437488372093 0.540208334375 0.6841390627906977 0.537402084375 0.7006375 0.533191665625 0.6992328116279071 0.5238375
0 0.7017468744186046 0.546527084375 0.6824406255813954 0.551672915625 0.670154688372093 0.551672915625 0.6717078116279069 0.5626187500000001 0.6866531255813954 0.560091665625 0.7031515627906977 0.556816665625 0.7017468744186046 0.546527084375
0 0.6255734372093024 0.51659375 0.6080218744186047 0.51659375 0.5929609372093023 0.515266665625 0.5932781255813954 0.52548125 0.606617188372093 0.52548125 0.6245203116279069 0.52781875 0.6255734372093024 0.51659375
0 0.4764609372093024 0.45479375 0.4620687488372093 0.4552625 0.44395937441860467 0.458652084375 0.44451718837209303 0.47116458437500003 0.4550484372093023 0.46835833437499996 0.4764609372093024 0.466954165625 0.4764609372093024 0.45479375
8 0.4768125 0.4777125 0.45926093720930233 0.479114584375 0.44592187441860465 0.48332499999999995 0.446275 0.49365 0.46031406279069764 0.491275 0.47786562558139534 0.487533334375 0.4768125 0.4777125
8 0.624745311627907 0.539185415625 0.6075453116279069 0.539185415625 0.5935031255813954 0.538716665625 0.5937328116279069 0.5512958343750001 0.611757811627907 0.551345834375 0.6250968744186046 0.551345834375 0.624745311627907 0.539185415625
8 0.7032921883720931 0.56828125 0.6878468744186047 0.571554165625 0.6717078116279069 0.57445625 0.6731031255813954 0.586989584375 0.6934640627906977 0.583714584375 0.7032921883720931 0.580441665625 0.7032921883720931 0.56828125
9 0.711717188372093 0.6080375 0.7113656255813954 0.5977479156250001 0.6881984372093023 0.602425 0.6697781255813954 0.605852084375 0.6706468744186046 0.609908334375 0.6724015627906977 0.6159875 0.690304688372093 0.612714584375 0.711717188372093 0.6080375
9 0.6285218744186046 0.57950625 0.6281718744186047 0.570152084375 0.6085140627906976 0.5710875 0.5891015627906977 0.56879375 0.589557811627907 0.572958334375 0.5902593744186047 0.5790375 0.6095671883720931 0.57950625 0.6285218744186046 0.57950625
9 0.48529375116279067 0.517935415625 0.484942188372093 0.508114584375 0.4586156255813954 0.5113875 0.4428015627906977 0.513208334375 0.4428187488372093 0.517935415625 0.44492499999999996 0.524016665625 0.46949687441860466 0.519339584375 0.48529375116279067 0.517935415625