2 0.43276562558139536 0.493429165625 0.43403437441860465 0.50595 0.4769312488372093 0.499520834375 0.4756609372093023 0.486660415625 0.43276562558139536 0.493429165625
2 0.496982811627907 0.518810415625 0.4982515627906977 0.533702084375 0.5398781255813954 0.5255791656250001 0.539117188372093 0.51271875 0.496982811627907 0.518810415625
2 0.4982515627906977 0.484629165625 0.4987593744186047 0.49748958437499996 0.5312484372093023 0.492075 0.5312484372093023 0.479891665625 0.4982515627906977 0.484629165625
2 0.30991562558139535 0.397991665625 0.310170311627907 0.410175 0.3535734372093023 0.403745834375 0.3540812488372093 0.390208334375 0.30991562558139535 0.397991665625
2 0.3104234372093023 0.362795834375 0.311692188372093 0.3783625 0.34646718837209306 0.37125625 0.34545156279069766 0.358735415625 0.3104234372093023 0.362795834375
2 0.4342890627906976 0.458570834375 0.43505 0.47109375 0.4675390627906977 0.466354165625 0.46728593720930234 0.455525 0.4342890627906976 0.458570834375
0 0.43276562558139536 0.43521875000000004 0.43327343720930234 0.448079165625 0.46779374883720926 0.44401875 0.46677812558139536 0.431495834375 0.43276562558139536 0.43521875000000004
0 0.49419062558139537 0.460939584375 0.49545937441860466 0.47481458437499996 0.5304875 0.4690625 0.5287109372093023 0.45653958437500003 0.49419062558139537 0.460939584375
0 0.30915468837209303 0.340458334375 0.3096625 0.35298124999999997 0.3441828116279069 0.34790416562500004 0.343420311627907 0.333691665625 0.30915468837209303 0.340458334375
8 0.30610937441860464 0.3140625 0.3078859372093023 0.330645834375 0.340882811627907 0.324891665625 0.34012031162790696 0.3096625 0.30610937441860464 0.3140625
8 0.4304812488372093 0.410852084375 0.43124218837209305 0.425404165625 0.463732811627907 0.42100625 0.463732811627907 0.40645208437499997 0.4304812488372093 0.410852084375
8 0.49419062558139537 0.438604165625 0.49419062558139537 0.45112500000000005 0.527695311627907 0.4463875 0.5261718744186047 0.43251249999999997 0.49419062558139537 0.438604165625
9 0.30001718837209307 0.28901875 0.30027031162790696 0.299510415625 0.34316718837209303 0.291725 0.34215156279069764 0.280558334375 0.30001718837209307 0.28901875
9 0.42235937441860466 0.3827625 0.422867188372093 0.394608334375 0.46627031162790694 0.388177084375 0.46347812558139534 0.376333334375 0.42235937441860466 0.3827625
9 0.48733750000000003 0.410514584375 0.48784531162790695 0.42168124999999995 0.529725 0.41457499999999997 0.5279484372093023 0.4054375 0.48733750000000003 0.410514584375