9 0.37236406279069767 0.668895834375 0.37567968837209303 0.6797770843750001 0.41419062558139536 0.66549375 0.41317031162790696 0.6563125000000001 0.37236406279069767 0.668895834375
9 0.5182484372093022 0.568577084375 0.5200343744186047 0.580479165625 0.5636468744186046 0.5675583343749999 0.5605859372093023 0.557016665625 0.5182484372093022 0.568577084375
9 0.27978281162790697 0.507366665625 0.2828437511627907 0.516547915625 0.32339531162790697 0.5039666656249999 0.32186562558139536 0.495125 0.27978281162790697 0.507366665625
8 0.287179688372093 0.53253125 0.289729688372093 0.546472915625 0.32339531162790697 0.537291665625 0.322629688372093 0.5230104156250001 0.287179688372093 0.53253125
0 0.29279062558139535 0.554635415625 0.2940656255813953 0.570277084375 0.3262015627906977 0.560416665625 0.3251812511627907 0.54749375 0.29279062558139535 0.554635415625
0 0.36930312558139533 0.6134645843750001 0.3705781255813953 0.6270687500000001 0.403479688372093 0.61720625 0.4014390627906977 0.606664584375 0.36930312558139533 0.6134645843750001
0 0.5312562511627907 0.617545834375 0.5317656255813954 0.630808334375 0.565432811627907 0.6223062500000001 0.5628812511627908 0.608025 0.5312562511627907 0.617545834375
8 0.528195311627907 0.593741665625 0.529470311627907 0.609385415625 0.5618609372093023 0.5981625 0.5608406255813954 0.584560415625 0.528195311627907 0.593741665625
8 0.371854688372093 0.636929165625 0.3738937511627907 0.6512125 0.4075593744186046 0.641010415625 0.406029688372093 0.6291083343749999 0.371854688372093 0.636929165625
2 0.29534062558139534 0.5794604156250001 0.29636093720930234 0.5920416656249999 0.33002656279069764 0.580139584375 0.328242188372093 0.571297915625 0.29534062558139534 0.5794604156250001
2 0.2958515627906977 0.61210625 0.299167188372093 0.628427084375 0.34073906279069766 0.614485415625 0.33895312558139534 0.600883334375 0.2958515627906977 0.61210625
2 0.3639468744186046 0.588641665625 0.36547812558139536 0.602922915625 0.402204688372093 0.5930625 0.3988890627906977 0.581160415625 0.3639468744186046 0.588641665625
2 0.3560406255813953 0.5583750000000001 0.35655156279069766 0.574697915625 0.40092968837209303 0.5607562500000001 0.39735781162790695 0.5468145843750001 0.3560406255813953 0.5583750000000001
2 0.5317656255813954 0.67365625 0.5350812488372093 0.687258334375 0.5774187511627907 0.6777375 0.5763984372093023 0.664475 0.5317656255813954 0.67365625
2 0.5320218744186047 0.64135 0.5358468744186047 0.656652084375 0.5690031255813953 0.646110415625 0.5669625 0.6311479156249999 0.5320218744186047 0.64135