9 0.4319562488372093 0.788133334375 0.442779688372093 0.78635 0.4434484372093023 0.777614584375 0.4262093744186046 0.780110415625 0.40469687441860464 0.7786291656250001 0.404025 0.78670625 0.4203281255813954 0.787954165625 0.4319562488372093 0.788133334375
8 0.4397406255813954 0.818610415625 0.439607811627907 0.8055958343749999 0.42824843720930234 0.8071999999999999 0.40873750000000003 0.8055958343749999 0.4080687488372093 0.818610415625 0.4222343744186046 0.8219958343749999 0.4397406255813954 0.818610415625
0 0.439475 0.840664584375 0.43934062558139536 0.8290770843749999 0.4087062488372093 0.829954165625 0.40860312558139533 0.84013125 0.4321234372093023 0.843339584375 0.439475 0.840664584375
2 0.438404688372093 0.8620583343750001 0.4385390627906977 0.8527875 0.40753750000000005 0.853479165625 0.40753437441860463 0.86295 0.425175 0.864554165625 0.438404688372093 0.8620583343750001
2 0.434395311627907 0.900920834375 0.44375 0.8961083343749999 0.4442859372093024 0.883272915625 0.4261109372093023 0.8880854156250001 0.4033593744186047 0.886227084375 0.40365937441860467 0.895929165625 0.4116765627906977 0.9014562500000001 0.434395311627907 0.900920834375
9 0.48771874883720934 0.8087562500000001 0.47769531162790696 0.8091125 0.47809687441860466 0.8174895843750001 0.496004688372093 0.817847915625 0.515917188372093 0.81499375 0.51605 0.8053687500000001 0.48771874883720934 0.8087562500000001
8 0.5151140627906976 0.843875 0.5149812511627907 0.83193125 0.49840937441860467 0.835852084375 0.483892188372093 0.8369937500000001 0.4842437488372093 0.848866665625 0.5057593744186046 0.8467270843750001 0.5151140627906976 0.843875
0 0.5164515627906977 0.86883125 0.5161843744186047 0.855283334375 0.501617188372093 0.8595625 0.4850609372093023 0.8606083343750001 0.4853125 0.8716854156249999 0.5025531255813954 0.8716854156249999 0.5164515627906977 0.86883125
2 0.517154688372093 0.8795624999999999 0.5100718744186047 0.8795624999999999 0.5048609372093024 0.8845541656250001 0.48695312558139536 0.885089584375 0.4870859372093023 0.8936458343749999 0.5176906255813953 0.8936458343749999 0.517154688372093 0.8795624999999999
2 0.5237031255813953 0.923772915625 0.523570311627907 0.9123645843749999 0.5043265627906977 0.916641665625 0.48508124883720927 0.9173562499999999 0.48481406279069766 0.92894375 0.5146156255813953 0.9282291656250001 0.5237031255813953 0.923772915625
9 0.6252968744186047 0.790483334375 0.6259640627906977 0.7993958343750001 0.6639187511627908 0.7988625 0.6644531255813955 0.78905625 0.6456093744186047 0.791552084375 0.6252968744186047 0.790483334375
8 0.6604437511627907 0.816510415625 0.6283703116279069 0.816866665625 0.6274343744186047 0.8300583343750001 0.6604437511627907 0.831129165625 0.6604437511627907 0.816510415625
0 0.6601765627906977 0.852520834375 0.6608453116279069 0.8393291656249999 0.6498859372093024 0.841645834375 0.6279125 0.84078125 0.6281031255813954 0.854125 0.6434718744186047 0.854660415625 0.6601765627906977 0.852520834375
2 0.6603109372093022 0.866247915625 0.6289156255813954 0.865510415625 0.628904688372093 0.8781916656250001 0.659375 0.878370834375 0.6603109372093022 0.866247915625
2 0.6637843744186046 0.911529165625 0.6647203116279069 0.89869375 0.6365218744186046 0.901722915625 0.6246281255813954 0.899583334375 0.6247625 0.9111708343749999 0.644807811627907 0.9127770843749999 0.6637843744186046 0.911529165625