9 0.27821562558139534 0.666375 0.2588140627906977 0.671704165625 0.23598750000000002 0.672464584375 0.236425 0.6824041656250001 0.25177499999999997 0.682360415625 0.26737343720930234 0.680583334375 0.27802499999999997 0.67703125 0.27821562558139534 0.666375
9 0.323104688372093 0.660539584375 0.29267187441860465 0.6656125 0.29349843720930235 0.6751104156250001 0.31359531162790694 0.6722104156250001 0.33204531162790696 0.66764375 0.3310937511627907 0.657239584375 0.323104688372093 0.660539584375
9 0.35924531162790696 0.628341665625 0.35962656279069766 0.6357 0.3600062488372093 0.6374770843750001 0.376175 0.632375 0.39880937441860465 0.623747915625 0.396717188372093 0.613879165625 0.35924531162790696 0.628341665625
8 0.24240312558139535 0.702210415625 0.24427187441860465 0.715379165625 0.27645156279069766 0.7095687500000001 0.2755 0.696120834375 0.2595234372093023 0.700689584375 0.24240312558139535 0.702210415625
8 0.29965781162790694 0.694091665625 0.3007984372093024 0.7062708343749999 0.33123281162790696 0.699927084375 0.33123281162790696 0.6869875000000001 0.29965781162790694 0.694091665625
8 0.38163906279069765 0.648927084375 0.367182811627907 0.6527333343749999 0.370070311627907 0.66655 0.3782156255813954 0.6626291656250001 0.3995187511627907 0.657554165625 0.39856718837209304 0.643852084375 0.38163906279069765 0.648927084375
0 0.24468593720930232 0.723779165625 0.2449859372093023 0.737572915625 0.27778281162790697 0.7311375 0.2772125 0.721495834375 0.26256562558139535 0.7227625 0.24468593720930232 0.723779165625
0 0.3027015627906977 0.717689584375 0.30384218837209304 0.729360415625 0.3359875 0.721747915625 0.33446562558139536 0.711345834375 0.313542188372093 0.716420834375 0.3027015627906977 0.717689584375
0 0.4021812511627907 0.666941665625 0.38924687441860467 0.67303125 0.3719375 0.6763312499999999 0.373079688372093 0.6887624999999999 0.3793562511627907 0.6852104156250001 0.39457343720930227 0.682672915625 0.40332343720930236 0.6776 0.4021812511627907 0.666941665625
2 0.26256562558139535 0.7481375 0.24753906279069765 0.7481375 0.24736406279069767 0.7585 0.268082811627907 0.757270834375 0.27911406279069767 0.75245 0.27930468837209305 0.7448375 0.26256562558139535 0.7481375
2 0.27626093720930234 0.79025625 0.2869125 0.78771875 0.285392188372093 0.77325625 0.267892188372093 0.779091665625 0.2457 0.781329165625 0.24677812558139534 0.795077084375 0.26389687441860465 0.794316665625 0.27626093720930234 0.79025625
2 0.31982031162790703 0.7379875 0.30498281162790697 0.740270834375 0.30536406279069767 0.7514354156249999 0.320770311627907 0.746614584375 0.3375093744186046 0.74356875 0.3375093744186046 0.7329125000000001 0.31982031162790703 0.7379875
2 0.33104218837209304 0.7821374999999999 0.34492812558139535 0.779091665625 0.3451187488372093 0.76310625 0.3390312488372093 0.767675 0.3262875 0.770464584375 0.3042 0.7749875 0.3057437488372093 0.78594375 0.3200093744186046 0.784675 0.33104218837209304 0.7821374999999999
2 0.38962812558139537 0.69764375 0.3749812511627907 0.701195834375 0.37672968837209303 0.710622915625 0.3921 0.7083 0.405795311627907 0.70145 0.40560468837209307 0.690539584375 0.38962812558139537 0.69764375
2 0.391529688372093 0.743316665625 0.41568593720930236 0.7336750000000001 0.41435468837209305 0.720479165625 0.396475 0.730883334375 0.3750656255813954 0.734720834375 0.3747906255813953 0.74179375 0.3772640627906977 0.74610625 0.391529688372093 0.743316665625