9 0.6637531255813953 0.234125 0.6574531255813953 0.23082291562499999 0.640125 0.22782083437499998 0.6252734372093023 0.229620834375 0.6246156255813954 0.237527084375 0.63135 0.235325 0.6561031255813954 0.23712499999999997 0.6628531255813953 0.241329165625 0.6637531255813953 0.234125
9 0.729117188372093 0.26230000000000003 0.738982811627907 0.26698750000000004 0.7397937488372093 0.25634999999999997 0.7177656255813955 0.253827084375 0.7019 0.25303749999999997 0.7007374999999999 0.26211875 0.7096562511627907 0.26121875 0.729117188372093 0.26230000000000003
9 0.8621875000000001 0.179341665625 0.853267188372093 0.175735415625 0.8246171883720931 0.174654165625 0.8223687488372093 0.18409999999999999 0.832725 0.182225 0.8555656255813954 0.184208334375 0.8623218744186046 0.18565 0.8621875000000001 0.179341665625
8 0.6564328116279069 0.27166458437499996 0.6575140627906977 0.258683334375 0.6384593744186047 0.25543958437500003 0.6260359372093023 0.255064584375 0.6253500000000001 0.267879165625 0.6472437511627908 0.26949999999999996 0.6564328116279069 0.27166458437499996
0 0.6546765627906976 0.295820834375 0.6549468744186047 0.28248125 0.6427843744186047 0.282120834375 0.639945311627907 0.279595834375 0.6238390627906977 0.27939375 0.623592188372093 0.291133334375 0.6472437511627908 0.29383750000000003 0.6546765627906976 0.295820834375
2 0.6527031255813954 0.31789999999999996 0.6533281255813953 0.306395834375 0.6347062488372093 0.30372916562499996 0.6220625 0.302958334375 0.621207811627907 0.315566665625 0.6365812511627907 0.3164 0.6527031255813954 0.31789999999999996
2 0.6224578116279069 0.34674166562500003 0.646329688372093 0.349741665625 0.6540781255813954 0.353077084375 0.6543281255813953 0.34073958437499996 0.6343312488372093 0.33757291562499997 0.6153343744186046 0.3357375 0.6143343744186046 0.337239584375 0.6139593744186046 0.345241665625 0.6224578116279069 0.34674166562500003
8 0.733575 0.2975625 0.73395 0.283058334375 0.7031562511627907 0.281916665625 0.7034562488372093 0.294060415625 0.7252015627906977 0.295227084375 0.733575 0.2975625
0 0.733325 0.320235415625 0.7338250000000001 0.30839791562499996 0.7022187511627908 0.306708334375 0.7020812488372093 0.316733334375 0.7217031255813953 0.317402084375 0.733325 0.320235415625
2 0.7240765627906977 0.342408334375 0.73295 0.34340833437499996 0.7330749999999999 0.3307375 0.7012812488372092 0.330041665625 0.7012062488372093 0.338408334375 0.7198281255813953 0.338741665625 0.7240765627906977 0.342408334375
2 0.7351062488372093 0.37669375 0.7359812511627908 0.36735625 0.7289828116279069 0.363022915625 0.6951875000000001 0.362541665625 0.6938640627906976 0.369191665625 0.6943625 0.374358334375 0.7351062488372093 0.37669375
8 0.8554218744186047 0.21930624999999998 0.8572968744186046 0.20713750000000003 0.835175 0.20330208437500003 0.8250312511627907 0.20504166562499998 0.8253015627906978 0.21630625 0.8408 0.21613958437499997 0.8554218744186047 0.21930624999999998
0 0.8552968744186046 0.24281458437499998 0.8560468744186047 0.230310415625 0.841425 0.229810415625 0.8244062488372093 0.229833334375 0.8231781255813954 0.23064374999999998 0.8229281255813954 0.23997916562500002 0.8552968744186046 0.24281458437499998
2 0.8542968744186046 0.253983334375 0.8220625 0.25295833437500004 0.8216781255813954 0.263654165625 0.8544218744186046 0.265154165625 0.8542968744186046 0.253983334375
2 0.8491734372093024 0.29715625 0.8575468744186047 0.298822915625 0.8570468744186046 0.285654165625 0.8429249999999999 0.285654165625 0.81675 0.285458334375 0.8168031255813953 0.2909875 0.8165531255813954 0.296989584375 0.8491734372093024 0.29715625