2 0.38105312558139537 0.629264584375 0.3922859372093023 0.6283291656250001 0.3929875 0.6245875 0.3929875 0.617104165625 0.37894687441860464 0.61616875 0.3505437488372093 0.621808334375 0.3501609372093023 0.626927084375 0.35086406279069765 0.6358125 0.36876562558139536 0.631135415625 0.38105312558139537 0.629264584375
2 0.3908812488372093 0.649377084375 0.377542188372093 0.651716665625 0.3574906255813953 0.6552625 0.3578843744186046 0.666214584375 0.36911718837209306 0.66434375 0.39123281162790696 0.660602084375 0.3908812488372093 0.649377084375
2 0.5132765627906977 0.629966665625 0.5132765627906977 0.623885415625 0.511520311627907 0.618272915625 0.4950218744186047 0.6206125 0.4694359372093023 0.625925 0.46764218837209304 0.6332395843749999 0.47045 0.6397875 0.4925656255813954 0.6360458343750001 0.5132765627906977 0.629966665625
2 0.5108187488372093 0.651947915625 0.496075 0.656625 0.47947187441860467 0.659379165625 0.4809812488372093 0.672527084375 0.4992343744186047 0.667383334375 0.5118718744186046 0.6631729156249999 0.5108187488372093 0.651947915625
2 0.6281812488372093 0.66959375 0.59605 0.672245834375 0.5965874999999999 0.6859625 0.6085234372093024 0.685495834375 0.6285312511627907 0.6836249999999999 0.6281812488372093 0.66959375
2 0.6299359372093023 0.647141665625 0.6295843744186046 0.63545 0.6099265627906977 0.6391916656250001 0.588329688372093 0.639820834375 0.5888656255813953 0.64620625 0.5902687488372093 0.6522875 0.611682811627907 0.650416665625 0.6299359372093023 0.647141665625
0 0.6292343744186046 0.6920437500000001 0.6137890627906977 0.69438125 0.5972078116279069 0.6948937500000001 0.5976406255813954 0.709816665625 0.610629688372093 0.707945834375 0.6295843744186046 0.705139584375 0.6292343744186046 0.6920437500000001
0 0.5144468744186046 0.673802084375 0.5021609372093023 0.6780125 0.482175 0.682539584375 0.483204688372093 0.6925104156249999 0.4979484372093023 0.689704165625 0.5147968744186047 0.685495834375 0.5144468744186046 0.673802084375
0 0.39227812558139535 0.6722083343749999 0.3590359372093024 0.67739375 0.35998281162790696 0.689514584375 0.37507812558139536 0.68764375 0.39262968837209306 0.6848375 0.39227812558139535 0.6722083343749999
8 0.39262968837209306 0.69559375 0.3761312488372093 0.6993375000000001 0.3617390627906977 0.700272915625 0.3621234372093023 0.7139375 0.3778859372093023 0.7105625 0.393682811627907 0.705885415625 0.39262968837209306 0.69559375
8 0.4844906255813954 0.70364375 0.48634531162790695 0.717172915625 0.5168859372093023 0.709689584375 0.5165343744186046 0.697529165625 0.4844906255813954 0.70364375
8 0.5995234372093023 0.7190833343749999 0.599875 0.7328 0.6314687511627907 0.729525 0.631117188372093 0.71549375 0.5995234372093023 0.7190833343749999
9 0.6374359372093023 0.756185415625 0.636382811627907 0.744960415625 0.6233937488372092 0.74916875 0.6086515627906977 0.751508334375 0.5956625000000001 0.750479165625 0.5967156255813953 0.7608625 0.610054688372093 0.7613291656250001 0.6297124999999999 0.758522915625 0.6374359372093023 0.756185415625
9 0.525104688372093 0.737008334375 0.5240515627906976 0.727654165625 0.507904688372093 0.731395834375 0.4970218744186046 0.734202084375 0.483682811627907 0.737008334375 0.4850875 0.7463625 0.499479688372093 0.7435562499999999 0.516679688372093 0.740283334375 0.525104688372093 0.737008334375
9 0.401657811627907 0.7348125 0.40130625116279073 0.7254583343750001 0.3777875 0.731539584375 0.3590359372093024 0.732464584375 0.359182811627907 0.739022915625 0.3605859372093023 0.744635415625 0.3834031255813954 0.739958334375 0.401657811627907 0.7348125