9 0.6036343744186046 0.7919229156250001 0.6036343744186046 0.78269375 0.5845968744186046 0.790539584375 0.5641765627906977 0.793308334375 0.566945311627907 0.802077084375 0.5773281255813953 0.802077084375 0.6036343744186046 0.7919229156250001
9 0.6645515627906977 0.79930625 0.6787421883720931 0.796077084375 0.678395311627907 0.7854625000000001 0.653475 0.792845834375 0.6410156255813955 0.794691665625 0.6396296883720931 0.801154165625 0.6468984372093024 0.8002312500000001 0.6645515627906977 0.79930625
9 0.790192188372093 0.776233334375 0.7912312488372093 0.766079165625 0.767695311627907 0.7683875 0.7514265627906977 0.767002084375 0.7517734372093023 0.776233334375 0.7711562511627907 0.778079165625 0.790192188372093 0.776233334375
8 0.7860390627906977 0.7490041656249999 0.7867312511627907 0.734697915625 0.7739250000000001 0.7370062500000001 0.7559265627906977 0.7360833343750001 0.7545421883720931 0.746235415625 0.7735796883720931 0.74808125 0.7860390627906977 0.7490041656249999
8 0.671820311627907 0.767464584375 0.671820311627907 0.7550041656250001 0.6565906255813954 0.7623875 0.642745311627907 0.7623875 0.6389375 0.7716166656250001 0.657282811627907 0.7716166656250001 0.671820311627907 0.767464584375
8 0.5967109372093024 0.767002084375 0.5967109372093024 0.752695834375 0.5814828116279069 0.75961875 0.566945311627907 0.761927084375 0.5672906255813953 0.7730020843750001 0.5811359372093023 0.7706937500000001 0.5967109372093024 0.767002084375
0 0.593942188372093 0.74208125 0.5932499999999999 0.729160415625 0.582520311627907 0.735160415625 0.5641765627906977 0.7370062500000001 0.5652140627906976 0.749927084375 0.5818281255813953 0.743927084375 0.593942188372093 0.74208125
0 0.6711281255813955 0.74208125 0.6711281255813955 0.731929165625 0.6552062488372093 0.7393125 0.6403218744186047 0.737929165625 0.6396296883720931 0.749466665625 0.658667188372093 0.7453125 0.6711281255813955 0.74208125
0 0.7863859372093024 0.7222375000000001 0.7860390627906977 0.711622915625 0.768732811627907 0.714854165625 0.7535046883720931 0.7107 0.7552343744186046 0.7222375000000001 0.7673484372093023 0.7222375000000001 0.7863859372093024 0.7222375000000001
2 0.592557811627907 0.7180833343749999 0.592557811627907 0.7065479156250001 0.562445311627907 0.714854165625 0.5621 0.723622915625 0.5717906255813954 0.723622915625 0.592557811627907 0.7180833343749999
2 0.592557811627907 0.684395834375 0.5942890627906977 0.67378125 0.5724828116279069 0.681164584375 0.5551765627906977 0.683010415625 0.553792188372093 0.692241665625 0.573867188372093 0.6871645843749999 0.592557811627907 0.684395834375
2 0.6687046883720931 0.689010415625 0.6693968744186047 0.6756270843750001 0.6468984372093024 0.680241665625 0.6320156255813955 0.684395834375 0.634092188372093 0.6940875 0.6541671883720931 0.6908562500000001 0.6687046883720931 0.689010415625
2 0.66905 0.71946875 0.6693968744186047 0.708854165625 0.638245311627907 0.71346875 0.6379 0.723160415625 0.6468984372093024 0.723622915625 0.66905 0.71946875
2 0.7915765627906977 0.6567062499999999 0.7673484372093023 0.65624375 0.7503890627906977 0.654860415625 0.750042188372093 0.665935415625 0.7905390627906977 0.668704165625 0.7915765627906977 0.6567062499999999
2 0.7867312511627907 0.697779165625 0.7870781255813953 0.689933334375 0.7704640627906977 0.6917791656250001 0.7541968744186047 0.689470834375 0.7535046883720931 0.701008334375 0.7670031255813954 0.698702084375 0.7867312511627907 0.697779165625