9 0.2492687511627907 0.8674312499999999 0.2573140627906977 0.864475 0.25675937441860464 0.8526458343750001 0.24455312558139533 0.8567125000000001 0.23290000000000002 0.85893125 0.21541406279069766 0.860766665625 0.21597812558139534 0.8666937499999999 0.216532811627907 0.87186875 0.235675 0.8700187500000001 0.2492687511627907 0.8674312499999999
9 0.3476812511627907 0.771166665625 0.3587781255813954 0.7693187499999999 0.35850156279069767 0.758229165625 0.33963593720930235 0.7622958343749999 0.328817188372093 0.763035415625 0.31669843720930235 0.763141665625 0.31688750000000004 0.767470834375 0.31660937441860465 0.773385415625 0.33048125116279076 0.773754165625 0.3476812511627907 0.771166665625
9 0.4602468744186047 0.838495834375 0.4696781255813953 0.8336916656250001 0.46856875116279073 0.8240812500000001 0.45469843720930236 0.828516665625 0.4405484372093023 0.832952084375 0.4271359372093023 0.8335125 0.42723281162790694 0.839235415625 0.428620311627907 0.845889584375 0.44665312558139536 0.841822915625 0.4602468744186047 0.838495834375
8 0.4610437488372093 0.793510415625 0.44717343720930236 0.79979375 0.42744062558139534 0.800970834375 0.42803125116279067 0.814210415625 0.44689531162790697 0.8123625000000001 0.4613218744186046 0.8071875000000001 0.4610437488372093 0.793510415625
8 0.3528484372093023 0.727345834375 0.3370343744186046 0.728822915625 0.320054688372093 0.73019375 0.3198343744186047 0.7424999999999999 0.33315 0.74213125 0.352570311627907 0.7399125 0.3528484372093023 0.727345834375
8 0.25041562558139535 0.822904165625 0.23487968837209303 0.825860415625 0.21846562558139535 0.828225 0.21878906279069768 0.841385415625 0.23626718837209304 0.8384291656249999 0.25041562558139535 0.8358416656250001 0.25041562558139535 0.822904165625
0 0.249582811627907 0.8007250000000001 0.2373765627906977 0.8033125 0.21632968837209302 0.804633334375 0.21629218837209302 0.8162499999999999 0.23598906279069767 0.8151416656249999 0.2493062511627907 0.81329375 0.249582811627907 0.8007250000000001
0 0.35098281162790695 0.70375625 0.33128437441860464 0.705235415625 0.31944531162790696 0.7053812500000001 0.31880000000000003 0.7181729156250001 0.33294999999999997 0.7181729156250001 0.35181406279069766 0.71669375 0.35098281162790695 0.70375625
0 0.458 0.77115 0.4421859372093023 0.7785416656249999 0.4256109372093023 0.77900625 0.42581718837209304 0.7918499999999999 0.4388562511627907 0.78963125 0.45994062558139537 0.783716665625 0.458 0.77115
2 0.45550312558139533 0.75081875 0.44163125116279073 0.754516665625 0.42286406279069766 0.756635415625 0.4235984372093023 0.76893125 0.43941093720930235 0.7667145843750001 0.456057811627907 0.7607999999999999 0.45550312558139533 0.75081875
2 0.4571671883720931 0.7282708343750001 0.45577968837209304 0.7145958343750001 0.435804688372093 0.720139584375 0.4144437511627907 0.724575 0.41499843720930235 0.73714375 0.4288687511627907 0.7352937500000001 0.4496765627906976 0.730120834375 0.4571671883720931 0.7282708343750001
2 0.350354688372093 0.682854165625 0.3353734372093023 0.685072915625 0.318225 0.68504375 0.31817343720930236 0.6965312499999999 0.33426406279069765 0.695052084375 0.350632811627907 0.693572915625 0.350354688372093 0.682854165625
2 0.3467484372093024 0.660675 0.3545156255813954 0.6610458343750001 0.35507187441860466 0.6551312499999999 0.3553484372093023 0.648108334375 0.34092187441860466 0.647739584375 0.3295484372093023 0.64995625 0.311817188372093 0.649654165625 0.3104062488372093 0.6555 0.311792188372093 0.6636333343749999 0.3287156255813954 0.662154165625 0.3467484372093024 0.660675
2 0.248604688372093 0.7759729156249999 0.237507811627907 0.780408334375 0.23001718837209303 0.78225625 0.21449843720930234 0.780633334375 0.2144812511627907 0.794085415625 0.2322375 0.79001875 0.248604688372093 0.788541665625 0.248604688372093 0.7759729156249999
2 0.23572968837209302 0.7606229156250001 0.24987812558139533 0.75655625 0.250432811627907 0.749164584375 0.24987812558139533 0.7391833343750001 0.2324 0.7469458343750001 0.2188062488372093 0.749164584375 0.20778749999999999 0.748091665625 0.2074312488372093 0.752120834375 0.2074312488372093 0.760991665625 0.21852812558139537 0.7621 0.23572968837209302 0.7606229156250001