2 0.2986562488372093 0.8787104156250001 0.2984015627906977 0.8923125000000001 0.340482811627907 0.8929937499999999 0.340482811627907 0.8793916656249999 0.2986562488372093 0.8787104156250001
2 0.41317031162790696 0.912377084375 0.41317031162790696 0.927679165625 0.4547437511627907 0.929039584375 0.45576406279069764 0.915777084375 0.41317031162790696 0.912377084375
2 0.4175062511627907 0.879052084375 0.4172515627906977 0.8933333343750001 0.4506625 0.893672915625 0.44989687441860465 0.879052084375 0.4175062511627907 0.879052084375
2 0.3022265627906977 0.8453854156249999 0.3012062488372093 0.858308334375 0.336657811627907 0.858647915625 0.3351281255813954 0.8433458343750001 0.3022265627906977 0.8453854156249999
2 0.583029688372093 0.814779165625 0.580225 0.8249812500000001 0.6103203116279069 0.844364584375 0.6146562511627907 0.833822915625 0.583029688372093 0.814779165625
2 0.5894062511627908 0.780775 0.5845609372093022 0.791995834375 0.6228171883720931 0.8192 0.6268984372093023 0.8076395843749999 0.5894062511627908 0.780775
0 0.5781843744186047 0.8334833343750001 0.5746140627906977 0.846745834375 0.6034343744186047 0.865789584375 0.6072593744186047 0.8566062499999999 0.5781843744186047 0.8334833343750001
0 0.4175062511627907 0.8555875000000001 0.418017188372093 0.870210415625 0.451682811627907 0.86986875 0.45040781162790694 0.856266665625 0.4175062511627907 0.8555875000000001
0 0.3022265627906977 0.8226020843749999 0.30146249999999997 0.8358645843750001 0.33563750000000003 0.8348437499999999 0.3351281255813954 0.820902084375 0.3022265627906977 0.8226020843749999
8 0.3012062488372093 0.798797915625 0.30069687441860465 0.812060415625 0.3351281255813954 0.8107 0.3351281255813954 0.79505625 0.3012062488372093 0.798797915625
8 0.418017188372093 0.830422915625 0.41776250000000004 0.8457250000000001 0.452192188372093 0.846745834375 0.45244843720930233 0.8321229156250001 0.418017188372093 0.830422915625
8 0.5707875 0.8555875000000001 0.567217188372093 0.868508334375 0.5968031255813954 0.888233334375 0.6001187511627907 0.8749708343749999 0.5707875 0.8555875000000001
9 0.5577812511627906 0.883470834375 0.5547203116279069 0.894014584375 0.5927218744186047 0.919177084375 0.5965468744186047 0.909316665625 0.5577812511627906 0.883470834375
9 0.4144468744186046 0.801177084375 0.4144468744186046 0.816139584375 0.4565281255813954 0.816139584375 0.4565281255813954 0.8028770843749999 0.4144468744186046 0.801177084375
9 0.295595311627907 0.769552084375 0.29636093720930234 0.782814584375 0.3394640627906977 0.78009375 0.33895312558139534 0.7692125 0.295595311627907 0.769552084375