2 0.520020311627907 0.701666665625 0.5297265627906976 0.699164584375 0.5391187511627907 0.696660415625 0.5391187511627907 0.69290625 0.5372390627906977 0.684147915625 0.522525 0.687483334375 0.5146984372093023 0.690820834375 0.497157811627907 0.6922645843749999 0.49810625116279067 0.697495834375 0.4977937511627907 0.705004165625 0.508125 0.703335415625 0.520020311627907 0.701666665625
2 0.5363 0.717935415625 0.5294125000000001 0.720854165625 0.519395311627907 0.724191665625 0.5068718744186046 0.726277084375 0.507142188372093 0.735872915625 0.5278468744186047 0.732116665625 0.5381781255813953 0.729197915625 0.5363 0.717935415625
2 0.6064109372093024 0.6355354156249999 0.575307811627907 0.635804165625 0.575417188372093 0.649302084375 0.5951406255813954 0.649302084375 0.6060984372093022 0.648885415625 0.6064109372093024 0.6355354156249999
2 0.6101687511627907 0.602166665625 0.5687656255813953 0.60413125 0.5688437488372093 0.616347915625 0.5963937511627907 0.615097915625 0.6107937511627908 0.615514584375 0.6101687511627907 0.602166665625
2 0.7341437488372092 0.616347915625 0.713167188372093 0.61259375 0.6930468744186047 0.607345834375 0.692504688372093 0.6184333343749999 0.7172375 0.62385625 0.733204688372093 0.626360415625 0.7341437488372092 0.616347915625
2 0.7256906255813953 0.645547915625 0.7109765627906977 0.644295834375 0.6937359372093023 0.640854165625 0.6928187488372093 0.651804165625 0.7034625 0.65305625 0.7241249999999999 0.657227084375 0.7256906255813953 0.645547915625
0 0.7228734372093023 0.669322915625 0.7072187488372093 0.667654165625 0.6916703116279069 0.665183334375 0.6909406255813954 0.67725 0.7069062511627907 0.678916665625 0.7222468744186046 0.6818375 0.7228734372093023 0.669322915625
0 0.6079765627906977 0.6597291656250001 0.5948281255813953 0.660147915625 0.575307811627907 0.6605916656249999 0.5757312511627907 0.6751625 0.5967062488372094 0.6734958343749999 0.6076640627906976 0.670991665625 0.6079765627906977 0.6597291656250001
0 0.5419921883720931 0.753372915625 0.5404265627906977 0.741275 0.5304093744186047 0.745864584375 0.5222687511627907 0.74795 0.5085187488372093 0.748264584375 0.509432811627907 0.7592125000000001 0.5194515627906977 0.759629165625 0.5357312511627907 0.7562916656249999 0.5419921883720931 0.753372915625
8 0.5419921883720931 0.7650520843749999 0.5354187511627907 0.767554165625 0.5244609372093023 0.771725 0.511625 0.770475 0.5119625 0.783610415625 0.5316609372093023 0.779652084375 0.543245311627907 0.776314584375 0.5419921883720931 0.7650520843749999
8 0.6081 0.680572915625 0.589629688372093 0.68349375 0.5770281255813954 0.68354375 0.5771062488372093 0.69600625 0.5962046883720931 0.6968416656249999 0.6090390627906976 0.695589584375 0.6081 0.680572915625
8 0.7209937488372092 0.69438125 0.7047156255813953 0.6927125000000001 0.6899484372093023 0.686297915625 0.6862437488372093 0.6989687499999999 0.7018968744186046 0.703558334375 0.7203687488372092 0.706060415625 0.7209937488372092 0.69438125
9 0.7213078116279069 0.72483125 0.7053406255813953 0.7231625 0.6827187488372093 0.71659375 0.6818609372093023 0.72816875 0.7022109372093023 0.73275625 0.719742188372093 0.734425 0.7213078116279069 0.72483125
9 0.6139578116279071 0.723645834375 0.6139578116279071 0.7203083343750001 0.6139578116279071 0.713633334375 0.5936093744186046 0.714885415625 0.5732421883720931 0.715675 0.5738859372093023 0.7215604156250001 0.5745125 0.72573125 0.5967390627906977 0.724479165625 0.6139578116279071 0.723645834375
9 0.5459437488372093 0.8069270843749999 0.5509531255813953 0.8052583343749999 0.5512656255813954 0.7998354156249999 0.5509531255813953 0.793995834375 0.5353 0.7998354156249999 0.5102406255813954 0.80243125 0.510567188372093 0.80734375 0.511820311627907 0.81401875 0.5296640627906977 0.81068125 0.5459437488372093 0.8069270843749999