9 0.5279515627906977 0.443027084375 0.5240906255813954 0.456489584375 0.5671468744186047 0.470741665625 0.5686312488372093 0.461239584375 0.5279515627906977 0.443027084375
9 0.5778359372093023 0.50439375 0.576945311627907 0.5158750000000001 0.6179218744186047 0.52498125 0.6191109372093022 0.514291665625 0.5778359372093023 0.50439375
9 0.716504688372093 0.609310415625 0.7147234372093023 0.62079375 0.7568875 0.62910625 0.7568875 0.618020834375 0.716504688372093 0.609310415625
8 0.7173953116279069 0.6390041656250001 0.7170984372093023 0.6528625 0.7512468744186047 0.6588 0.7515437511627907 0.64613125 0.7173953116279069 0.6390041656250001
8 0.578429688372093 0.5356708343750001 0.5790234372093023 0.550716665625 0.6113906255813953 0.554675 0.6113906255813953 0.541610415625 0.578429688372093 0.5356708343750001
8 0.5276546883720931 0.47588749999999996 0.5249812511627907 0.48855833437499996 0.5555656255813953 0.49845625 0.5579421883720931 0.48618125 0.5276546883720931 0.47588749999999996
0 0.5234968744186047 0.49845625 0.5211218744186046 0.510729165625 0.5528937488372093 0.5218145843750001 0.5558624999999999 0.510729165625 0.5234968744186047 0.49845625
0 0.5772421883720931 0.5582374999999999 0.5754609372093024 0.5717 0.6087171883720931 0.577241665625 0.6113906255813953 0.564177084375 0.5772421883720931 0.5582374999999999
0 0.716504688372093 0.66196875 0.7168015627906976 0.6770125 0.748870311627907 0.6813666656249999 0.7494640627906977 0.667510415625 0.716504688372093 0.66196875
2 0.715317188372093 0.68730625 0.7147234372093023 0.699579165625 0.7479796883720929 0.70433125 0.7482765627906977 0.69086875 0.715317188372093 0.68730625
2 0.7078937511627907 0.717 0.7084875 0.732835415625 0.7482765627906977 0.74115 0.749167188372093 0.725314584375 0.7078937511627907 0.717
2 0.5656625 0.6120833343750001 0.5653656255813954 0.62673125 0.6063421883720931 0.6354416656249999 0.6078265627906977 0.619604165625 0.5656625 0.6120833343750001
2 0.5742734372093024 0.580014584375 0.573679688372093 0.593870834375 0.6054515627906977 0.599016665625 0.6066390627906977 0.58793125 0.5742734372093024 0.580014584375
2 0.5095406255813953 0.5479437500000001 0.5071656255813953 0.562197915625 0.5472515627906976 0.5788249999999999 0.5493296883720931 0.56734375 0.5095406255813953 0.5479437500000001
2 0.5193406255813954 0.51904375 0.5169640627906976 0.532504165625 0.548142188372093 0.5455687499999999 0.549925 0.532504165625 0.5193406255813954 0.51904375