9 0.434970311627907 0.15785 0.434442188372093 0.144814584375 0.39480312558139535 0.13600625 0.392425 0.146575 0.404845311627907 0.146222915625 0.42096406279069765 0.149745834375 0.434970311627907 0.15785
8 0.42677812558139533 0.174058334375 0.3940093744186047 0.164545834375 0.39453906279069767 0.1782875 0.4069593744186047 0.179695834375 0.4278359372093023 0.18551041562499998 0.42677812558139533 0.174058334375
0 0.42545624883720934 0.197666665625 0.3921609372093023 0.190970834375 0.391895311627907 0.2008375 0.4051093744186047 0.20154166562500003 0.4246640627906977 0.209645834375 0.42545624883720934 0.197666665625
2 0.423342188372093 0.219158334375 0.39004687441860464 0.21246458437500002 0.3903109372093024 0.2233875 0.402467188372093 0.224795834375 0.4220218744186046 0.23325208437499997 0.423342188372093 0.219158334375
2 0.4246640627906977 0.255097915625 0.4035234372093023 0.2498125 0.38211875116279065 0.244879165625 0.3810609372093023 0.255097915625 0.4133015627906977 0.26285 0.4244 0.266725 0.4246640627906977 0.255097915625
8 0.5187406255813953 0.335785415625 0.48570781162790694 0.342127084375 0.48702968837209304 0.35305 0.49733593720930236 0.350935415625 0.519532811627907 0.35023125 0.5187406255813953 0.335785415625
8 0.6323718744186048 0.303016665625 0.600132811627907 0.30336875 0.600132811627907 0.31570208437499997 0.6181015627906977 0.31288333437500004 0.6338250000000001 0.31535 0.6323718744186048 0.303016665625
0 0.506320311627907 0.37313333437499996 0.521382811627907 0.37313333437499996 0.5205906255813953 0.359039584375 0.488879688372093 0.365735415625 0.48967187441860466 0.375952084375 0.506320311627907 0.37313333437499996
0 0.6334281255813954 0.3248625 0.6003968744186047 0.32768125000000003 0.6006609372093024 0.34071875 0.6159874999999999 0.337545834375 0.63475 0.338604165625 0.6334281255813954 0.3248625
2 0.5219109372093024 0.38405625 0.489407811627907 0.3886375 0.4902 0.39815 0.5015640627906977 0.397445834375 0.5229687511627907 0.39709374999999997 0.5219109372093024 0.38405625
2 0.5298390627906977 0.429508334375 0.528782811627907 0.417177084375 0.48702968837209304 0.41858541562499996 0.48676562558139536 0.43549791562499995 0.4997140627906977 0.431975 0.5142484372093022 0.429860415625 0.5298390627906977 0.429508334375
2 0.639242188372093 0.38405625 0.5988109372093023 0.385466665625 0.599075 0.396035415625 0.6165156255813954 0.394979165625 0.6400359372093024 0.394979165625 0.639242188372093 0.38405625
2 0.6344859372093024 0.350935415625 0.601717188372093 0.35128750000000003 0.6014531255813953 0.363972915625 0.6162515627906977 0.3625625 0.63475 0.36185833437500003 0.6344859372093024 0.350935415625
9 0.5219109372093024 0.30795 0.4798937488372093 0.311825 0.480157811627907 0.3231 0.49733593720930236 0.32063333437499997 0.522175 0.31816875 0.5219109372093024 0.30795
9 0.635542188372093 0.27271458437499996 0.5956390627906977 0.274477084375 0.5948468744186046 0.283285415625 0.6104375000000001 0.282229165625 0.6363359372093024 0.282933334375 0.635542188372093 0.27271458437499996