9 0.2533843744186047 0.647639584375 0.2254015627906977 0.6459312500000001 0.22576718837209303 0.6556895843749999 0.2506406255813953 0.656910415625 0.26618749999999997 0.656666665625 0.2671015627906977 0.644954165625 0.2533843744186047 0.647639584375
9 0.38028906279069763 0.644589584375 0.35285468837209305 0.6355625 0.3517562511627907 0.638733334375 0.3524875 0.6462958343749999 0.3791906255813954 0.655079165625 0.38961562558139534 0.65654375 0.3921765627906977 0.645564584375 0.38028906279069763 0.644589584375
9 0.4395468744186046 0.64385625 0.41009999999999996 0.6436124999999999 0.41009999999999996 0.6482479156250001 0.4097343744186046 0.6506875 0.420525 0.653127084375 0.45070312558139536 0.65044375 0.4503375 0.6404416656249999 0.4395468744186046 0.64385625
8 0.2284562488372093 0.688197915625 0.2603593744186047 0.6879291656250001 0.2610812511627907 0.674816665625 0.22740312558139536 0.674625 0.2284562488372093 0.688197915625
0 0.2597812488372093 0.7000770843749999 0.22827031162790698 0.69891875 0.22841406279069768 0.710295834375 0.25963593720930234 0.70933125 0.2597812488372093 0.7000770843749999
2 0.25963593720930234 0.72205625 0.2450375 0.7243708343749999 0.22827499999999998 0.724341665625 0.22827031162790698 0.7332395843749999 0.25949218837209304 0.734975 0.25963593720930234 0.72205625
2 0.26285156279069766 0.768995834375 0.263429688372093 0.7555 0.22267343720930233 0.7546999999999999 0.22208906279069765 0.760127084375 0.22295625116279072 0.767454165625 0.26285156279069766 0.768995834375
2 0.3737625 0.76504375 0.3782437511627907 0.752125 0.3500562511627907 0.7498104156250001 0.33706406279069767 0.742652084375 0.3357468744186047 0.7559812499999999 0.35135781162790697 0.762152084375 0.3737625 0.76504375
2 0.37637031162790696 0.718052084375 0.3587359372093023 0.716510415625 0.346304688372093 0.7107249999999999 0.3458718744186047 0.7224875 0.35917031162790697 0.725572915625 0.3692875 0.730970834375 0.37478125116279065 0.730970834375 0.37637031162790696 0.718052084375
0 0.37767187441860467 0.707833334375 0.3798390627906976 0.6962645843749999 0.3624937488372093 0.6953 0.3493515627906977 0.687958334375 0.3476062488372093 0.69935 0.3564234372093023 0.702820834375 0.37767187441860467 0.707833334375
8 0.3817187488372093 0.6841166656250001 0.38287499999999997 0.673127084375 0.36870937441860463 0.6713916656250001 0.3517015627906977 0.665789584375 0.3504968744186046 0.677175 0.36639687441860463 0.682960415625 0.3817187488372093 0.6841166656250001
8 0.4470625 0.670670834375 0.415695311627907 0.67125 0.415695311627907 0.683975 0.44662812558139536 0.6832041656250001 0.4470625 0.670670834375
0 0.44764062558139533 0.69323125 0.41603437441860464 0.6944625 0.416129688372093 0.7061499999999999 0.44691718837209304 0.7061499999999999 0.44764062558139533 0.69323125
2 0.4473515627906977 0.717333334375 0.41603437441860464 0.718558334375 0.416707811627907 0.728902084375 0.44662812558139536 0.727166665625 0.4473515627906977 0.717333334375
2 0.4388234372093023 0.76534375 0.452554688372093 0.76033125 0.452554688372093 0.74856875 0.4378109372093023 0.751460415625 0.410975 0.750845834375 0.411792188372093 0.758595834375 0.41584062558139534 0.763608334375 0.4388234372093023 0.76534375