2 0.605345311627907 0.44366874999999995 0.6197374999999999 0.44366874999999995 0.6193859372093024 0.431977084375 0.6060468744186047 0.431977084375 0.5941109372093023 0.433379165625 0.5771343744186046 0.43703541562500003 0.5769109372093023 0.44226666562499994 0.5776125 0.451620834375 0.5906015627906976 0.44647500000000007 0.605345311627907 0.44366874999999995
2 0.706442188372093 0.47827916562499995 0.7081968744186047 0.47173125000000005 0.7060906255813953 0.464247915625 0.6909968744186046 0.459570834375 0.6794125 0.45489375 0.6682343744186047 0.45350416562499996 0.6653718744186047 0.465183334375 0.678007811627907 0.469860415625 0.6945062488372094 0.47407083437499997 0.706442188372093 0.47827916562499995
2 0.788232811627907 0.43244375 0.7682234372093023 0.43291250000000003 0.7465953116279069 0.429829165625 0.7461093744186046 0.446008334375 0.7678734372093023 0.44460416562500005 0.788232811627907 0.446008334375 0.788232811627907 0.43244375
2 0.7822656255813953 0.465183334375 0.7706812511627907 0.464247915625 0.7510234372093024 0.464247915625 0.7500703116279069 0.47769375 0.7678734372093023 0.47827916562499995 0.782967188372093 0.47827916562499995 0.7822656255813953 0.465183334375
0 0.7699796883720931 0.489504165625 0.7506718744186046 0.48856875000000005 0.7504562511627907 0.5003416656249999 0.7819140627906976 0.501666665625 0.7826156255813954 0.489504165625 0.7699796883720931 0.489504165625
0 0.6948578116279069 0.520375 0.6790609372093023 0.515229165625 0.6647593744186047 0.510120834375 0.6639671883720931 0.523647915625 0.685379688372093 0.5278583343750001 0.6941562511627907 0.5297291656249999 0.6948578116279069 0.520375
0 0.6184312488372092 0.49020416562499997 0.5998265627906977 0.49160624999999997 0.5852406255813953 0.492620834375 0.5861359372093023 0.5047020843750001 0.6121125 0.502364584375 0.6191343744186046 0.501895834375 0.6184312488372092 0.49020416562499997
2 0.6988187511627907 0.49862291562500005 0.685829688372093 0.492075 0.6682343744186047 0.485929165625 0.6665234372093023 0.49955833437499997 0.684075 0.5047020843750001 0.6970625 0.507977084375 0.6988187511627907 0.49862291562500005
2 0.6149218744186047 0.46541458437500005 0.582925 0.47151875 0.584029688372093 0.4831875 0.5977203116279071 0.48085000000000006 0.6156234372093023 0.478510415625 0.6149218744186047 0.46541458437500005
8 0.5875562511627908 0.517325 0.588517188372093 0.529741665625 0.6197593744186046 0.524595834375 0.6197593744186046 0.5129020843750001 0.5875562511627908 0.517325
8 0.6605140627906977 0.53328125 0.6582984372093024 0.5463145843749999 0.6902421883720931 0.5523958343750001 0.6912953116279069 0.541170834375 0.6605140627906977 0.53328125
8 0.7500703116279069 0.510120834375 0.7493375 0.525358334375 0.7809312488372093 0.52629375 0.780579688372093 0.5122625000000001 0.7500703116279069 0.510120834375
9 0.7851437488372093 0.552485415625 0.7847921883720931 0.542195834375 0.7672406255813954 0.54313125 0.7431218744186047 0.541516665625 0.743020311627907 0.5538875 0.7574124999999999 0.5538875 0.7735593744186047 0.553420834375 0.7851437488372093 0.552485415625
9 0.6915062511627907 0.584289584375 0.6936125 0.5740000000000001 0.6802734372093023 0.56791875 0.665879688372093 0.564645834375 0.6520218744186047 0.560560415625 0.6500843744186046 0.5725958343750001 0.6623703116279069 0.5744666656249999 0.6746562488372093 0.577741665625 0.6915062511627907 0.584289584375
9 0.6270343744186047 0.5522437499999999 0.626332811627907 0.543825 0.6182593744186047 0.546164584375 0.6056218744186047 0.548035415625 0.5852625 0.5508416656249999 0.5860125 0.559529165625 0.5986015627906976 0.55785625 0.6154515627906977 0.55505 0.6270343744186047 0.5522437499999999