2 0.5861984372093023 0.387754165625 0.5861984372093023 0.401647915625 0.626395311627907 0.400160415625 0.626395311627907 0.387754165625 0.5861984372093023 0.387754165625
2 0.5001390627906976 0.387425 0.5001390627906976 0.401320834375 0.5429406255813953 0.3958625 0.5407078116279069 0.37998125 0.5001390627906976 0.387425
2 0.4425984372093023 0.518420834375 0.4455765627906977 0.532314584375 0.4872609372093023 0.518916665625 0.48577187441860464 0.50551875 0.4425984372093023 0.518420834375
6 0.4427562488372093 0.48199791562499994 0.44387343720930234 0.49589166562500003 0.4762531255813954 0.486464584375 0.4747640627906977 0.474058334375 0.4427562488372093 0.48199791562499994
6 0.504370311627907 0.4209875 0.5054875 0.434883334375 0.537495311627907 0.430416665625 0.537495311627907 0.417514584375 0.504370311627907 0.4209875
6 0.5899234372093023 0.422402084375 0.5917843744186047 0.435304165625 0.6245375000000001 0.43282291562499997 0.6230484372093023 0.41992083437499994 0.5899234372093023 0.422402084375
0 0.4391218744186047 0.460289584375 0.44061093720930233 0.474183334375 0.47373593720930235 0.465747915625 0.47150312558139534 0.452845834375 0.4391218744186047 0.460289584375
0 0.5068 0.440195834375 0.5071718744186047 0.45657291562499996 0.5402968744186046 0.45061666562499997 0.539925 0.43721875 0.5068 0.440195834375
0 0.5905984372093023 0.44507083437499995 0.590225 0.456483334375 0.6214890627906977 0.45499375000000003 0.6218609372093022 0.442091665625 0.5905984372093023 0.44507083437499995
8 0.4356531255813954 0.44073124999999996 0.437142188372093 0.453633334375 0.4687781255813953 0.446189584375 0.4676609372093023 0.433783334375 0.4356531255813954 0.44073124999999996
8 0.5092718744186047 0.46587500000000004 0.510017188372093 0.48224999999999996 0.540907811627907 0.477785415625 0.5401640627906976 0.46438541562499996 0.5092718744186047 0.46587500000000004
8 0.5915562511627908 0.46499375 0.591929688372093 0.481370834375 0.6235640627906976 0.47938541562500003 0.623192188372093 0.466979165625 0.5915562511627908 0.46499375
9 0.42934374883720927 0.41086666562499996 0.431204688372093 0.42376874999999997 0.47102812558139534 0.41384375 0.4699125 0.40391875 0.42934374883720927 0.41086666562499996
9 0.5038125 0.496904165625 0.5045562488372093 0.507820834375 0.5462406255813953 0.502858334375 0.5454968744186047 0.491445834375 0.5038125 0.496904165625
9 0.587445311627907 0.497691665625 0.5870718744186046 0.5091041656249999 0.6280125 0.507616665625 0.6272687511627908 0.496697915625 0.587445311627907 0.497691665625