9 0.4609890627906977 0.324579165625 0.4371906255813954 0.326402084375 0.4224187488372093 0.3260375 0.42159843720930235 0.335520834375 0.4421140627906977 0.333695834375 0.46071562558139534 0.332602084375 0.4609890627906977 0.324579165625
9 0.5685609372093023 0.21862499999999999 0.529445311627907 0.218260415625 0.529445311627907 0.22883749999999997 0.548592188372093 0.22628541562499999 0.5696562488372093 0.22555416562500002 0.5685609372093023 0.21862499999999999
9 0.6757234372093024 0.24534166562499998 0.6377 0.250083334375 0.6382484372093022 0.260660415625 0.6535656255813953 0.25482499999999997 0.6751765627906977 0.253366665625 0.6757234372093024 0.24534166562499998
0 0.4237875 0.273427084375 0.4235140627906977 0.284733334375 0.45579218837209307 0.283275 0.45551874883720933 0.272697915625 0.4237875 0.273427084375
0 0.5646625000000001 0.272422915625 0.533204688372093 0.274245834375 0.5334781255813953 0.2870125 0.547154688372093 0.282270834375 0.5649359372093024 0.280445834375 0.5646625000000001 0.272422915625
0 0.6431015627906977 0.30388125 0.6428281255813953 0.314458334375 0.6753796883720931 0.311904165625 0.6742859372093023 0.300597915625 0.6431015627906977 0.30388125
8 0.42522343720930234 0.295035415625 0.42522343720930234 0.3074375 0.4558609372093024 0.30488333437500004 0.456407811627907 0.29430625 0.42522343720930234 0.295035415625
8 0.5334109372093023 0.247804165625 0.5334109372093023 0.26129791562500004 0.5643218744186047 0.255097915625 0.5643218744186047 0.247072915625 0.5334109372093023 0.247804165625
8 0.6417343744186047 0.2799 0.6428281255813953 0.290477084375 0.6729187511627907 0.285370834375 0.6720968744186047 0.2758875 0.6417343744186047 0.2799
6 0.45510937441860466 0.248808334375 0.42337812558139537 0.24844375 0.4236515627906977 0.261208334375 0.43541406279069766 0.257560415625 0.45538281162790695 0.258289584375 0.45510937441860466 0.248808334375
6 0.533957811627907 0.2954 0.5345046883720931 0.30670625 0.5648687511627907 0.30488333437500004 0.564595311627907 0.295764584375 0.533957811627907 0.2954
6 0.6436484372093023 0.3265875 0.6436484372093023 0.338622915625 0.6759265627906976 0.334245834375 0.6759265627906976 0.325129165625 0.6436484372093023 0.3265875
2 0.41824843720930227 0.21379375 0.41852187441860467 0.228383334375 0.4590062511627907 0.22291249999999999 0.45873281162790697 0.21342916562499997 0.41824843720930227 0.21379375
2 0.5710234372093023 0.3294125 0.5313593744186047 0.3294125 0.5327265627906976 0.341083334375 0.5584406255813954 0.337070834375 0.5710234372093023 0.339260415625 0.5710234372093023 0.3294125
2 0.6838609372093023 0.357495834375 0.66225 0.36150833437499996 0.6444703116279069 0.360047915625 0.6447437511627908 0.37281458437500004 0.6655328116279069 0.36953125 0.6833140627906976 0.366614584375 0.6838609372093023 0.357495834375