9 0.3980812488372093 0.562047915625 0.372882811627907 0.562047915625 0.35792031162790694 0.560516665625 0.3570812511627907 0.572860415625 0.38057031162790694 0.573429165625 0.398507811627907 0.572860415625 0.3980812488372093 0.562047915625
9 0.5121125 0.463291665625 0.48862343720930235 0.463860415625 0.472045311627907 0.462804165625 0.473675 0.47524166562500003 0.4993 0.474104165625 0.5121125 0.474104165625 0.5121125 0.463291665625
9 0.6496984372093023 0.46060416562500006 0.625782811627907 0.46174166562499996 0.6077734372093023 0.46352916562499996 0.609979688372093 0.47483125 0.6296265627906976 0.47312291562500003 0.6501265627906977 0.471985415625 0.6496984372093023 0.46060416562500006
8 0.6161515627906977 0.49213541562499996 0.6159265627906977 0.505472915625 0.647104688372093 0.5037666656249999 0.6475312511627908 0.491247915625 0.6161515627906977 0.49213541562499996
8 0.4770609372093023 0.49286041562499994 0.47623750000000004 0.506085415625 0.5099781255813953 0.504377084375 0.5104046883720931 0.491858334375 0.4770609372093023 0.49286041562499994
8 0.3621468744186046 0.530233334375 0.36251093720930233 0.543789584375 0.39368906279069765 0.543789584375 0.39497031162790697 0.531839584375 0.3621468744186046 0.530233334375
0 0.4762718744186047 0.517708334375 0.476542188372093 0.531839584375 0.508575 0.530133334375 0.5090015627906977 0.518183334375 0.4762718744186047 0.517708334375
0 0.36167812558139534 0.5065375000000001 0.36251093720930233 0.521070834375 0.39411562558139535 0.521639584375 0.39411562558139535 0.50684375 0.36167812558139534 0.5065375000000001
0 0.6162265627906977 0.51655625 0.6165468744186047 0.530460415625 0.6485781255813954 0.529891665625 0.649004688372093 0.515666665625 0.6162265627906977 0.51655625
6 0.615757811627907 0.5391 0.6165468744186047 0.553791665625 0.6494312511627908 0.549808334375 0.649004688372093 0.5372895843750001 0.615757811627907 0.5391
6 0.47619687441860464 0.539525 0.47541562558139533 0.5520562499999999 0.5074468744186047 0.552625 0.5083015627906977 0.5395375 0.47619687441860464 0.539525
2 0.47009218837209304 0.573539584375 0.47285312558139536 0.5868541656249999 0.5100093744186047 0.585714584375 0.5104375 0.574335415625 0.47009218837209304 0.573539584375
2 0.6535046883720931 0.5734583343749999 0.6274515627906977 0.575735415625 0.61215 0.576470834375 0.6133578116279069 0.587116665625 0.6359937488372093 0.5865458343750001 0.6535046883720931 0.584270834375 0.6535046883720931 0.5734583343749999
2 0.40127812558139536 0.464758334375 0.4017062511627907 0.45451458437500003 0.3812062511627907 0.453377084375 0.35885937441860466 0.44925416562500003 0.35771562558139536 0.45451458437500003 0.35771562558139536 0.463620834375 0.38205937441860466 0.464758334375 0.40127812558139536 0.464758334375
6 0.36237187441860463 0.48284166562499997 0.3629375 0.495658334375 0.39326093720930233 0.495658334375 0.3936875 0.484845834375 0.36237187441860463 0.48284166562499997