2 0.5813531255813953 0.66348125 0.5813531255813953 0.677377084375 0.6215484372093023 0.6758875 0.6215484372093023 0.66348125 0.5813531255813953 0.66348125
2 0.49426093720930236 0.665466665625 0.49426093720930236 0.6793604156249999 0.5370625 0.673902084375 0.534829688372093 0.6580229156249999 0.49426093720930236 0.665466665625
2 0.43694531162790695 0.799452084375 0.43992187441860464 0.8133479156250001 0.4816062511627907 0.799947915625 0.48011875116279074 0.78655 0.43694531162790695 0.799452084375
6 0.438432811627907 0.7627312500000001 0.43955 0.776625 0.47192968837209304 0.767195834375 0.47044218837209306 0.754789584375 0.438432811627907 0.7627312500000001
6 0.5009609372093023 0.69970625 0.5020765627906977 0.713602084375 0.5340843744186047 0.709135415625 0.5340843744186047 0.696233334375 0.5009609372093023 0.69970625
6 0.584329688372093 0.700204165625 0.5861906255813953 0.7131062499999999 0.6189437511627907 0.7106250000000001 0.617454688372093 0.697722915625 0.584329688372093 0.700204165625
0 0.4350843744186047 0.73940625 0.4365718744186047 0.753302084375 0.46969687441860464 0.7448645843749999 0.4674640627906977 0.7319625000000001 0.4350843744186047 0.73940625
0 0.5028218744186046 0.72055 0.5031937488372094 0.736925 0.5363187511627907 0.730970834375 0.5359453116279069 0.717572915625 0.5028218744186046 0.72055
0 0.587307811627907 0.72303125 0.5869359372093024 0.73444375 0.6181984372093023 0.73295625 0.618570311627907 0.720054165625 0.587307811627907 0.72303125
8 0.4317343744186046 0.717075 0.43322343720930234 0.729979165625 0.46485937441860464 0.722535415625 0.463742188372093 0.710129165625 0.4317343744186046 0.717075
8 0.505054688372093 0.7433770843749999 0.5057984372093023 0.759752084375 0.5366906255813954 0.7552875 0.5359453116279069 0.7418875 0.505054688372093 0.7433770843749999
8 0.5869359372093024 0.743872915625 0.587307811627907 0.76025 0.6189437511627907 0.758264584375 0.618570311627907 0.745858334375 0.5869359372093024 0.743872915625
9 0.4246625 0.689285415625 0.42652343720930236 0.7021875 0.4663468744186047 0.6922625 0.46523124883720934 0.682339584375 0.4246625 0.689285415625
9 0.5020765627906977 0.77761875 0.5028218744186046 0.788535415625 0.5445062488372093 0.783572915625 0.5437624999999999 0.772158334375 0.5020765627906977 0.77761875
9 0.5835859372093024 0.7756333343749999 0.5832140627906977 0.787045834375 0.6241531255813954 0.785558334375 0.6234093744186047 0.774639584375 0.5835859372093024 0.7756333343749999