2 0.5281874999999999 0.847291665625 0.5285218744186047 0.8593500000000001 0.564442188372093 0.8577562500000001 0.5674374999999999 0.845777084375 0.5281874999999999 0.847291665625
2 0.6771 0.877027084375 0.6573375 0.879260415625 0.6402562488372092 0.8788145843749999 0.639920311627907 0.889979165625 0.6590125 0.889533334375 0.6771 0.885066665625 0.6771 0.877027084375
0 0.45147812558139533 0.78963125 0.43372656279069766 0.79141875 0.4206625 0.788739584375 0.4203281255813954 0.799904165625 0.4357359372093023 0.803477084375 0.45181249999999995 0.799904165625 0.45147812558139533 0.78963125
0 0.5472968744186046 0.792364584375 0.5302140627906977 0.791472915625 0.5295437488372093 0.80353125 0.5620343744186046 0.7986187499999999 0.5623687488372092 0.7896854156249999 0.5472968744186046 0.792364584375
0 0.6392656255813953 0.819408334375 0.6392656255813953 0.833252084375 0.6707500000000001 0.83280625 0.6704156255813954 0.819408334375 0.6392656255813953 0.819408334375
8 0.453807811627907 0.8119520843749999 0.4387359372093023 0.815079165625 0.422657811627907 0.8124 0.4223234372093023 0.8235645843749999 0.43907031162790694 0.825797915625 0.453807811627907 0.8231187500000001 0.453807811627907 0.8119520843749999
8 0.5606984372093023 0.7646770843749999 0.5288781255813954 0.7664625 0.5295484372093023 0.7780750000000001 0.5436156255813953 0.7789666656249999 0.5620375000000001 0.775841665625 0.5606984372093023 0.7646770843749999
8 0.6700812488372092 0.794854165625 0.6375906255813953 0.7953 0.6375906255813953 0.8069124999999999 0.6503187511627907 0.80780625 0.6707500000000001 0.8055729156250001 0.6700812488372092 0.794854165625
9 0.45915468837209306 0.843660415625 0.43972812558139535 0.8458937499999999 0.41829062558139535 0.8423208343749999 0.41829062558139535 0.8525937499999999 0.4363781255813954 0.854827084375 0.4578140627906977 0.8534875 0.45915468837209306 0.843660415625
9 0.5633890627906977 0.738320834375 0.5479812511627907 0.7396625 0.5245343744186046 0.73698125 0.525204688372093 0.747254165625 0.5506609372093023 0.7477 0.5633890627906977 0.74680625 0.5633890627906977 0.738320834375
9 0.669432811627907 0.7662604156249999 0.6587140627906977 0.7693875 0.6312484372093023 0.77028125 0.631582811627907 0.778764584375 0.6500046883720931 0.776085415625 0.669767188372093 0.774745834375 0.669432811627907 0.7662604156249999
6 0.4196625 0.766397915625 0.41999687441860467 0.779347915625 0.45047812558139533 0.7789020843750001 0.4508125 0.769077084375 0.4196625 0.766397915625
6 0.530545311627907 0.8129062499999999 0.5302093744186046 0.8245166656249999 0.5613593744186047 0.8240708343750001 0.5613593744186047 0.8120125 0.530545311627907 0.8129062499999999
6 0.6406031255813953 0.8426375 0.6409390627906977 0.8555895843749999 0.6717531255813953 0.8524625 0.671082811627907 0.840404165625 0.6406031255813953 0.8426375
2 0.41364218837209304 0.73334375 0.41364218837209304 0.747635415625 0.45694531162790697 0.745045834375 0.45594687441860465 0.731733334375 0.41364218837209304 0.73334375