9 0.46146874883720934 0.49639166562500003 0.437670311627907 0.498214584375 0.4228984372093023 0.49785 0.42207812558139535 0.507333334375 0.4425937511627907 0.505508334375 0.461195311627907 0.504414584375 0.46146874883720934 0.49639166562500003
9 0.5676031255813954 0.391714584375 0.5284875 0.39135 0.5284875 0.401927084375 0.5476343744186046 0.399375 0.5686984372093022 0.39864375 0.5676031255813954 0.391714584375
9 0.6742859372093023 0.41906875 0.6362625 0.42381041562500005 0.6368109372093024 0.4343875 0.6521281255813953 0.428552084375 0.6737390627906977 0.42709374999999994 0.6742859372093023 0.41906875
0 0.424267188372093 0.4446 0.42399374883720925 0.45590624999999996 0.4562718744186047 0.45444791562500003 0.45599843720930233 0.443870834375 0.424267188372093 0.4446
0 0.5651421883720931 0.444235415625 0.5336843744186047 0.446058334375 0.533957811627907 0.45882500000000004 0.5476343744186046 0.45408333437500004 0.5654156255813954 0.452258334375 0.5651421883720931 0.444235415625
0 0.6431015627906977 0.47633125 0.6428281255813953 0.486908334375 0.6753796883720931 0.484354165625 0.6742859372093023 0.47304791562500004 0.6431015627906977 0.47633125
8 0.4261812488372093 0.466847915625 0.4261812488372093 0.47925000000000006 0.4568187488372093 0.47669583437499996 0.4573656255813953 0.46611874999999997 0.4261812488372093 0.466847915625
8 0.5334109372093023 0.42089375 0.5334109372093023 0.4343875 0.5643218744186047 0.42818750000000005 0.5643218744186047 0.4201625 0.5334109372093023 0.42089375
8 0.6417343744186047 0.45298958437500003 0.6428281255813953 0.463566665625 0.6729187511627907 0.458460415625 0.6720968744186047 0.44897708437499995 0.6417343744186047 0.45298958437500003
6 0.45462968837209305 0.42125833437500004 0.4228984372093023 0.42089375 0.42317187441860465 0.433658334375 0.43493437441860466 0.430010415625 0.45490312558139534 0.43073958437500004 0.45462968837209305 0.42125833437500004
6 0.533957811627907 0.46721250000000003 0.5345046883720931 0.47851875 0.5648687511627907 0.47669583437499996 0.564595311627907 0.46757708437499995 0.533957811627907 0.46721250000000003
6 0.6436484372093023 0.497120834375 0.6436484372093023 0.50915625 0.6759265627906976 0.504779165625 0.6759265627906976 0.4956625 0.6436484372093023 0.497120834375
2 0.41824843720930227 0.38624375 0.41852187441860467 0.400833334375 0.4590062511627907 0.3953625 0.45873281162790697 0.385879165625 0.41824843720930227 0.38624375
2 0.5700656255813954 0.5018625 0.5304015627906977 0.5018625 0.5317687488372093 0.513533334375 0.557482811627907 0.5095208343750001 0.5700656255813954 0.511710415625 0.5700656255813954 0.5018625
2 0.6819453116279071 0.529945834375 0.6603343744186047 0.5339583343750001 0.6425546883720931 0.532497915625 0.6428281255813953 0.545264584375 0.663617188372093 0.54198125 0.6813984372093024 0.5390645843749999 0.6819453116279071 0.529945834375