2 0.5490812488372093 0.431991665625 0.5507078116279069 0.44664583437500005 0.5918187511627907 0.436877084375 0.5893765627906976 0.423308334375 0.5490812488372093 0.431991665625
2 0.4363343744186047 0.3690375 0.43755468837209305 0.380435415625 0.4794781255813953 0.370666665625 0.47785000000000005 0.359270834375 0.4363343744186047 0.3690375
2 0.340682811627907 0.303914584375 0.3410890627906977 0.31911041562500003 0.38301250000000003 0.309883334375 0.381792188372093 0.29685833437500003 0.340682811627907 0.303914584375
6 0.34149687441860466 0.27080833437499996 0.3419031255813954 0.2854625 0.376907811627907 0.277864584375 0.37527968837209297 0.26429583437500004 0.34149687441860466 0.27080833437499996
6 0.44433281162790694 0.40289374999999994 0.44581875116279074 0.415185415625 0.4782375 0.408047915625 0.47704687441860466 0.395358334375 0.44433281162790694 0.40289374999999994
6 0.5570515627906977 0.46396249999999994 0.5585375 0.479427084375 0.5918484372093024 0.47149583437500003 0.5906593744186046 0.4596 0.5570515627906977 0.46396249999999994
0 0.5612156255813954 0.48894374999999995 0.5615125 0.502029165625 0.593632811627907 0.494891665625 0.5924437488372093 0.479427084375 0.5612156255813954 0.48894374999999995
0 0.44790156279069765 0.423116665625 0.44849687441860464 0.438185415625 0.48031874883720926 0.43144375 0.47972499999999996 0.41796249999999996 0.44790156279069765 0.423116665625
0 0.34083281162790696 0.24625625 0.3399406255813953 0.26251458437499997 0.3747375 0.25577291562500004 0.3732515627906977 0.24030833437500002 0.34083281162790696 0.24625625
8 0.33785937441860464 0.223654165625 0.33785937441860464 0.23911875 0.37235937441860467 0.233170834375 0.37027656279069765 0.21810208437499998 0.33785937441860464 0.223654165625
8 0.44909062558139534 0.44730625 0.44998281162790693 0.461185415625 0.482995311627907 0.45444375 0.4818062488372093 0.441358334375 0.44909062558139534 0.44730625
8 0.5641890627906977 0.509564584375 0.5653781255813953 0.525029165625 0.5972015627906977 0.5171 0.595417188372093 0.503616665625 0.5641890627906977 0.509564584375
9 0.5632968744186047 0.5412874999999999 0.5630000000000001 0.555166665625 0.6049343744186046 0.5440645843749999 0.6034468744186046 0.533358334375 0.5632968744186047 0.5412874999999999
9 0.44968593720930233 0.47903124999999996 0.44998281162790693 0.49211666562499995 0.49072812558139534 0.4810125 0.4889437488372093 0.4695125 0.44968593720930233 0.47903124999999996
9 0.33161406279069766 0.19549791562500002 0.3313156255813954 0.2054125 0.3720609372093023 0.20025624999999997 0.3720609372093023 0.18875625000000001 0.33161406279069766 0.19549791562500002