9 0.38582656279069766 0.335035415625 0.38620468837209304 0.34800416562500003 0.42704687441860467 0.341708334375 0.4267093744186046 0.331814584375 0.38582656279069766 0.335035415625
9 0.5267468744186047 0.363877084375 0.5271 0.3806125 0.5692921883720929 0.37116875 0.567604688372093 0.357677084375 0.5267468744186047 0.363877084375
9 0.6448562488372093 0.278454165625 0.6443015627906976 0.290410415625 0.686154688372093 0.29131041562500004 0.685817188372093 0.27826875 0.6448562488372093 0.278454165625
8 0.394654688372093 0.363152084375 0.39479843720930236 0.377189584375 0.42855156279069767 0.37404166562499996 0.42787656279069763 0.361447915625 0.394654688372093 0.363152084375
8 0.5303234372093023 0.335570834375 0.5308125 0.350114584375 0.5635531255813954 0.344716665625 0.5628781255813954 0.331225 0.5303234372093023 0.335570834375
8 0.6506468744186047 0.24896666562499997 0.650667188372093 0.26499375000000003 0.6820578116279069 0.26409375 0.682395311627907 0.250152084375 0.6506468744186047 0.24896666562499997
0 0.6493468744186046 0.225014584375 0.6490093744186046 0.23850625 0.681075 0.23805625 0.681075 0.22366458437499998 0.6493468744186046 0.225014584375
0 0.5246734372093024 0.31119375 0.526107811627907 0.326241665625 0.5578359372093024 0.32174583437500004 0.5568234372093023 0.308702084375 0.5246734372093024 0.31119375
0 0.39567812558139537 0.384816665625 0.39575468837209304 0.399925 0.430182811627907 0.39542708437499996 0.42984531162790696 0.38058541562500003 0.39567812558139537 0.384816665625
6 0.3971281255813954 0.412839584375 0.39764374883720927 0.426229165625 0.42869687441860466 0.42263124999999996 0.42869687441860466 0.4104875 0.3971281255813954 0.412839584375
6 0.5256640627906977 0.291025 0.5262187488372093 0.30338125 0.5603093744186046 0.297985415625 0.5592968744186047 0.28449375 0.5256640627906977 0.291025
6 0.6498468744186046 0.199304165625 0.6501718744186047 0.214089584375 0.6822374999999999 0.213639584375 0.6819 0.199247915625 0.6498468744186046 0.199304165625
2 0.3940734372093024 0.445979165625 0.3940734372093024 0.46126875 0.4359281255813954 0.455422915625 0.4359281255813954 0.43833333437500005 0.3940734372093024 0.445979165625
2 0.5190140627906977 0.25409375 0.5194656255813953 0.266825 0.561657811627907 0.260529165625 0.560645311627907 0.2479375 0.5190140627906977 0.25409375
2 0.6432828116279069 0.166329165625 0.6427281255813952 0.18121875 0.6849187488372093 0.181666665625 0.6845812488372093 0.16952499999999998 0.6432828116279069 0.166329165625