9 0.46337187441860467 0.449745834375 0.46337187441860467 0.44250416562500006 0.444504688372093 0.441360415625 0.4230656255813953 0.444410415625 0.42363750000000006 0.45241458437500004 0.4345 0.449745834375 0.4456484372093023 0.448220834375 0.46337187441860467 0.449745834375
9 0.5688531255813953 0.34378958437499996 0.5688531255813953 0.337310415625 0.548842188372093 0.33540416562500003 0.529404688372093 0.337310415625 0.5296906255813953 0.346075 0.5385515627906976 0.34340833437499996 0.5511296883720931 0.34378958437499996 0.5688531255813953 0.34378958437499996
9 0.6769062511627907 0.3731375 0.6763343744186047 0.364752084375 0.6580390627906977 0.365895834375 0.6371718744186047 0.369325 0.638029688372093 0.376566665625 0.6511796883720931 0.37428125 0.6674734372093023 0.37123125 0.6769062511627907 0.3731375
0 0.425925 0.38990625 0.4262109372093023 0.400197915625 0.45794062558139537 0.399054165625 0.45794062558139537 0.388383334375 0.425925 0.38990625
0 0.5665656255813953 0.398291665625 0.5665656255813953 0.38914375 0.5345500000000001 0.39066875 0.5351218744186047 0.402485415625 0.5459843744186046 0.398672915625 0.5542734372093023 0.395625 0.5665656255813953 0.398291665625
0 0.6763343744186047 0.4165875 0.6440328116279069 0.42001666562500006 0.6440328116279069 0.432975 0.6546093744186047 0.429545834375 0.6777640627906978 0.42992708437499993 0.6763343744186047 0.4165875
6 0.45794062558139537 0.3739 0.457654688372093 0.364752084375 0.425067188372093 0.366277084375 0.4247812511627907 0.376947915625 0.4367875 0.3739 0.4453625 0.37275625 0.45794062558139537 0.3739
6 0.5668515627906977 0.41125 0.5351218744186047 0.41163125 0.5348359372093023 0.423447915625 0.546270311627907 0.421160415625 0.5665656255813953 0.42077916562500006 0.5668515627906977 0.41125
6 0.6783359372093024 0.43869375 0.6603265627906977 0.441360415625 0.6454625 0.44326666562500006 0.6468906255813953 0.45584375 0.6606125 0.452033334375 0.6774781255813953 0.45012708437500004 0.6783359372093024 0.43869375
8 0.4270687511627907 0.4120125 0.4270687511627907 0.42382916562500006 0.457654688372093 0.421922915625 0.457654688372093 0.41086875 0.4270687511627907 0.4120125
8 0.5345500000000001 0.367039584375 0.5348359372093023 0.379235415625 0.5668515627906977 0.3739 0.5659937488372093 0.362464584375 0.5345500000000001 0.367039584375
8 0.6423171883720931 0.39600625 0.6426031255813953 0.407820834375 0.6746187488372094 0.40286666562500006 0.6743328116279069 0.3933375 0.6423171883720931 0.39600625
2 0.4605140627906977 0.34112083437499996 0.4602281255813953 0.33006875 0.4387890627906977 0.33045 0.41935 0.33273541562500003 0.41935 0.34645625 0.4296406255813954 0.34264583437499996 0.44393437441860467 0.33959583437499996 0.4605140627906977 0.34112083437499996
2 0.5725687511627907 0.44479166562500005 0.5537015627906976 0.444410415625 0.5316921883720931 0.44707916562500005 0.5328343744186047 0.45813125 0.5485562511627907 0.45508125 0.5725687511627907 0.4554625 0.5725687511627907 0.44479166562500005
2 0.6843390627906977 0.47490208437500003 0.6580390627906977 0.47680625 0.6437468744186046 0.4787125 0.6443187488372092 0.488622915625 0.6614703116279069 0.485572915625 0.6840531255813954 0.482525 0.6843390627906977 0.47490208437500003