2 0.39916406279069766 0.8329854156250001 0.3998390627906977 0.818145834375 0.38363749999999996 0.8208437500000001 0.37114843720930235 0.8217437500000001 0.3585890627906977 0.8186145843749999 0.35798437441860465 0.8334354156250001 0.37114843720930235 0.8352354156249999 0.386675 0.835685415625 0.39916406279069766 0.8329854156250001
2 0.5099875 0.9493124999999999 0.511 0.943014584375 0.4981734372093023 0.9434645843749999 0.48467187441860465 0.9434645843749999 0.468825 0.941841665625 0.47150781162790695 0.955608334375 0.48939687441860463 0.956058334375 0.5079609372093024 0.954708334375 0.5099875 0.9493124999999999
2 0.6423406255813954 0.95543125 0.6544921883720931 0.9522833343749999 0.655504688372093 0.9410395843750001 0.6416656255813954 0.9450875 0.6241140627906977 0.9459875 0.6120968744186047 0.943327084375 0.6126390627906977 0.9513833343749999 0.6156765627906977 0.9563312500000001 0.6285015627906977 0.9563312500000001 0.6423406255813954 0.95543125
6 0.39556406279069767 0.85238125 0.381725 0.854629165625 0.3604437511627907 0.851770834375 0.3604609372093023 0.864075 0.3739609372093023 0.867222915625 0.39421406279069765 0.8654229156250001 0.39556406279069767 0.85238125
6 0.5069937511627908 0.906672915625 0.48876718837209304 0.908470834375 0.4747640627906977 0.9071999999999999 0.4742531255813953 0.919264584375 0.48876718837209304 0.9197145843750001 0.5063187488372093 0.9197145843750001 0.5069937511627908 0.906672915625
6 0.6487984372093023 0.903760415625 0.6309093744186046 0.90870625 0.6172937488372092 0.90769375 0.6180828116279069 0.9221979156250001 0.6329343744186047 0.921747915625 0.6494734372093023 0.9186 0.6487984372093023 0.903760415625
0 0.3951968744186046 0.874791665625 0.378995311627907 0.876589584375 0.36081562558139535 0.875527084375 0.3611062511627907 0.8882833343750001 0.37697031162790695 0.89098125 0.39452187441860465 0.88918125 0.3951968744186046 0.874791665625
0 0.508045311627907 0.8854145843750001 0.4894812488372093 0.8863125000000001 0.4758781255813953 0.885425 0.475642188372093 0.8998041656250001 0.4901562511627907 0.9002541656249999 0.507707811627907 0.895308334375 0.508045311627907 0.8854145843750001
0 0.6158093744186046 0.8849291656249999 0.6157968744186048 0.8999 0.647525 0.8990020843750001 0.6482 0.884610415625 0.6158093744186046 0.8849291656249999
8 0.39400156279069765 0.8989479156250001 0.3778 0.900747915625 0.36081562558139535 0.8992812499999999 0.3609234372093023 0.911091665625 0.37645 0.913789584375 0.39366406279069766 0.9115416656249999 0.39400156279069765 0.8989479156250001
8 0.5080515627906977 0.8730020843749999 0.5080515627906977 0.8604104156249999 0.489825 0.861758334375 0.4758781255813953 0.8606791656249999 0.4759859372093024 0.8739020843749999 0.484425 0.8747999999999999 0.4975890627906977 0.874352084375 0.5080515627906977 0.8730020843749999
8 0.647670311627907 0.860097915625 0.625729688372093 0.8618958343750001 0.6150656255813954 0.8601854156250001 0.615267188372093 0.873139584375 0.624042188372093 0.874039584375 0.647670311627907 0.873139584375 0.647670311627907 0.860097915625
9 0.39685 0.9403291656249999 0.3971875 0.931335415625 0.3738984372093023 0.932683334375 0.3548765627906977 0.929964584375 0.354657811627907 0.941677084375 0.3708593744186046 0.941677084375 0.3819984372093024 0.941677084375 0.39685 0.9403291656249999
9 0.5125687488372093 0.8345 0.492992188372093 0.8362999999999999 0.47105312558139534 0.830985415625 0.4717281255813954 0.8434958343750001 0.487592188372093 0.84619375 0.5118937511627907 0.84394375 0.5125687488372093 0.8345
9 0.6501531255813954 0.8312625 0.6265265627906977 0.836208334375 0.6102406255813952 0.832470834375 0.610325 0.843854165625 0.6261875 0.845204165625 0.6501531255813954 0.8416062500000001 0.6501531255813954 0.8312625