2 0.40065 0.70555625 0.3778437511627907 0.708433334375 0.3593531255813953 0.705145834375 0.3596609372093023 0.7182937500000001 0.37722812558139535 0.7199375 0.400342188372093 0.7182937500000001 0.40065 0.70555625
2 0.47215156279069764 0.8296541656249999 0.47276718837209303 0.841160415625 0.510367188372093 0.841572915625 0.510675 0.8304770843749999 0.47215156279069764 0.8296541656249999
2 0.6524437511627907 0.8296541656249999 0.630870311627907 0.8333541656250001 0.6136125000000001 0.8304770843749999 0.6145359372093023 0.841572915625 0.631795311627907 0.841983334375 0.6527531255813954 0.837872915625 0.6524437511627907 0.8296541656249999
0 0.477082811627907 0.773358334375 0.4764656255813954 0.7852750000000001 0.5079015627906976 0.7819875 0.5082093744186047 0.77418125 0.477082811627907 0.773358334375
0 0.3951031255813953 0.76555 0.36335937441860466 0.763908334375 0.3618187511627907 0.772947915625 0.37661093720930233 0.77705625 0.39602812558139533 0.77376875 0.3951031255813953 0.76555
0 0.6157687488372092 0.771714584375 0.6160781255813953 0.7844541656249999 0.648129688372093 0.7844541656249999 0.6475125 0.7725375 0.6157687488372092 0.771714584375
6 0.4764656255813954 0.7951374999999999 0.476775 0.805 0.5085187488372093 0.806233334375 0.5079015627906976 0.7959583343750001 0.4764656255813954 0.7951374999999999
6 0.363667188372093 0.740485415625 0.36335937441860466 0.751579165625 0.3944875 0.7507583343750001 0.394795311627907 0.742129165625 0.363667188372093 0.740485415625
6 0.6173109372093024 0.795547915625 0.6176187511627906 0.8082874999999999 0.648745311627907 0.8045895843749999 0.648129688372093 0.793904165625 0.6173109372093024 0.795547915625
8 0.3954109372093023 0.7852750000000001 0.3747625 0.7889729156249999 0.36243437441860465 0.786508334375 0.3621265627906977 0.797602084375 0.375995311627907 0.80006875 0.394795311627907 0.796370834375 0.3954109372093023 0.7852750000000001
8 0.5082093744186047 0.749114584375 0.493107811627907 0.7511687499999999 0.477082811627907 0.749935415625 0.4764656255813954 0.761852084375 0.4921843744186047 0.761441665625 0.5082093744186047 0.758977084375 0.5082093744186047 0.749114584375
8 0.6465890627906977 0.747470834375 0.6154609372093024 0.749935415625 0.6154609372093024 0.76103125 0.6314875 0.760208334375 0.6484375 0.7581541656249999 0.6465890627906977 0.747470834375
9 0.39787656279069766 0.817327084375 0.37661093720930233 0.820204165625 0.359045311627907 0.815683334375 0.35719531162790696 0.825135415625 0.37414687441860467 0.8284229156249999 0.3988015627906977 0.82636875 0.39787656279069766 0.817327084375
9 0.511292188372093 0.7199375 0.49033437441860467 0.720760415625 0.474617188372093 0.719116665625 0.474617188372093 0.729389584375 0.493417188372093 0.728979165625 0.511907811627907 0.7277458343750001 0.511292188372093 0.7199375
9 0.6499781255813953 0.720760415625 0.6277890627906977 0.723225 0.6108375 0.720760415625 0.611454688372093 0.729389584375 0.6271718744186046 0.72856875 0.6499781255813953 0.726102084375 0.6499781255813953 0.720760415625