9 0.30943437441860466 0.658220834375 0.28741249999999996 0.66075 0.26808906279069766 0.659185415625 0.26842812558139534 0.670866665625 0.2866531255813954 0.670360415625 0.3101937488372093 0.66884375 0.30943437441860466 0.658220834375
9 0.4369515627906977 0.560175 0.4149312488372093 0.561691665625 0.39751875116279073 0.5589833343749999 0.39746562558139537 0.571810415625 0.4194875 0.571304165625 0.4373312488372093 0.571304165625 0.4369515627906977 0.560175
9 0.548670311627907 0.570954165625 0.5482906255813954 0.5603312500000001 0.5270296883720931 0.56235625 0.5081593744186047 0.562322915625 0.508045311627907 0.572979165625 0.5107031255813953 0.574495834375 0.5315859372093024 0.571966665625 0.548670311627907 0.570954165625
8 0.514004688372093 0.590714584375 0.514120311627907 0.60333125 0.5460140627906976 0.601814584375 0.545632811627907 0.58765 0.514004688372093 0.590714584375
8 0.43348749999999997 0.591395834375 0.417542188372093 0.591902084375 0.40083593720930233 0.5908895843749999 0.40159531162790696 0.6020187499999999 0.4171625 0.6020187499999999 0.43386718837209304 0.60303125 0.43348749999999997 0.591395834375
8 0.30554843720930236 0.627264584375 0.2710109372093023 0.630795834375 0.27137656279069766 0.642441665625 0.29225937441860467 0.641935415625 0.30554843720930236 0.641429165625 0.30554843720930236 0.627264584375
6 0.4021109372093023 0.63691875 0.40275781162790697 0.6508499999999999 0.43465 0.65034375 0.43465 0.6366854156249999 0.4021109372093023 0.63691875
6 0.2693406255813953 0.5829208343750001 0.269870311627907 0.5957104156249999 0.3040406255813954 0.5957104156249999 0.3040406255813954 0.58255625 0.2693406255813953 0.5829208343750001
6 0.5474734372093023 0.634366665625 0.514004688372093 0.637475 0.5144406255813954 0.651566665625 0.5364625000000001 0.6490375 0.5478531255813953 0.6475187499999999 0.5474734372093023 0.634366665625
0 0.27142812558139534 0.6074145843750001 0.27154843720930233 0.61949375 0.30495937441860466 0.61848125 0.3042 0.604822915625 0.27142812558139534 0.6074145843750001
0 0.4016937511627907 0.615208334375 0.4023687511627907 0.6262749999999999 0.4354 0.62576875 0.4346406255813953 0.61716875 0.4016937511627907 0.615208334375
0 0.5131703116279069 0.61409375 0.5146625 0.627235415625 0.5461765627906977 0.626729165625 0.5465562488372093 0.612060415625 0.5131703116279069 0.61409375
2 0.4394187511627907 0.682889584375 0.43979843720930234 0.670747915625 0.41625937441860467 0.6722645843749999 0.39751875116279073 0.671433334375 0.3980343744186047 0.677325 0.400692188372093 0.686429165625 0.4177781255813954 0.6849125 0.4394187511627907 0.682889584375
2 0.307670311627907 0.561479165625 0.3069125 0.54883125 0.2833718744186047 0.5493375 0.265582811627907 0.5495187500000001 0.2643875 0.553383334375 0.26514687441860463 0.562489584375 0.2886875 0.5609729156250001 0.307670311627907 0.561479165625
2 0.5525765627906977 0.679558334375 0.5521968744186047 0.669945834375 0.5305546883720931 0.67196875 0.5102468744186047 0.6725458343749999 0.5104312488372093 0.678545834375 0.5138484372093023 0.685627084375 0.5332125 0.683097915625 0.5525765627906977 0.679558334375