8 0.4889234372093023 0.748966665625 0.4576484372093023 0.766433334375 0.4616687511627907 0.781964584375 0.4708468744186047 0.7756624999999999 0.49309531162790693 0.762314584375 0.4889234372093023 0.748966665625
8 0.59155 0.721158334375 0.5740281255813954 0.7289458343749999 0.5612343744186047 0.73228125 0.5642937511627907 0.7471125 0.575975 0.74118125 0.5934968744186047 0.732652084375 0.59155 0.721158334375
8 0.7545265627906976 0.7608312500000001 0.7400640627906977 0.767133334375 0.7242109372093024 0.7682458343749999 0.723654688372093 0.780110415625 0.7422890627906977 0.7793687499999999 0.7567515627906977 0.776404165625 0.7545265627906976 0.7608312500000001
9 0.4861437488372093 0.7230125000000001 0.4650062488372093 0.738214584375 0.44692812558139533 0.7448875 0.4522125 0.758235415625 0.46417187441860464 0.7493375 0.49003593720930233 0.7333937500000001 0.4861437488372093 0.7230125000000001
9 0.589325 0.696316665625 0.5687437488372092 0.707439584375 0.5520562488372093 0.71263125 0.5545593744186047 0.722641665625 0.5701343744186047 0.715227084375 0.5923843744186046 0.7037333343750001 0.589325 0.696316665625
9 0.7634265627906976 0.799391665625 0.761479688372093 0.789010415625 0.7201656255813954 0.7947145843750001 0.721707811627907 0.8060645843750001 0.7331109372093023 0.80680625 0.7495203116279069 0.803841665625 0.7634265627906976 0.799391665625
0 0.4927984372093023 0.767752084375 0.4809687511627907 0.77813125 0.463892188372093 0.787322915625 0.46654218837209305 0.79543125 0.4763515627906977 0.789664584375 0.494529688372093 0.777745834375 0.4927984372093023 0.767752084375
0 0.49856875116279076 0.7904333343750001 0.4867390627906977 0.8011958343750001 0.46928593720930234 0.808897915625 0.47115937441860467 0.817727084375 0.488470311627907 0.8100375 0.5017421883720931 0.8011958343750001 0.49856875116279076 0.7904333343750001
0 0.595054688372093 0.73915 0.580917188372093 0.74760625 0.565420311627907 0.755172915625 0.5687984372093023 0.7645208343750001 0.5823593744186046 0.759908334375 0.5982281255813954 0.74760625 0.595054688372093 0.73915
0 0.6014015627906977 0.7641375 0.5730359372093023 0.7775937500000001 0.5751468744186047 0.7875875 0.5898609372093023 0.781820834375 0.604575 0.77259375 0.6014015627906977 0.7641375
0 0.7505125 0.719427084375 0.7372406255813954 0.724425 0.7184875000000001 0.72673125 0.7196406255813954 0.73595625 0.7352218744186046 0.7351875 0.751667188372093 0.7328812499999999 0.7505125 0.719427084375
0 0.7519562488372092 0.743260415625 0.7366640627906977 0.75095 0.721082811627907 0.750564584375 0.7219484372093024 0.7617125 0.741857811627907 0.7586375000000001 0.7533984372093023 0.752870834375 0.7519562488372092 0.743260415625
2 0.7458 0.7060125 0.7530125 0.7029375 0.751857811627907 0.687175 0.7385859372093023 0.6921729156249999 0.7110515627906976 0.692139584375 0.7108875 0.6990916656249999 0.7126187511627907 0.709470834375 0.7293531255813954 0.708702084375 0.7458 0.7060125
2 0.601170311627907 0.806141665625 0.613 0.798454165625 0.6104031255813953 0.784614584375 0.5962656255813954 0.794225 0.5727187511627907 0.800860415625 0.5737593744186047 0.810370834375 0.5754906255813954 0.8184437499999999 0.5899171883720931 0.8130625 0.601170311627907 0.806141665625
2 0.5034656255813953 0.8396708343749999 0.5129859372093023 0.8312145843750001 0.514717188372093 0.82736875 0.5083703116279069 0.813145834375 0.4948093744186047 0.825447915625 0.4730937488372093 0.834702084375 0.47288125116279073 0.8439 0.47634375116279065 0.854279165625 0.490770311627907 0.8439 0.5034656255813953 0.8396708343749999