9 0.266029688372093 0.836795834375 0.26892499999999997 0.8483770843749999 0.307204688372093 0.8243583343750001 0.3030218744186047 0.814922915625 0.266029688372093 0.836795834375
9 0.4744781255813954 0.782754165625 0.47512187441860465 0.7973375 0.5172609372093023 0.787472915625 0.5140453116279069 0.775033334375 0.4744781255813954 0.782754165625
9 0.6600875 0.71970625 0.662017188372093 0.731285415625 0.7022281255813954 0.714129165625 0.6986890627906978 0.704264584375 0.6600875 0.71970625
8 0.26313437441860466 0.8080604156250001 0.26699375116279067 0.820497915625 0.29755468837209303 0.803770834375 0.2927281255813953 0.7917625 0.26313437441860466 0.8080604156250001
8 0.4760859372093023 0.7561625000000001 0.47705156279069766 0.769458334375 0.5088984372093023 0.764739584375 0.5092187488372093 0.751014584375 0.4760859372093023 0.7561625000000001
0 0.25804687441860463 0.7897333343749999 0.26047031162790696 0.8026958343749999 0.291254688372093 0.785377084375 0.2892015627906977 0.775047915625 0.25804687441860463 0.7897333343749999
0 0.25177812558139534 0.77000625 0.254770311627907 0.77960625 0.285325 0.762591665625 0.2825890627906977 0.7510458343749999 0.25177812558139534 0.77000625
2 0.23924062558139536 0.739916665625 0.24496562558139534 0.754691665625 0.282817188372093 0.73190625 0.2791687511627907 0.71701875 0.23924062558139536 0.739916665625
2 0.46090156279069766 0.686758334375 0.46254531162790696 0.703741665625 0.504045311627907 0.69006875 0.5019937511627907 0.672752084375 0.46090156279069766 0.686758334375
0 0.46892656279069767 0.712502084375 0.47075468837209306 0.7247041656250001 0.5026781255813954 0.71589375 0.499257811627907 0.702527084375 0.46892656279069767 0.712502084375
0 0.4729375 0.736575 0.474175 0.7511375 0.5060984372093024 0.7432375 0.504957811627907 0.7292625 0.4729375 0.736575
8 0.6684515627906976 0.743295834375 0.671025 0.757020834375 0.7019062511627907 0.745439584375 0.699654688372093 0.73214375 0.6684515627906976 0.743295834375
0 0.6732156255813952 0.7638812500000001 0.6745843744186046 0.773604165625 0.7044562488372093 0.76145 0.7026312511627907 0.751120834375 0.6732156255813952 0.7638812500000001
0 0.6760453116279069 0.782377084375 0.679145311627907 0.7988208343750001 0.7106125 0.784541665625 0.7076484372093024 0.7723875 0.6760453116279069 0.782377084375
2 0.6784609372093023 0.813404165625 0.6809687488372093 0.8331520843750001 0.720417188372093 0.815529165625 0.7174531255813953 0.799427084375 0.6784609372093023 0.813404165625