8 0.68125 0.249841665625 0.68125 0.23809375 0.663975 0.239675 0.6511031255813953 0.243741665625 0.6522890627906978 0.257525 0.6666843744186046 0.250972915625 0.68125 0.249841665625
9 0.6641437511627907 0.22250416562500003 0.682267188372093 0.22069791562500002 0.6815890627906978 0.210983334375 0.6560140627906977 0.21346875 0.6428031255813954 0.22092291562500002 0.6443281255813954 0.230864584375 0.6527968744186047 0.226570834375 0.6641437511627907 0.22250416562500003
9 0.7612078116279071 0.1493625 0.7488437511627907 0.1552375 0.7329234372093023 0.162014584375 0.7273343744186047 0.167210415625 0.7305531255813953 0.17444166562500002 0.7408843744186047 0.166760415625 0.7598531255813954 0.158175 0.7647656255813954 0.15704374999999998 0.7612078116279071 0.1493625
9 0.9073875 0.18150208437499998 0.918057811627907 0.1778875 0.9177187511627907 0.170658334375 0.9095890627906976 0.170883334375 0.8909593744186046 0.17924374999999998 0.8807968744186047 0.188279165625 0.8809656255813954 0.19618750000000001 0.892482811627907 0.1903125 0.9073875 0.18150208437499998
8 0.9104359372093024 0.157102084375 0.9063718744186047 0.14173750000000002 0.8879109372093023 0.15213125 0.8770937511627906 0.157595834375 0.8787640627906976 0.173141665625 0.8977343744186046 0.162525 0.9104359372093024 0.157102084375
8 0.7567609372093023 0.187614584375 0.7679390627906977 0.18558125 0.766075 0.173608334375 0.7520187511627907 0.178577084375 0.7379609372093022 0.1871625 0.740670311627907 0.1989125 0.7511718744186046 0.192585415625 0.7567609372093023 0.187614584375
0 0.6836062511627907 0.26740624999999996 0.6831015627906977 0.25425624999999996 0.664892188372093 0.259314584375 0.6532578116279071 0.265383334375 0.6519937511627907 0.277860415625 0.6691906255813953 0.26706875 0.6836062511627907 0.26740624999999996
0 0.6757671883720929 0.2903375 0.6874 0.2896625 0.6879062511627907 0.28156875000000003 0.6704562488372092 0.284941665625 0.656545311627907 0.288314584375 0.6555343744186046 0.29741875 0.6621093744186046 0.29640625 0.6757671883720929 0.2903375
2 0.6944812488372093 0.323383334375 0.6944812488372093 0.305847915625 0.6919531255813954 0.305847915625 0.6795609372093023 0.309558334375 0.6681796883720931 0.313941665625 0.6560406255813953 0.3179875 0.6562937511627908 0.334175 0.6772843744186047 0.32506875 0.6944812488372093 0.323383334375
2 0.7898281255813954 0.25459375 0.7862875 0.23773333437500002 0.7637781255813954 0.248185415625 0.7480984372093022 0.25762708437500004 0.7511328116279069 0.27347708437499996 0.7685843744186047 0.261675 0.7898281255813954 0.25459375
0 0.7660546883720931 0.22896458437499997 0.7781937488372093 0.226266665625 0.7766765627906976 0.216825 0.7655484372093023 0.219185415625 0.758720311627907 0.220872915625 0.7523968744186047 0.22356875 0.7453156255813954 0.228289584375 0.7496156255813954 0.24144166562499997 0.7536625 0.23604583437499999 0.7660546883720931 0.22896458437499997
0 0.7698484372093023 0.19322083437499998 0.7417750000000001 0.207383334375 0.7417750000000001 0.21615 0.7731359372093023 0.200977084375 0.7698484372093023 0.19322083437499998
0 0.9038890627906977 0.13724375 0.9023718744186047 0.127802084375 0.8836562488372094 0.134208334375 0.8717703116279071 0.14196458437499998 0.8758156255813954 0.153429165625 0.8899781255813953 0.142977084375 0.9038890627906977 0.13724375
0 0.8975656255813953 0.11262708437499999 0.8957953116279069 0.10689583437500001 0.881632811627907 0.113302084375 0.8763218744186047 0.10992916562499999 0.8674703116279069 0.11869791562500001 0.8689875 0.12881458437499999 0.8823921883720931 0.12105833437499999 0.8975656255813953 0.11262708437499999
2 0.8970609372093022 0.084977084375 0.8932671883720931 0.06912708437500001 0.88745 0.073175 0.8796093744186047 0.07890625 0.8730343744186047 0.082616665625 0.8639296883720929 0.083289584375 0.8535609372093024 0.088685415625 0.8571015627906977 0.10487291562500001 0.8793562511627908 0.091045834375 0.8970609372093022 0.084977084375