8 0.4011359372093023 0.23509375000000002 0.40209843720930233 0.248795834375 0.4367843744186047 0.245797915625 0.43549999999999994 0.233379165625 0.4011359372093023 0.23509375000000002
8 0.5829156255813953 0.26335625 0.5825937511627907 0.27663125 0.6134249999999999 0.27834375 0.6127828116279069 0.265925 0.5829156255813953 0.26335625
8 0.8106218744186047 0.28134166562499996 0.8106218744186047 0.295472915625 0.8440218744186045 0.29161875 0.8417734372093023 0.278770834375 0.8106218744186047 0.28134166562499996
9 0.5755281255813953 0.289904165625 0.5755281255813953 0.301466665625 0.6166375000000001 0.30317916562499997 0.617279688372093 0.293758334375 0.5755281255813953 0.289904165625
9 0.40017187441860463 0.262927084375 0.4011359372093023 0.274916665625 0.443207811627907 0.27020625 0.44192343720930227 0.257789584375 0.40017187441860463 0.262927084375
9 0.8045187511627907 0.257360415625 0.8041984372093023 0.26763750000000003 0.8469125 0.261214584375 0.8456281255813953 0.251364584375 0.8045187511627907 0.257360415625
0 0.40179062558139533 0.2144625 0.4018984372093023 0.22707916562500002 0.43401093720930234 0.224775 0.4337640627906977 0.21226875 0.40179062558139533 0.2144625
0 0.39988906279069764 0.18874791562499998 0.4001687511627907 0.20371041562499997 0.43401093720930234 0.200747915625 0.43327031162790697 0.186925 0.39988906279069764 0.18874791562499998
0 0.580745311627907 0.21654583437500002 0.5802515627906977 0.22905416562499997 0.6143406255813953 0.22905416562499997 0.6136 0.216875 0.580745311627907 0.21654583437500002
0 0.5813468744186047 0.241989584375 0.580992188372093 0.255385415625 0.6143406255813953 0.25505625 0.6133531255813954 0.24320624999999998 0.5813468744186047 0.241989584375
2 0.5770015627906977 0.187660415625 0.5772875 0.20436875 0.6185406255813953 0.20535625 0.617304688372093 0.186266665625 0.5770015627906977 0.187660415625
2 0.39201093720930236 0.15687500000000001 0.39251093720930236 0.1721125 0.4347531255813954 0.17178333437499999 0.43450625116279074 0.155327084375 0.39201093720930236 0.15687500000000001
2 0.811157811627907 0.35426875 0.811245311627907 0.37098333437500003 0.8532406255813954 0.36670625 0.8522515627906976 0.34991875 0.811157811627907 0.35426875
0 0.813875 0.32529375 0.8139625 0.335766665625 0.846570311627907 0.334120834375 0.845829688372093 0.320627084375 0.813875 0.32529375
0 0.8103437488372093 0.300664584375 0.811245311627907 0.313385415625 0.8443468744186047 0.31108125000000003 0.8433593744186045 0.298575 0.8103437488372093 0.300664584375