9 0.3034968744186047 0.44345208437499994 0.303292188372093 0.433845834375 0.28600937441860463 0.43466875 0.26163281162790697 0.43458125000000003 0.2627625 0.44180416562499997 0.2821015627906977 0.44207916562499994 0.3034968744186047 0.44345208437499994
9 0.5279515627906977 0.5120604156249999 0.5044984372093023 0.512610415625 0.4874625 0.5148291656249999 0.4878343744186046 0.5235875 0.527129688372093 0.5213916656250001 0.5279515627906977 0.5120604156249999
8 0.2997937511627907 0.4623875 0.26652031162790696 0.463045834375 0.266670311627907 0.472541665625 0.2997937511627907 0.47336458437499995 0.2997937511627907 0.4623875
8 0.5242484372093024 0.484891665625 0.49092031162790695 0.48434375 0.49174375116279073 0.494222915625 0.5240437488372093 0.493947915625 0.5242484372093024 0.484891665625
0 0.3 0.485439584375 0.2662625 0.48499375 0.2672875 0.49888750000000004 0.2989718744186047 0.500260415625 0.3 0.485439584375
0 0.4907140627906977 0.455527084375 0.49132031162790696 0.46853125 0.5135515627906977 0.468425 0.5234265627906977 0.472266665625 0.5242484372093024 0.45635000000000003 0.4907140627906977 0.455527084375
7 0.2989718744186047 0.5117875 0.26703437441860467 0.510370834375 0.26625937441860464 0.5224895843749999 0.29876562558139536 0.524410415625 0.2989718744186047 0.5117875
7 0.4925656255813954 0.43220000000000003 0.4925656255813954 0.445097915625 0.5242484372093024 0.446470834375 0.5242484372093024 0.431925 0.4925656255813954 0.43220000000000003
2 0.303292188372093 0.54444375 0.26060468837209305 0.5439812500000001 0.26235 0.5524041656249999 0.30287968837209306 0.552129165625 0.303292188372093 0.54444375
2 0.4882343744186046 0.411260415625 0.5283640627906977 0.41189166562499996 0.5279515627906977 0.399816665625 0.48762812558139534 0.399816665625 0.4882343744186046 0.411260415625
2 0.7243234372093023 0.516747915625 0.6987187511627908 0.516016665625 0.6821328116279071 0.516522915625 0.6831718744186047 0.5252875 0.7243234372093023 0.52601875 0.7243234372093023 0.516747915625
9 0.7080468744186046 0.405739584375 0.6798796883720931 0.40671458437499997 0.6817093744186047 0.415010415625 0.7182890627906977 0.41525416562500006 0.7213984372093023 0.40622708437500005 0.7080468744186046 0.405739584375
8 0.7184718744186046 0.43355208437500004 0.6846484372093022 0.434510415625 0.685732811627907 0.445752084375 0.7177390627906977 0.445752084375 0.7184718744186046 0.43355208437500004
0 0.7181062488372093 0.456729165625 0.6848187488372093 0.45819375000000007 0.6864640627906977 0.47112499999999996 0.7179234372093024 0.46990416562500004 0.7181062488372093 0.456729165625
7 0.7184718744186046 0.483566665625 0.6871625 0.48329166562500003 0.6875625000000001 0.495520834375 0.7188375 0.494302084375 0.7184718744186046 0.483566665625