9 0.5503515627906976 0.61285625 0.5501265627906976 0.6236875000000001 0.5923218744186046 0.6236875000000001 0.591645311627907 0.6131562500000001 0.5503515627906976 0.61285625
9 0.49755 0.620077084375 0.497325 0.6330145843749999 0.5399718744186046 0.635420834375 0.5395203116279069 0.6257937499999999 0.49755 0.620077084375
9 0.6173687488372094 0.714245834375 0.6173687488372094 0.725077084375 0.6606921883720931 0.722970834375 0.6597906255813953 0.710335415625 0.6173687488372094 0.714245834375
8 0.5009343744186047 0.649560415625 0.5009343744186047 0.662797915625 0.5329765627906977 0.664604165625 0.5329765627906977 0.65256875 0.5009343744186047 0.649560415625
8 0.5546390627906976 0.640233334375 0.5539625 0.65226875 0.586454688372093 0.65226875 0.5866812511627907 0.642039584375 0.5546390627906976 0.640233334375
8 0.6205281255813954 0.6853625 0.6207531255813953 0.6976979156249999 0.6548265627906977 0.6934875 0.6539234372093022 0.6814520843749999 0.6205281255813954 0.6853625
0 0.5007093744186046 0.6727270843750001 0.4998062488372093 0.68716875 0.532525 0.6901770843749999 0.5327515627906977 0.6763375 0.5007093744186046 0.6727270843750001
0 0.5537359372093023 0.663702084375 0.5535109372093023 0.6793458343750001 0.5880343744186046 0.6793458343750001 0.5875828116279069 0.6631 0.5537359372093023 0.663702084375
0 0.6196250000000001 0.65648125 0.6200765627906977 0.6709229156250001 0.6536984372093023 0.669116665625 0.6532468744186047 0.654375 0.6196250000000001 0.65648125
7 0.500257811627907 0.697097915625 0.5000328116279069 0.7112375 0.532075 0.713945834375 0.5318484372093023 0.7022125 0.500257811627907 0.697097915625
7 0.555767188372093 0.690479165625 0.5535109372093023 0.69168125 0.5532843744186047 0.703716665625 0.587132811627907 0.703114584375 0.5866812511627907 0.690479165625 0.555767188372093 0.690479165625
7 0.6182718744186047 0.633614584375 0.6182718744186047 0.647454165625 0.6534718744186047 0.6456500000000001 0.6523437488372094 0.63060625 0.6182718744186047 0.633614584375
2 0.4937140627906977 0.729589584375 0.49394062558139534 0.74403125 0.5361359372093023 0.744633334375 0.5359109372093023 0.7332 0.4937140627906977 0.729589584375
2 0.5487718744186046 0.7235729156249999 0.5492234372093023 0.734404165625 0.5923218744186046 0.734704165625 0.591645311627907 0.7235729156249999 0.5487718744186046 0.7235729156249999
2 0.6115015627906977 0.601722915625 0.6121781255813954 0.613758334375 0.6546000000000001 0.610447915625 0.6546000000000001 0.598114584375 0.6115015627906977 0.601722915625