9 0.4175359372093024 0.534039584375 0.4182984372093023 0.545208334375 0.46170156279069763 0.5408083343750001 0.46017812558139537 0.529302084375 0.4175359372093024 0.534039584375
9 0.4837843744186046 0.61255625 0.48505312558139535 0.6230479156250001 0.5264265627906977 0.6156020843750001 0.524395311627907 0.604095834375 0.4837843744186046 0.61255625
9 0.5594234372093023 0.533364584375 0.5594234372093023 0.545547915625 0.6020640627906977 0.546225 0.600795311627907 0.53539375 0.5594234372093023 0.533364584375
8 0.42362812558139534 0.560777084375 0.4241359372093023 0.575666665625 0.45789375116279074 0.572283334375 0.45764062558139534 0.5584083343749999 0.42362812558139534 0.560777084375
8 0.48581406279069766 0.581420834375 0.48682968837209306 0.59428125 0.5188109372093024 0.58988125 0.51805 0.575329165625 0.48581406279069766 0.581420834375
8 0.5637375 0.5614541656250001 0.5627218744186047 0.5743145843749999 0.5964812511627907 0.574989584375 0.5957187511627907 0.5628062500000001 0.5637375 0.5614541656250001
0 0.4246437488372093 0.5854812500000001 0.4248968744186047 0.6003729156250001 0.46017812558139537 0.598341665625 0.46017812558139537 0.582775 0.4246437488372093 0.5854812500000001
0 0.48226093720930235 0.55333125 0.4837843744186046 0.5705916656250001 0.5160187511627907 0.567545834375 0.5155109372093023 0.549608334375 0.48226093720930235 0.55333125
0 0.5634843744186047 0.5851437500000001 0.5637375 0.6003729156250001 0.5962265627906977 0.601727084375 0.5962265627906977 0.584127084375 0.5634843744186047 0.5851437500000001
7 0.4276890627906977 0.609170834375 0.4276890627906977 0.625077084375 0.4611937488372093 0.6223708343750001 0.46068593720930234 0.607479165625 0.4276890627906977 0.609170834375
7 0.48073750000000004 0.531333334375 0.482007811627907 0.54453125 0.5167812488372093 0.5408083343750001 0.514242188372093 0.52591875 0.48073750000000004 0.531333334375
7 0.563229688372093 0.6101875 0.5627218744186047 0.625416665625 0.5957187511627907 0.62609375 0.5957187511627907 0.611879165625 0.563229688372093 0.6101875
2 0.4243890627906977 0.6423375 0.4243890627906977 0.655875 0.4685546883720931 0.654183334375 0.4683015627906977 0.64030625 0.4243890627906977 0.6423375
2 0.4733765627906977 0.49850625 0.474392188372093 0.51238125 0.5170343744186047 0.5062895843749999 0.5162734372093023 0.492752084375 0.4733765627906977 0.49850625
2 0.5581531255813953 0.643691665625 0.5586609372093023 0.655875 0.600795311627907 0.657229165625 0.6000343744186047 0.6450458343750001 0.5581531255813953 0.643691665625