7 0.3631640627906977 0.7511125 0.34610625116279076 0.75300625 0.3283375 0.7485062499999999 0.32780468837209303 0.760820834375 0.342729688372093 0.764610415625 0.36245312558139536 0.764372915625 0.3631640627906977 0.7511125
2 0.36494062558139534 0.784977084375 0.34166406279069766 0.7856875 0.322829688372093 0.780714584375 0.32389531162790697 0.7942125 0.3375781255813953 0.795870834375 0.364229688372093 0.795633334375 0.36494062558139534 0.784977084375
0 0.36298593720930233 0.7248249999999999 0.328870311627907 0.72245625 0.3295812488372093 0.739270834375 0.3437968744186046 0.740454165625 0.3635187511627907 0.739508334375 0.36298593720930233 0.7248249999999999
8 0.363875 0.702327084375 0.3301140627906977 0.6985375 0.3301140627906977 0.712510415625 0.3480609372093023 0.714404165625 0.363875 0.715114584375 0.363875 0.702327084375
9 0.36955937441860465 0.684802084375 0.37027031162790697 0.674145834375 0.3480609372093023 0.677225 0.3270937511627907 0.6720145843750001 0.32673906279069764 0.683145834375 0.3430859372093023 0.684091665625 0.36245312558139536 0.6859875 0.36955937441860465 0.684802084375
9 0.6881171883720931 0.7284208343749999 0.688295311627907 0.71586875 0.6644859372093023 0.718947915625 0.6447625 0.712316665625 0.6445859372093022 0.7243937500000001 0.6545359372093023 0.7267625 0.6714156255813953 0.72913125 0.6881171883720931 0.7284208343749999
8 0.6820765627906976 0.7452354156250001 0.6651968744186046 0.7452354156250001 0.6490281255813953 0.742866665625 0.6493828116279069 0.7551812499999999 0.6611093744186047 0.757785415625 0.6818984372093023 0.758495834375 0.6820765627906976 0.7452354156250001
0 0.6826093744186047 0.7686791656249999 0.6660843744186047 0.769154165625 0.6474281255813953 0.764654165625 0.6477843744186046 0.7805208343750001 0.6605765627906978 0.782652084375 0.6831421883720931 0.7833625 0.6826093744186047 0.7686791656249999
7 0.680654688372093 0.7923625000000001 0.647620311627907 0.79020625 0.6477843744186046 0.8049125 0.6691062511627907 0.8075187500000001 0.680832811627907 0.8060979156249999 0.680654688372093 0.7923625000000001
2 0.6849187488372093 0.8274104156250001 0.6648406255813953 0.8264625000000001 0.6414234372093023 0.8232520843750001 0.6422749999999999 0.8375937499999999 0.6564906255813954 0.838777084375 0.6843859372093023 0.8399625000000001 0.6849187488372093 0.8274104156250001
2 0.538575 0.377697915625 0.4956562511627907 0.373139584375 0.4961703116279069 0.38635625 0.5129265627906977 0.387952084375 0.538232811627907 0.39068749999999997 0.538575 0.377697915625
7 0.5329312511627907 0.40983125 0.49857812558139536 0.408054165625 0.49839218837209304 0.420085415625 0.5141234372093023 0.4221375 0.5325890627906976 0.424414584375 0.5329312511627907 0.40983125
0 0.5329312511627907 0.434214584375 0.4974234372093023 0.43139374999999996 0.496682811627907 0.444927084375 0.5172015627906976 0.447660415625 0.5319062511627907 0.45107916562500006 0.5329312511627907 0.434214584375
8 0.5305375 0.462929165625 0.4959984372093023 0.459966665625 0.497707811627907 0.471133334375 0.5088218744186047 0.47295625 0.530879688372093 0.47364166562500004 0.5305375 0.462929165625
9 0.533957811627907 0.490504165625 0.49069843720930234 0.48571875000000003 0.4903562488372093 0.49711458437499995 0.5057453116279069 0.500533334375 0.5336156255813954 0.502127084375 0.533957811627907 0.490504165625