9 0.37917656279069767 0.252139584375 0.3364640627906977 0.247129165625 0.3356093744186046 0.25851458437499997 0.35457500000000003 0.259425 0.3786640627906977 0.26306875 0.37917656279069767 0.252139584375
9 0.4997859372093023 0.5731208343749999 0.4560484372093023 0.5724375 0.456220311627907 0.583141665625 0.46937500000000004 0.5829125000000001 0.49927343720930234 0.583822915625 0.4997859372093023 0.5731208343749999
9 0.689179688372093 0.292675 0.6464671883720929 0.290854165625 0.6461250000000001 0.290625 0.6474921883720931 0.303377084375 0.6625265627906977 0.302239584375 0.6898624999999999 0.30474375 0.689179688372093 0.292675
8 0.3736890627906977 0.278245834375 0.33968906279069766 0.2775625 0.33951875116279073 0.2900875 0.35711562558139537 0.29054375 0.37300468837209305 0.292820834375 0.3736890627906977 0.278245834375
0 0.373175 0.302383334375 0.33807656279069764 0.300354165625 0.3402015627906977 0.315591665625 0.358995311627907 0.316275 0.3736890627906977 0.318552084375 0.373175 0.302383334375
7 0.3723218744186047 0.329254165625 0.3383234372093023 0.32606458437499997 0.3386640627906977 0.34041041562499996 0.352845311627907 0.33995625 0.37300468837209305 0.342460415625 0.3723218744186047 0.329254165625
2 0.3757390627906977 0.3615875 0.3325140627906977 0.3572625 0.33370937441860465 0.370241665625 0.3596781255813954 0.371379165625 0.3757390627906977 0.373885415625 0.3757390627906977 0.3615875
2 0.5003921883720931 0.4600625 0.458582811627907 0.46043333437499995 0.4578890627906977 0.47228125 0.48136249999999997 0.473577084375 0.500807811627907 0.473577084375 0.5003921883720931 0.4600625
7 0.49511406279069764 0.49208958437500006 0.46204843720930233 0.491064584375 0.46094375116279074 0.505789584375 0.475945311627907 0.5074562499999999 0.49636406279069767 0.5061604156249999 0.49511406279069764 0.49208958437500006
0 0.495807811627907 0.5165270843750001 0.46177812558139536 0.5167125 0.46302812558139533 0.530227084375 0.4770562488372093 0.531152084375 0.49622499999999997 0.531152084375 0.495807811627907 0.5165270843750001
8 0.4944187511627907 0.543927084375 0.462332811627907 0.543185415625 0.46330625116279067 0.5568854156249999 0.47275 0.556514584375 0.494975 0.555775 0.4944187511627907 0.543927084375
8 0.6848718744186046 0.32151458437499997 0.6504234372093023 0.320772915625 0.6502859372093023 0.33447291562500003 0.6620921883720929 0.33391875 0.6845937511627908 0.335029165625 0.6848718744186046 0.32151458437499997
0 0.6850109372093024 0.34409999999999996 0.650642188372093 0.34335625 0.6505624999999999 0.356689584375 0.6665359372093024 0.358354165625 0.6854265627906977 0.35946666562499996 0.6850109372093024 0.34409999999999996
7 0.6837593744186046 0.371314584375 0.6509546883720929 0.367939584375 0.6509796883720931 0.38371875 0.6650093744186046 0.3840875 0.6837593744186046 0.384458334375 0.6837593744186046 0.371314584375
2 0.6879265627906976 0.40463750000000004 0.6452843744186046 0.400564584375 0.6448687511627907 0.412227084375 0.6568140627906977 0.414079165625 0.6877875 0.415745834375 0.6879265627906976 0.40463750000000004