9 0.444082811627907 0.76746875 0.4518187488372093 0.765691665625 0.45155156279069764 0.75645 0.4395468744186046 0.7596499999999999 0.421942188372093 0.7600041656250001 0.409895311627907 0.756460415625 0.4099375 0.766047915625 0.4182062511627907 0.767114584375 0.43234531162790696 0.767825 0.444082811627907 0.76746875
9 0.581632811627907 0.853439584375 0.5877671883720931 0.8502395843749999 0.5875015627906977 0.839577084375 0.5805656255813954 0.842777084375 0.5685609372093023 0.8438416656250001 0.557625 0.8441979156249999 0.5457312488372092 0.840952084375 0.545620311627907 0.8516625 0.5544234372093023 0.85415 0.5730968744186047 0.85415 0.581632811627907 0.853439584375
9 0.6859609372093024 0.75951875 0.6859609372093024 0.747789584375 0.681692188372093 0.750633334375 0.6656875 0.752410415625 0.6526156255813954 0.750277084375 0.6433531255813953 0.7474645843750001 0.6430125000000001 0.757741665625 0.6550171883720931 0.760939584375 0.670754688372093 0.761295834375 0.6859609372093024 0.75951875
8 0.6801531255813954 0.789454165625 0.6801531255813954 0.776658334375 0.6697500000000001 0.779502084375 0.6596125 0.78056875 0.6471531255813954 0.777997915625 0.646807811627907 0.789097915625 0.656945311627907 0.790875 0.6684156255813953 0.790875 0.6801531255813954 0.789454165625
8 0.5753156255813954 0.825097915625 0.5835843744186047 0.822254165625 0.5838515627906977 0.8091041656250001 0.5745156255813954 0.8133687500000001 0.5643781255813953 0.8147895843749999 0.5593093744186046 0.814079165625 0.5507187488372093 0.812425 0.550507811627907 0.82403125 0.5593093744186046 0.825808334375 0.569179688372093 0.825808334375 0.5753156255813954 0.825097915625
8 0.44692812558139533 0.797091665625 0.44692812558139533 0.7853625 0.43332343720930233 0.786783334375 0.4218531255813953 0.786783334375 0.414295311627907 0.78465625 0.413582811627907 0.796379165625 0.42505312558139535 0.79815625 0.43439062558139535 0.799933334375 0.44692812558139533 0.797091665625
0 0.4463937511627907 0.820414584375 0.44666093720930233 0.8072645843749999 0.4365234372093023 0.8104645843749999 0.4218531255813953 0.810108334375 0.413582811627907 0.8072645843749999 0.413707811627907 0.8206125 0.4247875 0.823970834375 0.43812500000000004 0.823970834375 0.4463937511627907 0.820414584375
0 0.5833734372093023 0.8007562500000001 0.5836406255813954 0.785472915625 0.5772390627906977 0.7879625 0.564967188372093 0.789027084375 0.5507187488372093 0.785047915625 0.5513625 0.799689584375 0.561767188372093 0.802889584375 0.5729703116279069 0.802889584375 0.5833734372093023 0.8007562500000001
0 0.6799375000000001 0.812747915625 0.6799375000000001 0.7988875 0.6698000000000001 0.8017312499999999 0.6577968744186047 0.800664584375 0.647167188372093 0.79831875 0.6476593744186047 0.81488125 0.6609968744186047 0.81736875 0.6714015627906977 0.815947915625 0.6799375000000001 0.812747915625
7 0.679770311627907 0.8394937499999999 0.680570311627907 0.827054165625 0.6723015627906976 0.8284750000000001 0.6650984372093023 0.82883125 0.6592296883720931 0.8281208343750001 0.648067188372093 0.8245416656250001 0.6469593744186046 0.83985 0.6634984372093023 0.8412708343749999 0.6760359372093023 0.841627084375 0.679770311627907 0.8394937499999999
7 0.5834906255813953 0.775733334375 0.5840234372093023 0.761160415625 0.575220311627907 0.76329375 0.5634828116279069 0.763647915625 0.551592188372093 0.761970834375 0.551479688372093 0.7750229156249999 0.5616156255813953 0.77644375 0.5738875 0.77644375 0.5834906255813953 0.775733334375
7 0.4371468744186046 0.849279165625 0.446217188372093 0.846435415625 0.446217188372093 0.832929165625 0.4382140627906977 0.836129165625 0.42567656279069765 0.83719375 0.41312812558139533 0.8347187500000001 0.4128718744186047 0.846435415625 0.419807811627907 0.8475020843750001 0.4286109372093023 0.848922915625 0.4371468744186046 0.849279165625
2 0.4419484372093023 0.8789562500000001 0.44941718837209305 0.876825 0.44968437441860465 0.8661625000000001 0.44034843720930233 0.870427084375 0.42460937441860463 0.870427084375 0.418207811627907 0.8690041656249999 0.40726093720930234 0.864410415625 0.40700312558139534 0.875402084375 0.41767343720930233 0.878602084375 0.43154531162790694 0.8796687500000001 0.4419484372093023 0.8789562500000001
2 0.579567188372093 0.742779165625 0.5886359372093023 0.740291665625 0.588370311627907 0.728916665625 0.5752984372093024 0.7317604156249999 0.5576937488372093 0.7317604156249999 0.5468843744186046 0.728735415625 0.5464890627906976 0.740645834375 0.556892188372093 0.7431333343750001 0.5704968744186046 0.743845834375 0.579567188372093 0.742779165625
2 0.6624359372093023 0.871414584375 0.6701718744186046 0.871414584375 0.6787078116279069 0.8703479156249999 0.6827093744186046 0.8678604156249999 0.682175 0.85613125 0.6688375 0.8614625 0.6525656255813954 0.860395834375 0.6406999999999999 0.856970834375 0.6408281255813952 0.862172915625 0.6416281255813954 0.86928125 0.6509656255813953 0.8707041656250001 0.6624359372093023 0.871414584375