9 0.375192188372093 0.464458334375 0.33285937441860464 0.45898333437499994 0.3319109372093023 0.469720834375 0.34612812558139533 0.471195834375 0.375507811627907 0.474352084375 0.375192188372093 0.464458334375
8 0.3690312488372093 0.49014166562500006 0.33585156279069767 0.4892625 0.33586093720930227 0.5010895843750001 0.347392188372093 0.50214375 0.3690312488372093 0.5042479156249999 0.3690312488372093 0.49014166562500006
0 0.3693484372093023 0.5133 0.33507031162790696 0.511616665625 0.3349125 0.526985415625 0.35228906279069766 0.528458334375 0.3696640627906977 0.5297229156250001 0.3693484372093023 0.5133
7 0.3680843744186047 0.540247915625 0.33428125116279067 0.537933334375 0.33365 0.5503541656250001 0.34881249999999997 0.5518270843749999 0.3693484372093023 0.554564584375 0.3680843744186047 0.540247915625
2 0.37124375116279074 0.57414375 0.32821093720930233 0.56886875 0.328120311627907 0.581091665625 0.34138906279069764 0.5829875 0.3709281255813954 0.58488125 0.37124375116279074 0.57414375
2 0.6903468744186047 0.616747915625 0.6476468744186047 0.61224375 0.6477999999999999 0.624116665625 0.66915 0.625960415625 0.689732811627907 0.627597915625 0.6903468744186047 0.616747915625
7 0.6860453116279069 0.581535415625 0.6531765627906977 0.578875 0.6528687511627908 0.593204165625 0.667 0.5946374999999999 0.686967188372093 0.594229165625 0.6860453116279069 0.581535415625
0 0.6881968744186047 0.5561520843750001 0.6533296883720929 0.554104165625 0.6542515627906976 0.5692541656250001 0.6745265627906977 0.5696625 0.6885031255813954 0.5706854156250001 0.6881968744186047 0.5561520843750001
8 0.6877359372093023 0.535270834375 0.6542515627906976 0.531177084375 0.6539437488372093 0.544483334375 0.665925 0.5455062500000001 0.6875812511627907 0.545302084375 0.6877359372093023 0.535270834375
9 0.6936687488372093 0.505958334375 0.6511218744186047 0.5032979156249999 0.6517359372093022 0.514147915625 0.674929688372093 0.515785415625 0.6938218744186047 0.517014584375 0.6936687488372093 0.505958334375
9 0.538682811627907 0.27697083437500003 0.4980218744186046 0.27353958437500003 0.4980468744186047 0.28628125 0.5185781255813954 0.286472915625 0.5396812511627908 0.289702084375 0.538682811627907 0.27697083437500003
8 0.5372562488372092 0.24732500000000002 0.5028953116279069 0.245425 0.5030375 0.25872708437499997 0.5241390627906977 0.261577084375 0.5369718744186046 0.261958334375 0.5372562488372092 0.24732500000000002
0 0.5385406255813954 0.22205208437500001 0.5028953116279069 0.21901041562499998 0.5051765627906977 0.234404165625 0.520004688372093 0.233454165625 0.5391109372093024 0.239533334375 0.5385406255813954 0.22205208437500001
7 0.5387531255813954 0.19534374999999998 0.5039640627906976 0.19363333437500002 0.504820311627907 0.209214584375 0.523070311627907 0.20940625000000002 0.5380406255813953 0.212066665625 0.5387531255813954 0.19534374999999998
2 0.5426031255813953 0.164177084375 0.5019687511627907 0.16170625 0.501254688372093 0.17367916562500002 0.5197906255813953 0.173489584375 0.545882811627907 0.17995 0.5426031255813953 0.164177084375