2 0.3673343744186046 0.72626875 0.367807811627907 0.7138479156249999 0.346325 0.71426875 0.32563281162790697 0.711320834375 0.32626406279069764 0.7226895843750001 0.3398484372093023 0.725216665625 0.35959374883720935 0.726058334375 0.3673343744186046 0.72626875
7 0.3648062511627907 0.6795312499999999 0.34837812558139536 0.6814250000000001 0.33147656279069765 0.6786875 0.33100312558139533 0.6917416656250001 0.3471156255813953 0.693845834375 0.3649640627906977 0.69405625 0.3648062511627907 0.6795312499999999
0 0.3665437488372093 0.654266665625 0.33163437441860466 0.6506875 0.33100312558139533 0.666897915625 0.35043281162790696 0.669004165625 0.3663859372093023 0.67005625 0.3665437488372093 0.654266665625
8 0.3668593744186046 0.6313187499999999 0.3327406255813954 0.628370834375 0.3327406255813954 0.6424770843750001 0.344745311627907 0.642266665625 0.36670156279069765 0.645004165625 0.3668593744186046 0.6313187499999999
9 0.37144062558139535 0.6045812500000001 0.35169531162790696 0.6050020843749999 0.3294234372093023 0.6005812500000001 0.328792188372093 0.611739584375 0.3458515627906977 0.612370834375 0.37159843720930236 0.614266665625 0.37144062558139535 0.6045812500000001
9 0.4902343744186047 0.9343083343749999 0.4910234372093023 0.92378125 0.46954062558139537 0.9294666656249999 0.448532811627907 0.922729165625 0.4490062488372093 0.9349395843750001 0.4614859372093023 0.937677084375 0.47285781162790697 0.9393625 0.4902343744186047 0.9343083343749999
8 0.487075 0.894729165625 0.471120311627907 0.89851875 0.4542187511627907 0.89578125 0.4532718744186046 0.907570834375 0.4730156255813953 0.90925625 0.4867593744186047 0.907570834375 0.487075 0.894729165625
0 0.4881796883720931 0.866095834375 0.47064687441860464 0.869885415625 0.453429688372093 0.86778125 0.4539031255813954 0.88251875 0.46954062558139537 0.885254165625 0.4880218744186046 0.882308334375 0.4881796883720931 0.866095834375
7 0.48786406279069766 0.843991665625 0.45406093720930235 0.842727084375 0.4532718744186046 0.856833334375 0.46480312558139536 0.860622915625 0.4875484372093023 0.8595708343749999 0.48786406279069766 0.843991665625
2 0.49165468837209303 0.81156875 0.4670140627906977 0.812622915625 0.45011249999999997 0.8119895843749999 0.44932187441860466 0.8239916656249999 0.471120311627907 0.8258854156250001 0.49165468837209303 0.825675 0.49165468837209303 0.81156875
2 0.680104688372093 0.765597915625 0.6797890627906977 0.754860415625 0.66115 0.7559125 0.6380875 0.75128125 0.638245311627907 0.762439584375 0.6486703116279069 0.764545834375 0.6602015627906976 0.765597915625 0.680104688372093 0.765597915625
7 0.6758406255813953 0.72054375 0.6439328116279069 0.719491665625 0.6431421883720929 0.733595834375 0.6572015627906977 0.73465 0.6764718744186047 0.734229165625 0.6758406255813953 0.72054375
0 0.6766109372093023 0.695247915625 0.6439125000000001 0.693985415625 0.6435968744186046 0.707879165625 0.6616046883720931 0.7099854156250001 0.6764515627906976 0.709564584375 0.6766109372093023 0.695247915625
8 0.6767687488372093 0.6718791656249999 0.6423656255813953 0.671216665625 0.6443859372093024 0.683247915625 0.6611296883720931 0.685141665625 0.6766109372093023 0.685354165625 0.6767687488372093 0.6718791656249999
9 0.680875 0.644089584375 0.656707811627907 0.644089584375 0.6396484372093023 0.6430374999999999 0.6385421883720931 0.652720834375 0.65955 0.6552479156250001 0.6816656255813953 0.655458334375 0.680875 0.644089584375