2 0.4629562488372093 0.26566875 0.464754688372093 0.256683334375 0.44767812558139536 0.254885415625 0.4386906255813953 0.254285415625 0.42469687441860465 0.253629165625 0.42363750000000006 0.263272915625 0.44430781162790695 0.261175 0.4629562488372093 0.26566875
2 0.5855234372093023 0.124745834375 0.6034984372093023 0.12714375 0.6048468744186046 0.117558334375 0.5940625 0.116958334375 0.5781093744186047 0.115460415625 0.565425 0.11739583437500001 0.5639546883720931 0.12714375 0.5727171883720931 0.12414791562500001 0.5855234372093023 0.124745834375
2 0.7005609372093022 0.255641665625 0.7014593744186046 0.247554165625 0.6742718744186047 0.24515833437499998 0.658542188372093 0.24744791562500001 0.6589937488372094 0.25504166562499997 0.6740484372093023 0.25474375 0.7005609372093022 0.255641665625
0 0.4606531255813954 0.20989375 0.460204688372093 0.196114584375 0.4417812488372093 0.194616665625 0.429542188372093 0.1968875 0.42919843720930234 0.206897915625 0.4447015627906977 0.206897915625 0.4606531255813954 0.20989375
0 0.5986421883720929 0.18835 0.599642188372093 0.174683334375 0.5811390627906976 0.17335 0.566167188372093 0.17471874999999998 0.5676375 0.18635 0.5848906255813954 0.18535 0.5986421883720929 0.18835
0 0.6979046883720931 0.18935 0.6776515627906977 0.187016665625 0.6661968744186046 0.188889584375 0.6644 0.20234999999999997 0.696654688372093 0.20168333437500002 0.6979046883720931 0.18935
8 0.4616234372093023 0.175016665625 0.4406218744186047 0.17135 0.42925156279069765 0.173052084375 0.430620311627907 0.18301666562500002 0.46087343720930235 0.18301666562500002 0.4616234372093023 0.175016665625
8 0.6001421883720931 0.20168333437500002 0.5683562488372094 0.20181041562500002 0.5681375 0.21034999999999998 0.5983921883720931 0.210683334375 0.6001421883720931 0.20168333437500002
8 0.697654688372093 0.17635 0.697154688372093 0.16635 0.6776515627906977 0.165683334375 0.6661968744186046 0.16721666562499998 0.6654 0.17735 0.6799015627906976 0.173683334375 0.697654688372093 0.17635
7 0.46087343720930235 0.22435 0.4451218744186047 0.22301666562500003 0.43081562558139536 0.22265000000000001 0.429120311627907 0.23335 0.4603734372093023 0.23435 0.46087343720930235 0.22435
7 0.600392188372093 0.161016665625 0.600392188372093 0.149683334375 0.5813890627906977 0.148016665625 0.5706687511627907 0.148710415625 0.5681375 0.14935 0.5676375 0.160683334375 0.600392188372093 0.161016665625
7 0.6969046883720931 0.21368333437499998 0.6746515627906976 0.212683334375 0.6649468744186047 0.213895834375 0.6646500000000001 0.225683334375 0.695904688372093 0.22668333437500002 0.6969046883720931 0.21368333437499998
9 0.465125 0.15435000000000001 0.466375 0.146683334375 0.4556234372093023 0.14435 0.4426218744186046 0.142683334375 0.42612656279069766 0.143041665625 0.426370311627907 0.151016665625 0.4531234372093023 0.150683334375 0.465125 0.15435000000000001
9 0.602142188372093 0.23035 0.5778890627906977 0.230016665625 0.5636671883720931 0.230152084375 0.5621375 0.238347915625 0.602142188372093 0.240347915625 0.602142188372093 0.23035
9 0.702904688372093 0.14535 0.7016546883720931 0.13635 0.6891531255813954 0.13435 0.6729015627906977 0.13535 0.6624453116279071 0.136372915625 0.6609 0.14535 0.6851531255813953 0.14235 0.702904688372093 0.14535