9 0.49465781162790695 0.738745834375 0.4939640627906977 0.75125 0.536342188372093 0.75495625 0.5359953116279069 0.744304165625 0.49465781162790695 0.738745834375
9 0.5474593744186047 0.7299458343749999 0.5474593744186047 0.7419875 0.5894906255813953 0.7433770843749999 0.5884484372093023 0.7327250000000001 0.5474593744186047 0.7299458343749999
9 0.6151968744186046 0.831841665625 0.6158906255813953 0.843420834375 0.6579234372093024 0.8411041656249999 0.6568812488372093 0.829525 0.6151968744186046 0.831841665625
8 0.49847968837209305 0.769314584375 0.4977843744186046 0.78181875 0.5300906255813953 0.783208334375 0.5307843744186046 0.7716291656250001 0.49847968837209305 0.769314584375
8 0.550932811627907 0.7595875000000001 0.551279688372093 0.771166665625 0.584279688372093 0.7716291656250001 0.583932811627907 0.760977084375 0.550932811627907 0.7595875000000001
8 0.6183234372093023 0.8017354156250001 0.618670311627907 0.813314584375 0.652017188372093 0.8119249999999999 0.652017188372093 0.800808334375 0.6183234372093023 0.8017354156250001
0 0.49674218837209305 0.792008334375 0.49674218837209305 0.8063666656249999 0.5290484372093023 0.808683334375 0.5300906255813953 0.795714584375 0.49674218837209305 0.792008334375
0 0.5516265627906977 0.78181875 0.5516265627906977 0.796177084375 0.5846281255813953 0.796177084375 0.5835859372093024 0.783672915625 0.5516265627906977 0.78181875
0 0.6172812511627908 0.776725 0.6172812511627908 0.79015625 0.6506281255813953 0.7887666656250001 0.6506281255813953 0.773483334375 0.6172812511627908 0.776725
7 0.49639531162790695 0.817020834375 0.49570000000000003 0.831841665625 0.5287000000000001 0.8336937499999999 0.529395311627907 0.8197979156249999 0.49639531162790695 0.817020834375
7 0.5832375 0.822114584375 0.5835859372093024 0.8096083343749999 0.5509451976744186 0.808219278125 0.551279688372093 0.820725 0.5832375 0.822114584375
7 0.6158906255813953 0.75125 0.6158906255813953 0.764683334375 0.6495859372093024 0.7642187500000001 0.6485437488372092 0.7484708343750001 0.6158906255813953 0.75125
2 0.49153124883720933 0.850366665625 0.4908375 0.861483334375 0.5325218744186047 0.8661145843750001 0.5325218744186047 0.854072915625 0.49153124883720933 0.850366665625
2 0.5467640627906977 0.838325 0.5467640627906977 0.8526833343750001 0.5870593744186047 0.854072915625 0.5881015627906977 0.841566665625 0.5467640627906977 0.838325
2 0.6096390627906977 0.72021875 0.6099859372093023 0.7331875 0.6527125 0.731335415625 0.6513234372093023 0.7169770843750001 0.6096390627906977 0.72021875