9 0.4214906255813954 0.245360415625 0.4217343744186046 0.257727084375 0.4642 0.25675 0.4637125 0.244710415625 0.4214906255813954 0.245360415625
9 0.48762968837209303 0.32313541562500003 0.487875 0.335825 0.5298531255813954 0.33126875 0.5281437488372093 0.31825416562500003 0.48762968837209303 0.32313541562500003
9 0.5649968744186047 0.245685415625 0.5647531255813953 0.257727084375 0.6067312488372093 0.25967916562500004 0.605754688372093 0.248614584375 0.5649968744186047 0.245685415625
8 0.42710312558139535 0.274972915625 0.4266156255813953 0.28864166562500004 0.46175937441860465 0.2860375 0.4610281255813954 0.27139375 0.42710312558139535 0.274972915625
8 0.48933906279069767 0.29547500000000004 0.489582811627907 0.30849166562499997 0.5217984372093023 0.30458541562499997 0.5217984372093023 0.29091875 0.48933906279069767 0.29547500000000004
8 0.5679265627906978 0.275625 0.5679265627906978 0.289941665625 0.601117188372093 0.289616665625 0.60185 0.275625 0.5679265627906978 0.275625
0 0.4290562511627907 0.299054165625 0.42929999999999996 0.31434791562500003 0.4651765627906977 0.312070834375 0.4634687488372093 0.296775 0.4290562511627907 0.299054165625
0 0.48689843720930237 0.2671625 0.487142188372093 0.283108334375 0.5213109372093023 0.28050625 0.5208218744186046 0.263583334375 0.48689843720930237 0.2671625
0 0.568170311627907 0.299704165625 0.5674374999999999 0.31337291562499997 0.6003859372093023 0.31565 0.6003859372093023 0.299054165625 0.568170311627907 0.299704165625
7 0.430520311627907 0.322808334375 0.4314968744186046 0.338429165625 0.46468906279069766 0.336477084375 0.4651765627906977 0.321508334375 0.430520311627907 0.322808334375
7 0.484945311627907 0.244710415625 0.484945311627907 0.259029165625 0.5191140627906976 0.25447291562499996 0.5176499999999999 0.239177084375 0.484945311627907 0.244710415625
7 0.568170311627907 0.3263875 0.5684140627906977 0.34038124999999997 0.6008734372093024 0.341683334375 0.6001421883720931 0.32801458437500003 0.568170311627907 0.3263875
2 0.4283234372093023 0.35535 0.4283234372093023 0.36966875 0.471767188372093 0.36804166562499996 0.47054687441860465 0.355675 0.4283234372093023 0.35535
2 0.4776234372093023 0.21151875000000003 0.476892188372093 0.2264875 0.5215546883720931 0.21900208437500002 0.5200906255813954 0.205985415625 0.4776234372093023 0.21151875000000003
2 0.5632890627906977 0.358279165625 0.5625562511627907 0.36966875 0.6052671883720929 0.370970834375 0.6055109372093024 0.36023125 0.5632890627906977 0.358279165625