2 0.44807343720930237 0.805489584375 0.44807343720930237 0.793329165625 0.4338359372093023 0.796247915625 0.42105781162790695 0.793816665625 0.4071187488372093 0.78745625 0.406820311627907 0.799652084375 0.41667812558139533 0.80354375 0.4338359372093023 0.805977084375 0.44807343720930237 0.805489584375
2 0.5343328116279069 0.930035415625 0.544554688372093 0.930035415625 0.5503968744186046 0.9280895843750001 0.5511265627906977 0.916902084375 0.5405390627906976 0.921766665625 0.5266656255813953 0.9198208343750001 0.519 0.9178750000000001 0.5090890627906977 0.9100354156250001 0.5087781255813953 0.9232250000000001 0.5160796883720931 0.9261437499999999 0.5244765627906977 0.928575 0.5343328116279069 0.930035415625
2 0.6707687511627907 0.9513187500000001 0.6817218744186047 0.9479145843750001 0.6857375 0.9454812499999999 0.6850062488372093 0.933320834375 0.675879688372093 0.938670834375 0.663467188372093 0.94013125 0.6554359372093023 0.938670834375 0.6431749999999999 0.9368000000000001 0.6433890627906977 0.9415895843750001 0.6452140627906977 0.9493729156249999 0.6587218744186046 0.951804165625 0.6707687511627907 0.9513187500000001
7 0.6458953116279069 0.903885415625 0.646625 0.916045834375 0.6510062488372093 0.918477084375 0.6615937511627907 0.91945 0.6732765627906976 0.917504165625 0.6798468744186047 0.912641665625 0.6797078116279069 0.8998645843749999 0.6678 0.9063166656250001 0.6557515627906976 0.9053437499999999 0.6458953116279069 0.903885415625
7 0.5480562488372093 0.894929165625 0.5480562488372093 0.8847145843750001 0.5374687511627907 0.8852020843749999 0.5257875 0.8822833343750001 0.5155125 0.877383334375 0.5152 0.8900666656249999 0.5232312511627907 0.892497915625 0.5334531255813953 0.894929165625 0.5480562488372093 0.894929165625
7 0.440357811627907 0.836204165625 0.44108906279069765 0.826477084375 0.43232656279069764 0.826477084375 0.4206437488372093 0.8235583343749999 0.40912656279069765 0.819572915625 0.407867188372093 0.8323124999999999 0.417357811627907 0.836204165625 0.42867656279069766 0.8381500000000001 0.440357811627907 0.836204165625
0 0.4310109372093023 0.864570834375 0.43867656279069767 0.863110415625 0.43977187441860466 0.8475458343750001 0.4240734372093023 0.8504645843749999 0.4153125 0.84851875 0.40545468837209303 0.843166665625 0.4051125 0.8570437500000001 0.4149468744186046 0.864570834375 0.42188437441860466 0.8660291656249999 0.4310109372093023 0.864570834375
0 0.5500375 0.8722583343749999 0.550767188372093 0.861070834375 0.5317843744186047 0.861070834375 0.5171187511627907 0.852225 0.5160859372093023 0.8678812499999999 0.5314187511627907 0.871285415625 0.5398156255813954 0.872745834375 0.5500375 0.8722583343749999
0 0.6795890627906976 0.89080625 0.6799531255813953 0.875241665625 0.6671765627906977 0.87961875 0.6584140627906977 0.880591665625 0.6455843744186046 0.8784541656249999 0.6467312511627907 0.893239584375 0.6580484372093023 0.8951854156250001 0.6715562488372093 0.8942125000000001 0.6795890627906976 0.89080625
8 0.435579688372093 0.8869583343749999 0.43594531162790695 0.875770834375 0.42827812558139533 0.87625625 0.41586562558139534 0.8747979156250001 0.404182811627907 0.8684749999999999 0.4027031255813953 0.8800604156249999 0.41185 0.8830666656249999 0.4228015627906977 0.8850125 0.435579688372093 0.8869583343749999
8 0.5528593744186047 0.844291665625 0.5532234372093023 0.836022915625 0.5342406255813953 0.8345625 0.5199281255813953 0.8286729156250001 0.5196375000000001 0.839427084375 0.5287640627906977 0.84283125 0.5408109372093023 0.843804165625 0.5528593744186047 0.844291665625
8 0.678392188372093 0.865016665625 0.6780265627906977 0.854802084375 0.6623281255813953 0.8586916656250001 0.6455843744186046 0.85383125 0.6455343744186047 0.8659895843750001 0.6583125 0.867935415625 0.6703593744186046 0.8674479156249999 0.678392188372093 0.865016665625
9 0.42262656279069766 0.9159291656249999 0.4299281255813953 0.9159291656249999 0.4375937488372093 0.91495625 0.4375937488372093 0.9066875 0.42153124883720927 0.9066875 0.4105781255813954 0.905227084375 0.396279688372093 0.8977229156250001 0.3963406255813953 0.9096062500000001 0.40254687441860465 0.9130104156250001 0.41350000000000003 0.9144687499999999 0.42262656279069766 0.9159291656249999
9 0.5486156255813953 0.816989584375 0.5592031255813954 0.816989584375 0.5602984372093023 0.808235415625 0.542775 0.808720834375 0.5318218744186046 0.806775 0.516717188372093 0.798697915625 0.5172203116279069 0.8106666656250001 0.5263468744186047 0.8145583343749999 0.5358390627906977 0.8160166656250001 0.5486156255813953 0.816989584375
9 0.6701296883720931 0.840454165625 0.6843671883720931 0.8360770843750001 0.6843671883720931 0.8244020843750001 0.6726843744186046 0.8292666656250001 0.6551609372093024 0.830239584375 0.6411687488372093 0.8270666656250001 0.6412890627906976 0.832672915625 0.6427484372093023 0.8389958343749999 0.652970311627907 0.840454165625 0.6701296883720931 0.840454165625