9 0.41562812558139534 0.208735415625 0.41562812558139534 0.19703333437499998 0.388454688372093 0.19788958437499998 0.374332811627907 0.198175 0.374975 0.20902083437500002 0.406 0.20759375000000002 0.41562812558139534 0.208735415625
9 0.545875 0.301208334375 0.5561453116279069 0.302920834375 0.555717188372093 0.296070834375 0.5469437488372093 0.29236041562500004 0.5238359372093023 0.292075 0.5163234372093023 0.29431875 0.5161343744186047 0.30320625 0.5238359372093023 0.30149375 0.545875 0.301208334375
8 0.41279062558139534 0.23984375 0.4125765627906977 0.22757083437499998 0.37936562558139536 0.22726666562500003 0.38048125116279075 0.23984375 0.40252031162790697 0.23984375 0.41279062558139534 0.23984375
8 0.5204125000000001 0.266958334375 0.5208718744186046 0.274345834375 0.552079688372093 0.276947915625 0.5518656255813954 0.266102084375 0.5204125000000001 0.266958334375
0 0.41214843720930233 0.265816665625 0.411292188372093 0.249547915625 0.3799 0.249735415625 0.38026718837209306 0.26353333437500004 0.3990968744186047 0.263247915625 0.41214843720930233 0.265816665625
0 0.5529359372093023 0.25183125 0.5522937511627907 0.2389875 0.521054688372093 0.237845834375 0.5216734372093024 0.25009166562499996 0.5377437511627907 0.250404165625 0.5443765627906977 0.2526875 0.5529359372093023 0.25183125
7 0.41321718837209304 0.276947915625 0.38070312558139535 0.276485415625 0.3809093744186047 0.28864999999999996 0.4123625 0.289220834375 0.41321718837209304 0.276947915625
7 0.55315 0.21415625 0.5212687511627907 0.214727084375 0.522125 0.22614375 0.5422375 0.22671458437499997 0.55315 0.228141665625 0.55315 0.21415625
2 0.530254688372093 0.180764584375 0.5169890627906977 0.18019374999999999 0.517845311627907 0.1910375 0.5364609372093023 0.190752084375 0.5584984372093023 0.19275 0.5572140627906976 0.182189584375 0.530254688372093 0.180764584375
2 0.3937468744186047 0.30977083437499997 0.3768437488372093 0.310341665625 0.37802812558139537 0.319997915625 0.400807811627907 0.317477084375 0.4174968744186046 0.319189584375 0.417925 0.310341665625 0.3937468744186047 0.30977083437499997
9 0.708357811627907 0.178489584375 0.7025812511627907 0.17734791562500002 0.676692188372093 0.175064584375 0.6668484372093023 0.175064584375 0.667192188372093 0.184466665625 0.6901718744186047 0.183341665625 0.7081437488372092 0.18505416562500002 0.708357811627907 0.178489584375
8 0.7021531255813953 0.20531875 0.6899578116279069 0.205604165625 0.6701343744186047 0.205510415625 0.669845311627907 0.21559374999999997 0.7019390627906977 0.217591665625 0.7021531255813953 0.20531875
0 0.702795311627907 0.227866665625 0.6696 0.22726666562500003 0.6687749999999999 0.241852084375 0.7010828116279069 0.24213749999999998 0.702795311627907 0.227866665625
7 0.7008687488372093 0.254125 0.6682625 0.252233334375 0.6687749999999999 0.26611250000000003 0.6995859372093023 0.26839583437500003 0.7008687488372093 0.254125
2 0.7045062511627906 0.295795834375 0.7055765627906977 0.2900875 0.7004406255813953 0.287233334375 0.6813984372093024 0.28580625 0.662645311627907 0.284689584375 0.6629984372093024 0.294939584375 0.6843937488372093 0.296366665625 0.7045062511627906 0.295795834375