2 0.4275218744186047 0.407247915625 0.4281765627906977 0.418875 0.470470311627907 0.41771250000000004 0.470470311627907 0.404339584375 0.4275218744186047 0.407247915625
2 0.4761390627906977 0.262195834375 0.47657499999999997 0.274695834375 0.5195234372093024 0.269754165625 0.5179984372093023 0.255510415625 0.4761390627906977 0.262195834375
2 0.5624718744186047 0.40811875000000003 0.562254688372093 0.418875 0.6034593744186046 0.420910415625 0.6025859372093024 0.409572915625 0.5624718744186047 0.40811875000000003
7 0.5999703116279069 0.37701666562499997 0.5666140627906977 0.376435415625 0.566832811627907 0.38922500000000004 0.5701031255813953 0.389516665625 0.6004062511627907 0.390097915625 0.5999703116279069 0.37701666562499997
7 0.4305390627906977 0.37293125 0.4307562511627907 0.388020834375 0.4636234372093023 0.38773124999999997 0.4634062488372093 0.37235 0.4305390627906977 0.37293125
7 0.4834312511627907 0.29486249999999997 0.4843015627906977 0.30850208437500004 0.5169515627906976 0.30356875 0.5156453116279069 0.289058334375 0.4834312511627907 0.29486249999999997
0 0.42857968837209304 0.34826250000000003 0.4283625 0.364514584375 0.46275312558139536 0.360741665625 0.4634062488372093 0.344197915625 0.42857968837209304 0.34826250000000003
0 0.485607811627907 0.317789584375 0.48647812558139536 0.334041665625 0.5208687488372092 0.329397915625 0.519345311627907 0.31285625 0.485607811627907 0.317789584375
0 0.5661437488372093 0.348841665625 0.565925 0.364804165625 0.601404688372093 0.364225 0.601404688372093 0.348841665625 0.5661437488372093 0.348841665625
8 0.426620311627907 0.324172915625 0.4270562488372093 0.33839375 0.4605765627906977 0.335202084375 0.4597062488372093 0.32098125 0.426620311627907 0.324172915625
8 0.4886546883720931 0.34565 0.489525 0.359 0.5228281255813954 0.355227084375 0.5210875 0.34100625 0.4886546883720931 0.34565
8 0.565707811627907 0.326495834375 0.5665781255813953 0.33955625 0.6007515627906976 0.340135415625 0.5994453116279069 0.325625 0.565707811627907 0.326495834375
9 0.42030937441860466 0.295733334375 0.42052656279069767 0.307341665625 0.4642765627906977 0.3056 0.4634062488372093 0.294570834375 0.42030937441860466 0.295733334375
9 0.4873484372093024 0.372639584375 0.4871312511627907 0.386860415625 0.5295765627906976 0.37960625000000003 0.528270311627907 0.367995834375 0.4873484372093024 0.372639584375
9 0.5628781255813954 0.3082125 0.6051046883720931 0.309083334375 0.6042343744186047 0.297472915625 0.5626609372093023 0.297764584375 0.5628781255813954 0.3082125