8 0.36149843720930236 0.6780645843750001 0.32749687441860464 0.675602084375 0.326942188372093 0.69111875 0.3430187511627907 0.690872915625 0.36149843720930236 0.690625 0.36149843720930236 0.6780645843750001
9 0.365932811627907 0.65048125 0.34449843720930234 0.65048125 0.323617188372093 0.6465395843749999 0.3223234372093023 0.65959375 0.339507811627907 0.660085415625 0.3664875 0.6632875 0.365932811627907 0.65048125
9 0.4851562511627907 0.628495834375 0.44379218837209305 0.627664584375 0.44399999999999995 0.638745834375 0.4625 0.639577084375 0.48640312558139537 0.639022915625 0.4851562511627907 0.628495834375
9 0.6389593744186046 0.332641665625 0.5969843744186046 0.336745834375 0.597179688372093 0.35009583437499997 0.6160953116279069 0.347325 0.64 0.343722915625 0.6389593744186046 0.332641665625
0 0.3609640627906977 0.700679165625 0.341217188372093 0.7015104156249999 0.32666562558139534 0.696522915625 0.32687343720930234 0.715085415625 0.3395531255813954 0.715916665625 0.3601312488372093 0.7145312500000001 0.3609640627906977 0.700679165625
0 0.4835734372093023 0.57298125 0.44927656279069766 0.57131875 0.44927656279069766 0.586833334375 0.4619562511627907 0.588495834375 0.4837812488372093 0.588495834375 0.4835734372093023 0.57298125
0 0.6383890627906976 0.3839125 0.6043 0.388620834375 0.605754688372093 0.403027084375 0.619057811627907 0.40275 0.6404687511627907 0.40108750000000004 0.6383890627906976 0.3839125
7 0.3590140627906977 0.7403291656250001 0.36026093720930236 0.724260415625 0.3419687511627907 0.7262 0.3261718744186047 0.724260415625 0.3253406255813953 0.7370041656249999 0.324507811627907 0.7403291656250001 0.3390593744186047 0.740052084375 0.3590140627906977 0.7403291656250001
2 0.36296249999999997 0.7580604156249999 0.3419687511627907 0.760554165625 0.3189656255813953 0.756385415625 0.32035156279069765 0.77025 0.3444640627906977 0.77108125 0.3633781255813953 0.7719125 0.36296249999999997 0.7580604156249999
2 0.487804688372093 0.516172915625 0.44560937441860465 0.51395625 0.445817188372093 0.526702084375 0.4580812511627907 0.52753125 0.4886359372093023 0.52919375 0.487804688372093 0.516172915625
7 0.4838562511627907 0.54609375 0.4491421883720931 0.547479165625 0.4485187511627907 0.562716665625 0.4634843744186047 0.5624395843750001 0.4838562511627907 0.5624395843750001 0.4838562511627907 0.54609375
8 0.48260781162790695 0.59845625 0.44997343720930233 0.597347915625 0.44934999999999997 0.6117541656250001 0.46078281162790696 0.6112 0.482192188372093 0.61203125 0.48260781162790695 0.59845625
8 0.6373203116279069 0.362325 0.603454688372093 0.367314584375 0.6034281255813952 0.379358334375 0.619679688372093 0.376210415625 0.6377359372093023 0.37398958437499996 0.6373203116279069 0.362325
7 0.6400984372093023 0.410089584375 0.6073609372093024 0.414814584375 0.607595311627907 0.429341665625 0.6194015627906977 0.42693541562500004 0.6413484372093023 0.42360416562500003 0.6400984372093023 0.410089584375
2 0.6465921883720931 0.440897915625 0.6047828116279069 0.44737708437499996 0.6056156255813954 0.459410415625 0.6192281255813954 0.458670834375 0.6479812488372093 0.453672915625 0.6465921883720931 0.440897915625