9 0.36888437441860467 0.5332020843749999 0.36904843720930236 0.525320834375 0.3449 0.5237875 0.32600156279069764 0.522879165625 0.32666406279069765 0.5332020843749999 0.346542188372093 0.5332020843749999 0.367404688372093 0.534079165625 0.36888437441860467 0.5332020843749999
8 0.3634015627906977 0.55333125 0.32932812558139535 0.5507208343750001 0.3289031255813954 0.563404165625 0.345167188372093 0.563185415625 0.3642234372093023 0.564716665625 0.3634015627906977 0.55333125
0 0.36274375116279073 0.575227084375 0.32840312558139534 0.57388125 0.328245311627907 0.588145834375 0.3522312511627907 0.588364584375 0.3635656255813954 0.589239584375 0.36274375116279073 0.575227084375
7 0.361757811627907 0.59996875 0.3280812511627907 0.60040625 0.32758906279069766 0.61354375 0.346317188372093 0.6137625 0.36225156279069765 0.61441875 0.361757811627907 0.59996875
2 0.3665218744186047 0.6345625 0.32151093720930235 0.632154165625 0.3218390627906977 0.644414584375 0.34073125116279074 0.644414584375 0.3655375 0.6457291656249999 0.3665218744186047 0.6345625
2 0.48992812558139537 0.391622915625 0.4485312488372093 0.38877708437499997 0.4473812511627907 0.40191458437499994 0.4728437488372093 0.40213333437500004 0.4905859372093023 0.40257083437499996 0.48992812558139537 0.391622915625
7 0.48614999999999997 0.422495834375 0.4513234372093023 0.422277084375 0.4513234372093023 0.43519375 0.46692968837209303 0.435852084375 0.48582187441860464 0.436070834375 0.48614999999999997 0.422495834375
1 0.4851640627906976 0.44657916562500005 0.4516515627906977 0.445485415625 0.45230937441860464 0.4608125 0.4705437511627907 0.46256250000000004 0.48598593720930233 0.46190625 0.4851640627906976 0.44657916562500005
8 0.48500000000000004 0.48533333437500004 0.4840140627906977 0.472854165625 0.4513234372093023 0.473729165625 0.4526375 0.48533333437500004 0.45296562558139536 0.48511458437500005 0.4664375 0.48533333437500004 0.48500000000000004 0.48533333437500004
9 0.4887781255813954 0.503945834375 0.44606718837209297 0.5024124999999999 0.4455734372093023 0.513141665625 0.46002968837209307 0.514454165625 0.48992812558139537 0.513141665625 0.4887781255813954 0.503945834375
9 0.6418937511627907 0.20620625 0.599357811627907 0.210891665625 0.599357811627907 0.223614584375 0.6201234372093023 0.21825833437500003 0.6432328116279069 0.216695834375 0.6418937511627907 0.20620625
8 0.6398828116279069 0.23410625000000002 0.6052187488372093 0.24035416562499998 0.6060562488372093 0.25218541562499996 0.6202906255813954 0.2488375 0.6412234372093023 0.247275 0.6398828116279069 0.23410625000000002
0 0.6407203116279069 0.256870834375 0.6072281255813954 0.263120834375 0.6073953116279069 0.27740624999999997 0.6194531255813953 0.275397915625 0.6428984372093023 0.273164584375 0.6407203116279069 0.256870834375
7 0.6430656255813954 0.283433334375 0.6086828116279069 0.28913125 0.6097406255813953 0.30374375 0.6253140627906977 0.29995 0.643567188372093 0.29749375 0.6430656255813954 0.283433334375
2 0.6487593744186045 0.31624375 0.6310078116279069 0.318475 0.6057203116279071 0.322491665625 0.6075625 0.334322915625 0.6263187511627908 0.331197915625 0.6495968744186047 0.328741665625 0.6487593744186045 0.31624375