2 0.384307811627907 0.663647915625 0.38383437441860463 0.651858334375 0.34071093720930234 0.648910415625 0.3405531255813954 0.6604895843749999 0.3555593744186047 0.6623833343750001 0.3746718744186046 0.6634375 0.384307811627907 0.663647915625
2 0.535157811627907 0.5790145843750001 0.513992188372093 0.577960415625 0.4936156255813953 0.57375 0.49156093720930233 0.5876458343750001 0.5062515627906977 0.59059375 0.535 0.592908334375 0.535157811627907 0.5790145843750001
7 0.3809906255813953 0.617752084375 0.346157811627907 0.616725 0.34608124883720925 0.630172915625 0.3588765627906977 0.631645834375 0.3813062511627907 0.6339625 0.3809906255813953 0.617752084375
7 0.5285234372093023 0.610383334375 0.49435 0.608195834375 0.4942468744186046 0.621541665625 0.5076734372093024 0.624489584375 0.528207811627907 0.62533125 0.5285234372093023 0.610383334375
0 0.38193906279069767 0.5937520843749999 0.34750312558139534 0.590383334375 0.3459234372093023 0.6059625 0.3615625 0.607645834375 0.382570311627907 0.608910415625 0.38193906279069767 0.5937520843749999
0 0.5275765627906976 0.635014584375 0.49298281162790697 0.632489584375 0.49156093720930233 0.647014584375 0.506567188372093 0.6512249999999999 0.5263125000000001 0.65059375 0.5275765627906976 0.635014584375
8 0.524575 0.6619625 0.49156093720930233 0.6583833343750001 0.49203593720930233 0.670172915625 0.5013546883720931 0.67206875 0.5252062488372092 0.6739625 0.524575 0.6619625
8 0.38193906279069767 0.57059375 0.34750312558139534 0.570804165625 0.34750312558139534 0.5813291656249999 0.36092968837209305 0.5819625 0.38225468837209303 0.583435415625 0.38193906279069767 0.57059375
9 0.387625 0.541329165625 0.34371250000000003 0.539222915625 0.3433968744186046 0.5518562499999999 0.357454688372093 0.5518562499999999 0.387782811627907 0.553329165625 0.387625 0.541329165625
9 0.5283843744186046 0.693035415625 0.5127468744186047 0.691770834375 0.4862093744186047 0.68671875 0.4862093744186047 0.69998125 0.5018484372093023 0.701035415625 0.5282265627906977 0.70335 0.5283843744186046 0.693035415625
9 0.66525 0.7190125 0.6457937488372093 0.718616665625 0.622625 0.71228125 0.623367188372093 0.723366665625 0.637625 0.727129165625 0.6643593744186047 0.73049375 0.66525 0.7190125
8 0.6582703116279071 0.745933334375 0.6417843744186047 0.745339584375 0.6258656255813952 0.74115 0.6241109372093023 0.75226875 0.6368828116279069 0.756820834375 0.6576765627906977 0.7578104156250001 0.6582703116279071 0.745933334375
0 0.6561906255813953 0.7845333343750001 0.6566359372093024 0.7688958343750001 0.6389625 0.7673125 0.6223281255813953 0.762958334375 0.620992188372093 0.7770125 0.6339125 0.783345834375 0.6438640627906976 0.7845333343750001 0.6561906255813953 0.7845333343750001
7 0.6530718744186046 0.794629165625 0.6203515627906977 0.789266665625 0.6195062488372094 0.8037354156250001 0.6374765627906976 0.806110415625 0.6542593744186046 0.8070999999999999 0.6530718744186046 0.794629165625
2 0.656042188372093 0.828677084375 0.632725 0.8274895843750001 0.6133343744186047 0.8213437499999999 0.6129718744186046 0.831447915625 0.6270812488372094 0.837783334375 0.6536656255813953 0.8411479156249999 0.656042188372093 0.828677084375