9 0.3372140627906977 0.22395625 0.3263125 0.225710415625 0.3278156255813954 0.2389875 0.3456734372093023 0.23372708437499998 0.368229688372093 0.22946875000000003 0.36672656279069765 0.21694375 0.3372140627906977 0.22395625
8 0.36691406279069766 0.25927708437499997 0.36634999999999995 0.24950833437500003 0.3571390627906977 0.25101041562500004 0.3468015627906977 0.253014584375 0.3336609372093023 0.255495834375 0.33420781162790697 0.265289584375 0.35337968837209305 0.259027084375 0.36691406279069766 0.25927708437499997
0 0.369545311627907 0.28006875 0.3689812488372093 0.272304165625 0.3618390627906977 0.272052084375 0.34999687441860466 0.275560415625 0.337182811627907 0.278035415625 0.33777812558139536 0.2890875 0.34811718837209304 0.28382708437500004 0.369545311627907 0.28006875
3 0.373304688372093 0.308375 0.37198906279069766 0.293595834375 0.36033437441860466 0.294347915625 0.3488687511627907 0.298104165625 0.3390609372093023 0.299947915625 0.339657811627907 0.31138125 0.35168906279069767 0.310129165625 0.373304688372093 0.308375
2 0.38232656279069765 0.34269375 0.3817640627906977 0.32816458437499996 0.35676406279069767 0.333927084375 0.34023437441860466 0.3381375 0.34210156279069764 0.3522125 0.3539437488372093 0.3457 0.38232656279069765 0.34269375
9 0.5512375 0.2846875 0.5527406255813954 0.296710415625 0.5612 0.295458334375 0.5910859372093024 0.296710415625 0.5914625 0.283433334375 0.5512375 0.2846875
8 0.5870140627906977 0.3222625 0.5866390627906977 0.312741665625 0.5552875 0.31278125 0.5561875000000001 0.3225125 0.586075 0.323264584375 0.5870140627906977 0.3222625
0 0.588142188372093 0.33829375 0.5556234372093023 0.33804375000000003 0.5550593744186046 0.346560415625 0.5875781255813953 0.348564584375 0.588142188372093 0.33829375
3 0.5875781255813953 0.361089584375 0.5685937488372094 0.358583334375 0.5565640627906976 0.359585415625 0.5561875000000001 0.3728625 0.5873906255813953 0.37486666562500004 0.5875781255813953 0.361089584375
2 0.5917140627906977 0.39716041562500004 0.5772406255813953 0.395908334375 0.5522406255813953 0.3974125 0.5513 0.40868333437500004 0.5907734372093023 0.40868333437500004 0.5917140627906977 0.39716041562500004
9 0.7984734372093023 0.42273541562499994 0.7991156255813953 0.43472708437499996 0.8122906255813953 0.433441665625 0.8392843744186047 0.430229165625 0.8389640627906977 0.41823958437500003 0.7984734372093023 0.42273541562499994
8 0.8368749999999999 0.44693125 0.8251453116279069 0.44821666562500007 0.8039875000000001 0.451195834375 0.8055421883720931 0.46106458437500003 0.835107811627907 0.459564584375 0.8368749999999999 0.44693125
0 0.8384812511627907 0.471770834375 0.8241812511627907 0.472841665625 0.8059937511627907 0.47420625000000005 0.8057031255813953 0.48568958437500004 0.8389640627906977 0.48311875000000004 0.8384812511627907 0.471770834375
3 0.8405703116279071 0.50774375 0.8400875 0.494895834375 0.8195218744186047 0.49618124999999996 0.80715 0.49917916562500003 0.807792188372093 0.513525 0.818557811627907 0.5096708343749999 0.8405703116279071 0.50774375
2 0.8476406255813954 0.5413625 0.848282811627907 0.52915625 0.824020311627907 0.532797915625 0.806595311627907 0.534947915625 0.8061859372093023 0.5465020843749999 0.822092188372093 0.5456458343749999 0.8476406255813954 0.5413625