2 0.4201062511627907 0.622685415625 0.4237390627906977 0.6108958343750001 0.413945311627907 0.606052084375 0.3986234372093023 0.5959479156249999 0.3894625 0.58836875 0.3848937488372093 0.588058334375 0.38203750000000003 0.598472915625 0.3929375 0.606683334375 0.40604687441860465 0.61363125 0.4201062511627907 0.622685415625
3 0.40604687441860465 0.653 0.410154688372093 0.6420541656250001 0.40130937441860465 0.63636875 0.3894625 0.627947915625 0.37831875116279073 0.622885415625 0.37508749999999996 0.630264584375 0.38330156279069766 0.638685415625 0.3943593744186047 0.6458437499999999 0.40604687441860465 0.653
0 0.3995718744186047 0.675316665625 0.40257187441860465 0.663316665625 0.3937265627906977 0.658685415625 0.3814062488372093 0.650685415625 0.3706656255813954 0.6437375000000001 0.3676640627906977 0.652789584375 0.376825 0.658685415625 0.39009374883720926 0.668579165625 0.3995718744186047 0.675316665625
8 0.3937265627906977 0.6957395843749999 0.396254688372093 0.68310625 0.38203750000000003 0.679316665625 0.371454688372093 0.67258125 0.36410468837209303 0.6648208343750001 0.36166093720930237 0.67510625 0.37098125116279074 0.6837375 0.38456562558139534 0.6932125 0.3937265627906977 0.6957395843749999
9 0.38914531162790694 0.72331875 0.3924625 0.71384375 0.3807734372093023 0.7092125 0.3668734372093024 0.6999500000000001 0.35644843720930236 0.690685415625 0.35397656279069767 0.686616665625 0.34997187441860467 0.69784375 0.3602390627906977 0.70584375 0.37335 0.7159500000000001 0.38914531162790694 0.72331875
2 0.5014484372093023 0.72455625 0.5087140627906976 0.71508125 0.494025 0.702870834375 0.482020311627907 0.690239584375 0.4740937511627907 0.6778500000000001 0.4682765627906977 0.686870834375 0.4764906255813954 0.698660415625 0.4877062488372093 0.7098187499999999 0.5014484372093023 0.72455625
3 0.513295311627907 0.69255625 0.5180343744186047 0.6797125 0.5101359372093023 0.674029165625 0.4987640627906977 0.66034375 0.49307656279069767 0.648975 0.4861265627906977 0.659291665625 0.49355 0.672133334375 0.5030281255813954 0.68245 0.513295311627907 0.69255625
0 0.5229312488372093 0.671922915625 0.5270375 0.661397915625 0.5208781255813953 0.656133334375 0.5110843744186047 0.6477125 0.5030281255813954 0.638027084375 0.499325 0.633310415625 0.4949718744186047 0.640133334375 0.5016062511627907 0.650870834375 0.511242188372093 0.6588708343749999 0.5229312488372093 0.671922915625
8 0.5319343744186047 0.649185415625 0.5347781255813954 0.63908125 0.528617188372093 0.6331854156250001 0.518192188372093 0.6222375 0.5082093744186047 0.613170834375 0.5041343744186046 0.621816665625 0.5139281255813953 0.63108125 0.5226156255813953 0.6397125 0.5319343744186047 0.649185415625
9 0.5445718744186047 0.6317125 0.5504156255813953 0.618447915625 0.5436234372093024 0.6142375 0.532407811627907 0.6072895843749999 0.5246687511627907 0.597816665625 0.5156656255813954 0.587289584375 0.5107687488372094 0.5963437500000001 0.520245311627907 0.6066583343749999 0.5316187488372093 0.618447915625 0.5445718744186047 0.6317125
9 0.6744140627906976 0.741122915625 0.6747124999999999 0.7314 0.6639921883720931 0.725445834375 0.6511890627906977 0.717510415625 0.6385843744186046 0.70943125 0.6340687511627907 0.719891665625 0.6495515627906976 0.7329875 0.656995311627907 0.737154165625 0.6744140627906976 0.741122915625
8 0.6775406255813954 0.71493125 0.6782843744186047 0.705008334375 0.66965 0.701041665625 0.658632811627907 0.694095834375 0.6484656255813953 0.68799375 0.6450859372093023 0.698064584375 0.6565484372093023 0.704016665625 0.6654812511627908 0.7081833343749999 0.6775406255813954 0.71493125
0 0.6826015627906976 0.69131875 0.6840906255813953 0.6809999999999999 0.6764984372093023 0.679610415625 0.6674171883720931 0.67465 0.658782811627907 0.66750625 0.6543156255813954 0.66453125 0.6514875000000001 0.67544375 0.660867188372093 0.680602084375 0.6703937511627908 0.686358334375 0.6826015627906976 0.69131875
3 0.688407811627907 0.672070834375 0.6907906255813954 0.659370834375 0.6827515627906976 0.656197915625 0.673967188372093 0.648260415625 0.6647375 0.6431 0.6605234372093023 0.6406562499999999 0.6561031255813954 0.653816665625 0.6651843744186047 0.658577084375 0.675157811627907 0.665720834375 0.688407811627907 0.672070834375
2 0.7001140627906977 0.640116665625 0.704282811627907 0.62880625 0.6956484372093024 0.6248375 0.6868640627906977 0.618685415625 0.6762937488372093 0.6115437499999999 0.6643749999999999 0.605375 0.6614062511627907 0.618289584375 0.6736140627906977 0.6244395843749999 0.6926703116279069 0.6371395843750001 0.7001140627906977 0.640116665625