8 0.410842188372093 0.58108125 0.41317968837209307 0.570570834375 0.40032812558139536 0.566483334375 0.39068906279069765 0.561422915625 0.38132031162790697 0.5561791656249999 0.37915156279069767 0.564925 0.3887906255813953 0.570960415625 0.40280937441860465 0.577966665625 0.410842188372093 0.58108125
8 0.5695640627906976 0.6605458343749999 0.5743843744186046 0.65470625 0.5676656255813953 0.648477084375 0.5613859372093023 0.639329165625 0.5555437511627908 0.630958334375 0.5506968744186046 0.6238625 0.544445311627907 0.629595834375 0.5489718744186046 0.636408334375 0.559925 0.648477084375 0.5695640627906976 0.6605458343749999
8 0.6945656255813955 0.6595958343749999 0.6983625000000001 0.650252084375 0.6896000000000001 0.642660415625 0.6789390627906977 0.632733334375 0.671279688372093 0.624958334375 0.6662343744186046 0.6335124999999999 0.677917188372093 0.644608334375 0.688432811627907 0.654339584375 0.6945656255813955 0.6595958343749999
9 0.7083109372093024 0.639877084375 0.7122531255813953 0.6295625 0.701592188372093 0.620022915625 0.6871343744186047 0.6075666656250001 0.6785093744186046 0.597577084375 0.6739906255813953 0.606983334375 0.6834828116279069 0.61885625 0.6954593744186046 0.6295625 0.7083109372093024 0.639877084375
9 0.5848765627906977 0.645241665625 0.5886734372093023 0.637845834375 0.581225 0.628695834375 0.5653062488372093 0.608064584375 0.5593187488372093 0.597358334375 0.5534765627906977 0.606895834375 0.5610718744186046 0.616822915625 0.570417188372093 0.630254165625 0.5848765627906977 0.645241665625
9 0.42189062558139534 0.558541665625 0.4248125 0.546279165625 0.41283593720930234 0.54160625 0.3973562488372093 0.53479375 0.384770311627907 0.5274833343750001 0.381875 0.537714584375 0.39355937441860467 0.545889584375 0.40597187441860466 0.550366665625 0.42189062558139534 0.558541665625
0 0.408382811627907 0.594245834375 0.3964062511627907 0.589185415625 0.38530781162790695 0.58295625 0.377129688372093 0.578479165625 0.37508437441860465 0.587822915625 0.3877906255813953 0.594635415625 0.4064843744186047 0.604172915625 0.408382811627907 0.594245834375
0 0.56365 0.671295834375 0.554595311627907 0.662341665625 0.5468546883720931 0.651635415625 0.5403468744186046 0.641166665625 0.5319593744186046 0.6493 0.5439343744186047 0.663120834375 0.5589765627906977 0.679275 0.56365 0.671295834375
0 0.6905500000000001 0.671527084375 0.6817875000000001 0.663545834375 0.6737562511627907 0.65615 0.6627375 0.644672915625 0.6573984372093024 0.6542020843749999 0.6703968744186046 0.66588125 0.6860234372093023 0.680091665625 0.6905500000000001 0.671527084375
3 0.6765312488372093 0.702475 0.6826640627906977 0.689433334375 0.6749234372093024 0.6832041656250001 0.6649937511627907 0.673472915625 0.6540296883720931 0.663947915625 0.6481984372093023 0.6742520843750001 0.654770311627907 0.6834 0.6715656255813953 0.697997915625 0.6765312488372093 0.702475
3 0.5514687511627907 0.691535415625 0.5472343744186047 0.684139584375 0.5387640627906977 0.672266665625 0.5305859372093024 0.6559166656250001 0.5213843744186046 0.664675 0.5332140627906977 0.6794687500000001 0.5475265627906977 0.698933334375 0.5514687511627907 0.691535415625
3 0.40254374883720934 0.6148374999999999 0.39334218837209306 0.6093875 0.37917656279069767 0.602964584375 0.37129843720930233 0.597577084375 0.3674937488372093 0.608804165625 0.38253593720930235 0.6189250000000001 0.3994765627906977 0.627879165625 0.40254374883720934 0.6148374999999999
2 0.3952406255813954 0.663889584375 0.3994765627906977 0.6512374999999999 0.39056718837209303 0.65006875 0.3762562511627907 0.6432562500000001 0.36413437441860463 0.63625 0.35749843720930236 0.6304354156249999 0.35610156279069766 0.64345 0.36442656279069763 0.647733334375 0.37757031162790694 0.6555187499999999 0.3952406255813954 0.663889584375
2 0.6672781255813953 0.73513125 0.6718046883720931 0.724035415625 0.6604140627906977 0.7162499999999999 0.647707811627907 0.7039875 0.6376015627906977 0.691547915625 0.632957811627907 0.703014584375 0.6434734372093023 0.713914584375 0.6567625 0.725983334375 0.6672781255813953 0.73513125
2 0.5343109372093023 0.72855625 0.5391312488372093 0.721158334375 0.5331437488372093 0.7131791656249999 0.5210218744186047 0.70033125 0.5144500000000001 0.6919625 0.5086390627906977 0.681691665625 0.5014515627906977 0.687485415625 0.517370311627907 0.711427084375 0.529054688372093 0.7231062500000001 0.5343109372093023 0.72855625