9 0.39539843720930234 0.500391665625 0.39640312558139534 0.515135415625 0.4376187511627907 0.508879165625 0.43627812558139534 0.497710415625 0.39539843720930234 0.500391665625
9 0.5542281255813953 0.58661875 0.5538921883720931 0.6031500000000001 0.5937671883720931 0.6013625 0.5924265627906977 0.58661875 0.5542281255813953 0.58661875
9 0.6721765627906977 0.6152124999999999 0.6735171883720931 0.631297915625 0.713057811627907 0.6228083343749999 0.7113812488372093 0.61253125 0.6721765627906977 0.6152124999999999
8 0.39975468837209305 0.473585415625 0.3984140627906977 0.486541665625 0.43192187441860463 0.483860415625 0.4312515627906977 0.471797915625 0.39975468837209305 0.473585415625
8 0.5565734372093023 0.56249375 0.556907811627907 0.571875 0.5880718744186046 0.571429165625 0.5880718744186046 0.562045834375 0.5565734372093023 0.56249375
8 0.6735171883720931 0.58840625 0.6748578116279069 0.60046875 0.7050156255813954 0.5968958343749999 0.7050156255813954 0.585279165625 0.6735171883720931 0.58840625
0 0.39941874883720935 0.4490125 0.398079688372093 0.46196875000000004 0.4315875 0.45884166562499995 0.4312515627906977 0.446777084375 0.39941874883720935 0.4490125
0 0.5548984372093023 0.537472915625 0.555232811627907 0.548195834375 0.5870656255813954 0.5473020843749999 0.5870656255813954 0.537472915625 0.5548984372093023 0.537472915625
0 0.6725125000000001 0.56428125 0.6728468744186047 0.5767895843749999 0.7036749999999999 0.5732166656250001 0.7036749999999999 0.561152084375 0.6725125000000001 0.56428125
3 0.3967390627906977 0.425333334375 0.39774375116279065 0.438289584375 0.43058281162790696 0.436054165625 0.4299125 0.42488541562500004 0.3967390627906977 0.425333334375
3 0.5538921883720931 0.5146875 0.553557811627907 0.527197915625 0.5870656255813954 0.52675 0.5863953116279069 0.514241665625 0.5538921883720931 0.5146875
3 0.6701671883720931 0.539708334375 0.6711718744186046 0.5522166656249999 0.704345311627907 0.551322915625 0.7026703116279069 0.537920834375 0.6701671883720931 0.539708334375
2 0.39137656279069766 0.391377084375 0.3917125 0.40076041562500003 0.4329281255813954 0.39941875 0.43192187441860463 0.38825 0.39137656279069766 0.391377084375
2 0.548867188372093 0.47805208437499996 0.548867188372093 0.491008334375 0.5897468744186046 0.489220834375 0.5897468744186046 0.477158334375 0.548867188372093 0.47805208437499996
2 0.664470311627907 0.505752084375 0.6638000000000001 0.516029165625 0.7040093744186047 0.5128999999999999 0.704345311627907 0.5012854156250001 0.664470311627907 0.505752084375