2 0.3798140627906976 0.527672915625 0.3781656255813954 0.512647915625 0.34518593720930235 0.519610415625 0.3465593744186047 0.5313375 0.355354688372093 0.5313375 0.3674468744186047 0.529870834375 0.3798140627906976 0.527672915625
2 0.3762406255813953 0.484066665625 0.374042188372093 0.47014166562500004 0.34106250000000005 0.47637083437500005 0.340925 0.48809791562499993 0.3523312488372093 0.485164584375 0.36414843720930234 0.483333334375 0.3762406255813953 0.484066665625
2 0.37541718837209304 0.44705625 0.37459218837209307 0.4349625 0.3328187511627907 0.446322915625 0.33364218837209303 0.45291875 0.3440859372093023 0.452552084375 0.35920156279069765 0.448520834375 0.37541718837209304 0.44705625
0 0.37734062558139536 0.49322708437499996 0.35562968837209297 0.496525 0.3440859372093023 0.5023875 0.34463593720930236 0.51338125 0.3594765627906976 0.510083334375 0.37761562558139533 0.507885415625 0.37734062558139536 0.49322708437499996
4 0.3853109372093023 0.538664584375 0.3443609372093023 0.544529165625 0.3457359372093023 0.557354165625 0.36057656279069766 0.55515625 0.3864093744186047 0.549291665625 0.3853109372093023 0.538664584375
4 0.5669734372093023 0.584470834375 0.5268484372093023 0.5874020843750001 0.5268484372093023 0.5987625000000001 0.5471859372093023 0.598395834375 0.5677968744186047 0.594364584375 0.5669734372093023 0.584470834375
4 0.7052125 0.5027541656250001 0.7030140627906977 0.490295834375 0.6648125 0.501289584375 0.6659109372093023 0.514847915625 0.678004688372093 0.511914584375 0.6906468744186047 0.507885415625 0.7052125 0.5027541656250001
0 0.5661484372093023 0.62844375 0.550757811627907 0.632839584375 0.5337187488372094 0.6299083343749999 0.5345437511627907 0.642733334375 0.5460859372093023 0.643833334375 0.5675218744186046 0.642002084375 0.5661484372093023 0.62844375
0 0.7071359372093022 0.5357333343749999 0.6747062511627907 0.547460415625 0.6771796883720931 0.5580875 0.692020311627907 0.552222915625 0.7093343744186046 0.547460415625 0.7071359372093022 0.5357333343749999
2 0.5639500000000001 0.609754165625 0.5326187488372093 0.60865625 0.5326187488372093 0.624045834375 0.5444375 0.623679165625 0.5639500000000001 0.62148125 0.5639500000000001 0.609754165625
2 0.5666984372093024 0.649695834375 0.555704688372093 0.65299375 0.5364671883720931 0.65519375 0.537017188372093 0.665454165625 0.5469109372093024 0.663620834375 0.5683468744186047 0.65995625 0.5666984372093024 0.649695834375
2 0.575217188372093 0.696233334375 0.5746687511627907 0.683775 0.5524062511627906 0.6881729156249999 0.5345437511627907 0.6881729156249999 0.535092188372093 0.70173125 0.5526812511627908 0.7002645843749999 0.563125 0.6988000000000001 0.575217188372093 0.696233334375
2 0.7057609372093022 0.528039584375 0.7043874999999999 0.515579165625 0.6716828116279069 0.52510625 0.6730562488372094 0.5390312500000001 0.683775 0.537933334375 0.692845311627907 0.5335354156250001 0.7057609372093022 0.528039584375
2 0.7129078116279071 0.5705458343750001 0.7107093744186046 0.55991875 0.6793781255813953 0.5687125 0.6813015627906978 0.5819062500000001 0.6906468744186047 0.580072915625 0.7043874999999999 0.574210415625 0.7129078116279071 0.5705458343750001
2 0.7217015627906977 0.602060415625 0.7203281255813953 0.5918 0.6791031255813953 0.605358334375 0.6824015627906977 0.61745 0.6939437511627906 0.615616665625 0.7027390627906976 0.6104875 0.7217015627906977 0.602060415625