4 0.6558281255813954 0.551995834375 0.6552562488372092 0.56531875 0.6955140627906977 0.5668416656249999 0.6958000000000001 0.555041665625 0.6558281255813954 0.551995834375
4 0.5516140627906977 0.61595 0.5524703116279069 0.62889375 0.5944421883720931 0.619377084375 0.5921578116279069 0.605672915625 0.5516140627906977 0.61595
4 0.7811687488372093 0.52344375 0.781454688372093 0.5379104156250001 0.8205687488372093 0.5306770843749999 0.8197125000000001 0.516210415625 0.7811687488372093 0.52344375
2 0.7854515627906976 0.547427084375 0.78745 0.562272915625 0.819142188372093 0.558085415625 0.8188562488372093 0.542097915625 0.7854515627906976 0.547427084375
2 0.7894484372093024 0.5915874999999999 0.7897343744186046 0.60719375 0.8222828116279071 0.600722915625 0.8217109372093023 0.5866374999999999 0.7894484372093024 0.5915874999999999
2 0.7888765627906977 0.626610415625 0.7888765627906977 0.64145625 0.8282781255813955 0.636127084375 0.829420311627907 0.6212791656250001 0.7888765627906977 0.626610415625
2 0.6552562488372092 0.6551604156249999 0.6541140627906977 0.668485415625 0.6958000000000001 0.6692458343750001 0.6958000000000001 0.657064584375 0.6552562488372092 0.6551604156249999
2 0.6598249999999999 0.62051875 0.6589687488372092 0.632320834375 0.6909453116279071 0.63308125 0.6912312488372093 0.623183334375 0.6598249999999999 0.62051875
2 0.660395311627907 0.576358334375 0.6598249999999999 0.592347915625 0.6923734372093023 0.5915874999999999 0.6923734372093023 0.575979165625 0.660395311627907 0.576358334375
2 0.5527562511627907 0.588541665625 0.5541843744186047 0.60415 0.5858765627906977 0.597297915625 0.5841625 0.579785415625 0.5527562511627907 0.588541665625
2 0.5467609372093023 0.545904165625 0.5493296883720931 0.56075 0.5807375 0.550091665625 0.5798812511627907 0.5371479156250001 0.5467609372093023 0.545904165625
2 0.5387656255813953 0.5146875 0.540479688372093 0.52763125 0.581879688372093 0.516210415625 0.579595311627907 0.5028875 0.5387656255813953 0.5146875
0 0.5516140627906977 0.57026875 0.5530421883720931 0.584354165625 0.583592188372093 0.5767395843750001 0.5821640627906977 0.562272915625 0.5516140627906977 0.57026875
0 0.6595390627906976 0.596535415625 0.6598249999999999 0.61214375 0.6920875 0.612525 0.6926593744186046 0.5999625 0.6595390627906976 0.596535415625
0 0.7871640627906977 0.5676041656249999 0.7885921883720931 0.583591665625 0.8211406255813953 0.576358334375 0.8199984372093023 0.5615125 0.7871640627906977 0.5676041656249999