0 0.31056093720930233 0.42191041562500003 0.30784999999999996 0.408660415625 0.27397031162790697 0.42522291562500003 0.2780359372093023 0.43787083437499996 0.2863937511627907 0.432752084375 0.29836406279069766 0.425825 0.31056093720930233 0.42191041562500003
0 0.528629688372093 0.509822915625 0.49651249999999997 0.5231312499999999 0.49911718837209307 0.534127084375 0.509532811627907 0.530077084375 0.5303656255813953 0.521395834375 0.528629688372093 0.509822915625
0 0.7981359372093023 0.569116665625 0.7654328116279069 0.576260415625 0.7668421883720931 0.586408334375 0.7772734372093023 0.58528125 0.7992640627906976 0.58039375 0.7981359372093023 0.569116665625
2 0.298279688372093 0.35598125 0.28502812558139534 0.35480625 0.25599062558139535 0.373272915625 0.2574 0.38266875 0.270932811627907 0.375152084375 0.2994062488372093 0.36500208437500004 0.298279688372093 0.35598125
2 0.3002531255813954 0.386052084375 0.26811250000000003 0.402591665625 0.27149687441860465 0.41349375000000005 0.28390156279069767 0.40597500000000003 0.30391718837209303 0.399585415625 0.3002531255813954 0.386052084375
2 0.3157593744186047 0.439054165625 0.31124843720930234 0.42589791562499996 0.28164531162790696 0.441310415625 0.2827734372093023 0.45070833437499996 0.29715156279069765 0.443941665625 0.30448125116279073 0.441310415625 0.3157593744186047 0.439054165625
2 0.5263593744186047 0.5029583343749999 0.5243843744186046 0.49168124999999996 0.5108531255813954 0.49186874999999997 0.491117188372093 0.4992 0.49534687441860464 0.515739584375 0.5021125 0.51198125 0.510570311627907 0.508220834375 0.5263593744186047 0.5029583343749999
2 0.533970311627907 0.532654165625 0.5018312511627907 0.54393125 0.5040859372093024 0.5567124999999999 0.5162093744186047 0.54881875 0.535379688372093 0.5413 0.533970311627907 0.532654165625
2 0.548067188372093 0.573252084375 0.544120311627907 0.5612229156249999 0.520720311627907 0.572125 0.5049328116279069 0.5777625 0.5071875 0.589039584375 0.5241031255813953 0.5837770843750001 0.5345343744186046 0.57964375 0.548067188372093 0.573252084375
2 0.7978546883720931 0.562727084375 0.7961625 0.547314584375 0.7631781255813953 0.554458334375 0.763742188372093 0.567989584375 0.774454688372093 0.567989584375 0.787142188372093 0.564983334375 0.7978546883720931 0.562727084375
2 0.8006734372093023 0.605204165625 0.8001109372093024 0.594679165625 0.767125 0.597685415625 0.767970311627907 0.610466665625 0.7809390627906976 0.610091665625 0.7944718744186047 0.6085875 0.8006734372093023 0.605204165625
2 0.8077218744186047 0.6379083343749999 0.807157811627907 0.6292625000000001 0.7657156255813954 0.633020834375 0.7665609372093023 0.645425 0.7761468744186046 0.64768125 0.790242188372093 0.645802084375 0.8077218744186047 0.6379083343749999
4 0.7983125000000001 0.53720625 0.796925 0.5231375 0.7774874999999999 0.5290625 0.7566625 0.5290625 0.75805 0.541279165625 0.7747109372093023 0.54165 0.7865125000000001 0.539797915625 0.7983125000000001 0.53720625
4 0.5217499999999999 0.466122915625 0.4834312511627907 0.48019166562500004 0.484542188372093 0.489816665625 0.4956484372093023 0.486485415625 0.5242484372093024 0.47611875000000003 0.5217499999999999 0.466122915625
4 0.3221015627906977 0.45094375 0.283504688372093 0.46723333437500003 0.28600468837209303 0.47945000000000004 0.2987781255813953 0.46686249999999996 0.32432343720930235 0.46019791562499995 0.3221015627906977 0.45094375