4 0.122275 0.4631625 0.12192812558139535 0.478447915625 0.16639062558139533 0.47613125 0.16604375116279071 0.46408958437500003 0.122275 0.4631625
4 0.24524531162790697 0.5391229156249999 0.24385468837209304 0.55394375 0.2858875 0.555333334375 0.28554062558139537 0.5418999999999999 0.24524531162790697 0.5391229156249999
4 0.3445937488372093 0.4187 0.3449406255813953 0.43259375 0.3859312488372093 0.43305833437499996 0.385582811627907 0.420089584375 0.3445937488372093 0.4187
2 0.3494562511627907 0.44509999999999994 0.35015156279069765 0.45853124999999995 0.38210937441860465 0.45853124999999995 0.38176249999999995 0.443710415625 0.3494562511627907 0.44509999999999994
2 0.34806718837209305 0.486785415625 0.34772031162790695 0.50253125 0.38141562558139536 0.50160625 0.381067188372093 0.486785415625 0.34806718837209305 0.486785415625
2 0.3421625 0.521520834375 0.3428562511627907 0.53634375 0.3845406255813954 0.538195834375 0.3852359372093023 0.522910415625 0.3421625 0.521520834375
0 0.3491093744186046 0.46408958437500003 0.3494562511627907 0.478447915625 0.38176249999999995 0.478447915625 0.38176249999999995 0.46594166562500006 0.3491093744186046 0.46408958437500003
0 0.24837187441860464 0.584047915625 0.24732968837209302 0.59840625 0.2806765627906977 0.598870834375 0.281025 0.588216665625 0.24837187441860464 0.584047915625
0 0.12817968837209304 0.416845834375 0.12852812558139534 0.43166874999999993 0.16257031162790697 0.43213125 0.16187500000000002 0.417310415625 0.12817968837209304 0.416845834375
2 0.12748593720930232 0.435372915625 0.12748593720930232 0.44973124999999997 0.16152812558139534 0.452972915625 0.16152812558139534 0.438152084375 0.12748593720930232 0.435372915625
2 0.12852812558139534 0.3927625 0.12817968837209304 0.40573125 0.16187500000000002 0.408045834375 0.16013906279069767 0.395079165625 0.12852812558139534 0.3927625
2 0.12331718837209302 0.358025 0.12366406279069768 0.37099375 0.16812812558139537 0.373310415625 0.16847499999999999 0.360804165625 0.12331718837209302 0.358025
2 0.24902343720930234 0.563802084375 0.24869843720930232 0.57899375 0.2822265627906977 0.57899375 0.28125 0.56640625 0.24902343720930234 0.563802084375
2 0.24772187441860463 0.608072915625 0.24674531162790697 0.623264584375 0.28059843720930233 0.623697915625 0.2802734372093023 0.610677084375 0.24772187441860463 0.608072915625
2 0.24153593720930233 0.643229165625 0.23990937441860463 0.657985415625 0.2851562511627907 0.658854165625 0.2851562511627907 0.6454 0.24153593720930233 0.643229165625