4 0.35655156279069766 0.854566665625 0.3583359372093023 0.868508334375 0.4004187488372093 0.851166665625 0.3971031255813954 0.83824375 0.35655156279069766 0.854566665625
4 0.45244843720930233 0.8127395843749999 0.4527031255813953 0.827702084375 0.491979688372093 0.8226020843749999 0.491725 0.8089999999999999 0.45244843720930233 0.8127395843749999
4 0.5325312511627907 0.77839375 0.5358468744186047 0.793695834375 0.5746140627906977 0.777714584375 0.5715531255813954 0.764791665625 0.5325312511627907 0.77839375
2 0.35553124883720927 0.828722915625 0.3593562511627907 0.843685415625 0.390982811627907 0.830083334375 0.3866468744186047 0.815460415625 0.35553124883720927 0.828722915625
2 0.3455843744186047 0.785875 0.3483906255813954 0.801177084375 0.38129062558139537 0.785875 0.3797609372093023 0.772952084375 0.3455843744186047 0.785875
2 0.335892188372093 0.757310415625 0.33920781162790703 0.7705729156250001 0.37925 0.7511895843749999 0.376445311627907 0.7403062499999999 0.335892188372093 0.757310415625
2 0.45703906279069767 0.8372229156250001 0.45754843720930227 0.8518458343749999 0.4912140627906977 0.8494666656250001 0.490704688372093 0.8355229156249999 0.45703906279069767 0.8372229156250001
2 0.46111874883720927 0.8831312499999999 0.4608640627906977 0.894354165625 0.49248906279069765 0.890954165625 0.491725 0.8793916656249999 0.46111874883720927 0.8831312499999999
2 0.45780312558139535 0.9171374999999999 0.4583140627906977 0.931079165625 0.4996312511627907 0.9253 0.4996312511627907 0.9127166656249999 0.45780312558139535 0.9171374999999999
2 0.5501296883720931 0.8810916656250001 0.552679688372093 0.8929937499999999 0.5917015627906976 0.875989584375 0.5904265627906977 0.8644291656249999 0.5501296883720931 0.8810916656250001
2 0.5480890627906977 0.8433458343750001 0.5506390627906977 0.8566062499999999 0.5832859372093023 0.843685415625 0.5794593744186046 0.830083334375 0.5480890627906977 0.8433458343750001
2 0.5389078116279069 0.7991375 0.5419687511627906 0.8144395843750001 0.5748687488372093 0.801177084375 0.5728281255813953 0.78825625 0.5389078116279069 0.7991375
0 0.5442640627906977 0.820902084375 0.5473234372093023 0.83654375 0.577929688372093 0.8212416656249999 0.5751234372093024 0.807979165625 0.5442640627906977 0.820902084375
0 0.45907968837209306 0.859327084375 0.45933437441860464 0.872929165625 0.49248906279069765 0.869189584375 0.491979688372093 0.8569479156250001 0.45907968837209306 0.859327084375
0 0.351704688372093 0.81171875 0.3545109372093023 0.823620834375 0.38613593720930234 0.81001875 0.3833312488372093 0.7967562499999999 0.351704688372093 0.81171875