0 0.3607140627906977 0.721604165625 0.35860000000000003 0.710327084375 0.3268890627906977 0.717375 0.32820937441860465 0.729002084375 0.33640156279069766 0.727945834375 0.3490859372093023 0.7258312499999999 0.3607140627906977 0.721604165625
0 0.5464875 0.7593041656249999 0.547545311627907 0.746972915625 0.5303671883720931 0.7455625 0.5163625000000001 0.733935415625 0.515832811627907 0.75014375 0.524025 0.751904165625 0.5332749999999999 0.756485415625 0.5464875 0.7593041656249999
0 0.7425671883720931 0.664875 0.7370187511627907 0.65641875 0.7100640627906977 0.679320834375 0.7145562488372093 0.6902437499999999 0.7227484372093024 0.68355 0.7317328116279069 0.674389584375 0.7425671883720931 0.664875
2 0.35648593720930233 0.662408334375 0.3541062488372093 0.652895834375 0.3416875 0.6543041656249999 0.31341093720930235 0.665933334375 0.31473281162790695 0.674389584375 0.32318906279069765 0.6705125 0.3377234372093023 0.666989584375 0.35648593720930233 0.662408334375
2 0.3546359372093023 0.685664584375 0.3382515627906977 0.69376875 0.32266093720930233 0.6941208343749999 0.32503906279069766 0.7061 0.341157811627907 0.7039854156249999 0.35648593720930233 0.696233334375 0.3546359372093023 0.685664584375
2 0.36150625116279067 0.727945834375 0.3459156255813953 0.734639584375 0.3305875 0.73605 0.331645311627907 0.745914584375 0.3438015627906977 0.744154165625 0.36414843720930234 0.7395729156249999 0.36150625116279067 0.727945834375
4 0.37234062558139536 0.762475 0.3696984372093023 0.7529625 0.3308515627906977 0.7642375 0.3337593744186046 0.776216665625 0.34406562558139536 0.7681125 0.35701406279069764 0.764941665625 0.37234062558139536 0.762475
4 0.5560015627906977 0.714204165625 0.5575859372093024 0.7043375000000001 0.5380312488372093 0.7004625 0.5187406255813953 0.6891875 0.517682811627907 0.700110415625 0.526932811627907 0.704689584375 0.5353890627906976 0.709622915625 0.5560015627906977 0.714204165625
2 0.5496593744186047 0.7268875 0.5343312488372093 0.724422915625 0.5205906255813953 0.713852084375 0.5191375 0.728297915625 0.5290468744186047 0.732879165625 0.549129688372093 0.738516665625 0.5496593744186047 0.7268875
2 0.5449015627906977 0.767760415625 0.528782811627907 0.7659979156250001 0.5123984372093023 0.7571895843750001 0.5126625 0.768464584375 0.522175 0.771283334375 0.5435812488372093 0.7793875 0.5449015627906977 0.767760415625
2 0.5414671883720931 0.814270834375 0.5441093744186046 0.802995834375 0.5234968744186047 0.800529165625 0.5042062511627907 0.7906625 0.5031484372093024 0.8015854156250001 0.5110765627906977 0.806870834375 0.5256109372093023 0.813564584375 0.5414671883720931 0.814270834375
2 0.7356968744186047 0.650077084375 0.7296187511627907 0.638097915625 0.7177281255813953 0.6504291656250001 0.7026640627906977 0.661 0.7071562488372093 0.6729791656249999 0.7171984372093023 0.66769375 0.727504688372093 0.657829165625 0.7356968744186047 0.650077084375
2 0.7460031255813954 0.676502084375 0.7314687511627908 0.691302084375 0.7179921883720931 0.699052084375 0.7232765627906976 0.7117375 0.734904688372093 0.702225 0.7507593744186046 0.6870729156250001 0.7460031255813954 0.676502084375
2 0.7600093744186047 0.719841665625 0.7652937511627907 0.709975 0.7621234372093023 0.704689584375 0.7423031255813953 0.7230125000000001 0.7261843744186046 0.733935415625 0.7317328116279069 0.742391665625 0.7404531255813953 0.73886875 0.7520812488372094 0.7304125 0.7600093744186047 0.719841665625
4 0.7253906255813954 0.62999375 0.729354688372093 0.624708334375 0.7272406255813952 0.612022915625 0.7103281255813954 0.628935415625 0.6907734372093023 0.643029165625 0.6957937488372092 0.65254375 0.705042188372093 0.646202084375 0.7150843744186047 0.639154165625 0.7253906255813954 0.62999375