4 0.4051062488372093 0.27063125 0.38362968837209305 0.27175625000000003 0.3663640627906977 0.27343958437500004 0.3688906255813954 0.282422915625 0.40468437441860466 0.2813 0.4051062488372093 0.27063125
4 0.5377546883720931 0.29870625 0.5373343744186047 0.289160415625 0.5179625 0.28972291562499997 0.4994343744186046 0.293652084375 0.4994343744186046 0.301514584375 0.5217531255813954 0.29646041562500003 0.5377546883720931 0.29870625
4 0.708304688372093 0.3026375 0.7104093744186046 0.29140625 0.6872484372093023 0.290845834375 0.6720890627906976 0.294775 0.6725093744186047 0.30544375 0.688932811627907 0.303197915625 0.708304688372093 0.3026375
0 0.4004734372093023 0.222345834375 0.36973281162790694 0.226275 0.3709968744186047 0.23469791562500003 0.39963125116279075 0.23525833437500002 0.4004734372093023 0.222345834375
0 0.5318593744186046 0.24312083437499998 0.5015406255813953 0.24705 0.502382811627907 0.255472915625 0.5331234372093023 0.25771875 0.5318593744186046 0.24312083437499998
0 0.708725 0.2476125 0.6779843744186046 0.249858334375 0.6779843744186046 0.258279165625 0.7074625 0.259402084375 0.708725 0.2476125
2 0.38742031162790697 0.259964584375 0.40005312558139533 0.260525 0.400895311627907 0.24368125 0.370575 0.24536666562499998 0.37015468837209303 0.253227084375 0.376470311627907 0.25771875 0.38742031162790697 0.259964584375
2 0.39963125116279075 0.201570834375 0.3827875 0.201570834375 0.3693125 0.204377084375 0.368470311627907 0.213922915625 0.4004734372093023 0.21280000000000002 0.39963125116279075 0.201570834375
2 0.40131562558139533 0.179672915625 0.4017375 0.166758334375 0.3785765627906977 0.166758334375 0.36215312558139534 0.17068958437499998 0.36215312558139534 0.18135833437499999 0.3878406255813953 0.176304165625 0.40131562558139533 0.179672915625
2 0.5352281255813953 0.196516665625 0.5373343744186047 0.186972915625 0.5305968744186046 0.18865625 0.522175 0.183041665625 0.511225 0.183041665625 0.49480156279069765 0.189779165625 0.49522343720930234 0.197079165625 0.510804688372093 0.193710415625 0.5352281255813953 0.196516665625
2 0.531017188372093 0.218977084375 0.5065937511627907 0.22402916562500003 0.5015406255813953 0.22290625 0.5002765627906977 0.234135415625 0.531017188372093 0.231889584375 0.531017188372093 0.218977084375
2 0.5322812511627907 0.263333334375 0.503225 0.26501666562500004 0.5049093744186046 0.272879165625 0.531017188372093 0.27568541562500004 0.5322812511627907 0.263333334375
2 0.7137781255813954 0.200447915625 0.7158843744186046 0.190902084375 0.7040937488372093 0.186410415625 0.6914593744186047 0.188095834375 0.6758781255813954 0.189779165625 0.6741937488372094 0.198202084375 0.6998812488372093 0.19595625 0.7137781255813954 0.200447915625
2 0.7095671883720931 0.221222915625 0.6779843744186046 0.22290625 0.6758781255813954 0.233575 0.708304688372093 0.237504165625 0.7095671883720931 0.221222915625
2 0.7070406255813954 0.266702084375 0.6901968744186047 0.265579165625 0.6746156255813953 0.266702084375 0.6733515627906977 0.280177084375 0.7061984372093023 0.279616665625 0.7070406255813954 0.266702084375