0 0.19055 0.65859375 0.18914531162790696 0.64386875 0.17147500000000002 0.65029375 0.15561250000000001 0.652704165625 0.1572187488372093 0.6634125 0.166054688372093 0.663947915625 0.18010937441860464 0.6602 0.19055 0.65859375
2 0.1921562511627907 0.662610415625 0.17488906279069769 0.669302084375 0.15802187441860463 0.67305 0.15982968837209302 0.6816187499999999 0.171275 0.680814584375 0.19396406279069767 0.677870834375 0.1921562511627907 0.662610415625
2 0.18733750000000002 0.635302084375 0.18593281162790698 0.620577084375 0.16846406279069767 0.6262 0.1522 0.6294125 0.15300312558139534 0.641191665625 0.16525156279069766 0.639854165625 0.17910468837209303 0.637177084375 0.18733750000000002 0.635302084375
2 0.18553124883720928 0.586308334375 0.16786093720930234 0.589520834375 0.14276250000000001 0.597285415625 0.14436875116279071 0.6082625 0.16083281162790697 0.6034437500000001 0.1871375 0.5999625 0.18553124883720928 0.586308334375
4 0.18131406279069767 0.703570834375 0.19998749999999998 0.700627084375 0.19737812558139536 0.68965 0.1730812488372093 0.6982166656250001 0.15701874883720932 0.696877084375 0.15681718837209305 0.700627084375 0.15982968837209302 0.71240625 0.16926718837209304 0.7067833343750001 0.18131406279069767 0.703570834375
2 0.36906406279069764 0.6684249999999999 0.3370718744186047 0.6754625 0.33872031162790694 0.688214584375 0.35191249999999996 0.685135415625 0.37137187441860464 0.6803 0.36906406279069764 0.6684249999999999
2 0.375 0.7106416656250001 0.3443265627906976 0.717677084375 0.34564687441860464 0.7291125 0.35850937441860464 0.72559375 0.37664843720930236 0.7189979156249999 0.375 0.7106416656250001
2 0.38654375116279066 0.7537375 0.3848937488372093 0.740545834375 0.3641156255813953 0.749779165625 0.3443265627906976 0.751979165625 0.3466359372093023 0.765170834375 0.35719062558139536 0.7638520843750001 0.375329688372093 0.757695834375 0.38654375116279066 0.7537375
2 0.45151718837209304 0.713720834375 0.4182062511627907 0.717677084375 0.4208437488372093 0.734389584375 0.4350265627906977 0.731310415625 0.4528359372093023 0.723395834375 0.45151718837209304 0.713720834375
2 0.45580468837209304 0.768689584375 0.4564640627906977 0.75725625 0.43898437441860466 0.761654165625 0.4244718744186047 0.76209375 0.42480156279069764 0.777485415625 0.4373343744186046 0.776164584375 0.44920781162790696 0.768689584375 0.45580468837209304 0.768689584375
2 0.4656984372093023 0.799472915625 0.46470937441860466 0.79155625 0.4436015627906977 0.7977125 0.4221640627906977 0.7999125 0.4244718744186047 0.814422915625 0.432717188372093 0.810466665625 0.446570311627907 0.805629165625 0.4656984372093023 0.799472915625
0 0.4525062488372093 0.7339479156250001 0.42183437441860466 0.7396666656249999 0.4221640627906977 0.75241875 0.437995311627907 0.7489 0.45448593720930236 0.745383334375 0.4525062488372093 0.7339479156250001
0 0.3720312488372093 0.68645625 0.360817188372093 0.6917333343750001 0.3403687511627907 0.694810415625 0.34135937441860464 0.7097625 0.3545515627906977 0.705804165625 0.375 0.6996479156250001 0.3720312488372093 0.68645625
4 0.371042188372093 0.6437999999999999 0.32849531162790696 0.6512749999999999 0.330475 0.662708334375 0.34795468837209304 0.658752084375 0.37302031162790694 0.6525937500000001 0.371042188372093 0.6437999999999999
4 0.4521765627906977 0.69129375 0.4122687488372093 0.6952499999999999 0.4142484372093023 0.70844375 0.4313984372093023 0.704925 0.45448593720930236 0.70140625 0.4521765627906977 0.69129375