0 0.35305 0.771345834375 0.35405312558139534 0.785595834375 0.38645156279069764 0.775797915625 0.38545 0.761547915625 0.35305 0.771345834375
0 0.4943375 0.828795834375 0.49634218837209304 0.8439375 0.5274046883720931 0.8323583343750001 0.5254 0.8194416656250001 0.4943375 0.828795834375
0 0.6546640627906977 0.802072915625 0.6570015627906977 0.814989584375 0.6870625 0.8016291656250001 0.6860609372093024 0.79005 0.6546640627906977 0.802072915625
2 0.6586718744186046 0.8252312500000001 0.660342188372093 0.8377020843749999 0.6924062511627908 0.8256770843749999 0.6904031255813953 0.8127625 0.6586718744186046 0.8252312500000001
2 0.6620109372093023 0.8604145843750001 0.66435 0.8724395843750001 0.7020937488372093 0.857741665625 0.701425 0.846608334375 0.6620109372093023 0.8604145843750001
2 0.6503218744186046 0.780697915625 0.6536609372093024 0.794947915625 0.6843906255813953 0.783814584375 0.6823859372093023 0.76911875 0.6503218744186046 0.780697915625
2 0.4893281255813953 0.8069729156250001 0.492332811627907 0.8216687500000001 0.5243984372093023 0.81098125 0.5227281255813954 0.798510415625 0.4893281255813953 0.8069729156250001
2 0.4980125 0.8519520843749999 0.49968124883720927 0.86353125 0.5314125 0.8519520843749999 0.5300765627906977 0.839929165625 0.4980125 0.8519520843749999
2 0.49700937441860465 0.8840187500000001 0.49968124883720927 0.898714584375 0.541767188372093 0.8862458343749999 0.539429688372093 0.873329165625 0.49700937441860465 0.8840187500000001
2 0.35605624883720927 0.789604165625 0.3580609372093023 0.8056374999999999 0.38878906279069764 0.79539375 0.387120311627907 0.780697915625 0.35605624883720927 0.789604165625
2 0.35037812558139536 0.747295834375 0.35204843720930235 0.76065625 0.38444843720930233 0.752639584375 0.38177500000000003 0.738389584375 0.35037812558139536 0.747295834375
2 0.34135937441860464 0.71389375 0.34336406279069764 0.728145834375 0.38444843720930233 0.7170124999999999 0.38444843720930233 0.70320625 0.34135937441860464 0.71389375
4 0.35438593720930234 0.8140979156249999 0.356725 0.830577084375 0.3964718744186047 0.818997915625 0.39413437441860466 0.805191665625 0.35438593720930234 0.8140979156249999
4 0.48164531162790697 0.785595834375 0.48431718837209303 0.796729165625 0.5240640627906976 0.7847062499999999 0.5217265627906976 0.77268125 0.48164531162790697 0.785595834375
4 0.642304688372093 0.758875 0.645645311627907 0.774016665625 0.6857265627906977 0.758875 0.6827203116279069 0.743733334375 0.642304688372093 0.758875