2 0.30424375116279073 0.701527084375 0.32238593720930236 0.701991665625 0.32378124883720927 0.6903625 0.2986609372093023 0.690827084375 0.28435625116279073 0.690827084375 0.28191406279069764 0.691758334375 0.28226249999999997 0.700595834375 0.30424375116279073 0.701527084375
2 0.31819843720930235 0.727579165625 0.287495311627907 0.724322915625 0.2867984372093023 0.7354875 0.31889687441860465 0.735952084375 0.31819843720930235 0.727579165625
2 0.316454688372093 0.767120834375 0.28435625116279073 0.767120834375 0.2857515627906977 0.778285415625 0.3157562511627907 0.7787499999999999 0.316454688372093 0.767120834375
2 0.39705156279069764 0.7378125 0.39705156279069764 0.725716665625 0.37332656279069765 0.730835415625 0.360067188372093 0.735020834375 0.360417188372093 0.742929165625 0.38239687441860465 0.742464584375 0.39705156279069764 0.7378125
2 0.39460937441860466 0.7615375 0.37472187441860466 0.7634000000000001 0.3618125 0.76805 0.36530156279069764 0.777354165625 0.39321406279069765 0.77316875 0.39460937441860466 0.7615375
2 0.3967015627906977 0.819222915625 0.396004688372093 0.80015 0.38100156279069763 0.808989584375 0.367045311627907 0.81085 0.3663484372093023 0.8201541656250001 0.3778609372093023 0.8206187500000001 0.3967015627906977 0.819222915625
2 0.5250984372093023 0.766189584375 0.5244 0.756420834375 0.5184687511627907 0.760141665625 0.499279688372093 0.760141665625 0.4853234372093023 0.76246875 0.4881140627906977 0.77316875 0.5093984372093023 0.7722375 0.5250984372093023 0.766189584375
2 0.523004688372093 0.8038708343750001 0.5244 0.79689375 0.5163765627906977 0.791310415625 0.490557811627907 0.7959625 0.4923015627906977 0.808522915625 0.5010234372093023 0.80759375 0.523004688372093 0.8038708343750001
2 0.52475 0.84620625 0.5233546883720931 0.8359708343750001 0.5097468744186047 0.838295834375 0.49265 0.840158334375 0.49544218837209303 0.853647915625 0.5128875 0.8494624999999999 0.52475 0.84620625
0 0.5237031255813953 0.8122458343750001 0.5076531255813953 0.819222915625 0.49439531162790695 0.821083334375 0.4933484372093023 0.829922915625 0.522307811627907 0.8266666656250001 0.5237031255813953 0.8122458343750001
0 0.3953062488372093 0.7843333343750001 0.363904688372093 0.79038125 0.3659984372093023 0.80108125 0.39460937441860466 0.798289584375 0.3953062488372093 0.7843333343750001
0 0.31785 0.747116665625 0.28784531162790694 0.747116665625 0.2840062511627907 0.7592125000000001 0.31715312558139536 0.758747915625 0.31785 0.747116665625
4 0.319245311627907 0.794102084375 0.300754688372093 0.794566665625 0.28121562558139535 0.796429165625 0.2815640627906977 0.8048020843750001 0.31785 0.8048020843750001 0.319245311627907 0.794102084375
4 0.4015875 0.8303875 0.386932811627907 0.8322499999999999 0.367045311627907 0.8387625 0.3659984372093023 0.845739584375 0.399145311627907 0.8406229156249999 0.4015875 0.8303875
4 0.5275406255813954 0.8624875 0.5066062511627907 0.8666750000000001 0.4923015627906977 0.86806875 0.49509218837209307 0.879235415625 0.5257968744186047 0.8731875 0.5275406255813954 0.8624875