0 0.6053421883720931 0.271814584375 0.5903734372093024 0.268895834375 0.574125 0.266633334375 0.57285 0.279110415625 0.586357811627907 0.280083334375 0.6046109372093024 0.284460415625 0.6053421883720931 0.271814584375
0 0.7017218744186047 0.291270834375 0.6845625 0.2898125 0.6696718744186047 0.29125625 0.6699593744186046 0.301972915625 0.6849281255813954 0.301972915625 0.7017218744186047 0.304404165625 0.7017218744186047 0.291270834375
0 0.8527265627906976 0.33788125 0.8395843744186047 0.33253125 0.8234296883720931 0.324979165625 0.819870311627907 0.336908334375 0.8370281255813954 0.33982708437500003 0.8494406255813954 0.348583334375 0.8527265627906976 0.33788125
2 0.8476156255813954 0.356366665625 0.8330125 0.347610415625 0.8165843744186047 0.342745834375 0.8141968744186046 0.35495416562500004 0.8333781255813953 0.362689584375 0.844329688372093 0.3690125 0.8476156255813954 0.356366665625
2 0.8592984372093023 0.31599374999999996 0.8286484372093024 0.3019625 0.8257109372093023 0.315020834375 0.8366640627906977 0.316966665625 0.855282811627907 0.32863958437499996 0.8592984372093023 0.31599374999999996
2 0.8698859372093023 0.28729375 0.8563781255813954 0.27610625 0.8314593744186046 0.265029165625 0.8289968744186047 0.278539584375 0.8501718744186048 0.284375 0.865504688372093 0.2965375 0.8698859372093023 0.28729375
2 0.704154688372093 0.235045834375 0.6888218744186047 0.234558334375 0.6632484372093023 0.23398124999999997 0.663267188372093 0.24671875000000001 0.680425 0.245260415625 0.7048859372093024 0.24574791562499998 0.704154688372093 0.235045834375
2 0.7008687488372093 0.269095834375 0.6866312511627907 0.271041665625 0.6680125 0.271527084375 0.6688687511627907 0.2810875 0.6844406255813953 0.28125625 0.7008687488372093 0.282229165625 0.7008687488372093 0.269095834375
2 0.702329688372093 0.3123875 0.6859015627906977 0.31141458437499997 0.6694734372093023 0.31141458437499997 0.6696718744186047 0.323908334375 0.6873625 0.32746458437500003 0.7016 0.32746458437500003 0.702329688372093 0.3123875
2 0.6032312488372092 0.291995834375 0.5900890627906976 0.2895625 0.572117188372093 0.285904165625 0.571470311627907 0.297345834375 0.5835171883720931 0.297345834375 0.602867188372093 0.30366875000000004 0.6032312488372092 0.291995834375
2 0.606517188372093 0.248216665625 0.592279688372093 0.24627083437500003 0.575329688372093 0.24201041562499997 0.5754859372093023 0.255027084375 0.5900890627906976 0.256 0.6061515627906977 0.259891665625 0.606517188372093 0.248216665625
2 0.6138187511627907 0.2161125 0.602867188372093 0.21368125 0.597754688372093 0.20881666562499998 0.5868031255813954 0.20833125 0.572117188372093 0.20775416562500001 0.571104688372093 0.218058334375 0.5900890627906976 0.21903125 0.6130890627906976 0.22535625 0.6138187511627907 0.2161125
4 0.604617188372093 0.3282125 0.6060765627906978 0.317997915625 0.5903781255813954 0.312647915625 0.5765062488372092 0.31167500000000004 0.5664968744186046 0.31266875 0.5651890627906977 0.3228625 0.575045311627907 0.322377084375 0.5885531255813954 0.322377084375 0.604617188372093 0.3282125
4 0.7050124999999999 0.35107499999999997 0.7061078116279069 0.341345834375 0.6900437511627907 0.338427084375 0.6644531255813955 0.33889583437500004 0.664854688372093 0.350102084375 0.6747109372093023 0.34815625 0.6936953116279071 0.34815625 0.7050124999999999 0.35107499999999997
4 0.8423859372093023 0.393754165625 0.8456718744186047 0.3845125 0.8310687511627907 0.3738125 0.8077734372093023 0.36512500000000003 0.8047828116279069 0.37770208437499997 0.8182906255813953 0.380620834375 0.8310687511627907 0.385485415625 0.8423859372093023 0.393754165625