2 0.3196218744186047 0.8309875 0.32046406279069767 0.818635415625 0.3040406255813954 0.82088125 0.28845937441860464 0.8253729156249999 0.2922484372093023 0.837725 0.3036187488372093 0.8371625 0.3196218744186047 0.8309875
2 0.3208843744186046 0.86186875 0.3048828116279069 0.869729165625 0.2922484372093023 0.870852084375 0.29309062558139537 0.88208125 0.3196218744186047 0.8753437500000001 0.3208843744186046 0.86186875
2 0.30993593720930235 0.915208334375 0.3259375 0.909033334375 0.32635937441860463 0.8983645843750001 0.3040406255813954 0.9062250000000001 0.2893015627906977 0.9039791656249999 0.2880375 0.9079104156250001 0.28972187441860464 0.914085415625 0.30993593720930235 0.915208334375
2 0.42363437441860463 0.770908334375 0.40131562558139533 0.777085415625 0.38320781162790696 0.774277084375 0.38405156279069763 0.78606875 0.42195 0.783822915625 0.42363437441860463 0.770908334375
2 0.4185812488372093 0.7366583343750001 0.39921093720930234 0.742272915625 0.38868281162790697 0.739466665625 0.3882625 0.750133334375 0.4173187511627907 0.7467645843749999 0.4185812488372093 0.7366583343750001
2 0.41647656279069767 0.705777084375 0.4181609372093023 0.69679375 0.41395000000000004 0.698479165625 0.4067906255813954 0.696233334375 0.38868281162790697 0.6939875 0.3882625 0.709145834375 0.4042640627906977 0.71026875 0.41647656279069767 0.705777084375
2 0.541967188372093 0.804035415625 0.511225 0.80684375 0.5116468744186047 0.821441665625 0.541545311627907 0.815827084375 0.541967188372093 0.804035415625
2 0.5314390627906976 0.864114584375 0.5436515627906977 0.859622915625 0.5428093744186047 0.8467083343749999 0.528070311627907 0.855691665625 0.510382811627907 0.8517625000000001 0.511225 0.854008334375 0.5141734372093023 0.8646750000000001 0.5314390627906976 0.864114584375
2 0.5381765627906977 0.89275 0.5482828116279069 0.89275 0.549125 0.8837666656250001 0.5272281255813953 0.8893812499999999 0.510382811627907 0.8899416656250001 0.5120671883720931 0.900047915625 0.524279688372093 0.900047915625 0.5381765627906977 0.89275
0 0.5423875 0.835479165625 0.5444937511627908 0.823127084375 0.5129093744186046 0.8276187500000001 0.5124890627906976 0.837725 0.5145937488372093 0.8405312500000001 0.5423875 0.835479165625
0 0.41773906279069767 0.725429165625 0.41773906279069767 0.715322915625 0.40342187441860466 0.718129165625 0.38699843720930227 0.716445834375 0.38699843720930227 0.728797915625 0.40131562558139533 0.728797915625 0.41773906279069767 0.725429165625
0 0.32046406279069767 0.8512000000000001 0.3192 0.8388479156249999 0.30235625116279075 0.845025 0.2914062511627907 0.843339584375 0.2922484372093023 0.855691665625 0.3040406255813954 0.85456875 0.32046406279069767 0.8512000000000001
4 0.31035624883720936 0.811895834375 0.323832811627907 0.807404165625 0.32425312558139535 0.795052084375 0.3069875 0.79954375 0.28635312558139536 0.801789584375 0.28635312558139536 0.8107729156250001 0.2935125 0.811895834375 0.31035624883720936 0.811895834375
4 0.4105812488372093 0.6788270843750001 0.41984531162790695 0.677141665625 0.4206875 0.66984375 0.3983687511627907 0.670966665625 0.38320781162790696 0.672089584375 0.3878406255813953 0.67995 0.40342187441860466 0.67995 0.4105812488372093 0.6788270843750001
4 0.5440718744186046 0.781014584375 0.5082781255813954 0.7894375 0.522175 0.7961750000000001 0.543229688372093 0.792245834375 0.5440718744186046 0.781014584375