4 0.6118921883720929 0.556810415625 0.6116281255813953 0.5708895843749999 0.6528093744186046 0.571591665625 0.6528093744186046 0.558570834375 0.6118921883720929 0.556810415625
4 0.7145781255813953 0.526541665625 0.7140515627906977 0.541322915625 0.7549671883720931 0.5444916656250001 0.7552312488372093 0.5325249999999999 0.7145781255813953 0.526541665625
4 0.8151531255813954 0.451572915625 0.8156812488372093 0.467410415625 0.8573890627906977 0.461075 0.8560687511627907 0.446995834375 0.8151531255813954 0.451572915625
2 0.8201687511627908 0.47550625 0.8206968744186046 0.490289584375 0.85475 0.48536041562500004 0.8536937511627908 0.471283334375 0.8201687511627908 0.47550625
2 0.822017188372093 0.518797915625 0.822017188372093 0.533229165625 0.8552765627906976 0.529708334375 0.8550125 0.518445834375 0.822017188372093 0.518797915625
2 0.8206968744186046 0.555402084375 0.822017188372093 0.56948125 0.8616125 0.563145834375 0.8613484372093023 0.551883334375 0.8206968744186046 0.555402084375
2 0.7069234372093023 0.62790625 0.7061312488372093 0.64128125 0.748895311627907 0.647616665625 0.748895311627907 0.6356499999999999 0.7069234372093023 0.62790625
2 0.7151062511627906 0.593766665625 0.7135234372093023 0.608197915625 0.7467843744186047 0.6131249999999999 0.7470484372093023 0.599397915625 0.7151062511627906 0.593766665625
2 0.7177468744186046 0.5525875 0.7166906255813953 0.568072915625 0.748367188372093 0.569833334375 0.748895311627907 0.555754165625 0.7177468744186046 0.5525875
2 0.615325 0.532877084375 0.6150609372093023 0.546954165625 0.6488484372093023 0.5480104156250001 0.6485859372093024 0.532172915625 0.615325 0.532877084375
2 0.6158531255813954 0.490289584375 0.6155890627906977 0.501552084375 0.6477937488372093 0.5022562500000001 0.6485859372093024 0.489585415625 0.6158531255813954 0.490289584375
2 0.6121562488372093 0.45297916562499996 0.6118921883720929 0.46881874999999995 0.6536 0.467410415625 0.6525453116279071 0.4543875 0.6121562488372093 0.45297916562499996
0 0.6161156255813953 0.513166665625 0.6155890627906977 0.528652084375 0.6483218744186047 0.527597915625 0.6483218744186047 0.5124625 0.6161156255813953 0.513166665625
0 0.7143156255813953 0.574760415625 0.7156343744186047 0.587079165625 0.748367188372093 0.5909500000000001 0.7481031255813954 0.57616875 0.7143156255813953 0.574760415625
0 0.8214890627906977 0.496272915625 0.8217531255813953 0.50929375 0.8552765627906976 0.505070834375 0.8544859372093023 0.49169583437500003 0.8214890627906977 0.496272915625