0 0.23540156279069768 0.37969375 0.2276 0.376366665625 0.2148062488372093 0.3742875 0.20216093720930234 0.3743375 0.2013875 0.387177084375 0.21324531162790697 0.38759375 0.23321718837209302 0.392166665625 0.23540156279069768 0.37969375
0 0.3140437511627907 0.435410415625 0.2817765627906977 0.43610833437499996 0.2819 0.44746874999999997 0.2981281255813954 0.44663541562500003 0.3140437511627907 0.44746874999999997 0.3140437511627907 0.435410415625
0 0.4462375 0.411541665625 0.41492500000000004 0.411858334375 0.41378281162790703 0.42443125000000004 0.42845 0.424847915625 0.4468609372093023 0.42401666562500007 0.4462375 0.411541665625
2 0.44717343720930236 0.43191666562500003 0.4150312488372093 0.432747915625 0.4150312488372093 0.44646875 0.434067188372093 0.44646875 0.44717343720930236 0.445220834375 0.44717343720930236 0.43191666562500003
2 0.413895311627907 0.391725 0.41409374883720934 0.40281041562500003 0.44717343720930236 0.40073125000000004 0.4462375 0.38992083437499997 0.413895311627907 0.391725
2 0.44810937441860466 0.35333125 0.406345311627907 0.35695 0.406917188372093 0.36913125 0.4346906255813953 0.366220834375 0.449357811627907 0.3666375 0.44810937441860466 0.35333125
2 0.30441562558139534 0.375995834375 0.27628593720930233 0.377083334375 0.2750812488372093 0.38971875 0.31970624883720933 0.388885415625 0.31939375116279073 0.376829165625 0.30441562558139534 0.375995834375
2 0.3147125 0.411339584375 0.2997343744186047 0.411754165625 0.28194687441860466 0.41300208437499997 0.2817765627906977 0.42466875000000004 0.30067031162790697 0.42381250000000004 0.31440156279069764 0.42464375 0.3147125 0.411339584375
2 0.28194687441860466 0.45333541562499996 0.2813218744186047 0.468302084375 0.3137765627906977 0.468302084375 0.31346562558139535 0.454166665625 0.28194687441860466 0.45333541562499996
2 0.23342812558139533 0.39834583437500004 0.223442188372093 0.396683334375 0.2007890627906977 0.39447083437499997 0.2000375 0.40915625 0.21314375116279072 0.40874166562500003 0.232804688372093 0.41123541562500004 0.23342812558139533 0.39834583437500004
2 0.23779843720930233 0.35676666562500003 0.2275 0.35385625 0.22063437441860465 0.351360415625 0.20284687441860463 0.348714584375 0.20253437441860467 0.36341875 0.223442188372093 0.363835415625 0.23623750000000002 0.36674583437499997 0.23779843720930233 0.35676666562500003
2 0.24341562558139535 0.33389791562500004 0.2443515627906977 0.32225625 0.230620311627907 0.32059166562499997 0.2190734372093023 0.31851250000000003 0.201475 0.31668541562499997 0.20034999999999997 0.328908334375 0.21938593720930233 0.328908334375 0.23342812558139533 0.33140208437499996 0.24341562558139535 0.33389791562500004
4 0.23469062558139533 0.43500833437499997 0.23656249999999998 0.42544583437499994 0.22064687441860467 0.42128750000000004 0.19495468837209304 0.41780625000000005 0.19318437441860467 0.429604165625 0.20379531162790698 0.43085000000000007 0.21596562558139534 0.43251458437499996 0.23469062558139533 0.43500833437499997
4 0.31863593720930233 0.48199375 0.2989765627906977 0.480329165625 0.27628593720930233 0.480947915625 0.27619531162790695 0.49446666562499997 0.296167188372093 0.49280416562499996 0.3183234372093023 0.4923875 0.31863593720930233 0.48199375
4 0.45351562558139535 0.460002084375 0.4376 0.459585415625 0.41115 0.46035833437499996 0.4120109372093023 0.47372291562499996 0.43323124883720926 0.46998125 0.452579688372093 0.470395834375 0.45351562558139535 0.460002084375