4 0.4194062511627907 0.239495834375 0.419770311627907 0.23025416562499998 0.4011515627906977 0.22636250000000002 0.37901718837209303 0.22434791562499998 0.378517188372093 0.23511875 0.38947031162790696 0.23511875 0.4022468744186047 0.235604165625 0.4194062511627907 0.239495834375
4 0.5223562488372093 0.266735415625 0.5227218744186046 0.25165625 0.5059281255813953 0.249710415625 0.4813890627906977 0.252716665625 0.4803734372093023 0.267220834375 0.4949765627906977 0.26333125 0.510675 0.263816665625 0.5223562488372093 0.266735415625
4 0.6424656255813954 0.25165625 0.6278625000000001 0.24727916562500002 0.6014234372093024 0.24147708437499998 0.600117188372093 0.255547915625 0.6209265627906977 0.25749374999999997 0.6406406255813953 0.262358334375 0.6424656255813954 0.25165625
2 0.639545311627907 0.221985415625 0.6086499999999999 0.21578333437500002 0.6077843744186047 0.229766665625 0.6205625 0.231227084375 0.6391812511627907 0.236577084375 0.639545311627907 0.221985415625
2 0.6431968744186046 0.180639584375 0.6282281255813954 0.179179165625 0.6102562511627907 0.176708334375 0.6099749999999999 0.187935415625 0.624942188372093 0.18744791562500002 0.6417359372093023 0.1928 0.6431968744186046 0.180639584375
2 0.6472125 0.157777084375 0.6512281255813954 0.146102084375 0.633704688372093 0.141239584375 0.6102562511627907 0.13870416562500001 0.6085140627906976 0.142697915625 0.6085140627906976 0.150966665625 0.6322437511627907 0.151939584375 0.6472125 0.157777084375
2 0.5121125 0.15894375 0.5223343744186046 0.160402084375 0.523429688372093 0.1555375 0.5216046883720931 0.146295834375 0.5088265627906977 0.145322915625 0.497875 0.14726875 0.4809875 0.148872915625 0.48144531162790694 0.15310625 0.4810812488372093 0.160402084375 0.497875 0.15845625000000002 0.5121125 0.15894375
2 0.5165375 0.18209583437500002 0.501570311627907 0.18258125 0.48540312558139537 0.18313125 0.4847765627906977 0.1966875 0.49718906279069763 0.19425625 0.5169031255813954 0.195716665625 0.5165375 0.18209583437500002
2 0.5190937511627908 0.22781875000000001 0.5110625 0.226360415625 0.499379688372093 0.226360415625 0.4862375 0.22976458437499997 0.4862062511627907 0.24147708437499998 0.5059515627906976 0.24095208437500001 0.5183640627906977 0.2424125 0.5190937511627908 0.22781875000000001
2 0.42305312558139535 0.13669375 0.4223218744186047 0.124533334375 0.40845 0.123072915625 0.4004187488372093 0.12210000000000001 0.38102500000000006 0.12264583437500001 0.3810687488372093 0.133775 0.398957811627907 0.133775 0.4124656255813953 0.134260415625 0.42305312558139535 0.13669375
2 0.41757656279069766 0.161014584375 0.40479843720930236 0.156635415625 0.3934812488372093 0.156635415625 0.384354688372093 0.15906875 0.38508437441860466 0.16976875 0.4058937488372093 0.167822915625 0.4168468744186047 0.173175 0.41757656279069766 0.161014584375
2 0.41575156279069764 0.20236041562499998 0.4051640627906977 0.199927084375 0.39567187441860463 0.19944166562500001 0.384354688372093 0.201872915625 0.38383437441860463 0.21364166562500003 0.40187812558139535 0.21452083437499997 0.41575156279069764 0.216466665625 0.41575156279069764 0.20236041562499998
0 0.5165125 0.20771041562499998 0.5055593744186047 0.20771041562499998 0.4949718744186047 0.20819583437500003 0.4851156255813953 0.21062916562499998 0.4862062511627907 0.2206 0.5037343744186047 0.217925 0.5176062488372093 0.218897915625 0.5165125 0.20771041562499998
0 0.41757656279069766 0.18144375 0.4026093744186046 0.179497915625 0.38383437441860463 0.17991875 0.383625 0.19457708437500001 0.396767188372093 0.192145834375 0.41611562558139537 0.19555 0.41757656279069766 0.18144375
0 0.6405140627906977 0.2158875 0.6416093744186045 0.203727084375 0.630657811627907 0.199835415625 0.6086499999999999 0.195441665625 0.6087531255813954 0.20810625 0.6211656255813954 0.209079165625 0.6295625 0.21199791562499998 0.6405140627906977 0.2158875