4 0.33249531162790696 0.218547915625 0.31147031162790695 0.217510415625 0.2935609372093023 0.222702084375 0.2951187511627907 0.231527084375 0.33249531162790696 0.227891665625 0.33249531162790696 0.218547915625
4 0.41892812558139536 0.29693541562500003 0.4185390627906977 0.286552084375 0.39712499999999995 0.2901875 0.3815515627906977 0.29278333437500004 0.38388750000000005 0.302645834375 0.4045218744186046 0.29849166562499996 0.41892812558139536 0.29693541562500003
4 0.5189875 0.273575 0.5189875 0.261635415625 0.501467188372093 0.2637125 0.48355781162790695 0.270460415625 0.4851156255813953 0.27928541562500003 0.504582811627907 0.273575 0.5189875 0.273575
0 0.5112015627906977 0.216991665625 0.4831687511627907 0.22477708437500002 0.4847265627906977 0.235679165625 0.5123687488372093 0.22945000000000002 0.5112015627906977 0.216991665625
0 0.411920311627907 0.239833334375 0.3792156255813953 0.24761875 0.3815515627906977 0.257483334375 0.4134765627906977 0.25332916562499996 0.411920311627907 0.239833334375
0 0.3270437488372093 0.18480625 0.3270437488372093 0.17234791562500001 0.30991406279069766 0.17234791562500001 0.2951187511627907 0.179614584375 0.2962859372093023 0.189477084375 0.30991406279069766 0.18584375 0.3270437488372093 0.18480625
2 0.32782343720930235 0.20660833437499998 0.32821249999999996 0.191554165625 0.3110812511627907 0.191554165625 0.2951187511627907 0.1951875 0.29745468837209305 0.20920416562500002 0.3083562488372093 0.20505208437500003 0.32782343720930235 0.20660833437499998
2 0.3258765627906977 0.15833124999999998 0.3258765627906977 0.15002500000000002 0.30991406279069766 0.14483333437499998 0.29317187441860465 0.153139584375 0.29395 0.162483334375 0.30757656279069767 0.15936875 0.3258765627906977 0.15833124999999998
2 0.326654688372093 0.125108334375 0.3262656255813953 0.113166665625 0.3091343744186047 0.11264791562500001 0.2997906255813953 0.11939791562499999 0.28616406279069767 0.11939791562499999 0.28888906279069765 0.127702084375 0.31341718837209304 0.12406874999999999 0.326654688372093 0.125108334375
2 0.4095843744186047 0.19363125 0.40919531162790695 0.1842875 0.3850562488372093 0.186883334375 0.37103906279069765 0.1931125 0.3725968744186047 0.201416665625 0.3893390627906977 0.19415 0.4095843744186047 0.19363125
2 0.39634687441860467 0.2304875 0.40919531162790695 0.227372915625 0.4095843744186047 0.218547915625 0.3940109372093023 0.222183334375 0.3792156255813953 0.227891665625 0.37882656279069765 0.2284125 0.37843750000000004 0.235160415625 0.39634687441860467 0.2304875
2 0.4130875 0.260597915625 0.385445311627907 0.26475 0.38466562558139533 0.277208334375 0.4130875 0.275652084375 0.4130875 0.260597915625
2 0.514704688372093 0.23464166562500002 0.48433750000000003 0.244504165625 0.48550468837209304 0.2548875 0.5158734372093023 0.24969583437499998 0.514704688372093 0.23464166562500002
2 0.5104218744186046 0.191554165625 0.4812218744186047 0.19830208437500002 0.480832811627907 0.2118 0.5108125 0.202975 0.5104218744186046 0.191554165625
2 0.5115906255813953 0.1666375 0.512757811627907 0.1578125 0.4952390627906977 0.1578125 0.48433750000000003 0.163002084375 0.472267188372093 0.16923333437500002 0.473045311627907 0.174941665625 0.4979640627906977 0.1687125 0.5115906255813953 0.1666375