4 0.608079688372093 0.9007520843749999 0.6075640627906976 0.887383334375 0.5859656255813953 0.8980104156250001 0.566679688372093 0.897325 0.566679688372093 0.909664584375 0.5821078116279069 0.9113791656249999 0.6001078116279069 0.90589375 0.608079688372093 0.9007520843749999
4 0.7932156255813954 0.837335415625 0.7939875 0.8236229156249999 0.7703312488372093 0.823279165625 0.753275 0.816197915625 0.7528468744186047 0.8301354156249999 0.7639031255813953 0.8339062500000001 0.7865312511627907 0.83630625 0.7932156255813954 0.837335415625
2 0.7875593744186047 0.8510479156249999 0.7723890627906976 0.8513895843749999 0.755675 0.846933334375 0.7546453116279069 0.85653125 0.766217188372093 0.8620166656249999 0.7883312511627907 0.864072915625 0.7875593744186047 0.8510479156249999
2 0.60165 0.8723000000000001 0.59985 0.859616665625 0.5890515627906977 0.8681875 0.5684281255813953 0.8680625 0.5684796883720931 0.877441665625 0.5836515627906976 0.880185415625 0.5959937488372092 0.877441665625 0.60165 0.8723000000000001
2 0.9224625000000001 0.8981 0.909092188372093 0.8867875 0.8941781255813954 0.8703333343749999 0.8890343744186047 0.880616665625 0.9016343744186047 0.8933 0.9183484372093024 0.9063270843750001 0.9224625000000001 0.8981
4 0.9147484372093023 0.937864584375 0.915520311627907 0.9272375 0.8941781255813954 0.908383334375 0.8815781255813954 0.892614584375 0.8764359372093024 0.905983334375 0.886720311627907 0.915925 0.9070343744186047 0.9330645843750001 0.9147484372093023 0.937864584375
0 0.5659218744186046 0.82461875 0.5666031255813954 0.837660415625 0.598675 0.833110415625 0.5989031255813954 0.820070834375 0.5659218744186046 0.82461875
0 0.5670593744186047 0.8464562499999999 0.5681953116279069 0.8579812499999999 0.5998125 0.8522187499999999 0.6000406255813954 0.8413 0.5670593744186047 0.8464562499999999
0 0.754257811627907 0.8697958343750001 0.754257811627907 0.880410415625 0.7865578116279069 0.8858708343749999 0.7870125 0.8770749999999999 0.754257811627907 0.8697958343750001
0 0.7524390627906976 0.8882958343749999 0.7524390627906976 0.90255 0.7867859372093023 0.90770625 0.7870125 0.895270834375 0.7524390627906976 0.8882958343749999
0 0.9091593744186047 0.833110415625 0.9039281255813953 0.844333334375 0.933270311627907 0.867989584375 0.9371359372093023 0.85919375 0.9091593744186047 0.833110415625
0 0.901425 0.8540374999999999 0.8982406255813954 0.861922915625 0.9253093744186047 0.8858812500000001 0.9289484372093023 0.8783 0.901425 0.8540374999999999
2 0.9164375 0.798841665625 0.9102968744186046 0.813397915625 0.9462343744186047 0.844939584375 0.9519218744186047 0.83038125 0.9164375 0.798841665625
2 0.7476624999999999 0.922275 0.7476624999999999 0.93895625 0.7863296883720929 0.9422916656250001 0.788604688372093 0.929554165625 0.7476624999999999 0.922275
2 0.5589015627906977 0.7913041656249999 0.5577624999999999 0.8042208343749999 0.6006968744186048 0.8034625 0.599367188372093 0.78294375 0.5589015627906977 0.7913041656249999