4 0.5260187511627907 0.9043645843749999 0.5300343744186047 0.89123125 0.5125109372093023 0.8853937500000001 0.5008281255813953 0.8766395843750001 0.4930312511627907 0.866141665625 0.48951093720930233 0.8766395843750001 0.497907811627907 0.887339584375 0.5117812511627907 0.895610415625 0.5260187511627907 0.9043645843749999
4 0.6592890627906978 0.93065625 0.6586062511627907 0.9178958343750001 0.6444687488372093 0.92275625 0.6321546883720931 0.923364584375 0.6181218744186047 0.9207916656249999 0.618017188372093 0.933389584375 0.6360312511627908 0.9346041656249999 0.6483437488372092 0.933085415625 0.6592890627906978 0.93065625
4 0.7568843744186047 0.9188062499999999 0.7717062488372093 0.9182 0.7707937488372093 0.9054395843749999 0.7470796883720929 0.907564584375 0.7299562511627907 0.90340625 0.7302046883720931 0.9160729156249999 0.7400093744186046 0.919414584375 0.7441140627906977 0.9188062499999999 0.7568843744186047 0.9188062499999999
2 0.766917188372093 0.8875125 0.7673734372093023 0.8750562499999999 0.753007811627907 0.877183334375 0.734720311627907 0.8726479156250001 0.7349937511627906 0.8875125 0.7473062511627906 0.888425 0.7564281255813954 0.888120834375 0.766917188372093 0.8875125
2 0.6533609372093023 0.9023999999999999 0.653817188372093 0.889335415625 0.6383109372093023 0.8890333343749999 0.6218828116279069 0.8893625000000001 0.6218937488372093 0.904527084375 0.6307859372093023 0.9054395843749999 0.6417312488372093 0.905135415625 0.6533609372093023 0.9023999999999999
2 0.5306343744186046 0.8738625000000001 0.5347390627906976 0.8641416656249999 0.5221984372093024 0.859583334375 0.5137609372093024 0.852595834375 0.5057859372093023 0.843560415625 0.5025875 0.85441875 0.5117093744186046 0.8638375 0.522654688372093 0.870825 0.5306343744186046 0.8738625000000001
0 0.5381453116279069 0.8535979156250001 0.540775 0.844829165625 0.524204688372093 0.8364125 0.5136843744186046 0.8258916656249999 0.5102640627906977 0.835010415625 0.5218375000000001 0.8465833343750001 0.5381453116279069 0.8535979156250001
0 0.5434062488372092 0.8367645843749999 0.5473515627906977 0.8276458343750001 0.531832811627907 0.8188791656250001 0.5207859372093023 0.808358334375 0.5165765627906977 0.818177084375 0.5276234372093023 0.8286979156250001 0.5434062488372092 0.8367645843749999
2 0.5565562511627907 0.813266665625 0.5623437488372093 0.797485415625 0.5423531255813954 0.7887187499999999 0.5273609372093023 0.7767937500000001 0.5223640627906977 0.786614584375 0.5399859372093023 0.802395834375 0.5565562511627907 0.813266665625
2 0.6546640627906977 0.825191665625 0.6544015627906977 0.8118645843750001 0.643354688372093 0.817475 0.6333593744186047 0.8136187500000001 0.6167890627906977 0.814670834375 0.6146843744186047 0.8294 0.6365156255813954 0.8290479156250001 0.6546640627906977 0.825191665625
0 0.6520343744186046 0.857454165625 0.651770311627907 0.8465833343750001 0.6228390627906978 0.8483375000000001 0.6204718744186046 0.8497395843750001 0.6212609372093023 0.859208334375 0.6520343744186046 0.857454165625
0 0.6522968744186047 0.8777958343750001 0.6528234372093022 0.866572915625 0.6359890627906977 0.869027084375 0.6223125 0.868677084375 0.6202078116279071 0.88025 0.6354640627906977 0.880602084375 0.6522968744186047 0.8777958343750001
0 0.766975 0.844129165625 0.7675015627906976 0.83255625 0.7506671883720931 0.8360625 0.7372531255813953 0.83255625 0.7364640627906978 0.844129165625 0.7527718744186047 0.844479165625 0.766975 0.844129165625
0 0.7675015627906976 0.862014584375 0.7688156255813953 0.8539479156249999 0.7485640627906976 0.85465 0.7356750000000001 0.856052084375 0.7354125 0.86446875 0.7525093744186047 0.8634166656250001 0.7675015627906976 0.862014584375
2 0.7719718744186046 0.8122145843749999 0.7724984372093023 0.798889584375 0.7701312511627907 0.798889584375 0.7664484372093023 0.794329165625 0.7601359372093023 0.794329165625 0.7548765627906977 0.7981874999999999 0.7475109372093024 0.8006416656249999 0.7335718744186046 0.80099375 0.7327828116279069 0.811514584375 0.747775 0.8122145843749999 0.7719718744186046 0.8122145843749999