4 0.25420312558139535 0.342722915625 0.25452812558139537 0.35508541562499996 0.25615468837209304 0.35486875 0.29517656279069765 0.358772915625 0.29664062558139537 0.34597708437499997 0.2600562511627907 0.342722915625 0.25420312558139535 0.342722915625
2 0.2716015627906977 0.3162625 0.261195311627907 0.31474375 0.2618609372093023 0.323670834375 0.27940468837209304 0.328625 0.2932265627906977 0.331227084375 0.2943640627906977 0.31908125 0.2716015627906977 0.3162625
2 0.42373281162790694 0.442025 0.40633437441860465 0.44614583437500005 0.4078125 0.456747915625 0.4386906255813953 0.455039584375 0.4386906255813953 0.44506249999999997 0.43446406279069766 0.441808334375 0.42373281162790694 0.442025
4 0.425357811627907 0.47499375 0.40162031162790696 0.47499375 0.40308281162790693 0.485404165625 0.4437312511627907 0.482802084375 0.4437312511627907 0.472172915625 0.4315375 0.47260625 0.425357811627907 0.47499375
4 0.5335531255813953 0.632352084375 0.534442188372093 0.633885415625 0.5722218744186046 0.629360415625 0.5722218744186046 0.617027084375 0.5313125 0.620764584375 0.5335531255813953 0.632352084375
2 0.5378968744186047 0.648610415625 0.537770311627907 0.659808334375 0.570120311627907 0.65739375 0.570120311627907 0.6430041656250001 0.5612937511627907 0.646929165625 0.5378968744186047 0.648610415625
2 0.3038593744186046 0.25619583437500004 0.30257343720930235 0.23905625000000003 0.28330312558139537 0.23871250000000002 0.263854688372093 0.236564584375 0.2632625 0.24796875 0.293067188372093 0.25311041562500003 0.3038593744186046 0.25619583437500004
0 0.2966640627906977 0.285679165625 0.29717812558139534 0.274366665625 0.2786781255813953 0.275395834375 0.26578281162790696 0.268266665625 0.264032811627907 0.28088125 0.2750812488372093 0.2829375 0.2966640627906977 0.285679165625
0 0.29537968837209305 0.29664999999999997 0.28022031162790695 0.29493541562500003 0.26353437441860467 0.293114584375 0.26454687441860464 0.30007916562500003 0.2845890627906977 0.302479165625 0.2951234372093023 0.304191665625 0.29537968837209305 0.29664999999999997
0 0.4071562488372093 0.432775 0.4382875 0.431277084375 0.4388015627906977 0.421333334375 0.40719687441860464 0.42304791562500005 0.4071562488372093 0.432775
0 0.40616874883720927 0.41105 0.4385437511627907 0.41105 0.4385437511627907 0.40007916562499996 0.417475 0.40179375000000006 0.40642656279069767 0.40316458437499997 0.40616874883720927 0.41105
2 0.4323781255813954 0.36648125 0.40308593720930236 0.365110415625 0.4033015627906977 0.380510415625 0.4244125 0.37848125 0.4429125 0.377795834375 0.440342188372093 0.36236875 0.4323781255813954 0.36648125
0 0.5556375 0.680772915625 0.5705390627906977 0.67974375 0.5707968744186046 0.67083125 0.5535812488372093 0.6722020843750001 0.5392125 0.671825 0.5397062488372093 0.678372915625 0.542532811627907 0.679058334375 0.5556375 0.680772915625
0 0.5707968744186046 0.698941665625 0.5710531255813953 0.688314584375 0.5556375 0.690370834375 0.5399640627906976 0.692770834375 0.5399640627906976 0.701685415625 0.5592343744186046 0.701341665625 0.5707968744186046 0.698941665625
2 0.5607765627906977 0.737339584375 0.57645 0.736654165625 0.5767062511627907 0.718483334375 0.5569218744186046 0.723283334375 0.538570311627907 0.7240916656249999 0.5368812488372093 0.732195834375 0.5379078116279069 0.738025 0.5607765627906977 0.737339584375