2 0.3656406255813954 0.49375208437499996 0.35003749999999995 0.492952084375 0.33297187441860465 0.49060833437499995 0.33323437441860465 0.500547915625 0.3458375 0.5009479156250001 0.36594062558139534 0.502545834375 0.3656406255813954 0.49375208437499996
4 0.368942188372093 0.53333125 0.369242188372093 0.5209374999999999 0.35093749999999996 0.5209374999999999 0.3395359372093023 0.5209374999999999 0.32835312558139534 0.517004165625 0.32723281162790696 0.530133334375 0.34163593720930235 0.530533334375 0.3566390627906976 0.5321312500000001 0.368942188372093 0.53333125
4 0.46959531162790696 0.374035415625 0.468995311627907 0.364439584375 0.44859062558139534 0.36683958437499997 0.4386890627906977 0.3700375 0.4273437488372093 0.372258334375 0.42848593720930234 0.38283125 0.4443906255813953 0.379233334375 0.46239375116279074 0.375235415625 0.46959531162790696 0.374035415625
4 0.5751000000000001 0.179908334375 0.5748 0.173910415625 0.5726984372093022 0.1687125 0.558895311627907 0.1691125 0.5450937511627907 0.17511041562500002 0.532932811627907 0.18395625 0.5342906255813954 0.1947 0.5513937488372093 0.185904165625 0.5654968744186046 0.18190625 0.5751000000000001 0.179908334375
2 0.5327031255813953 0.15371458437500002 0.5339031255813953 0.166108334375 0.5408046883720931 0.16051041562499999 0.5516062511627907 0.1569125 0.5642093744186046 0.152914584375 0.5629609372093023 0.140841665625 0.5549078116279069 0.14252083437500002 0.5453062488372092 0.14531875 0.5327031255813953 0.15371458437500002
2 0.461929688372093 0.33285208437499997 0.45382812558139535 0.334052084375 0.44092499999999996 0.33805 0.4289937488372093 0.34190208437499997 0.43012343720930235 0.35324166562500003 0.4469265627906977 0.34964375 0.46312968837209306 0.347645834375 0.461929688372093 0.33285208437499997
0 0.3337640627906977 0.466272915625 0.33327343720930236 0.478370834375 0.3658890627906977 0.479679165625 0.36662500000000003 0.467908334375 0.3337640627906977 0.466272915625
0 0.3337640627906977 0.445345834375 0.334254688372093 0.45809791562499996 0.36687031162790695 0.45940624999999996 0.36736093720930235 0.44796250000000004 0.3337640627906977 0.445345834375
0 0.42376562558139536 0.29853125 0.42499062558139533 0.310958334375 0.457607811627907 0.302129165625 0.4573625 0.290685415625 0.42376562558139536 0.29853125
0 0.46054999999999996 0.324689584375 0.45907968837209306 0.311283334375 0.42646249999999997 0.319785415625 0.428670311627907 0.33253750000000004 0.46054999999999996 0.324689584375
2 0.33057656279069764 0.41199375 0.3303312511627907 0.424745834375 0.37177499999999997 0.42834374999999997 0.37177499999999997 0.417552084375 0.33057656279069764 0.41199375
2 0.4161625 0.26714166562499997 0.417879688372093 0.280220834375 0.457607811627907 0.26844999999999997 0.45490937441860463 0.254716665625 0.4161625 0.26714166562499997
2 0.515482811627907 0.07716666562499999 0.516954688372093 0.091227084375 0.557417188372093 0.0722625 0.5525125 0.057874999999999996 0.515482811627907 0.07716666562499999
0 0.5245562511627907 0.110845834375 0.5262734372093023 0.1219625 0.557907811627907 0.108883334375 0.5559468744186047 0.097439584375 0.5245562511627907 0.110845834375
0 0.528970311627907 0.1321 0.5299515627906977 0.14387083437499998 0.5615875 0.12915625 0.5601156255813954 0.11803958437499999 0.528970311627907 0.1321