7 0.589392188372093 0.8930187500000001 0.588695311627907 0.9046145843750001 0.6217484372093024 0.9064708343750001 0.6220968744186047 0.8944104156250001 0.589392188372093 0.8930187500000001
7 0.4735312488372093 0.7533833343749999 0.4735312488372093 0.7659083343749999 0.5065843744186046 0.76544375 0.5065843744186046 0.7533833343749999 0.4735312488372093 0.7533833343749999
7 0.3608031255813953 0.50148125 0.36114999999999997 0.514935415625 0.3942031255813953 0.514935415625 0.3938562511627907 0.50148125 0.3608031255813953 0.50148125
0 0.36114999999999997 0.5260687500000001 0.36184687441860464 0.5390583343750001 0.3952468744186046 0.5372020843749999 0.3952468744186046 0.5260687500000001 0.36114999999999997 0.5260687500000001
0 0.4724875 0.731114584375 0.47283593720930234 0.74456875 0.5058890627906977 0.743177084375 0.504845311627907 0.7301875 0.4724875 0.731114584375
0 0.5904359372093023 0.8679666656249999 0.5890437511627907 0.8828125 0.6227937488372093 0.8828125 0.622445311627907 0.8702875000000001 0.5904359372093023 0.8679666656249999
2 0.4707484372093023 0.706991665625 0.471095311627907 0.719054165625 0.504845311627907 0.716733334375 0.5041484372093024 0.706527084375 0.4707484372093023 0.706991665625
2 0.4693562488372093 0.7918875 0.469007811627907 0.807195834375 0.5114562488372093 0.805339584375 0.5121515627906976 0.7904958343749999 0.4693562488372093 0.7918875
2 0.584520311627907 0.93013125 0.5841734372093024 0.9440479156249999 0.6252281255813954 0.945902084375 0.6262718744186045 0.931522915625 0.584520311627907 0.93013125
2 0.355582811627907 0.46668958437499997 0.3552359372093023 0.47874999999999995 0.39942187441860466 0.47689375 0.39837812558139535 0.465297915625 0.355582811627907 0.46668958437499997
2 0.36114999999999997 0.55111875 0.36045468837209305 0.562254165625 0.3949 0.561789584375 0.3949 0.550191665625 0.36114999999999997 0.55111875
2 0.5911312511627907 0.8433791656249999 0.591479688372093 0.857760415625 0.6231406255813954 0.858689584375 0.6231406255813954 0.8466270843749999 0.5911312511627907 0.8433791656249999
4 0.465529688372093 0.6754458343749999 0.46587656279069767 0.687508334375 0.5079765627906977 0.686579165625 0.5079765627906977 0.6754458343749999 0.465529688372093 0.6754458343749999
4 0.5862609372093024 0.813227084375 0.5869562511627907 0.8238958343749999 0.6280125 0.826214584375 0.6294031255813953 0.816010415625 0.5862609372093024 0.813227084375
4 0.358367188372093 0.58359375 0.3580187488372093 0.593335415625 0.39942187441860466 0.593335415625 0.4001187511627907 0.5840562499999999 0.358367188372093 0.58359375