4 0.5439906255813953 0.468641665625 0.5263 0.46788125 0.503717188372093 0.46679375 0.5036656255813954 0.47447708437499997 0.544370311627907 0.477014584375 0.5439906255813953 0.468641665625
4 0.6286343744186046 0.597791665625 0.6290156255813953 0.588404165625 0.6023859372093023 0.589672915625 0.5895640627906977 0.586964584375 0.5904015627906977 0.59449375 0.6029562488372093 0.5975374999999999 0.6286343744186046 0.597791665625
4 0.7148 0.465089584375 0.6751734372093022 0.46330625000000003 0.6748562511627908 0.4716875 0.7140406255813954 0.47371666562500003 0.7148 0.465089584375
2 0.538475 0.49807499999999993 0.506807811627907 0.49659791562500005 0.5070890627906977 0.506447915625 0.5392343744186047 0.50695625 0.538475 0.49807499999999993
2 0.5415171883720931 0.593225 0.5422781255813953 0.583075 0.521545311627907 0.583075 0.5008640627906976 0.5818916656249999 0.5019531255813954 0.593225 0.5166000000000001 0.593985415625 0.5415171883720931 0.593225
2 0.6314875 0.470925 0.617982811627907 0.470925 0.591467188372093 0.47123333437500003 0.5921140627906977 0.47980625000000005 0.6301562511627907 0.48056666562499994 0.6314875 0.470925
2 0.6257812511627907 0.5561791656249999 0.6090421883720931 0.555927084375 0.5945875 0.555927084375 0.5947765627906977 0.5637916656249999 0.6257812511627907 0.566583334375 0.6257812511627907 0.5561791656249999
2 0.7108062488372092 0.592716665625 0.7123281255813952 0.58256875 0.672557811627907 0.58125625 0.6727640627906977 0.5906875 0.6837968744186046 0.59195625 0.7108062488372092 0.592716665625
2 0.7098546883720931 0.49655208437500004 0.6794546883720931 0.49564791562500005 0.6780890627906977 0.5054333343749999 0.709475 0.506447915625 0.7098546883720931 0.49655208437500004
0 0.538854688372093 0.52319375 0.5194531255813953 0.522179165625 0.506570311627907 0.522597915625 0.5068984372093024 0.532329165625 0.538854688372093 0.533089584375 0.538854688372093 0.52319375
0 0.6247281255813955 0.531820834375 0.594320311627907 0.529575 0.5952453116279071 0.539941665625 0.624917188372093 0.5412104156249999 0.6247281255813955 0.531820834375
0 0.6774156255813953 0.518372915625 0.6779875 0.52903125 0.7084203116279071 0.5303 0.7088015627906977 0.520910415625 0.6774156255813953 0.518372915625
7 0.5377562488372093 0.546535415625 0.5335718744186047 0.5450125 0.5072843744186046 0.544477084375 0.5059906255813953 0.555922915625 0.5377562488372093 0.556683334375 0.5377562488372093 0.546535415625
7 0.5952000000000001 0.5061916656250001 0.5950343744186046 0.5149895843750001 0.6254437488372093 0.51659375 0.6260140627906976 0.5072062500000001 0.5952000000000001 0.5061916656250001
7 0.7093265627906977 0.543489584375 0.693920311627907 0.5427291656250001 0.6777906255813954 0.5441604156250001 0.6769906255813953 0.5538937500000001 0.7091375 0.554147915625 0.7093265627906977 0.543489584375