4 0.4619406255813953 0.36488125 0.46120937441860466 0.373904165625 0.5003562511627907 0.374147915625 0.5010875 0.367808334375 0.4619406255813953 0.36488125
4 0.5517781255813953 0.253660415625 0.551229688372093 0.26171041562499997 0.5885468744186046 0.26244166562500004 0.5892781255813954 0.25488125 0.5517781255813953 0.253660415625
0 0.3834734372093023 0.295677084375 0.3834734372093023 0.305920834375 0.4136562488372093 0.304702084375 0.41383906279069765 0.294702084375 0.3834734372093023 0.295677084375
0 0.46722499999999995 0.308616665625 0.467042188372093 0.31837291562500003 0.497957811627907 0.318616665625 0.497775 0.3098375 0.46722499999999995 0.308616665625
0 0.5543187511627907 0.310516665625 0.5537703116279069 0.31954166562499997 0.5856 0.318322915625 0.58505 0.30832291562499997 0.5543187511627907 0.310516665625
2 0.38322343720930235 0.27080000000000004 0.3839562511627907 0.2803125 0.41304062558139537 0.279091665625 0.41304062558139537 0.27104374999999997 0.38322343720930235 0.27080000000000004
2 0.4656375 0.248539584375 0.46508906279069767 0.25488125 0.5036875 0.257808334375 0.5033203116279069 0.249758334375 0.4656375 0.248539584375
2 0.466879688372093 0.334202084375 0.4670625 0.343227084375 0.499075 0.34273958437499996 0.49779531162790697 0.336154165625 0.466879688372093 0.334202084375
2 0.550679688372093 0.370489584375 0.5508640627906977 0.380733334375 0.5898265627906977 0.38024583437500004 0.590375 0.369027084375 0.550679688372093 0.370489584375
2 0.554867188372093 0.286154165625 0.554867188372093 0.29493333437499997 0.5863312511627907 0.294202084375 0.5854156255813954 0.284445834375 0.554867188372093 0.286154165625
7 0.38377343720930235 0.318758334375 0.3841390627906977 0.32851458437500003 0.41450468837209303 0.327052084375 0.41340624883720933 0.318027084375 0.38377343720930235 0.318758334375
7 0.46742812558139535 0.2836375 0.46742812558139535 0.29510000000000003 0.49944062558139535 0.297052084375 0.499257811627907 0.286808334375 0.46742812558139535 0.2836375
7 0.5857828116279069 0.33344375 0.5556 0.3317375 0.5556 0.341247915625 0.5765562488372092 0.33863750000000004 0.5859656255813953 0.342225 0.5857828116279069 0.33344375
4 0.37846718837209303 0.239091665625 0.37920000000000004 0.247872915625 0.41615 0.246408334375 0.416882811627907 0.238847915625 0.37846718837209303 0.239091665625
2 0.3798843744186046 0.357472915625 0.38025 0.366741665625 0.41994531162790694 0.366254165625 0.41793281162790696 0.3579625 0.3798843744186046 0.357472915625