2 0.39244843720930234 0.49747291562499996 0.391667188372093 0.508929165625 0.4244718744186047 0.509622915625 0.42238906279069766 0.5002500000000001 0.39244843720930234 0.49747291562499996
2 0.3886062488372093 0.5849125 0.38782656279069766 0.594633334375 0.4271406255813953 0.594285415625 0.4276609372093023 0.5849125 0.3886062488372093 0.5849125
2 0.5053281255813953 0.507527084375 0.5053281255813953 0.5168999999999999 0.5357906255813953 0.516204165625 0.5344875 0.510304165625 0.5053281255813953 0.507527084375
2 0.6024593744186046 0.566925 0.6019390627906976 0.575602084375 0.6324015627906977 0.575602084375 0.6342234372093023 0.5676187500000001 0.6024593744186046 0.566925
2 0.6121156255813953 0.48230000000000006 0.6134343744186047 0.481714584375 0.5984046883720929 0.480904165625 0.5984046883720929 0.493402084375 0.6358968744186047 0.490972915625 0.6351156255813953 0.4798625 0.6121156255813953 0.48230000000000006
2 0.5377859372093023 0.595545834375 0.501075 0.592420834375 0.49977343720930234 0.602141665625 0.5154125 0.6021875 0.5377859372093023 0.603529165625 0.5377859372093023 0.595545834375
0 0.39255468837209306 0.5230625 0.39359687441860464 0.536602084375 0.423017188372093 0.5334770843750001 0.4222359372093023 0.524452084375 0.39255468837209306 0.5230625
0 0.5229812511627907 0.5465875 0.5346984372093023 0.5441583343749999 0.534957811627907 0.5344375 0.5042359372093023 0.5313125000000001 0.5031937488372094 0.542075 0.515692188372093 0.5403395843750001 0.5206390627906977 0.539645834375 0.5229812511627907 0.5465875
0 0.6320687488372093 0.54291875 0.6016062511627908 0.542572915625 0.6016062511627908 0.553333334375 0.613157811627907 0.551120834375 0.6338906255813953 0.5529875 0.6320687488372093 0.54291875
4 0.38912343720930237 0.466472915625 0.3893843744186047 0.477233334375 0.42843906279069766 0.47515 0.42765781162790695 0.466472915625 0.38912343720930237 0.466472915625
4 0.5009890627906977 0.47780625 0.4999468744186047 0.48578958437499997 0.5384812488372094 0.48544375000000006 0.5392609372093023 0.47850000000000004 0.5009890627906977 0.47780625
4 0.633957811627907 0.606920834375 0.6344781255813954 0.600325 0.6239531255813954 0.6029979156249999 0.6182359372093024 0.600654165625 0.596725 0.599629165625 0.5969859372093024 0.606920834375 0.6125218744186047 0.605516665625 0.6156843744186047 0.6063500000000001 0.633957811627907 0.606920834375
7 0.39170781162790697 0.546104165625 0.39274843720930236 0.5547833343749999 0.42008750000000006 0.5565187500000001 0.42060781162790695 0.546104165625 0.39170781162790697 0.546104165625
7 0.5162906255813953 0.55785 0.504867188372093 0.553329165625 0.504607811627907 0.564091665625 0.53585 0.56686875 0.5350687511627907 0.556454165625 0.5162906255813953 0.55785
7 0.6030437488372092 0.5172104156249999 0.6025234372093023 0.5265833343749999 0.6345468744186047 0.527277084375 0.6340265627906977 0.518252084375 0.6030437488372092 0.5172104156249999