4 0.4193812488372093 0.21956458437499998 0.4073890627906977 0.217197915625 0.390954688372093 0.21838125000000003 0.37858749999999997 0.21629375 0.37674218837209306 0.22785000000000002 0.4020593744186046 0.22666666562499999 0.41982656279069763 0.22844166562499998 0.4193812488372093 0.21956458437499998
4 0.5664015627906976 0.344435415625 0.5508562511627907 0.342660415625 0.532645311627907 0.343252084375 0.5241406255813954 0.3432875 0.524204688372093 0.35212916562499996 0.549967188372093 0.350945834375 0.566845311627907 0.352720834375 0.5664015627906976 0.344435415625
4 0.6966062488372092 0.239547915625 0.6828375 0.235995834375 0.6681796883720931 0.23362916562499997 0.6550406255813953 0.23257500000000003 0.653967188372093 0.243097915625 0.677507811627907 0.243097915625 0.6970515627906977 0.24842499999999998 0.6966062488372092 0.239547915625
2 0.4212812488372093 0.33755625 0.39774062558139534 0.336964584375 0.37858749999999997 0.335472915625 0.3781968744186046 0.34702500000000003 0.398629688372093 0.346433334375 0.42083750000000003 0.34761666562500004 0.4212812488372093 0.33755625
2 0.4012937488372093 0.250560415625 0.3834718744186047 0.24950833437500003 0.3839718744186047 0.261214584375 0.4163968744186047 0.26180625 0.41595156279069767 0.250560415625 0.4012937488372093 0.250560415625
2 0.5433625 0.31294166562500003 0.529025 0.311377084375 0.52915 0.32359375 0.561129688372093 0.322410415625 0.561129688372093 0.31353333437500003 0.5433625 0.31294166562500003
2 0.5651265627906977 0.236597915625 0.56335 0.2265375 0.5469156255813954 0.22417083437500002 0.5246281255813954 0.22345833437499998 0.522042188372093 0.23600625000000003 0.5384765627906977 0.23423124999999997 0.5540234372093024 0.23423124999999997 0.5651265627906977 0.236597915625
2 0.6740718744186047 0.364514584375 0.6891734372093024 0.36688125 0.6896171883720931 0.356229165625 0.6736281255813954 0.352085415625 0.6643 0.35149375 0.6486906255813953 0.349147915625 0.6478656255813954 0.354452084375 0.6483109372093023 0.361554165625 0.6594140627906977 0.363329165625 0.6740718744186047 0.364514584375
2 0.6900625 0.269233334375 0.6807343744186046 0.266275 0.6722953116279069 0.266275 0.657970311627907 0.2644875 0.6580812511627907 0.276335415625 0.677625 0.276927084375 0.6896171883720931 0.27929375 0.6900625 0.269233334375
7 0.39710937441860467 0.2977125 0.3836968744186046 0.297925 0.38431562558139537 0.30977083437499997 0.4148984372093023 0.3101875 0.4148984372093023 0.29812916562499997 0.39710937441860467 0.2977125
0 0.4024156255813953 0.2740125 0.3833531255813954 0.272760415625 0.38369062558139533 0.285654165625 0.41520937441860467 0.285239584375 0.41520937441860467 0.276508334375 0.4024156255813953 0.2740125
0 0.528170311627907 0.28602916562499997 0.5284656255813953 0.298085415625 0.561232811627907 0.297254165625 0.560607811627907 0.285610415625 0.528170311627907 0.28602916562499997
0 0.6770093744186046 0.291016665625 0.656857811627907 0.289689584375 0.656725 0.300579165625 0.6882437511627907 0.303075 0.689179688372093 0.293095834375 0.6770093744186046 0.291016665625
7 0.687620311627907 0.319289584375 0.6816906255813953 0.31596458437499997 0.6720156255813954 0.314716665625 0.6561015627906976 0.31346875 0.6554843744186046 0.324464584375 0.6707687511627907 0.325527084375 0.686995311627907 0.3284375 0.687620311627907 0.319289584375
7 0.5460218744186047 0.263479165625 0.5278265627906976 0.26269375 0.5282343744186047 0.272627084375 0.5613125 0.273875 0.5609999999999999 0.264310415625 0.5460218744186047 0.263479165625