2 0.5884406255813953 0.692304165625 0.5881656255813953 0.707335415625 0.6316109372093023 0.70806875 0.6316109372093023 0.695604165625 0.5884406255813953 0.692304165625
2 0.5958375 0.60671875 0.5961124999999999 0.621016665625 0.6282843744186046 0.62285 0.6277343744186046 0.61075 0.5958375 0.60671875
2 0.47499687441860466 0.55403125 0.4755468744186046 0.5701625 0.518442188372093 0.5668624999999999 0.517342188372093 0.55293125 0.47499687441860466 0.55403125
2 0.476157811627907 0.46983125000000003 0.47505781162790695 0.481929165625 0.510529688372093 0.48119583437499996 0.510254688372093 0.46909791562500003 0.476157811627907 0.46983125000000003
2 0.364775 0.311652084375 0.364775 0.326316665625 0.4002468744186046 0.32705 0.39942187441860466 0.31311875 0.364775 0.311652084375
2 0.35989062558139534 0.2262 0.35989062558139534 0.24159999999999998 0.4055359372093023 0.2383 0.4047109372093023 0.225833334375 0.35989062558139534 0.2262
7 0.36584687441860464 0.262058334375 0.3661218744186046 0.275258334375 0.3985687511627907 0.276725 0.39801875116279073 0.264258334375 0.36584687441860464 0.262058334375
7 0.4785984372093023 0.5171166656249999 0.47887343720930237 0.532514584375 0.5137953116279069 0.53068125 0.512145311627907 0.514916665625 0.4785984372093023 0.5171166656249999
7 0.595829688372093 0.654647915625 0.595279688372093 0.669314584375 0.6277265627906976 0.6715125 0.6282765627906978 0.656847915625 0.595829688372093 0.654647915625
0 0.5952687488372093 0.6328104156250001 0.5941687488372093 0.647477084375 0.6285406255813953 0.64784375 0.6282656255813954 0.6328104156250001 0.5952687488372093 0.6328104156250001
0 0.47637968837209305 0.494635415625 0.47747968837209304 0.50966875 0.5110265627906977 0.50856875 0.5104765627906976 0.494635415625 0.47637968837209305 0.494635415625
0 0.36686562558139535 0.286535415625 0.36686562558139535 0.299733334375 0.40068750000000003 0.299733334375 0.40068750000000003 0.28616874999999997 0.36686562558139535 0.286535415625
4 0.36117187441860465 0.344470834375 0.3614468744186047 0.3569375 0.4048937488372093 0.357304165625 0.4051687488372093 0.3448375 0.36117187441860465 0.344470834375
4 0.4693843744186047 0.43823749999999995 0.46883437441860465 0.45180416562500003 0.5128312488372093 0.449604165625 0.5125562511627907 0.439704165625 0.4693843744186047 0.43823749999999995
4 0.5903531255813953 0.5734895843750001 0.5898031255813954 0.589254165625 0.6343484372093023 0.5910875 0.6337984372093023 0.579722915625 0.5903531255813953 0.5734895843750001