4 0.410207811627907 0.7365625 0.410207811627907 0.7257687500000001 0.3997437511627907 0.72711875 0.383542188372093 0.728916665625 0.3693531255813953 0.727554165625 0.36902812558139536 0.7370125 0.382529688372093 0.739260415625 0.3967062488372093 0.7379125 0.410207811627907 0.7365625
4 0.5560968744186047 0.8602166656250001 0.5560968744186047 0.849872915625 0.5402343744186047 0.8530208343749999 0.528757811627907 0.8516729156249999 0.5152218744186047 0.851770834375 0.5162687488372093 0.8620166656249999 0.528757811627907 0.862466665625 0.5405718744186047 0.8629145843750001 0.5560968744186047 0.8602166656250001
4 0.6861890627906977 0.755289584375 0.6858515627906977 0.7458458343750001 0.6726875 0.746745834375 0.6591859372093023 0.745395834375 0.6451312511627907 0.73943125 0.6443343744186046 0.74944375 0.6527734372093024 0.754391665625 0.6703250000000001 0.7561895843750001 0.6861890627906977 0.755289584375
2 0.6801140627906976 0.775527084375 0.67235 0.777327084375 0.6571609372093024 0.775527084375 0.6473734372093024 0.77058125 0.6477296883720931 0.7834770843750001 0.6622234372093023 0.785870834375 0.6801140627906976 0.788120834375 0.6801140627906976 0.775527084375
2 0.6605359372093024 0.8744666656250001 0.6780875000000001 0.874016665625 0.6790999999999999 0.862325 0.6666124999999999 0.863672915625 0.6531109372093022 0.860525 0.6388218744186046 0.85573125 0.6385968744186047 0.8618750000000001 0.6385968744186047 0.868170834375 0.6473734372093024 0.87221875 0.6605359372093024 0.8744666656250001
2 0.5543234372093023 0.732341665625 0.5394734372093023 0.734591665625 0.521582811627907 0.733691665625 0.5137375000000001 0.7315125 0.513482811627907 0.7422375 0.5317093744186047 0.744935415625 0.5546609372093023 0.7422375 0.5543234372093023 0.732341665625
2 0.37380624883720925 0.7587312500000001 0.37387968837209307 0.76950625 0.40628281162790697 0.76950625 0.405945311627907 0.7591625 0.37380624883720925 0.7587312500000001
2 0.40999687441860466 0.8437104156249999 0.39717031162790695 0.845510415625 0.3813062511627907 0.845510415625 0.36860937441860464 0.8458333343750001 0.37084218837209304 0.855854165625 0.3907562511627907 0.858102084375 0.4096593744186046 0.855404165625 0.40999687441860466 0.8437104156249999
2 0.551204688372093 0.8185333343750001 0.5346656255813953 0.821233334375 0.5200468744186046 0.81811875 0.5204890627906976 0.829777084375 0.541079688372093 0.8302270843749999 0.551204688372093 0.828429165625 0.551204688372093 0.8185333343750001
7 0.538379688372093 0.7722125 0.5185625 0.768135415625 0.5188015627906977 0.780758334375 0.551879688372093 0.78210625 0.552217188372093 0.7722125 0.538379688372093 0.7722125
7 0.40539218837209307 0.8054916656250001 0.39222812558139536 0.8063916656250001 0.3734359372093023 0.8062416656250001 0.37366406279069764 0.8185333343750001 0.39492812558139534 0.8185333343750001 0.40539218837209307 0.8180854156249999 0.40539218837209307 0.8054916656250001
7 0.6776562488372092 0.8240229156250001 0.6590906255813954 0.8231229156250001 0.6458734372093022 0.8186145843749999 0.6449156255813954 0.8330187499999999 0.664154688372093 0.8357166656249999 0.676642188372093 0.8357166656249999 0.6776562488372092 0.8240229156250001
0 0.5510812511627907 0.794341665625 0.519304688372093 0.7928791656249999 0.5196906255813953 0.8042354156249999 0.542979688372093 0.8042354156249999 0.5517562511627907 0.803785415625 0.5510812511627907 0.794341665625
0 0.6790468744186047 0.8000166656250001 0.668245311627907 0.801366665625 0.6584562511627907 0.799566665625 0.6458734372093022 0.7953541656249999 0.6459687511627907 0.8072125 0.6554187488372093 0.8112604156250001 0.6783718744186047 0.812160415625 0.6790468744186047 0.8000166656250001
0 0.4056062511627907 0.78300625 0.391767188372093 0.78435625 0.37417812558139535 0.781991665625 0.3742156255813954 0.7947 0.388729688372093 0.7947 0.4056062511627907 0.7947 0.4056062511627907 0.78300625