4 0.52355 0.366264584375 0.522175 0.376895834375 0.565895311627907 0.388629165625 0.566995311627907 0.3783625 0.52355 0.366264584375
4 0.4339078116279069 0.44875625 0.434182811627907 0.460489584375 0.4787281255813953 0.45425625 0.4768031255813953 0.44325625 0.4339078116279069 0.44875625
4 0.35169062558139536 0.48358749999999995 0.35279062558139535 0.49605208437500004 0.3956859372093023 0.49861875 0.3948625 0.487252084375 0.35169062558139536 0.48358749999999995
2 0.44023281162790695 0.4780875 0.440782811627907 0.491285415625 0.4768031255813953 0.48541875 0.47597968837209303 0.47368750000000004 0.44023281162790695 0.4780875
2 0.443257811627907 0.5627791656250001 0.4449062488372093 0.578910415625 0.4889031255813953 0.572310415625 0.48725312558139533 0.5576458343749999 0.443257811627907 0.5627791656250001
2 0.5125500000000001 0.48175416562500006 0.510625 0.49495208437500005 0.5521468744186047 0.50595 0.5543468744186046 0.492752084375 0.5125500000000001 0.48175416562500006
2 0.5254734372093023 0.39926041562500003 0.5246484372093023 0.41099375 0.557920311627907 0.42015833437500005 0.5595703116279069 0.40622708437500005 0.5254734372093023 0.39926041562500003
2 0.35526562558139535 0.366264584375 0.35526562558139535 0.3794625 0.39651093720930236 0.38129583437500003 0.39678593720930233 0.369197915625 0.35526562558139535 0.366264584375
2 0.35829062558139535 0.45168958437500006 0.3580156255813954 0.4670875 0.39073749999999996 0.468920834375 0.39101250000000004 0.45425625 0.35829062558139535 0.45168958437500006
7 0.35829062558139535 0.40329375 0.35829062558139535 0.41796041562499997 0.3915625 0.422358334375 0.3918375 0.407327084375 0.35829062558139535 0.40329375
7 0.4454562511627907 0.524283334375 0.4468312488372093 0.540414584375 0.48010312558139534 0.535647915625 0.47845312558139536 0.52135 0.4454562511627907 0.524283334375
7 0.5219 0.44545625 0.5197 0.46012291562499996 0.5521468744186047 0.467454165625 0.5537968744186046 0.45205624999999994 0.5219 0.44545625
0 0.443532811627907 0.50191875 0.44435624883720926 0.51585 0.47707812558139534 0.5107166656250001 0.47570468837209307 0.49825208437499996 0.443532811627907 0.50191875
0 0.5243749999999999 0.42162499999999997 0.522725 0.438125 0.5557218744186047 0.44398958437499997 0.5570953116279069 0.43042499999999995 0.5243749999999999 0.42162499999999997
0 0.35719062558139536 0.42785833437500004 0.35746562558139533 0.44288958437500003 0.3912875 0.442522915625 0.3915625 0.428225 0.35719062558139536 0.42785833437500004