4 0.4102234372093023 0.243914584375 0.39238750000000006 0.243710415625 0.39216562558139534 0.25193750000000004 0.411442188372093 0.252252084375 0.4314125 0.253270834375 0.4312593744186046 0.24472708437500001 0.4102234372093023 0.243914584375
2 0.42988750000000003 0.3635125 0.39254687441860464 0.361233334375 0.39223593720930233 0.373683334375 0.42988750000000003 0.373885415625 0.42988750000000003 0.3635125
2 0.39726562558139533 0.275033334375 0.39650312558139533 0.286220834375 0.427754688372093 0.2872375 0.42851562558139533 0.275847915625 0.39726562558139533 0.275033334375
0 0.42805937441860464 0.30249375 0.4119 0.30127291562499997 0.3961687511627907 0.300739584375 0.3954359372093023 0.3126625 0.42805937441860464 0.312866665625 0.42805937441860464 0.30249375
7 0.4274484372093023 0.325070834375 0.3952156255813954 0.324122915625 0.39650312558139533 0.336054165625 0.426992188372093 0.336054165625 0.4274484372093023 0.325070834375
4 0.5448062488372093 0.25658125 0.523020311627907 0.255147915625 0.5069109372093024 0.25596666562500003 0.506345311627907 0.26353333437500004 0.5317656255813954 0.263541665625 0.5452656255813954 0.265589584375 0.5448062488372093 0.25658125
2 0.5438859372093023 0.37306041562500003 0.5188781255813953 0.371422915625 0.5036890627906977 0.370604165625 0.5036890627906977 0.38452291562499996 0.5432718744186047 0.38431875 0.5438859372093023 0.37306041562500003
2 0.5093656255813953 0.284422915625 0.5088390627906977 0.295252084375 0.5415843744186046 0.297114584375 0.5417375 0.286879165625 0.5093656255813953 0.284422915625
7 0.5397437488372093 0.33580416562500004 0.522867188372093 0.333552084375 0.5092125 0.333552084375 0.5096718744186046 0.345220834375 0.5398968744186047 0.3470625 0.5397437488372093 0.33580416562500004
0 0.5093656255813953 0.310010415625 0.5092234372093023 0.32134583437500003 0.5405109372093023 0.321883334375 0.5403562488372092 0.31103333437499997 0.5093656255813953 0.310010415625
2 0.6038140627906976 0.258639584375 0.603654688372093 0.26887500000000003 0.6431281255813953 0.26972708437500004 0.6424890627906977 0.259064584375 0.6038140627906976 0.258639584375
2 0.6063843744186046 0.35312083437499997 0.6367359372093023 0.355235415625 0.6364156255813954 0.34521250000000003 0.6060515627906977 0.344145834375 0.6063843744186046 0.35312083437499997
0 0.6376937511627906 0.320691665625 0.6063843744186046 0.318745834375 0.6060515627906977 0.32879375 0.6375343744186047 0.331352084375 0.6376937511627906 0.320691665625
7 0.6066906255813953 0.29446249999999996 0.607170311627907 0.303845834375 0.6380140627906977 0.305764584375 0.6380140627906977 0.295529165625 0.6066906255813953 0.29446249999999996
4 0.641370311627907 0.378691665625 0.625229688372093 0.37975625 0.6007874999999999 0.376304165625 0.6015765627906977 0.38508749999999997 0.6404109372093024 0.387220834375 0.641370311627907 0.378691665625