4 0.5393484372093024 0.6802625 0.498792188372093 0.6792312500000001 0.5000656255813953 0.686716665625 0.5393484372093024 0.687304165625 0.5393484372093024 0.6802625
2 0.5334859372093024 0.708816665625 0.5169218744186047 0.710185415625 0.502092188372093 0.708070834375 0.5015312511627906 0.717616665625 0.533632811627907 0.7189875 0.5334859372093024 0.708816665625
2 0.5349515627906977 0.804454165625 0.5361234372093023 0.7936979156249999 0.497867188372093 0.793110415625 0.49698749999999997 0.803670834375 0.5139906255813954 0.807191665625 0.5349515627906977 0.804454165625
7 0.5343656255813953 0.75731875 0.5019093744186046 0.755483334375 0.502557811627907 0.76729375 0.5340718744186046 0.768272915625 0.5343656255813953 0.75731875
0 0.5029968744186046 0.731504165625 0.5029968744186046 0.7432375 0.533632811627907 0.743825 0.533632811627907 0.732872915625 0.5029968744186046 0.731504165625
0 0.620517188372093 0.7432375 0.5890031255813953 0.742064584375 0.5894437511627907 0.751452084375 0.6197843744186046 0.751452084375 0.620517188372093 0.7432375
2 0.6206640627906976 0.767489584375 0.590075 0.76648125 0.5903218744186046 0.776289584375 0.6199312488372094 0.77668125 0.6206640627906976 0.767489584375
2 0.6255015627906977 0.682804165625 0.5869515627906977 0.683389584375 0.5887109372093023 0.6923874999999999 0.625354688372093 0.692191665625 0.6255015627906977 0.682804165625
7 0.621104688372093 0.71918125 0.5897093744186046 0.7193125 0.589882811627907 0.7272000000000001 0.6208109372093024 0.728960415625 0.621104688372093 0.71918125
4 0.6246218744186046 0.8095375 0.6255015627906977 0.7995625000000001 0.6058593744186046 0.803083334375 0.5857781255813953 0.799366665625 0.5857781255813953 0.8060166656250001 0.5982375 0.810125 0.6246218744186046 0.8095375
4 0.7095625 0.676504165625 0.6685265627906978 0.675566665625 0.6699859372093023 0.683347915625 0.7091218744186047 0.68471875 0.7095625 0.676504165625
2 0.7073640627906976 0.794283334375 0.6685265627906978 0.7926333343749999 0.6686671883720929 0.801910415625 0.705604688372093 0.8042583343749999 0.7073640627906976 0.794283334375
7 0.702967188372093 0.7551687499999999 0.6721937511627907 0.755483334375 0.6721859372093024 0.7645562499999999 0.7035531255813954 0.765925 0.702967188372093 0.7551687499999999
2 0.7051656255813954 0.707839584375 0.672625 0.70705625 0.6731093744186046 0.71466875 0.6759968744186047 0.717422915625 0.704432811627907 0.7172270843749999 0.7051656255813954 0.707839584375
0 0.7037 0.7320895843749999 0.6732937511627908 0.73055625 0.6727718744186046 0.742847915625 0.702820311627907 0.7432375 0.7037 0.7320895843749999