4 0.4215015627906977 0.664620834375 0.4027531255813953 0.667397915625 0.385625 0.664620834375 0.38469843720930236 0.6732625 0.40067031162790695 0.676347915625 0.42219531162790697 0.672027084375 0.4215015627906977 0.664620834375
4 0.5366875 0.6762166656249999 0.49849687441860463 0.67498125 0.49872812558139534 0.683622915625 0.5149296883720931 0.6854750000000001 0.535067188372093 0.684239584375 0.5366875 0.6762166656249999
4 0.630807811627907 0.796435415625 0.6143734372093024 0.8010645843749999 0.5942359372093023 0.794891665625 0.5937734372093023 0.80260625 0.6118265627906977 0.807854165625 0.6315015627906977 0.803225 0.630807811627907 0.796435415625
0 0.3875687488372093 0.7205250000000001 0.388725 0.731635415625 0.41511250000000005 0.7313270843749999 0.41696406279069764 0.7223770843749999 0.3875687488372093 0.7205250000000001
0 0.5303828116279069 0.732047915625 0.5014515627906977 0.730195834375 0.5012187488372093 0.7397625 0.5204312511627907 0.742541665625 0.5310781255813953 0.740070834375 0.5303828116279069 0.732047915625
0 0.6263124999999999 0.7392937500000001 0.6089531255813954 0.7392937500000001 0.5962218744186046 0.7365166656250001 0.5959906255813953 0.74824375 0.6126562488372093 0.750404165625 0.6265437511627907 0.747627084375 0.6263124999999999 0.7392937500000001
7 0.4161218744186046 0.743452084375 0.3876515627906976 0.7440687500000001 0.3881140627906977 0.753635415625 0.40107656279069764 0.75394375 0.41658437441860463 0.752091665625 0.4161218744186046 0.743452084375
7 0.5012906255813954 0.751408334375 0.5010593744186047 0.76251875 0.5292984372093024 0.76251875 0.5292984372093024 0.75356875 0.5012906255813954 0.751408334375
7 0.6291375 0.721852084375 0.6275171883720929 0.716297915625 0.5974281255813954 0.713829165625 0.5967328116279069 0.722160415625 0.6113156255813954 0.7246312500000001 0.6247406255813953 0.723704165625 0.6291375 0.721852084375
2 0.42172499999999996 0.7823687500000001 0.40343906279069763 0.785145834375 0.38515312558139536 0.7823687500000001 0.386079688372093 0.792552084375 0.415475 0.79316875 0.4221875 0.789466665625 0.42172499999999996 0.7823687500000001
2 0.38784843720930234 0.6954125 0.38784843720930234 0.704979165625 0.41816874883720934 0.704670834375 0.41816874883720934 0.69695625 0.38784843720930234 0.6954125
2 0.5340906255813954 0.7905541656249999 0.511175 0.792714584375 0.49636250000000004 0.789629165625 0.49613124883720927 0.788702084375 0.495204688372093 0.8004312499999999 0.508629688372093 0.801972915625 0.533395311627907 0.8001208343749999 0.5340906255813954 0.7905541656249999
2 0.6276281255813954 0.76514375 0.598232811627907 0.7639104156250001 0.5973078116279069 0.772858334375 0.6130468744186047 0.7725500000000001 0.6290171883720931 0.773477084375 0.6276281255813954 0.76514375
2 0.6350765627906977 0.6859770843749999 0.6339187488372093 0.678877084375 0.6230406255813953 0.681347915625 0.5961906255813954 0.67764375 0.5957281255813953 0.686902084375 0.6121609372093023 0.689370834375 0.614425 0.688235415625 0.6350765627906977 0.6859770843749999
2 0.50215 0.7044104156250001 0.501225 0.7145958343750001 0.5308515627906977 0.715520834375 0.5320093744186046 0.7074979156250001 0.50215 0.7044104156250001