4 0.5281656255813953 0.376520834375 0.5056375 0.377147915625 0.5054093744186047 0.384716665625 0.545767188372093 0.385602084375 0.545767188372093 0.3780875 0.5281656255813953 0.376520834375
4 0.6165 0.508020834375 0.6319874999999999 0.508020834375 0.6313062488372093 0.500929165625 0.6153265627906976 0.49988124999999994 0.591857811627907 0.49768749999999995 0.5920937511627907 0.505829165625 0.6165 0.508020834375
4 0.6768109372093023 0.374316665625 0.676342188372093 0.38151875 0.7172937488372093 0.383397915625 0.716120311627907 0.37525624999999996 0.6768109372093023 0.374316665625
2 0.7123656255813954 0.405004165625 0.680004688372093 0.4050625 0.6802140627906977 0.4159625 0.7116609372093023 0.41658958437500004 0.7123656255813954 0.405004165625
2 0.7137734372093023 0.5030125 0.7142421883720931 0.493304165625 0.6985203116279071 0.492364584375 0.6747218744186047 0.4915375 0.6752859372093023 0.501133334375 0.6903062488372093 0.501133334375 0.7137734372093023 0.5030125
2 0.5933218744186047 0.379725 0.5928625 0.39215 0.6050546883720931 0.390372915625 0.6329812511627907 0.39099791562499997 0.6329812511627907 0.380352084375 0.5933218744186047 0.379725
2 0.6271156255813953 0.465522915625 0.597557811627907 0.46532083437500005 0.5970765627906978 0.474602084375 0.62735 0.477420834375 0.6271156255813953 0.465522915625
2 0.511092188372093 0.408141665625 0.5089796883720931 0.41502916562500003 0.540192188372093 0.41847291562500005 0.5418343744186046 0.408141665625 0.511092188372093 0.408141665625
2 0.5432437488372093 0.493310415625 0.518132811627907 0.49174583437499997 0.5042359372093023 0.4927125 0.503582811627907 0.50364375 0.5432437488372093 0.504270834375 0.5432437488372093 0.493310415625
0 0.5404265627906977 0.432564584375 0.5092249999999999 0.431279165625 0.5092156255813953 0.44227083437500003 0.5394875 0.443210415625 0.5404265627906977 0.432564584375
0 0.596317188372093 0.440627084375 0.5960906255813953 0.449670834375 0.628232811627907 0.451275 0.6284671883720929 0.441566665625 0.596317188372093 0.440627084375
0 0.6806093744186047 0.44027916562499997 0.711542188372093 0.441566665625 0.7108390627906976 0.430295834375 0.6796265627906977 0.428416665625 0.6806093744186047 0.44027916562499997
7 0.5974890627906977 0.41714375 0.5972640627906978 0.425802084375 0.628232811627907 0.42622499999999997 0.6284671883720929 0.417770834375 0.5974890627906977 0.41714375
7 0.679392188372093 0.453152084375 0.679392188372093 0.46442500000000003 0.7099 0.46442500000000003 0.7103687511627907 0.453466665625 0.679392188372093 0.453152084375
7 0.5391390627906977 0.466227084375 0.539745311627907 0.45671249999999997 0.5203640627906977 0.453702084375 0.5095687511627907 0.4533875 0.5098031255813953 0.466539584375 0.5391390627906977 0.466227084375