4 0.4855125 0.441827084375 0.4432984372093023 0.43752291562499995 0.4437031255813954 0.44793541562500006 0.4552312488372093 0.44830625 0.48606718837209306 0.45293333437500005 0.4855125 0.441827084375
4 0.591942188372093 0.42572916562499996 0.5506890627906977 0.42276666562500004 0.5499953116279069 0.43331875000000003 0.5634687488372093 0.43443125 0.591942188372093 0.43443125 0.591942188372093 0.42572916562499996
2 0.479104688372093 0.471422915625 0.44548593720930235 0.469189584375 0.44576874883720935 0.47882708437500004 0.458825 0.48049375000000005 0.4789656255813953 0.4829 0.479104688372093 0.471422915625
2 0.47771562558139535 0.570095834375 0.4795218744186046 0.557877084375 0.4375734372093023 0.55269375 0.43674062558139537 0.565283334375 0.44354687441860463 0.567133334375 0.46840937441860464 0.570095834375 0.47771562558139535 0.570095834375
7 0.4773 0.519185415625 0.44410312558139536 0.5145562499999999 0.4432687511627907 0.526589584375 0.45271406279069765 0.528070834375 0.4771609372093023 0.530847915625 0.4773 0.519185415625
0 0.47813281162790694 0.49622916562499997 0.44579843720930235 0.49210624999999997 0.44354687441860463 0.504560415625 0.46340937441860464 0.506966665625 0.47785468837209305 0.507708334375 0.47813281162790694 0.49622916562499997
0 0.58725 0.366877084375 0.5539140627906977 0.366320834375 0.5539140627906977 0.378170834375 0.5737765627906977 0.377614584375 0.5875281255813953 0.378539584375 0.58725 0.366877084375
2 0.591417188372093 0.305414584375 0.548775 0.30615416562500003 0.5501640627906977 0.318558334375 0.5634984372093024 0.31670625 0.5925281255813953 0.31707708437500004 0.591417188372093 0.305414584375
2 0.587667188372093 0.391129165625 0.553767188372093 0.39085625 0.553357811627907 0.40334791562500005 0.5701656255813954 0.402420834375 0.586832811627907 0.40371875 0.587667188372093 0.391129165625
7 0.5871109372093023 0.343364584375 0.5534968744186046 0.34206875000000003 0.5534968744186046 0.353177084375 0.5671093744186047 0.353177084375 0.5878062511627907 0.3542875 0.5871109372093023 0.343364584375
7 0.6980484372093023 0.554302084375 0.6661015627906977 0.5528208343750001 0.6659625 0.5641145843750001 0.676657811627907 0.564854165625 0.698882811627907 0.5652250000000001 0.6980484372093023 0.554302084375
2 0.7016609372093023 0.593364584375 0.6609624999999999 0.591697915625 0.6606843744186047 0.600585415625 0.672629688372093 0.601695834375 0.7024937511627907 0.604841665625 0.7016609372093023 0.593364584375
0 0.6987437488372094 0.5306062500000001 0.6667359372093024 0.527939584375 0.6661015627906977 0.540972915625 0.6788812488372094 0.541158334375 0.6994375 0.5424541656249999 0.6987437488372094 0.5306062500000001
2 0.6997156255813953 0.504872915625 0.6667968744186046 0.50616875 0.666657811627907 0.51635 0.6804093744186046 0.51690625 0.7004109372093023 0.517645834375 0.6997156255813953 0.504872915625
4 0.7044390627906977 0.475066665625 0.6629859372093023 0.472314584375 0.6636015627906977 0.48376875 0.6759640627906978 0.48321249999999993 0.7047156255813953 0.48450833437499996 0.7044390627906977 0.475066665625