2 0.39054375116279066 0.611583334375 0.38976249999999996 0.6230395843750001 0.422567188372093 0.623733334375 0.42048437441860465 0.614360415625 0.39054375116279066 0.611583334375
2 0.38613125116279073 0.697552084375 0.3853515627906977 0.707272915625 0.42466562558139537 0.706925 0.4251859372093023 0.697552084375 0.38613125116279073 0.697552084375
2 0.5026625 0.620977084375 0.5026625 0.63035 0.533125 0.629654165625 0.5318218744186046 0.6237541656250001 0.5026625 0.620977084375
2 0.5989562488372093 0.6819 0.5984359372093023 0.690577084375 0.6288984372093024 0.690577084375 0.630720311627907 0.68259375 0.5989562488372093 0.6819
2 0.6100218744186047 0.5958 0.6113406255813953 0.5952145843750001 0.5963109372093023 0.594404165625 0.5963109372093023 0.6069020843749999 0.6338031255813954 0.6044729156249999 0.6330218744186047 0.5933625 0.6100218744186047 0.5958
2 0.5351968744186046 0.709960415625 0.4984859372093023 0.706835415625 0.49718437441860464 0.71655625 0.5128234372093023 0.7166020843750001 0.5351968744186046 0.71794375 0.5351968744186046 0.709960415625
0 0.39011874883720926 0.6367166656250001 0.39116093720930234 0.65025625 0.4205812511627907 0.6471312499999999 0.4198 0.63810625 0.39011874883720926 0.6367166656250001
0 0.5206968744186047 0.6611041656250001 0.5324140627906977 0.658675 0.5326734372093023 0.648954165625 0.5019515627906976 0.645829165625 0.5009093744186046 0.6565916656249999 0.5134078116279069 0.65485625 0.518354688372093 0.6541625 0.5206968744186047 0.6611041656250001
0 0.6278796883720931 0.6560666656249999 0.597417188372093 0.6557208343750001 0.597417188372093 0.66648125 0.6089687488372093 0.66426875 0.6297015627906978 0.666135415625 0.6278796883720931 0.6560666656249999
4 0.3859625 0.5808875 0.3862234372093023 0.5916479156250001 0.4252781255813954 0.5895645843749999 0.4244968744186047 0.5808875 0.3859625 0.5808875
4 0.4998859372093023 0.5924750000000001 0.4988437511627907 0.6004583343750001 0.5373781255813954 0.6001125 0.538157811627907 0.59316875 0.4998859372093023 0.5924750000000001
4 0.6218968744186046 0.7166020843750001 0.616179688372093 0.714258334375 0.5946687511627907 0.713233334375 0.594929688372093 0.7205250000000001 0.6319015627906976 0.7205250000000001 0.6324218744186045 0.713929165625 0.6218968744186046 0.7166020843750001
7 0.3903375 0.660925 0.39137812558139534 0.669604165625 0.41871718837209304 0.671339584375 0.4192375 0.660925 0.3903375 0.660925
7 0.5137015627906977 0.672620834375 0.5022781255813953 0.6681 0.5020187488372093 0.6788624999999999 0.5332609372093023 0.6816395843749999 0.532479688372093 0.671225 0.5137015627906977 0.672620834375
7 0.5995031255813953 0.631727084375 0.598982811627907 0.6411 0.6310062511627907 0.6417937499999999 0.6304859372093022 0.63276875 0.5995031255813953 0.631727084375