2 0.38130781162790695 0.384052084375 0.38052656279069763 0.395508334375 0.4133312488372093 0.396202084375 0.4112484372093023 0.38682916562499997 0.38130781162790695 0.384052084375
2 0.3782140627906977 0.473539584375 0.37743437441860467 0.48326041562500005 0.4167484372093023 0.4829125 0.4172687511627907 0.473539584375 0.3782140627906977 0.473539584375
2 0.4639593744186047 0.44974375 0.4639593744186047 0.45911666562500003 0.49442187441860463 0.45842083437500003 0.4931187511627907 0.452520834375 0.4639593744186047 0.44974375
2 0.5514562511627907 0.40041874999999993 0.5509359372093023 0.40909583437499997 0.5813984372093023 0.40909583437499997 0.583220311627907 0.4011125 0.5514562511627907 0.40041874999999993
2 0.5492515627906976 0.485916665625 0.5492515627906976 0.498414584375 0.5867437511627906 0.495985415625 0.5859625 0.484875 0.5492515627906976 0.485916665625
2 0.46374062558139534 0.362608334375 0.46243906279069763 0.37232916562499996 0.5004515627906977 0.373716665625 0.5004515627906977 0.365733334375 0.46374062558139534 0.362608334375
0 0.38088281162790694 0.41035833437499997 0.38192499999999996 0.423897915625 0.41134531162790694 0.420772915625 0.4105640627906977 0.411747915625 0.38088281162790694 0.41035833437499997
0 0.484632811627907 0.438852084375 0.49635 0.436422915625 0.4966093744186047 0.426702084375 0.4658875 0.423577084375 0.464845311627907 0.434339584375 0.4773437488372093 0.43260416562500004 0.4822906255813954 0.431910415625 0.484632811627907 0.438852084375
0 0.5825781255813953 0.42619166562500005 0.5521156255813954 0.425845834375 0.5521156255813954 0.43660625 0.5636671883720931 0.43439375 0.5844 0.43626041562499995 0.5825781255813953 0.42619166562500005
4 0.3762859372093023 0.35394375 0.3765468744186046 0.36470416562499997 0.4156015627906977 0.36262083437500003 0.414820311627907 0.35394375 0.3762859372093023 0.35394375
4 0.4603031255813953 0.48281458437499997 0.45926093720930233 0.49079791562499997 0.49779531162790697 0.49045208437500004 0.498575 0.483508334375 0.4603031255813953 0.48281458437499997
4 0.5480484372093023 0.369591665625 0.5483093744186046 0.376883334375 0.5852812488372093 0.376883334375 0.5858015627906977 0.3702875 0.5480484372093023 0.369591665625
7 0.38154062558139534 0.43456666562499996 0.38258125116279074 0.443245834375 0.409920311627907 0.44498125 0.4104406255813954 0.43456666562499996 0.38154062558139534 0.43456666562499996
7 0.46533437441860465 0.40010625 0.46507499999999996 0.41086875 0.49631718837209304 0.413645834375 0.49553593720930234 0.40323125 0.46533437441860465 0.40010625
7 0.5520031255813953 0.44700625 0.551482811627907 0.456379165625 0.5835062511627908 0.45707291562499996 0.5829859372093024 0.448047915625 0.5520031255813953 0.44700625