4 0.5038328116279069 0.51698125 0.5445015627906977 0.5184 0.5447093744186047 0.510883334375 0.5036109372093024 0.510327084375 0.5038328116279069 0.51698125
2 0.5377875 0.540233334375 0.5071390627906976 0.539522915625 0.505992188372093 0.549275 0.5381781255813953 0.549275 0.5377875 0.540233334375
2 0.5401968744186046 0.624983334375 0.5012734372093023 0.6229541656250001 0.5024078116279069 0.635764584375 0.5405875 0.6359375 0.5401968744186046 0.624983334375
0 0.5378515627906977 0.5643041656250001 0.506325 0.564075 0.5067078116279069 0.574389584375 0.5375906255813954 0.57560625 0.5378515627906977 0.5643041656250001
7 0.5372 0.587777084375 0.5069765627906977 0.585366665625 0.5064468744186046 0.5975125 0.5366781255813954 0.598208334375 0.5372 0.587777084375
2 0.5899625000000001 0.513520834375 0.589804688372093 0.522741665625 0.6118968744186046 0.52269375 0.6302312488372093 0.52269375 0.6290859372093024 0.512866665625 0.5899625000000001 0.513520834375
2 0.6245015627906976 0.607222915625 0.6246656255813954 0.598922915625 0.593079688372093 0.598347915625 0.592907811627907 0.60656875 0.6109156255813953 0.6076604156250001 0.6245015627906976 0.607222915625
7 0.5937265627906977 0.54846875 0.5932843744186046 0.558225 0.6244140627906977 0.559827084375 0.6245015627906976 0.5497791656250001 0.5937265627906977 0.54846875
0 0.6245781255813954 0.574241665625 0.5939671883720931 0.574022915625 0.5926562488372092 0.582541665625 0.624742188372093 0.5827604156249999 0.6245781255813954 0.574241665625
4 0.6177031255813954 0.6404229156250001 0.6285062511627907 0.63933125 0.6283437511627907 0.6308125 0.603625 0.63146875 0.5879624999999999 0.6294625 0.5880734372093023 0.637364584375 0.599532811627907 0.6395500000000001 0.6177031255813954 0.6404229156250001
4 0.69345 0.508010415625 0.673642188372093 0.508227084375 0.673529688372093 0.5170104156249999 0.713420311627907 0.5165270843750001 0.713420311627907 0.508227084375 0.69345 0.508010415625
2 0.7086671883720931 0.5488000000000001 0.7085031255813953 0.53744375 0.676582811627907 0.5378791656249999 0.676582811627907 0.547708334375 0.6929531255813954 0.548145834375 0.7086671883720931 0.5488000000000001
2 0.7109593744186047 0.635514584375 0.7106312511627907 0.6248104156250001 0.6913156255813954 0.6239375 0.671482811627907 0.6229125 0.6708531255813953 0.633110415625 0.6913156255813954 0.635514584375 0.7109593744186047 0.635514584375
7 0.6760921883720931 0.596416665625 0.7060484372093023 0.596416665625 0.7071937488372093 0.584185415625 0.6754375 0.585058334375 0.6760921883720931 0.596416665625
0 0.7083406255813954 0.5623437499999999 0.6770734372093022 0.56125 0.6767468744186046 0.573045834375 0.7075218744186046 0.57435625 0.7083406255813954 0.5623437499999999