2 0.35082812558139537 0.5340874999999999 0.3504937488372093 0.549302084375 0.3941234372093023 0.5515395843750001 0.3941234372093023 0.537666665625 0.35082812558139537 0.5340874999999999
7 0.35552656279069766 0.573466665625 0.354520311627907 0.586891665625 0.388082811627907 0.589129165625 0.388082811627907 0.576152084375 0.35552656279069766 0.573466665625
0 0.3536843744186047 0.597777084375 0.3530125 0.61075625 0.3869109372093023 0.61165 0.3869109372093023 0.598672915625 0.3536843744186047 0.597777084375
0 0.43937656279069764 0.67071875 0.44004843720930237 0.6863812499999999 0.4742812511627907 0.678775 0.4726031255813954 0.66400625 0.43937656279069764 0.67071875
0 0.5189140627906977 0.5915125 0.517907811627907 0.605833334375 0.5494562511627907 0.61165 0.5518046883720931 0.598225 0.5189140627906977 0.5915125
2 0.352957811627907 0.621722915625 0.3532937511627907 0.636489584375 0.38651875116279066 0.636041665625 0.3871906255813954 0.623064584375 0.352957811627907 0.621722915625
2 0.43825468837209297 0.64775 0.43859062558139533 0.660279165625 0.473495311627907 0.6549104156250001 0.471817188372093 0.6414854156249999 0.43825468837209297 0.64775
2 0.5219906255813954 0.5672020843750001 0.5206468744186046 0.581072915625 0.5538734372093024 0.58644375 0.5538734372093024 0.573914584375 0.5219906255813954 0.5672020843750001
7 0.5171812488372093 0.616197915625 0.5158390627906977 0.630070834375 0.5483937488372093 0.63499375 0.5483937488372093 0.621120834375 0.5171812488372093 0.616197915625
7 0.47545468837209304 0.689441665625 0.44256249999999997 0.69346875 0.44390625116279064 0.708235415625 0.47578906279069766 0.702864584375 0.47578906279069766 0.70018125 0.47545468837209304 0.689441665625
4 0.3483687511627907 0.65386875 0.348032811627907 0.665502084375 0.3903218744186046 0.66595 0.39099218837209304 0.656552084375 0.3483687511627907 0.65386875
4 0.42997968837209305 0.616352084375 0.43065156279069766 0.629777084375 0.4742812511627907 0.621722915625 0.4726031255813954 0.6114291656249999 0.42997968837209305 0.616352084375
4 0.5202015627906976 0.5340874999999999 0.5188593744186046 0.54616875 0.5604765627906977 0.55511875 0.562154688372093 0.54393125 0.5202015627906976 0.5340874999999999
2 0.507579688372093 0.64968125 0.507970311627907 0.6673958343749999 0.5478265627906977 0.6736479156249999 0.5517343744186046 0.660102084375 0.507579688372093 0.64968125
2 0.439657811627907 0.73336875 0.4413359372093023 0.748583334375 0.4832890627906977 0.740529165625 0.4832890627906977 0.725314584375 0.439657811627907 0.73336875