6 0.411320311627907 0.664254165625 0.37101562558139534 0.66525625 0.37001406279069765 0.673935415625 0.40931874883720926 0.6726 0.411320311627907 0.664254165625
6 0.559025 0.786425 0.5364937488372092 0.7897624999999999 0.5197218744186046 0.788760415625 0.5199718744186047 0.798775 0.5430031255813953 0.798775 0.558525 0.7934354156250001 0.559025 0.786425
6 0.6869531255813953 0.682947915625 0.6651734372093023 0.681945834375 0.6486500000000001 0.6772729156249999 0.6468984372093024 0.6872874999999999 0.6649234372093024 0.690291665625 0.6874546883720931 0.689622915625 0.6869531255813953 0.682947915625
2 0.375020311627907 0.695966665625 0.37527031162790697 0.70464375 0.40431093720930233 0.704310415625 0.4053125 0.69563125 0.375020311627907 0.695966665625
2 0.3720156255813954 0.78141875 0.37176562558139536 0.792433334375 0.408817188372093 0.7931 0.4098187488372093 0.7824187499999999 0.3720156255813954 0.78141875
2 0.555270311627907 0.6702625 0.518970311627907 0.6705979156249999 0.5179687488372093 0.66859375 0.516717188372093 0.679275 0.5347421883720931 0.676939584375 0.5570234372093024 0.6779416656249999 0.555270311627907 0.6702625
2 0.6804437488372094 0.798775 0.6551593744186046 0.798108334375 0.642892188372093 0.7927666656250001 0.6411390627906977 0.8051166656250001 0.6596656255813954 0.810458334375 0.6796937511627906 0.8087895843749999 0.6804437488372094 0.798775
0 0.3751437511627907 0.719620834375 0.37596562558139535 0.730572915625 0.4066343744186046 0.729477084375 0.4066343744186046 0.72035 0.3751437511627907 0.719620834375
0 0.5219156255813954 0.7291125 0.5227375000000001 0.7397 0.5525843744186046 0.738970834375 0.5525843744186046 0.72984375 0.5219156255813954 0.7291125
0 0.6492453116279069 0.7334937499999999 0.6492453116279069 0.7429875 0.6788187511627907 0.746272915625 0.6782718744186046 0.736779165625 0.6492453116279069 0.7334937499999999
7 0.3765140627906977 0.74408125 0.3765140627906977 0.753575 0.407182811627907 0.75175 0.40800312558139534 0.7437166656249999 0.3765140627906977 0.74408125
7 0.5230109372093024 0.70720625 0.5224640627906977 0.714872915625 0.5525843744186046 0.7167 0.5528593744186047 0.708302084375 0.5230109372093024 0.70720625
7 0.64815 0.7557645843749999 0.6478765627906977 0.7656229156250001 0.6777234372093024 0.7711 0.67745 0.761241665625 0.64815 0.7557645843749999
2 0.5227375000000001 0.755035415625 0.5243812488372093 0.767447915625 0.5520375 0.7641625000000001 0.5523109372093024 0.7554000000000001 0.5227375000000001 0.755035415625
2 0.6503406255813954 0.707570834375 0.6476031255813953 0.717064584375 0.6810093744186047 0.722175 0.6804625000000001 0.7134125 0.6503406255813954 0.707570834375