1 0.28123906279069766 0.365514584375 0.3217875 0.3744 0.32351250000000004 0.362335415625 0.28384062558139533 0.353141665625 0.28123906279069766 0.365514584375
5 0.28123906279069766 0.39965625 0.31273124883720926 0.40485 0.3148875 0.396233334375 0.28384062558139533 0.38703958437499997 0.28123906279069766 0.39965625
0 0.3135937511627907 0.419214584375 0.279817188372093 0.409770834375 0.2795281255813954 0.42266250000000005 0.3131625 0.430704165625 0.3135937511627907 0.419214584375
2 0.3114390627906977 0.43932291562500003 0.277920311627907 0.43253333437499997 0.276942188372093 0.44391875000000003 0.309282811627907 0.45253750000000004 0.3114390627906977 0.43932291562500003
2 0.31100781162790697 0.472070834375 0.270332811627907 0.46414375 0.270904688372093 0.47839166562499996 0.30971406279069763 0.48471041562500006 0.31100781162790697 0.472070834375
2 0.6281062511627907 0.326652084375 0.588982811627907 0.330741665625 0.5897281255813953 0.33871666562499997 0.6276750000000001 0.339291665625 0.6281062511627907 0.326652084375
2 0.6263812511627906 0.35825 0.5946734372093023 0.359825 0.5953343744186047 0.371464584375 0.6268125 0.368591665625 0.6263812511627906 0.35825
0 0.6275078116279069 0.379079165625 0.5961343744186046 0.38177083437500003 0.5962671883720929 0.390704165625 0.6277890627906977 0.391079165625 0.6275078116279069 0.379079165625
0 0.880567188372093 0.38961250000000003 0.912620311627907 0.387329165625 0.9123390627906977 0.374954165625 0.8796906255813954 0.379454165625 0.880567188372093 0.38961250000000003
5 0.599229688372093 0.416022915625 0.6289156255813954 0.41582916562500005 0.6286343744186046 0.40382916562500004 0.5990812511627908 0.405329165625 0.599229688372093 0.416022915625
5 0.8830437511627908 0.41272083437499996 0.9140281255813952 0.409829165625 0.913745311627907 0.397454165625 0.882504688372093 0.403454165625 0.8830437511627908 0.41272083437499996
1 0.6359515627906978 0.436079165625 0.5964437488372094 0.43954583437499994 0.5962671883720929 0.449954165625 0.6345437511627907 0.448454165625 0.6359515627906978 0.436079165625
1 0.8836312488372092 0.447704165625 0.9216265627906977 0.444329165625 0.9210640627906976 0.43120416562499997 0.883067188372093 0.436829165625 0.8836312488372092 0.447704165625
2 0.8785640627906978 0.369704165625 0.91065 0.366329165625 0.9100875 0.353577084375 0.8785640627906978 0.358452084375 0.8785640627906978 0.369704165625
2 0.8712812488372093 0.33926666562499996 0.91065 0.33332708437499997 0.9098062488372093 0.317577084375 0.8692765627906978 0.328077084375 0.8712812488372093 0.33926666562499996