1 0.33682656279069767 0.146391665625 0.3353390627906977 0.161279165625 0.377395311627907 0.16773125 0.37813906279069764 0.155820834375 0.33682656279069767 0.146391665625
1 0.5601375000000001 0.26201875 0.5605093744186047 0.274920834375 0.6033109372093023 0.27690625 0.6029390627906978 0.263010415625 0.5601375000000001 0.26201875
1 0.7626062488372093 0.23522083437500002 0.7618624999999999 0.24861875000000003 0.803175 0.250604165625 0.803175 0.2362125 0.7626062488372093 0.23522083437500002
5 0.7681890627906978 0.202964584375 0.7681890627906978 0.215370834375 0.799825 0.2163625 0.7983359372093023 0.202964584375 0.7681890627906978 0.202964584375
5 0.5683265627906977 0.22876875000000002 0.5672093744186046 0.24067916562499997 0.5995890627906977 0.241672915625 0.6003343744186046 0.2297625 0.5683265627906977 0.22876875000000002
5 0.33868750000000003 0.18261875 0.33757187441860464 0.194529165625 0.37144062558139535 0.19750625 0.37218437441860464 0.18609166562499999 0.33868750000000003 0.18261875
0 0.33682656279069767 0.205941665625 0.336082811627907 0.21884375 0.37069531162790703 0.222814584375 0.37144062558139535 0.210904165625 0.33682656279069767 0.205941665625
2 0.33645468837209297 0.228272915625 0.33496562558139537 0.242664584375 0.37181250000000005 0.24464999999999998 0.3710687488372093 0.23273958437500003 0.33645468837209297 0.228272915625
2 0.33012812558139537 0.260529165625 0.328267188372093 0.273927084375 0.3710687488372093 0.27839375 0.37181250000000005 0.2659875 0.33012812558139537 0.260529165625
0 0.569070311627907 0.201972915625 0.5679531255813953 0.21785208437499998 0.602567188372093 0.21884375 0.602567188372093 0.201475 0.569070311627907 0.201972915625
2 0.5698140627906977 0.180633334375 0.5698140627906977 0.19750625 0.6029390627906978 0.19750625 0.602567188372093 0.18261875 0.5698140627906977 0.180633334375
2 0.5675812511627907 0.145895834375 0.5668375 0.16227291562499999 0.6077781255813953 0.16376041562500002 0.6077781255813953 0.146391665625 0.5675812511627907 0.145895834375
2 0.767817188372093 0.156814584375 0.767445311627907 0.169716665625 0.799825 0.17021250000000002 0.8001968744186047 0.157310415625 0.767817188372093 0.156814584375
2 0.76335 0.12555 0.76335 0.135970834375 0.8050359372093023 0.13646875 0.8046625000000001 0.125054165625 0.76335 0.12555
0 0.7666999999999999 0.179145834375 0.7666999999999999 0.191054165625 0.8009421883720931 0.191054165625 0.8005687511627908 0.17765625000000002 0.7666999999999999 0.179145834375