2 0.37539843720930227 0.566972915625 0.39804999999999996 0.567779165625 0.39804999999999996 0.557310415625 0.37358593720930233 0.558516665625 0.361204688372093 0.5556979156249999 0.3590906255813954 0.5528791656250001 0.35848593720930233 0.565766665625 0.37539843720930227 0.566972915625
2 0.395632811627907 0.5883166656250001 0.37811718837209307 0.589927084375 0.361204688372093 0.58670625 0.36150625116279067 0.597577084375 0.3938218744186046 0.5991875 0.395632811627907 0.5883166656250001
2 0.554792188372093 0.668045834375 0.5550953116279069 0.6551604156249999 0.5366718744186046 0.6559666656250001 0.5230812488372093 0.6547583343750001 0.5236859372093023 0.657577084375 0.5230812488372093 0.666839584375 0.554792188372093 0.668045834375
2 0.5556984372093023 0.70146875 0.5596249999999999 0.686166665625 0.5511687488372093 0.689389584375 0.5384843744186046 0.68818125 0.5291218744186046 0.686570834375 0.51825 0.684958334375 0.5203640627906977 0.699052084375 0.5345578116279069 0.699858334375 0.5556984372093023 0.70146875
2 0.7257312488372093 0.5951625 0.7051937511627907 0.594758334375 0.6943218744186046 0.594758334375 0.6958312488372094 0.6052291656250001 0.724825 0.608047915625 0.7257312488372093 0.5951625
2 0.712442188372093 0.576235415625 0.7296562488372093 0.577041665625 0.7314687511627908 0.562141665625 0.7070062488372094 0.563752084375 0.6925093744186046 0.562947915625 0.6931140627906976 0.57381875 0.7006640627906977 0.575027084375 0.712442188372093 0.576235415625
0 0.7266359372093024 0.61690625 0.6958312488372094 0.61690625 0.6955296883720931 0.6261687499999999 0.724825 0.62818125 0.7266359372093024 0.61690625
0 0.5529812488372093 0.6458999999999999 0.556604688372093 0.6358312500000001 0.5276125 0.63381875 0.5233843744186046 0.634220834375 0.5233843744186046 0.643885415625 0.5529812488372093 0.6458999999999999
0 0.39472812558139536 0.608047915625 0.37690937441860467 0.6104625 0.36331874883720927 0.60845 0.3621109372093024 0.616504165625 0.39291562558139537 0.6217374999999999 0.39472812558139536 0.608047915625
1 0.37811718837209307 0.677710415625 0.3935187511627907 0.677710415625 0.39533124883720927 0.666839584375 0.37358593720930233 0.66764375 0.3572781255813953 0.666435415625 0.35637187441860463 0.6744895843750001 0.3624125 0.675697915625 0.37811718837209307 0.677710415625
1 0.5593234372093023 0.5778458343749999 0.5351625 0.5778458343749999 0.5218734372093023 0.576235415625 0.5239875 0.587108334375 0.5584171883720931 0.589525 0.5593234372093023 0.5778458343749999
1 0.7263343744186046 0.685764584375 0.7284484372093023 0.675697915625 0.7039859372093024 0.6761 0.689792188372093 0.672072915625 0.6888859372093024 0.682139584375 0.7018718744186047 0.6853625 0.7263343744186046 0.685764584375
5 0.7251265627906976 0.64146875 0.6952281255813955 0.641066665625 0.6952281255813955 0.648314584375 0.7239187488372093 0.6515375 0.7251265627906976 0.64146875
5 0.5563031255813954 0.6108666656249999 0.5387859372093023 0.610060415625 0.5248937511627907 0.6096583343749999 0.5257999999999999 0.62053125 0.5556984372093023 0.6229458343750001 0.5563031255813954 0.6108666656249999
5 0.3627140627906977 0.64146875 0.3920093744186047 0.64509375 0.3938218744186046 0.635027084375 0.3714718744186047 0.6362354156250001 0.3621280744186046 0.63403609375 0.3627140627906977 0.64146875