2 0.4084734372093023 0.0908375 0.40891718837209307 0.07959374999999999 0.399145311627907 0.076041665625 0.36845 0.072935415625 0.36805312558139536 0.084327084375 0.3827109372093024 0.083735415625 0.39248281162790694 0.08610416562499999 0.4084734372093023 0.0908375
2 0.40447500000000003 0.107189584375 0.3898187488372093 0.10482291562499998 0.37089218837209303 0.1053375 0.3711625 0.11725000000000001 0.38537656279069765 0.11784166562500001 0.4040312488372093 0.120802084375 0.40447500000000003 0.107189584375
2 0.5640765627906976 0.176504165625 0.55475 0.17472916562500002 0.5315859372093024 0.175020834375 0.5320968744186046 0.186564584375 0.550307811627907 0.18715625 0.5640765627906976 0.18893125 0.5640765627906976 0.176504165625
2 0.554142188372093 0.220297915625 0.5661343744186047 0.222072915625 0.5670234372093023 0.208460415625 0.554142188372093 0.20727708437499998 0.525117188372093 0.205629165625 0.5252703116279069 0.213195834375 0.5257156255813953 0.220297915625 0.5412609372093024 0.21970625 0.554142188372093 0.220297915625
2 0.7355609372093023 0.11283541562499999 0.7200156255813953 0.111652084375 0.7013218744186046 0.11169166562499999 0.7013593744186047 0.12526458437500002 0.7129078116279071 0.1234875 0.7351171883720931 0.126447915625 0.7355609372093023 0.11283541562499999
2 0.740329688372093 0.093897915625 0.7412187511627907 0.08206250000000001 0.7341109372093023 0.07969375 0.7225624999999999 0.079102084375 0.6991187488372093 0.076525 0.6999109372093023 0.084429165625 0.699467188372093 0.08975625000000001 0.723895311627907 0.090347915625 0.740329688372093 0.093897915625
0 0.7361687511627908 0.13694375 0.7009531255813954 0.13480208437500002 0.701967188372093 0.1464125 0.7268406255813954 0.1464125 0.7352796883720931 0.14878125 0.7361687511627908 0.13694375
0 0.5303703116279069 0.154339584375 0.530870311627907 0.16730625 0.5637390627906976 0.16553125 0.5637390627906976 0.155470834375 0.5303703116279069 0.154339584375
0 0.403925 0.128835415625 0.36930624883720925 0.12748125 0.369279688372093 0.138895834375 0.387045311627907 0.139489584375 0.4030359372093023 0.141264584375 0.403925 0.128835415625
5 0.3705234372093023 0.1489875 0.3704468744186047 0.162710415625 0.40331562558139533 0.162710415625 0.40331562558139533 0.15028125 0.3705234372093023 0.1489875
5 0.5303703116279069 0.1265125 0.5300031255813953 0.139489584375 0.564204688372093 0.14008125 0.563317188372093 0.12824583437499998 0.5303703116279069 0.1265125
5 0.701929688372093 0.157770834375 0.7022406255813953 0.168389584375 0.7346656255813954 0.17016458437499998 0.734220311627907 0.158920834375 0.701929688372093 0.157770834375
1 0.738382811627907 0.1934625 0.719282811627907 0.19287083437500002 0.6975187511627907 0.191095834375 0.6971656255813954 0.202866665625 0.7197265627906977 0.20411666562500003 0.7379375 0.20648333437500002 0.738382811627907 0.1934625
1 0.5667281255813954 0.10747291562500001 0.568504688372093 0.093860415625 0.5494062488372093 0.09326875 0.5263437511627906 0.09134375 0.5267531255813953 0.10332916562500001 0.5440765627906977 0.10451250000000001 0.5560687511627908 0.10392083437499999 0.5667281255813954 0.10747291562500001
1 0.4060546883720931 0.189058334375 0.36442187441860463 0.185266665625 0.36519062558139537 0.197935415625 0.3882875 0.19734374999999998 0.40427812558139536 0.20148749999999999 0.4060546883720931 0.189058334375