1 0.5057187511627906 0.507775 0.4664312511627907 0.5060041656250001 0.466479688372093 0.51776875 0.5057187511627906 0.519691665625 0.5057187511627906 0.507775
1 0.5876593744186047 0.61156875 0.547970311627907 0.613877084375 0.5489968744186047 0.6227166656249999 0.5876593744186047 0.6219479156250001 0.5876593744186047 0.61156875
1 0.6788328116279069 0.632327084375 0.6796984372093023 0.620027084375 0.6638296883720931 0.621179165625 0.6402984372093024 0.616839584375 0.6398828116279069 0.6265625 0.647095311627907 0.6277145843749999 0.6788328116279069 0.632327084375
5 0.501679688372093 0.54045 0.469920311627907 0.53773125 0.4702312488372093 0.5504458343749999 0.5019687511627907 0.551214584375 0.501679688372093 0.54045
5 0.5505093744186047 0.5906104156249999 0.5821781255813954 0.590810415625 0.5818890627906977 0.581583334375 0.5501515627906977 0.5812 0.5505093744186047 0.5906104156249999
5 0.6453640627906977 0.594270834375 0.6768140627906978 0.595808334375 0.6768140627906978 0.586197915625 0.6459421883720929 0.584275 0.6453640627906977 0.594270834375
0 0.5022562511627907 0.565054165625 0.469920311627907 0.563960415625 0.4705187488372093 0.573127084375 0.5025453116279069 0.575047915625 0.5022562511627907 0.565054165625
2 0.502620311627907 0.58504375 0.46930468837209305 0.584689584375 0.46972968837209306 0.597345834375 0.502332811627907 0.597345834375 0.502620311627907 0.58504375
2 0.5052171883720931 0.616952084375 0.46549843720930234 0.616416665625 0.46540156279069766 0.6296375000000001 0.5052171883720931 0.630020834375 0.5052171883720931 0.616952084375
2 0.5429140627906976 0.513195834375 0.582542188372093 0.512770834375 0.5819656255813953 0.503929165625 0.5435906255813954 0.504314584375 0.5429140627906976 0.513195834375
2 0.5793687488372092 0.53506875 0.5492593744186046 0.535616665625 0.54965 0.547370834375 0.579945311627907 0.545064584375 0.5793687488372092 0.53506875
2 0.6472968744186046 0.55126875 0.6791968744186047 0.55390625 0.6783312488372093 0.5408354156249999 0.6474593744186047 0.5389125 0.6472968744186046 0.55126875
2 0.6852562511627908 0.5085437500000001 0.6450765627906977 0.50685 0.6448625000000001 0.51930625 0.6841015627906977 0.522383334375 0.6852562511627908 0.5085437500000001
0 0.6780437488372093 0.563516665625 0.6460281255813954 0.561420834375 0.646882811627907 0.573127084375 0.6780437488372093 0.575433334375 0.6780437488372093 0.563516665625
0 0.5502265627906977 0.566975 0.5811 0.567360415625 0.5813875 0.555827084375 0.5493609372093023 0.556595834375 0.5502265627906977 0.566975