1 0.3596593744186046 0.49720000000000003 0.360017188372093 0.511514584375 0.401529688372093 0.513425 0.402245311627907 0.50101875 0.3596593744186046 0.49720000000000003
1 0.5224906255813954 0.40797083437500004 0.522132811627907 0.42085416562500005 0.565792188372093 0.421808334375 0.5654343744186047 0.40988125000000003 0.5224906255813954 0.40797083437500004
1 0.6910468744186046 0.5053124999999999 0.6906890627906977 0.52058125 0.7318437511627907 0.52058125 0.732917188372093 0.5067437499999999 0.6910468744186046 0.5053124999999999
5 0.6939093744186047 0.471910415625 0.6953406255813953 0.486225 0.7296968744186046 0.486225 0.7293390627906976 0.47381875000000007 0.6939093744186047 0.471910415625
0 0.6956984372093024 0.448052084375 0.6960562511627907 0.46284583437500004 0.730770311627907 0.46332291562499994 0.730770311627907 0.450916665625 0.6956984372093024 0.448052084375
2 0.6971312488372093 0.426104165625 0.6967734372093023 0.44184999999999997 0.7289812488372093 0.44184999999999997 0.7296968744186046 0.425627084375 0.6971312488372093 0.426104165625
2 0.694982811627907 0.39365625 0.694625 0.409404165625 0.7364968744186046 0.409404165625 0.7361390627906977 0.396520834375 0.694982811627907 0.39365625
2 0.5275 0.48527083437499996 0.5264265627906977 0.501972915625 0.5600656255813953 0.501972915625 0.559707811627907 0.48670208437499995 0.5275 0.48527083437499996
2 0.520342188372093 0.516764584375 0.520342188372093 0.536804165625 0.5625718744186046 0.536804165625 0.5614984372093024 0.51915 0.520342188372093 0.516764584375
2 0.3650265627906977 0.41799166562499995 0.3661015627906977 0.431352084375 0.4004562488372093 0.4337375 0.39974062558139534 0.42228750000000004 0.3650265627906977 0.41799166562499995
2 0.36144843720930236 0.386022915625 0.36144843720930236 0.399383334375 0.4029609372093023 0.40224583437500006 0.4033187511627907 0.389839584375 0.36144843720930236 0.386022915625
5 0.36538437441860466 0.4638 0.3650265627906977 0.47906875 0.39830937441860464 0.47859166562500005 0.39902499999999996 0.4666625 0.36538437441860466 0.4638
5 0.5275 0.438510415625 0.527857811627907 0.45521041562500003 0.5604250000000001 0.456164584375 0.5604250000000001 0.44184999999999997 0.5275 0.438510415625
0 0.5257109372093023 0.46618541562500004 0.5253531255813954 0.4805 0.5604250000000001 0.48002291562500005 0.5600656255813953 0.46761666562500004 0.5257109372093023 0.46618541562500004
0 0.3635953116279069 0.439464584375 0.3646687511627907 0.453302084375 0.39902499999999996 0.456164584375 0.39974062558139534 0.44184999999999997 0.3635953116279069 0.439464584375