1 0.33273281162790697 0.821783334375 0.3323609372093023 0.834685415625 0.37181250000000005 0.839152084375 0.3725562488372093 0.826745834375 0.33273281162790697 0.821783334375
1 0.5567875 0.9294687500000001 0.5560437511627907 0.9438604156249999 0.5951234372093023 0.9473333343749999 0.5958671883720931 0.935920834375 0.5567875 0.9294687500000001
1 0.7588843744186047 0.906641665625 0.7592562488372093 0.9195437500000001 0.797592188372093 0.922025 0.7983359372093023 0.9111083343749999 0.7588843744186047 0.906641665625
5 0.7629781255813954 0.8738895843750001 0.7637234372093022 0.886295834375 0.7946140627906977 0.8872875 0.7953593744186046 0.8748812499999999 0.7629781255813954 0.8738895843750001
5 0.561254688372093 0.896220834375 0.560882811627907 0.9096187499999999 0.5936343744186047 0.9116041656249999 0.5936343744186047 0.9006875000000001 0.561254688372093 0.896220834375
5 0.3336640627906977 0.853510415625 0.33340156279069766 0.867108334375 0.3668734372093024 0.8702458343749999 0.3668734372093024 0.859785415625 0.3336640627906977 0.853510415625
0 0.33261718837209303 0.8768708343749999 0.33209531162790695 0.8915124999999999 0.3655656255813953 0.89325625 0.36608906279069764 0.881752084375 0.33261718837209303 0.8768708343749999
2 0.3310484372093023 0.89988125 0.3307875 0.913827084375 0.36452031162790693 0.915570834375 0.3647812511627907 0.9026708343750001 0.3310484372093023 0.89988125
2 0.32503437441860467 0.9305625 0.32503437441860467 0.947297915625 0.365304688372093 0.95148125 0.36608906279069764 0.9354437499999999 0.32503437441860467 0.9305625
2 0.562992188372093 0.8507208343749999 0.5627312511627907 0.8653645843750001 0.5941093744186047 0.8667583343749999 0.5946328116279069 0.8542062500000001 0.562992188372093 0.8507208343749999
2 0.5609000000000001 0.8169020843749999 0.5603781255813953 0.8329395843749999 0.601954688372093 0.8350312499999999 0.6014312488372092 0.8169020843749999 0.5609000000000001 0.8169020843749999
2 0.7625109372093023 0.8273604156250001 0.7630343744186047 0.8420041656249999 0.7954593744186046 0.842702084375 0.7946749999999999 0.82875625 0.7625109372093023 0.8273604156250001
2 0.7596343744186047 0.797725 0.7596343744186047 0.809927084375 0.7985968744186047 0.811670834375 0.7980734372093023 0.800514584375 0.7596343744186047 0.797725
0 0.7627718744186046 0.850372915625 0.7630343744186047 0.86083125 0.7959812488372092 0.8618770843749999 0.7938890627906977 0.8510687499999999 0.7627718744186046 0.850372915625
0 0.5616843744186046 0.8733833343749999 0.5616843744186046 0.887329165625 0.5948937511627908 0.8880270843750001 0.595417188372093 0.87408125 0.5616843744186046 0.8733833343749999