5 0.49063437441860464 0.14808333437500001 0.49063437441860464 0.1358875 0.4713625 0.135452084375 0.4592765627906977 0.135016665625 0.45895 0.147647915625 0.47789531162790694 0.146341665625 0.49063437441860464 0.14808333437500001
5 0.5935312511627907 0.1916375 0.5624984372093023 0.190766665625 0.562825 0.1999125 0.591570311627907 0.202960415625 0.5935312511627907 0.1916375
5 0.7045937488372093 0.1833625 0.6732343744186047 0.18249166562500002 0.6745406255813953 0.195120834375 0.701979688372093 0.195120834375 0.7045937488372093 0.1833625
0 0.7045937488372093 0.156358334375 0.6719281255813954 0.15940625 0.672907811627907 0.169425 0.7036140627906977 0.169425 0.7045937488372093 0.156358334375
0 0.593857811627907 0.165504165625 0.563804688372093 0.16506875000000001 0.5615187511627907 0.1750875 0.5928781255813953 0.1777 0.593857811627907 0.165504165625
0 0.4899812511627907 0.162891665625 0.4592765627906977 0.160714584375 0.45862187441860464 0.171602084375 0.489654688372093 0.172472915625 0.4899812511627907 0.162891665625
1 0.49390156279069763 0.11716041562499999 0.49520781162790695 0.103222915625 0.465482811627907 0.10148125 0.4579687511627907 0.103222915625 0.45437656279069766 0.112804165625 0.48279531162790695 0.11236874999999999 0.49390156279069763 0.11716041562499999
1 0.5951640627906977 0.22517291562500003 0.5696843744186046 0.222560415625 0.556945311627907 0.22343125000000003 0.5595593744186047 0.232577084375 0.5941843744186046 0.235191665625 0.5951640627906977 0.22517291562500003
1 0.7049203116279069 0.227352084375 0.7065531255813953 0.21863958437500003 0.6859734372093023 0.21602708437499998 0.6706218744186047 0.215591665625 0.6686609372093023 0.21776875 0.6683343744186047 0.22648125000000002 0.7049203116279069 0.227352084375
2 0.7049203116279069 0.136758334375 0.6849937511627906 0.136758334375 0.6735609372093024 0.137195834375 0.6742140627906976 0.150695834375 0.7032859372093023 0.147647915625 0.7049203116279069 0.136758334375
2 0.7094937511627907 0.11585416562499999 0.7098203116279069 0.10017499999999999 0.6849937511627906 0.10061041562499999 0.6709484372093024 0.103222915625 0.669967188372093 0.11585416562499999 0.6921796883720931 0.112804165625 0.7094937511627907 0.11585416562499999
2 0.5732781255813953 0.152875 0.5945109372093024 0.1554875 0.5945109372093024 0.1441625 0.5752375 0.14285625 0.563804688372093 0.1446 0.561845311627907 0.14285625 0.5644593744186047 0.154616665625 0.5732781255813953 0.152875
2 0.5981046883720931 0.12369375 0.598757811627907 0.113675 0.5749109372093023 0.111497915625 0.559232811627907 0.111933334375 0.5598859372093024 0.120208334375 0.582425 0.120208334375 0.5981046883720931 0.12369375
2 0.4726687488372093 0.193379165625 0.48867499999999997 0.19555625000000001 0.4893281255813953 0.18466875 0.47103593720930237 0.18161875 0.46025625116279073 0.18205625 0.4566625 0.18161875 0.45895 0.193379165625 0.4726687488372093 0.193379165625
2 0.47201562558139537 0.227352084375 0.49259531162790693 0.229964584375 0.49292187441860463 0.2164625 0.46482968837209304 0.21515625 0.452742188372093 0.21602708437499998 0.4524156255813953 0.22778749999999998 0.455682811627907 0.227352084375 0.47201562558139537 0.227352084375