2 0.4367640627906977 0.830479165625 0.4360015627906977 0.848783334375 0.47922031162790696 0.8508166656249999 0.47922031162790696 0.8348854156250001 0.4367640627906977 0.830479165625
2 0.4393062511627907 0.8643770843749999 0.43905312558139536 0.880308334375 0.47286406279069765 0.8836979156250001 0.47210156279069765 0.8670875 0.4393062511627907 0.8643770843749999
2 0.5628609372093023 0.9267479156249999 0.5628609372093023 0.942 0.5946406255813954 0.9423395843750001 0.5941312511627908 0.929458334375 0.5628609372093023 0.9267479156249999
2 0.6592140627906976 0.915560415625 0.6592140627906976 0.9301375000000001 0.6922640627906976 0.930475 0.6920093744186047 0.91725625 0.6592140627906976 0.915560415625
2 0.5580312488372093 0.96030625 0.5593031255813954 0.9762375000000001 0.597945311627907 0.975897915625 0.5982 0.96335625 0.5580312488372093 0.96030625
2 0.653620311627907 0.947425 0.6546375 0.9630166656249999 0.6945515627906976 0.9609833343749999 0.6948062488372093 0.9521708343749999 0.653620311627907 0.947425
0 0.4385437511627907 0.8864104156250001 0.4385437511627907 0.9013249999999999 0.4718484372093023 0.902679165625 0.4726109372093023 0.8901375 0.4385437511627907 0.8864104156250001
0 0.5631156255813954 0.9050520843750001 0.562607811627907 0.92030625 0.5946406255813954 0.9199666656250001 0.5946406255813954 0.9070874999999999 0.5631156255813954 0.9050520843750001
0 0.6587062511627907 0.8928499999999999 0.6592140627906976 0.9091208343750001 0.6917546883720931 0.909797915625 0.6927718744186047 0.8962395843750001 0.6587062511627907 0.8928499999999999
5 0.6597218744186046 0.8704770843749999 0.6599765627906976 0.883358334375 0.6925187488372092 0.8836979156250001 0.6930265627906976 0.87285 0.6597218744186046 0.8704770843749999
5 0.562607811627907 0.8820020843749999 0.5628609372093023 0.896579165625 0.5951484372093023 0.8958999999999999 0.5951484372093023 0.885391665625 0.562607811627907 0.8820020843749999
5 0.4367640627906977 0.914883334375 0.43701875116279065 0.927425 0.4698140627906977 0.927425 0.4700687488372093 0.9159 0.4367640627906977 0.914883334375
1 0.430917188372093 0.945729165625 0.431425 0.96064375 0.47235624883720934 0.962 0.47362812558139533 0.948779165625 0.430917188372093 0.945729165625
1 0.5593031255813954 0.8497999999999999 0.5582859372093023 0.863360415625 0.599979688372093 0.862341665625 0.5997250000000001 0.8514958343749999 0.5593031255813954 0.8497999999999999
1 0.6569265627906977 0.837258334375 0.6569265627906977 0.8514958343749999 0.6973484372093023 0.852172915625 0.6976031255813953 0.8409875 0.6569265627906977 0.837258334375