1 0.48590781162790697 0.20874375 0.4690046883720931 0.20784375000000002 0.469204688372093 0.222129165625 0.48827343720930233 0.22135625 0.5088968744186047 0.22270833437499998 0.5092343744186046 0.210997915625 0.48590781162790697 0.20874375
1 0.5487890627906977 0.318202084375 0.5483906255813954 0.32870208437500004 0.573129688372093 0.3281125 0.587667188372093 0.32901250000000004 0.587329688372093 0.316852084375 0.5487890627906977 0.318202084375
1 0.6823281255813953 0.336220834375 0.6826656255813953 0.323608334375 0.642075 0.320770834375 0.6417593744186046 0.330364584375 0.662720311627907 0.33531875 0.6823281255813953 0.336220834375
5 0.5054781255813954 0.255595834375 0.5052109372093023 0.245270834375 0.49452343720930236 0.243491665625 0.4730656255813953 0.24293333437500003 0.47288125116279073 0.254883334375 0.48730937441860467 0.254170834375 0.5054781255813954 0.255595834375
5 0.5826937488372093 0.294754165625 0.5824265627906977 0.28549791562500004 0.5497500000000001 0.284458334375 0.5511656255813954 0.296179165625 0.5607843744186046 0.29333125 0.5826937488372093 0.294754165625
5 0.6796812488372094 0.303297915625 0.6802156255813954 0.290483334375 0.6481765627906976 0.288375 0.6478859372093023 0.297245834375 0.6599093744186046 0.30080625 0.6796812488372094 0.303297915625
0 0.5057453116279069 0.281583334375 0.5057453116279069 0.26876666562499996 0.4727718744186047 0.2676125 0.4734156255813953 0.278379165625 0.497195311627907 0.27873541562500004 0.5057453116279069 0.281583334375
0 0.5495625 0.269479165625 0.5826937488372093 0.26876666562499996 0.581625 0.260935415625 0.5495625 0.261291665625 0.5495625 0.269479165625
0 0.6812843744186047 0.281583334375 0.6826203116279069 0.26591875 0.648470311627907 0.26487083437500003 0.6481531255813954 0.27553125 0.6711312488372093 0.27659791562499997 0.6812843744186047 0.281583334375
2 0.5054781255813954 0.289770834375 0.47335937441860465 0.289158334375 0.47288125116279073 0.3011625 0.5054781255813954 0.30080625 0.5054781255813954 0.289770834375
2 0.5094859372093024 0.334625 0.5086843744186047 0.322166665625 0.49024843720930233 0.320029165625 0.4686593744186046 0.32088958437500004 0.4686062488372093 0.33426875 0.4857062488372093 0.33355833437500004 0.5094859372093024 0.334625
2 0.572807811627907 0.20646874999999998 0.551967188372093 0.207535415625 0.54315 0.207179165625 0.5421109372093023 0.216685415625 0.564792188372093 0.21679166562500002 0.5832281255813954 0.217504165625 0.5821593744186047 0.207891665625 0.572807811627907 0.20646874999999998
2 0.674604688372093 0.210027084375 0.648954688372093 0.20967291562499998 0.6487640627906976 0.22099375000000002 0.6708640627906977 0.2224875 0.6879640627906977 0.22426875000000002 0.6882312488372093 0.211808334375 0.674604688372093 0.210027084375
2 0.5802890627906977 0.238508334375 0.559982811627907 0.23886250000000003 0.5479875 0.239014584375 0.5490281255813954 0.25167916562500003 0.5800218744186046 0.2499 0.5802890627906977 0.238508334375
2 0.6493515627906977 0.253902084375 0.6815515627906977 0.257375 0.6815515627906977 0.24455833437500002 0.6497562511627908 0.242422915625 0.6493515627906977 0.253902084375