0 0.5922656255813953 0.587189584375 0.579629688372093 0.588241665625 0.55975 0.585395834375 0.5590968744186047 0.5971875 0.5725218744186047 0.598764584375 0.5918703116279069 0.599291665625 0.5922656255813953 0.587189584375
0 0.717029688372093 0.590985415625 0.702025 0.590460415625 0.6839343744186047 0.5917625 0.6842562488372093 0.604664584375 0.695707811627907 0.604664584375 0.7162406255813953 0.6036125 0.717029688372093 0.590985415625
0 0.8483453116279069 0.588883334375 0.8337359372093024 0.589410415625 0.8150687488372093 0.586552084375 0.8151781255813954 0.6004583343750001 0.8286031255813954 0.6004583343750001 0.8471609372093023 0.6020375 0.8483453116279069 0.588883334375
2 0.7164609372093023 0.612033334375 0.7034312488372093 0.613085415625 0.6848031255813953 0.612027084375 0.6844781255813954 0.624133334375 0.697507811627907 0.6251854156250001 0.7168562511627907 0.6246583343750001 0.7164609372093023 0.612033334375
2 0.7212 0.65885625 0.720804688372093 0.6436 0.7018515627906977 0.645177084375 0.6804609372093023 0.64386875 0.6805281255813953 0.6520166656249999 0.6821078116279069 0.659383334375 0.6982968744186047 0.6599083343750001 0.7212 0.65885625
2 0.8545890627906977 0.5501437499999999 0.8541937511627907 0.532783334375 0.8336609372093023 0.5343604156249999 0.8142 0.530972915625 0.8115484372093023 0.535939584375 0.8119437488372093 0.5469875 0.832082811627907 0.549091665625 0.8545890627906977 0.5501437499999999
2 0.8490609372093023 0.56803125 0.8151031255813954 0.566454165625 0.8150687488372093 0.57786875 0.8364250000000001 0.5827625000000001 0.8486656255813954 0.581710415625 0.8490609372093023 0.56803125
2 0.5982343744186047 0.548035415625 0.5986281255813953 0.5369875000000001 0.5808593744186047 0.536460415625 0.556275 0.5332895843750001 0.555982811627907 0.5433 0.5709890627906976 0.545404165625 0.5903375 0.548560415625 0.5982343744186047 0.548035415625
2 0.5595375 0.564870834375 0.5593156255813954 0.577289584375 0.5931015627906977 0.57855 0.5931015627906977 0.56645 0.5595375 0.564870834375
5 0.5590875 0.6117125 0.5588812511627907 0.62186875 0.5898859372093023 0.62644375 0.5906765627906977 0.613291665625 0.5590875 0.6117125
5 0.6843687488372093 0.565710415625 0.6844828116279069 0.579204165625 0.7176515627906976 0.578679165625 0.7168609372093023 0.5650000000000001 0.6843687488372093 0.565710415625
5 0.8470390627906976 0.61656875 0.8347984372093024 0.615514584375 0.8150687488372093 0.612027084375 0.8146609372093022 0.62340625 0.8284812488372093 0.6255124999999999 0.84625 0.626564584375 0.8470390627906976 0.61656875
1 0.8501984372093023 0.648660415625 0.8347984372093024 0.647608334375 0.808120311627907 0.645027084375 0.8079484372093023 0.659183334375 0.8265062511627908 0.660235415625 0.8498031255813954 0.660235415625 0.8501984372093023 0.648660415625
1 0.7210781255813954 0.54606875 0.720682811627907 0.5334416656250001 0.7033093744186046 0.5334416656250001 0.6791593744186046 0.534445834375 0.6792218744186046 0.541860415625 0.6796171883720931 0.54606875 0.6926468744186047 0.54606875 0.7210781255813954 0.54606875
1 0.5937781255813953 0.6578666656250001 0.5941734372093023 0.646291665625 0.5696906255813954 0.645766665625 0.554104688372093 0.6427104156250001 0.5535015627906977 0.64734375 0.5535015627906977 0.656814584375 0.570875 0.6578666656250001 0.5937781255813953 0.6578666656250001