5 0.49016718837209305 0.69666875 0.45930156279069767 0.69666875 0.45930156279069767 0.70646875 0.49016718837209305 0.706958334375 0.49016718837209305 0.69666875
5 0.5908468744186046 0.750070834375 0.5706375 0.75203125 0.5599812488372092 0.74713125 0.5596140627906977 0.756929165625 0.5893765627906976 0.761829165625 0.5908468744186046 0.750070834375
5 0.7010781255813954 0.74468125 0.6819718744186046 0.7432125 0.6705812511627908 0.7407625 0.6702140627906977 0.751541665625 0.6996093744186046 0.755460415625 0.7010781255813954 0.74468125
0 0.7018140627906977 0.714795834375 0.6823390627906977 0.7192062499999999 0.6709484372093024 0.717245834375 0.6724187488372093 0.729983334375 0.6996093744186046 0.7294937499999999 0.7018140627906977 0.714795834375
0 0.5923156255813954 0.724595834375 0.5614515627906976 0.723614584375 0.561082811627907 0.733904165625 0.5915812511627907 0.736352084375 0.5923156255813954 0.724595834375
0 0.49053437441860465 0.7206750000000001 0.46812031162790696 0.722145834375 0.45672968837209305 0.7187166656249999 0.45893437441860463 0.733904165625 0.4890640627906977 0.732922915625 0.49053437441860465 0.7206750000000001
1 0.4934734372093023 0.664335415625 0.47473437441860467 0.664335415625 0.45562812558139537 0.6628645843750001 0.4570968744186047 0.674622915625 0.4927390627906976 0.6770729156249999 0.4934734372093023 0.664335415625
1 0.5941531255813953 0.783875 0.5717390627906977 0.783385415625 0.5574093744186047 0.781425 0.5563062511627908 0.7912250000000001 0.5934187511627907 0.796122915625 0.5941531255813953 0.783875
1 0.7021812511627906 0.787795834375 0.703282811627907 0.77750625 0.6805015627906977 0.77750625 0.6672734372093023 0.7760374999999999 0.6650687488372092 0.785835415625 0.6812374999999999 0.7892645843749999 0.7021812511627906 0.787795834375
2 0.6823390627906977 0.7108770843750001 0.6992421883720931 0.709897915625 0.703282811627907 0.697158334375 0.691892188372093 0.697158334375 0.679767188372093 0.696179165625 0.6694781255813953 0.696179165625 0.6746234372093023 0.708427084375 0.6760921883720931 0.7094083343750001 0.6823390627906977 0.7108770843750001
2 0.7065906255813954 0.662375 0.681604688372093 0.665314584375 0.6687437488372093 0.6628645843750001 0.6691109372093023 0.675602084375 0.7065906255813954 0.678052084375 0.7065906255813954 0.662375
2 0.5919484372093023 0.703529165625 0.5614515627906976 0.7025479156250001 0.5618187511627907 0.713327084375 0.5919484372093023 0.717735415625 0.5919484372093023 0.703529165625
2 0.5974593744186046 0.674622915625 0.5717390627906977 0.674133334375 0.5577765627906976 0.670214584375 0.5581437488372093 0.680502084375 0.5974593744186046 0.684910415625 0.5974593744186046 0.674622915625
2 0.48869687441860465 0.741741665625 0.457832811627907 0.741741665625 0.45746562558139536 0.753010415625 0.48943281162790697 0.754970834375 0.48869687441860465 0.741741665625
2 0.4692234372093023 0.788285415625 0.4898 0.7873041656249999 0.4916375 0.7735875 0.46812031162790696 0.776527084375 0.4515859372093023 0.774566665625 0.45342343720930234 0.787795834375 0.45526093720930233 0.7873041656249999 0.4692234372093023 0.788285415625