2 0.31506093720930234 0.56746875 0.31506093720930234 0.55324375 0.3035625 0.55543125 0.29165312558139533 0.554883334375 0.27354843720930233 0.5520875000000001 0.2739937488372093 0.564733334375 0.285082811627907 0.5669208343750001 0.2953484372093023 0.569658334375 0.31506093720930234 0.56746875
2 0.3105437488372093 0.583966665625 0.29165312558139533 0.585608334375 0.2781015627906977 0.583966665625 0.27716093720930235 0.5968916656250001 0.29822343720930233 0.597645834375 0.3109531255813954 0.5965520843750001 0.3105437488372093 0.583966665625
2 0.4388625 0.6535124999999999 0.42449062558139533 0.65625 0.40583593720930233 0.6534187499999999 0.40559999999999996 0.666097915625 0.41627656279069764 0.667739584375 0.4384515627906977 0.667739584375 0.4388625 0.6535124999999999
2 0.44044687441860464 0.7008416656249999 0.440857811627907 0.68606875 0.4252531255813954 0.687710415625 0.3993812488372093 0.6839500000000001 0.399792188372093 0.7002937499999999 0.41457656279069766 0.7008416656249999 0.42607500000000004 0.7013874999999999 0.44044687441860464 0.7008416656249999
2 0.6034625 0.6021708343750001 0.6042843744186047 0.584114584375 0.5853937511627907 0.587397915625 0.5638640627906977 0.581414584375 0.562807811627907 0.597247915625 0.5767687488372093 0.600529165625 0.5886781255813953 0.60271875 0.6034625 0.6021708343750001
2 0.5993562488372093 0.621322915625 0.58375 0.623510415625 0.5669140627906977 0.61968125 0.5665734372093023 0.631991665625 0.5882687511627908 0.635547915625 0.5993562488372093 0.632264584375 0.5993562488372093 0.621322915625
0 0.596370311627907 0.652741665625 0.596370311627907 0.640704165625 0.5774796883720931 0.6439874999999999 0.5639281255813954 0.640704165625 0.563917188372093 0.655047915625 0.5762484372093024 0.65493125 0.5856937488372093 0.65493125 0.596370311627907 0.652741665625
0 0.43734999999999996 0.632960415625 0.42338749999999997 0.6373375 0.4045343744186047 0.633725 0.40490781162790696 0.6449979156250001 0.4118890627906977 0.647185415625 0.43652812558139537 0.6449979156250001 0.43734999999999996 0.632960415625
0 0.3084968744186047 0.6057750000000001 0.2961765627906977 0.608510415625 0.27599218837209305 0.604720834375 0.27523281162790697 0.61671875 0.29083749999999997 0.61890625 0.30767500000000003 0.6178125 0.3084968744186047 0.6057750000000001
5 0.30761249999999996 0.631175 0.29200624883720927 0.6328166656249999 0.2759906255813953 0.629533334375 0.27535468837209304 0.641625 0.29570312558139533 0.644854165625 0.3072015627906977 0.6432125 0.30761249999999996 0.631175
5 0.4379781255813953 0.606225 0.42360468837209303 0.607864584375 0.4057031255813954 0.6065270843749999 0.405125 0.6188083343749999 0.42196249999999996 0.6199020843749999 0.43838906279069767 0.6188083343749999 0.4379781255813953 0.606225
5 0.5985234372093022 0.667229165625 0.5829187488372093 0.669416665625 0.5659359372093024 0.6648583343750001 0.5644390627906977 0.676529165625 0.5751156255813954 0.6803604156249999 0.5972921883720931 0.6803604156249999 0.5985234372093022 0.667229165625
1 0.5989968744186046 0.710852084375 0.5998187511627906 0.69826875 0.5866781255813953 0.701004165625 0.5768218744186047 0.701004165625 0.558445311627907 0.6950375 0.5579312511627907 0.7092125 0.575179688372093 0.7124937499999999 0.591195311627907 0.713041665625 0.5989968744186046 0.710852084375
1 0.4425031255813953 0.586879165625 0.4425031255813953 0.574295834375 0.4203281255813954 0.575389584375 0.40015156279069763 0.574189584375 0.4006156255813954 0.585785415625 0.4158109372093023 0.587427084375 0.4268984372093023 0.5885208343749999 0.4425031255813953 0.586879165625
1 0.31151406279069765 0.664316665625 0.29590937441860465 0.66595625 0.268767188372093 0.663477084375 0.26880624883720927 0.67799375 0.288107811627907 0.678541665625 0.3106937488372093 0.677447915625 0.31151406279069765 0.664316665625