1 0.4983375 0.6032708343750001 0.4675437511627907 0.599572915625 0.4677109372093023 0.613452084375 0.4841890627906977 0.613989584375 0.5072156255813953 0.613620834375 0.5069375 0.600683334375 0.4983375 0.6032708343750001
1 0.5804562511627908 0.717858334375 0.5818437511627907 0.705291665625 0.5552109372093024 0.710095834375 0.5430640627906977 0.70985625 0.5424484372093024 0.718966665625 0.5557656255813953 0.718229165625 0.5804562511627908 0.717858334375
1 0.6756140627906977 0.7263604156250001 0.676445311627907 0.713422915625 0.653142188372093 0.713422915625 0.6358062488372093 0.70904375 0.6353859372093024 0.720077084375 0.6553609372093023 0.726729165625 0.6756140627906977 0.7263604156250001
5 0.5033312488372093 0.645779165625 0.503054688372093 0.634689584375 0.47106562558139536 0.633791665625 0.47115 0.6446708343750001 0.484467188372093 0.645779165625 0.5033312488372093 0.645779165625
5 0.576017188372093 0.673870834375 0.554932811627907 0.67830625 0.5445890627906976 0.676502084375 0.5443906255813953 0.6853312500000001 0.576017188372093 0.68606875 0.576017188372093 0.673870834375
5 0.6722843744186047 0.691614584375 0.6728390627906977 0.681264584375 0.6539734372093023 0.6816333343750001 0.6412984372093024 0.6781291656249999 0.640379688372093 0.687547915625 0.648979688372093 0.690135415625 0.6722843744186047 0.691614584375
0 0.5036093744186046 0.657977084375 0.4875187488372093 0.659085415625 0.4713718744186047 0.658197915625 0.47115 0.6690666656250001 0.503054688372093 0.67054375 0.5036093744186046 0.657977084375
0 0.5754625 0.647627084375 0.564642188372093 0.65169375 0.5433687488372093 0.651689584375 0.5427265627906976 0.661304165625 0.5757390627906978 0.660564584375 0.5754625 0.647627084375
0 0.6736718744186047 0.6564979156249999 0.6570250000000001 0.657977084375 0.6416031255813953 0.654129165625 0.6414906255813952 0.665 0.6736718744186047 0.668695834375 0.6736718744186047 0.6564979156249999
2 0.6556390627906977 0.634320834375 0.6420453116279069 0.63099375 0.642517188372093 0.643960415625 0.6595218744186047 0.647258334375 0.6745031255813954 0.647995834375 0.6753359372093023 0.635429165625 0.6556390627906977 0.634320834375
2 0.6661812511627907 0.6032708343750001 0.6414906255813952 0.598464584375 0.6406875000000001 0.612639584375 0.6570250000000001 0.615097915625 0.6800515627906977 0.6158375 0.6800515627906977 0.601791665625 0.6661812511627907 0.6032708343750001
2 0.5762953116279069 0.6106625 0.5762953116279069 0.59735625 0.5590937511627907 0.599572915625 0.5369625 0.599216665625 0.537454688372093 0.6106625 0.5507718744186046 0.609922915625 0.5762953116279069 0.6106625
2 0.5025 0.6919833343749999 0.5025 0.68015625 0.48862812558139535 0.679785415625 0.47167656279069764 0.678941665625 0.471704688372093 0.69050625 0.48280156279069764 0.691614584375 0.5025 0.6919833343749999
2 0.5058281255813953 0.725620834375 0.5074921883720931 0.713054165625 0.4861312511627907 0.713054165625 0.4671 0.711483334375 0.4667109372093023 0.723772915625 0.4872406255813953 0.725991665625 0.5058281255813953 0.725620834375
2 0.574907811627907 0.6398645843749999 0.574907811627907 0.628035415625 0.557707811627907 0.629885415625 0.5424531255813954 0.629316665625 0.5418937511627907 0.64134375 0.554932811627907 0.6417125 0.574907811627907 0.6398645843749999