1 0.7197687511627907 0.720304165625 0.7193656255813954 0.73694375 0.7600234372093023 0.735870834375 0.7596218744186046 0.7229895843749999 0.7197687511627907 0.720304165625
1 0.5792765627906976 0.709033334375 0.5784718744186047 0.724597915625 0.619129688372093 0.7267458343750001 0.6171171883720931 0.712791665625 0.5792765627906976 0.709033334375
1 0.396517188372093 0.8136979156249999 0.396517188372093 0.8276520843749999 0.43596718837209303 0.828189584375 0.43757656279069773 0.8147708343750001 0.396517188372093 0.8136979156249999
5 0.40013906279069766 0.779345834375 0.400945311627907 0.7949125 0.43274687441860465 0.7949125 0.4331484372093023 0.779345834375 0.40013906279069766 0.779345834375
5 0.5812890627906977 0.7433854156249999 0.5804843744186047 0.757877084375 0.6130906255813953 0.7584125 0.6130906255813953 0.7466062499999999 0.5812890627906977 0.7433854156249999
5 0.7237937511627907 0.75465625 0.7241968744186046 0.768075 0.7559984372093023 0.766464584375 0.7547906255813954 0.75465625 0.7237937511627907 0.75465625
0 0.7245984372093024 0.777735415625 0.7245984372093024 0.7938375 0.7568031255813953 0.7933020843749999 0.7568031255813953 0.777735415625 0.7245984372093024 0.777735415625
0 0.579679688372093 0.7675375 0.579679688372093 0.783104165625 0.6130906255813953 0.784177084375 0.6126890627906977 0.770758334375 0.579679688372093 0.7675375
0 0.400542188372093 0.7530458343750001 0.40134687441860467 0.768075 0.4343562511627907 0.769147915625 0.4343562511627907 0.755729165625 0.400542188372093 0.7530458343750001
2 0.39973749999999997 0.7331875 0.40013906279069766 0.74606875 0.4343562511627907 0.748214584375 0.4351625 0.7331875 0.39973749999999997 0.7331875
2 0.398529688372093 0.696152084375 0.398529688372093 0.7149375 0.44120000000000004 0.716547915625 0.43999218837209303 0.7009833343749999 0.398529688372093 0.696152084375
2 0.5800812511627906 0.79008125 0.5800812511627906 0.805110415625 0.6118828116279069 0.8061833343749999 0.6114812488372093 0.7916916656249999 0.5800812511627906 0.79008125
2 0.5724328116279069 0.8201395843749999 0.5720312511627906 0.840535415625 0.6147015627906977 0.840535415625 0.6138968744186046 0.8233583343750001 0.5724328116279069 0.8201395843749999
2 0.7217812488372093 0.831410415625 0.7209765627906977 0.84805 0.7632437511627908 0.8469749999999999 0.7624390627906976 0.8340937500000001 0.7217812488372093 0.831410415625
2 0.7245984372093024 0.799741665625 0.7262093744186047 0.8147708343750001 0.7592187511627907 0.8136979156249999 0.7580109372093023 0.800816665625 0.7245984372093024 0.799741665625