2 0.49063437441860464 0.256097915625 0.4596031255813954 0.254354165625 0.459929688372093 0.266114584375 0.4893281255813953 0.2691625 0.49063437441860464 0.256097915625
2 0.49259531162790693 0.3027 0.49422812558139534 0.289197915625 0.46809531162790696 0.285277084375 0.452742188372093 0.286585415625 0.45306874883720927 0.300522915625 0.47462812558139533 0.300522915625 0.49259531162790693 0.3027
2 0.5948375 0.217333334375 0.5641312488372093 0.21515625 0.5634781255813953 0.22604375000000002 0.5941843744186046 0.22909375 0.5948375 0.217333334375
2 0.5997375 0.186845834375 0.578504688372093 0.18466875 0.5621718744186046 0.1833625 0.5611921883720931 0.19424999999999998 0.5984312488372093 0.19773541562500002 0.5997375 0.186845834375
2 0.7098203116279069 0.172908334375 0.6859734372093023 0.175958334375 0.6689875 0.175958334375 0.6712750000000001 0.186845834375 0.7094937511627907 0.189460415625 0.7098203116279069 0.172908334375
2 0.7045937488372093 0.221254165625 0.7042671883720931 0.20949374999999998 0.6931609372093024 0.20818750000000003 0.6755203116279069 0.20992916562500002 0.6742140627906976 0.20992916562500002 0.6738875 0.22168958437500003 0.7045937488372093 0.221254165625
0 0.7045937488372093 0.22952916562499998 0.6862999999999999 0.229964584375 0.6751937511627907 0.23127083437499998 0.6719281255813954 0.242595834375 0.7032859372093023 0.24303124999999998 0.7045937488372093 0.22952916562499998
0 0.5945109372093024 0.23867500000000003 0.563804688372093 0.23867500000000003 0.5641312488372093 0.24564375 0.593204688372093 0.251741665625 0.5945109372093024 0.23867500000000003
0 0.4912875 0.235627084375 0.473975 0.233447915625 0.4609093744186047 0.234320834375 0.4596031255813954 0.245208334375 0.4912875 0.246079165625 0.4912875 0.235627084375
1 0.4961875 0.189022915625 0.49553437441860465 0.175958334375 0.47201562558139537 0.17421458437499998 0.4579687511627907 0.175522915625 0.4566625 0.185539584375 0.4769156255813954 0.185539584375 0.4961875 0.189022915625
1 0.557925 0.303570834375 0.5935312511627907 0.309233334375 0.5951640627906977 0.296602084375 0.5778515627906976 0.296166665625 0.5624984372093023 0.29573125 0.5611921883720931 0.294425 0.557925 0.294425 0.557925 0.303570834375
1 0.7078593744186046 0.29006875 0.6892406255813953 0.288327084375 0.6696406255813954 0.2887625 0.6686609372093023 0.29965 0.7039406255813954 0.30139375 0.7078593744186046 0.29006875
5 0.7049203116279069 0.256097915625 0.6947937511627906 0.255225 0.6748671883720929 0.255660415625 0.6751937511627907 0.26655 0.7023062511627908 0.267420834375 0.7049203116279069 0.256097915625
5 0.593204688372093 0.2639375 0.574257811627907 0.262629165625 0.563804688372093 0.263064584375 0.561845311627907 0.271341665625 0.5918968744186046 0.273083334375 0.593204688372093 0.2639375
5 0.4932484372093023 0.223866665625 0.4912875 0.210364584375 0.4726687488372093 0.208622915625 0.46123593720930234 0.208622915625 0.460582811627907 0.22081875 0.4726687488372093 0.219077084375 0.4932484372093023 0.223866665625