2 0.5767968744186047 0.906925 0.575842188372093 0.9205 0.6076562511627908 0.922195834375 0.6076562511627908 0.909470834375 0.5767968744186047 0.906925
2 0.571070311627907 0.9400124999999999 0.569479688372093 0.955283334375 0.610520311627907 0.95655625 0.610520311627907 0.9429812500000001 0.571070311627907 0.9400124999999999
2 0.7209171883720931 0.9497687499999999 0.7209171883720931 0.9637666656249999 0.761957811627907 0.96291875 0.761957811627907 0.950616665625 0.7209171883720931 0.9497687499999999
2 0.7237796883720929 0.9179541656250001 0.7237796883720929 0.931529165625 0.7581390627906976 0.931529165625 0.7578218744186046 0.918802084375 0.7237796883720929 0.9179541656250001
2 0.39895312558139534 0.849658334375 0.39895312558139534 0.8640812499999999 0.432995311627907 0.86450625 0.432995311627907 0.852629165625 0.39895312558139534 0.849658334375
2 0.3967265627906977 0.816147915625 0.39640937441860463 0.8343875000000001 0.437767188372093 0.8339645843750001 0.4371312511627907 0.816995834375 0.3967265627906977 0.816147915625
0 0.39863593720930235 0.873414584375 0.398317188372093 0.885716665625 0.43204062558139533 0.885716665625 0.43235937441860467 0.871716665625 0.39863593720930235 0.873414584375
0 0.5767968744186047 0.885716665625 0.575842188372093 0.9001374999999999 0.6095656255813954 0.9001374999999999 0.6098843744186045 0.886139584375 0.5767968744186047 0.885716665625
0 0.7231437511627907 0.8963208343750001 0.7244156255813954 0.90989375 0.7568671883720931 0.909470834375 0.7571843744186048 0.895472915625 0.7231437511627907 0.8963208343750001
5 0.722825 0.8729895843750001 0.7231437511627907 0.885716665625 0.7552765627906977 0.883170834375 0.7555937488372093 0.871716665625 0.722825 0.8729895843750001
5 0.5780687488372093 0.8611125 0.5774328116279069 0.8751104156249999 0.6092484372093023 0.8768083343749999 0.6095656255813954 0.8640812499999999 0.5780687488372093 0.8611125
5 0.397045311627907 0.89716875 0.3976812511627907 0.911591665625 0.43108593720930233 0.90989375 0.4307687511627907 0.8967437500000001 0.397045311627907 0.89716875
1 0.3932265627906977 0.93025625 0.39290937441860463 0.944679165625 0.43554062558139534 0.945102084375 0.434904688372093 0.9340729156249999 0.3932265627906977 0.93025625
1 0.5748875 0.825904165625 0.5742515627906977 0.8420229156250001 0.6152921883720931 0.84456875 0.6152921883720931 0.8309958343750001 0.5748875 0.825904165625
1 0.717417188372093 0.83820625 0.7183718744186046 0.854325 0.760367188372093 0.852204165625 0.7600484372093024 0.83863125 0.717417188372093 0.83820625