1 0.559317188372093 0.36569375000000004 0.5598062511627907 0.382020834375 0.6029062488372093 0.383979165625 0.6029062488372093 0.370266665625 0.559317188372093 0.36569375000000004
1 0.3345125 0.254027084375 0.3330437488372093 0.2697 0.3781015627906977 0.275577084375 0.3781015627906977 0.260558334375 0.3345125 0.254027084375
1 0.7606125 0.341533334375 0.7606125 0.353939584375 0.802732811627907 0.3559 0.802732811627907 0.344145834375 0.7606125 0.341533334375
5 0.766 0.30822916562499997 0.764529688372093 0.321941665625 0.7978343744186046 0.322595834375 0.7968546883720931 0.309535415625 0.766 0.30822916562499997
5 0.3374515627906977 0.2886375 0.3359812488372093 0.301045834375 0.3687968744186046 0.305616665625 0.3687968744186046 0.293208334375 0.3374515627906977 0.2886375
5 0.5666640627906977 0.33304374999999997 0.5661734372093024 0.3480625 0.5984984372093024 0.350022915625 0.5994781255813953 0.336308334375 0.5666640627906977 0.33304374999999997
0 0.3369609372093023 0.31410625 0.3359812488372093 0.32781875 0.36928593720930236 0.33043125 0.36977656279069765 0.317370834375 0.3369609372093023 0.31410625
0 0.568132811627907 0.309535415625 0.5686218744186047 0.325860415625 0.6014375000000001 0.325860415625 0.6014375000000001 0.3101875 0.568132811627907 0.309535415625
0 0.7655093744186047 0.282760415625 0.765020311627907 0.297127084375 0.7988140627906977 0.297779165625 0.7978343744186046 0.284066665625 0.7655093744186047 0.282760415625
2 0.764529688372093 0.2618625 0.7640406255813953 0.276883334375 0.7997937511627907 0.276883334375 0.7988140627906977 0.26316875 0.764529688372093 0.2618625
2 0.5691125 0.28733125 0.5686218744186047 0.303004165625 0.5994781255813953 0.302352084375 0.5994781255813953 0.28733125 0.5691125 0.28733125
2 0.564704688372093 0.251414584375 0.5642140627906976 0.2697 0.6073140627906977 0.271658334375 0.6063343744186046 0.255333334375 0.564704688372093 0.251414584375
2 0.7620812511627907 0.22986458437500001 0.7620812511627907 0.242925 0.8042015627906977 0.24423124999999998 0.802732811627907 0.231825 0.7620812511627907 0.22986458437500001
2 0.33500312558139533 0.33565625 0.33402343720930233 0.34936875 0.3683062511627907 0.35198125 0.36928593720930236 0.33957291562499997 0.33500312558139533 0.33565625
2 0.329125 0.366347915625 0.32765625116279073 0.381366665625 0.37026562558139536 0.38528541562499996 0.372225 0.371572915625 0.329125 0.366347915625