1 0.43851406279069766 0.323635415625 0.4366609372093023 0.337222915625 0.4786593744186047 0.341341665625 0.47958593720930237 0.326929165625 0.43851406279069766 0.323635415625
1 0.5642015627906977 0.23016874999999998 0.5642015627906977 0.241285415625 0.6052734372093024 0.240875 0.604654688372093 0.23057916562499997 0.5642015627906977 0.23016874999999998
1 0.6624031255813954 0.21369791562499998 0.662095311627907 0.22893333437500002 0.7034750000000001 0.23016874999999998 0.7022406255813953 0.21658125 0.6624031255813954 0.21369791562499998
5 0.44283750000000005 0.291108334375 0.44283750000000005 0.30551875 0.47588125116279073 0.306754165625 0.47680625116279074 0.293166665625 0.44283750000000005 0.291108334375
5 0.568832811627907 0.26228541562499996 0.5685250000000001 0.27505 0.6006406255813953 0.275460415625 0.6015671883720931 0.26228541562499996 0.568832811627907 0.26228541562499996
5 0.6645656255813953 0.24910833437500002 0.6645656255813953 0.26187291562500004 0.6969906255813954 0.263108334375 0.697607811627907 0.251579165625 0.6645656255813953 0.24910833437500002
0 0.44345468837209306 0.265991665625 0.4431468744186047 0.279166665625 0.4761890627906977 0.281225 0.47649843720930235 0.27010833437500004 0.44345468837209306 0.265991665625
0 0.5691421883720931 0.28616666562500004 0.5691421883720931 0.299341665625 0.6003312488372092 0.299754165625 0.6003312488372092 0.28534375 0.5691421883720931 0.28616666562500004
0 0.663020311627907 0.273402084375 0.6642562511627906 0.288225 0.697607811627907 0.28657916562499997 0.697607811627907 0.275460415625 0.663020311627907 0.273402084375
2 0.44407343720930237 0.24375624999999998 0.44345468837209306 0.258991665625 0.477732811627907 0.26146250000000004 0.4792781255813954 0.24499166562500002 0.44407343720930237 0.24375624999999998
2 0.4409843744186046 0.208758334375 0.44160156279069773 0.226875 0.48390937441860465 0.22852083437499998 0.48390937441860465 0.2124625 0.4409843744186046 0.208758334375
2 0.5675984372093024 0.3088125 0.5682156255813954 0.321164584375 0.6006406255813953 0.321164584375 0.6006406255813953 0.307577084375 0.5675984372093024 0.3088125
2 0.6636390627906977 0.296047915625 0.663020311627907 0.30963541562499997 0.6954468744186046 0.3084 0.695754688372093 0.29687291562499996 0.6636390627906977 0.296047915625
2 0.66055 0.32569375 0.6586968744186047 0.341341665625 0.7003875 0.34010625 0.7003875 0.32816458437499996 0.66055 0.32569375
2 0.5623484372093024 0.341341665625 0.563892188372093 0.352870834375 0.6031109372093023 0.355339584375 0.6043468744186046 0.338458334375 0.5623484372093024 0.341341665625