1 0.5879624999999999 0.252370834375 0.587575 0.264758334375 0.6274437511627907 0.268370834375 0.6278312511627907 0.254435415625 0.5879624999999999 0.252370834375
1 0.723825 0.262177084375 0.723825 0.276110415625 0.7671765627906977 0.275595834375 0.764854688372093 0.26269375 0.723825 0.262177084375
1 0.399457811627907 0.35146041562499997 0.3990718744186047 0.365395834375 0.44048750000000003 0.367977084375 0.44048750000000003 0.356622915625 0.399457811627907 0.35146041562499997
5 0.4056515627906977 0.31791458437500003 0.4056515627906977 0.333914584375 0.43661718837209307 0.33443125 0.43777812558139534 0.319979165625 0.4056515627906977 0.31791458437500003
5 0.5902843744186047 0.285402084375 0.5895109372093023 0.3014 0.6231859372093023 0.3014 0.6227984372093024 0.287464584375 0.5902843744186047 0.285402084375
5 0.7288562488372093 0.29417499999999996 0.7292437511627907 0.309141665625 0.762145311627907 0.308108334375 0.7605968744186046 0.294691665625 0.7288562488372093 0.29417499999999996
0 0.40526406279069765 0.293658334375 0.4048781255813953 0.309141665625 0.43893906279069766 0.309658334375 0.4393265627906977 0.294691665625 0.40526406279069765 0.293658334375
0 0.5891234372093024 0.311722915625 0.5887359372093023 0.326172915625 0.6216375 0.326172915625 0.622025 0.3122375 0.5891234372093024 0.311722915625
0 0.7296312511627907 0.3194625 0.7296312511627907 0.33288125 0.7629187488372093 0.332366665625 0.7625312511627907 0.31791458437500003 0.7296312511627907 0.3194625
2 0.7292437511627907 0.342170834375 0.7292437511627907 0.35817083437499997 0.7629187488372093 0.355075 0.761757811627907 0.34062291562499997 0.7292437511627907 0.342170834375
2 0.5891234372093024 0.332366665625 0.5887359372093023 0.346816665625 0.6200890627906978 0.3463 0.6208640627906976 0.33288125 0.5891234372093024 0.332366665625
2 0.5825437488372093 0.36384791562499996 0.5817687488372093 0.382427084375 0.6231859372093023 0.38294375 0.6227984372093024 0.364879165625 0.5825437488372093 0.36384791562499996
2 0.7447265627906976 0.373654165625 0.7253734372093023 0.37262083437500004 0.7242125 0.388620834375 0.7687250000000001 0.38500833437500004 0.7671765627906977 0.37262083437500004 0.7447265627906976 0.373654165625
2 0.4060390627906977 0.27353125 0.40642500000000004 0.287464584375 0.43893906279069766 0.288497915625 0.43893906279069766 0.274047915625 0.4060390627906977 0.27353125
2 0.40178124883720934 0.23792083437499997 0.4013937488372093 0.255466665625 0.445520311627907 0.25701666562500003 0.44513281162790697 0.2405 0.40178124883720934 0.23792083437499997