2 0.6024375000000001 0.18572708437500002 0.5767906255813954 0.181704165625 0.5612015627906977 0.181704165625 0.5612015627906977 0.191089584375 0.5999234372093024 0.19444375 0.6024375000000001 0.18572708437500002
2 0.5953968744186046 0.214558334375 0.579304688372093 0.2138875 0.565225 0.214558334375 0.5637171883720931 0.22394375000000002 0.5953968744186046 0.225285415625 0.5953968744186046 0.214558334375
2 0.7155828116279069 0.258810415625 0.6849078116279069 0.26216249999999997 0.6839015627906977 0.272220834375 0.7155828116279069 0.272220834375 0.7155828116279069 0.258810415625
2 0.7191031255813953 0.29099375 0.6798796883720931 0.293004165625 0.6788734372093023 0.305075 0.7180968744186046 0.303733334375 0.7191031255813953 0.29099375
2 0.8548781255813954 0.215897915625 0.8231968744186046 0.215897915625 0.8221906255813953 0.226627084375 0.8538718744186046 0.23065000000000002 0.8548781255813954 0.215897915625
2 0.862420311627907 0.179020834375 0.8413 0.179691665625 0.8231968744186046 0.181704165625 0.8196765627906977 0.19377291562500001 0.8589 0.19243125 0.862420311627907 0.179020834375
0 0.5953968744186046 0.23601250000000001 0.565225 0.234002084375 0.5637171883720931 0.24405833437500002 0.5959000000000001 0.249422915625 0.5953968744186046 0.23601250000000001
0 0.7145765627906977 0.23668333437500003 0.6859140627906977 0.23668333437500003 0.6823937511627907 0.251435415625 0.7145765627906977 0.24875208437500002 0.7145765627906977 0.23668333437500003
0 0.8543750000000001 0.237354165625 0.8221906255813953 0.23802500000000001 0.8231968744186046 0.24808124999999998 0.8543750000000001 0.24808124999999998 0.8543750000000001 0.237354165625
1 0.5974093744186046 0.294345834375 0.5612015627906977 0.293675 0.5617046883720931 0.3030625 0.5969062511627907 0.304404165625 0.5974093744186046 0.294345834375
1 0.7165890627906978 0.17835 0.6798796883720931 0.1803625 0.6793765627906976 0.19176041562499999 0.715079688372093 0.19176041562499999 0.7165890627906978 0.17835
1 0.8553812488372093 0.296358334375 0.815654688372093 0.291664584375 0.8196765627906977 0.305075 0.8523640627906977 0.306414584375 0.8553812488372093 0.296358334375
5 0.5964031255813954 0.26149166562500004 0.5662312488372093 0.26216249999999997 0.5647218744186047 0.270208334375 0.5933859372093023 0.272220834375 0.5964031255813954 0.26149166562500004
5 0.7145765627906977 0.21187499999999998 0.6864171883720931 0.213216665625 0.684404688372093 0.22595625 0.714075 0.22461458437499998 0.7145765627906977 0.21187499999999998
5 0.8533687488372093 0.26015 0.820682811627907 0.258139584375 0.8221906255813953 0.2695375 0.8518609372093023 0.27155 0.8533687488372093 0.26015