1 0.420942188372093 0.6482812499999999 0.39951718837209305 0.64534375 0.38281875116279074 0.637366665625 0.38047187441860464 0.649591665625 0.3947906255813954 0.6566791656250001 0.41968281162790694 0.660877084375 0.420942188372093 0.6482812499999999
1 0.4404781255813954 0.75953125 0.43937343720930233 0.7706291656250001 0.45969843720930237 0.7754833343749999 0.47765781162790694 0.775904165625 0.47860312558139534 0.763729165625 0.4404781255813954 0.75953125
1 0.5561125 0.754072915625 0.557057811627907 0.743997915625 0.5416187511627907 0.746516665625 0.5169843744186047 0.7466062499999999 0.5198781255813953 0.7591125 0.5406734372093023 0.759952084375 0.5561125 0.754072915625
5 0.5520156255813953 0.711254165625 0.5207953116279069 0.712420834375 0.5211375 0.724266665625 0.5520156255813953 0.723427084375 0.5520156255813953 0.711254165625
5 0.47702656279069766 0.729725 0.446995311627907 0.727664584375 0.44583437441860463 0.738960415625 0.4763968744186046 0.741479165625 0.47702656279069766 0.729725
5 0.411654688372093 0.68008125 0.38124218837209306 0.671370834375 0.3806125 0.683545834375 0.4108609372093023 0.691102084375 0.411654688372093 0.68008125
2 0.37620156279069766 0.7167104156249999 0.37336562558139536 0.729304165625 0.4051890627906977 0.736022915625 0.4061343744186046 0.7238479156250001 0.3894343744186047 0.7225875 0.37620156279069766 0.7167104156249999
2 0.4042437511627907 0.76960625 0.4058187488372093 0.758272915625 0.38754374883720927 0.75449375 0.3659187488372093 0.7466062499999999 0.36580468837209307 0.760791665625 0.3837640627906977 0.767508334375 0.4042437511627907 0.76960625
0 0.5523312511627907 0.6986583343749999 0.551632811627907 0.682391665625 0.5441390627906977 0.6848062500000001 0.5198781255813953 0.688583334375 0.5208234372093024 0.698239584375 0.5523312511627907 0.6986583343749999
0 0.447725 0.714191665625 0.45969843720930237 0.716291665625 0.4788718744186047 0.716577084375 0.478917188372093 0.704535415625 0.448354688372093 0.7024375 0.447725 0.714191665625
0 0.40676406279069766 0.7154520843750001 0.40928437441860466 0.704116665625 0.391557811627907 0.70225625 0.37777656279069766 0.6944604156249999 0.3774625 0.70705625 0.390379688372093 0.7104145843749999 0.40676406279069766 0.7154520843750001
2 0.448670311627907 0.694041665625 0.478525 0.6967125000000001 0.4798625 0.6839666656250001 0.44930000000000003 0.6810270843749999 0.448670311627907 0.694041665625
2 0.47860312558139534 0.654160415625 0.465054688372093 0.653320834375 0.4470937488372093 0.647022915625 0.446779688372093 0.66045625 0.4660515627906977 0.6648375 0.4855343744186047 0.6671729156249999 0.4855343744186047 0.6508 0.47860312558139534 0.654160415625
2 0.5529609372093023 0.628970834375 0.5356937488372093 0.6311125 0.515467188372093 0.6327499999999999 0.5151515627906977 0.6461833343750001 0.5532765627906977 0.644504165625 0.5529609372093023 0.628970834375
2 0.5195625 0.66549375 0.5201937488372093 0.6789270843749999 0.537079688372093 0.678695834375 0.5513859372093023 0.6780875 0.551070311627907 0.664235415625 0.5195625 0.66549375