1 0.37628750000000005 0.798347915625 0.37628750000000005 0.7880041656250001 0.3756125 0.78485625 0.36042500000000005 0.789802084375 0.34759843720930234 0.791152084375 0.33544687441860466 0.7920520843750001 0.33544687441860466 0.798797915625 0.33713437441860467 0.80644375 0.3482734372093023 0.80374375 0.3600875 0.8019458343749999 0.37628750000000005 0.798347915625
1 0.46674687441860463 0.78485625 0.46640937441860464 0.7749625 0.46573437441860466 0.769116665625 0.446495311627907 0.7727125 0.4261406255813953 0.772589584375 0.425904688372093 0.779908334375 0.42658124883720927 0.7884541656249999 0.446495311627907 0.7884541656249999 0.46674687441860463 0.78485625
1 0.5608031255813953 0.83460625 0.5611406255813953 0.8278604156249999 0.5601281255813954 0.817966665625 0.5473015627906976 0.821564584375 0.5375140627906977 0.8229145843750001 0.5200468744186046 0.8225729156250001 0.5199625 0.830108334375 0.520975 0.8373041656250001 0.5425765627906977 0.8373041656250001 0.5608031255813953 0.83460625
5 0.36997031162790694 0.7587645843749999 0.338545311627907 0.761702084375 0.33992968837209303 0.774054165625 0.35748125116279067 0.77135625 0.370645311627907 0.769108334375 0.36997031162790694 0.7587645843749999
5 0.42948125116279073 0.7443791656250001 0.429929688372093 0.7549479156250001 0.459970311627907 0.75225 0.459295311627907 0.7410062500000001 0.42948125116279073 0.7443791656250001
5 0.5237593744186047 0.794858334375 0.5225562488372093 0.805145834375 0.5549578116279069 0.8024479156250001 0.5549578116279069 0.791654165625 0.5237593744186047 0.794858334375
0 0.33668906279069766 0.740914584375 0.33781093720930233 0.75305625 0.36953906279069765 0.749458334375 0.36818906279069763 0.738214584375 0.33668906279069766 0.740914584375
0 0.4279968744186047 0.7240895843749999 0.42853281162790696 0.7377374999999999 0.45924843720930236 0.733689584375 0.4585734372093023 0.7206479156250001 0.4279968744186047 0.7240895843749999
0 0.523017188372093 0.77456875 0.5242343744186047 0.786458334375 0.5552875 0.7842104156249999 0.55495 0.7720666656249999 0.523017188372093 0.77456875
6 0.335204688372093 0.711222915625 0.336129688372093 0.724114584375 0.36684531162790696 0.720966665625 0.36684531162790696 0.707025 0.335204688372093 0.711222915625
6 0.45582812558139535 0.692320834375 0.4253984372093023 0.69588125 0.4271375 0.712108334375 0.44063906279069764 0.710760415625 0.4565031255813954 0.7076125 0.45582812558139535 0.692320834375
6 0.5534593744186046 0.742433334375 0.5227437488372093 0.74648125 0.5230812488372093 0.761320834375 0.537257811627907 0.7595229156250001 0.5537968744186046 0.7577229156249999 0.5534593744186046 0.742433334375
2 0.36296406279069765 0.697810415625 0.3700531255813953 0.696460415625 0.3700531255813953 0.6820708343749999 0.3514890627906977 0.68521875 0.3292656255813953 0.686972915625 0.32853593720930235 0.6955625000000001 0.33089843720930234 0.70365625 0.3481125 0.700508334375 0.36296406279069765 0.697810415625
2 0.4523218744186046 0.683416665625 0.4600859372093023 0.68116875 0.46076093720930233 0.670375 0.46042343720930234 0.662729165625 0.44253437441860466 0.6667770843749999 0.41908906279069763 0.668660415625 0.41856875116279074 0.678470834375 0.4232937488372093 0.687914584375 0.437470311627907 0.6861145843750001 0.4523218744186046 0.683416665625
2 0.5457703116279069 0.733170834375 0.5562343744186047 0.7322729156250001 0.5572468744186047 0.727325 0.5572468744186047 0.71563125 0.539695311627907 0.71743125 0.5174484372093023 0.718645834375 0.5177562488372093 0.725527084375 0.5191062511627907 0.7354208343749999 0.533957811627907 0.7358687500000001 0.5457703116279069 0.733170834375