1 0.3796593744186047 0.93894375 0.3874484372093023 0.9371395843749999 0.3874484372093023 0.931275 0.38609374883720926 0.923152084375 0.37153281162790697 0.9272125000000001 0.3586656255813953 0.929920834375 0.3459609372093023 0.929472915625 0.34647500000000003 0.9362375000000001 0.34782968837209305 0.9443583343749999 0.36374531162790696 0.9439062500000001 0.3796593744186047 0.93894375
1 0.47141718837209307 0.9319062499999999 0.4819140627906977 0.9305520843749999 0.48259218837209306 0.9215291656250001 0.4822531255813953 0.914310415625 0.46362968837209306 0.918370834375 0.442775 0.918052084375 0.4429734372093023 0.9246874999999999 0.4436515627906977 0.933710415625 0.460242188372093 0.932808334375 0.47141718837209307 0.9319062499999999
1 0.5437687488372093 0.940345834375 0.5600218744186046 0.9389937500000001 0.5607 0.9344812499999999 0.5613765627906977 0.923202084375 0.5464781255813953 0.9254583343749999 0.530225 0.9254583343749999 0.520225 0.922520834375 0.5207437511627907 0.931775 0.522775 0.938541665625 0.5336109372093023 0.93944375 0.5437687488372093 0.940345834375
5 0.34856718837209305 0.898689584375 0.34958281162790694 0.910770834375 0.379379688372093 0.906710415625 0.3790421883720931 0.8958812500000001 0.34856718837209305 0.898689584375
5 0.46435468837209304 0.8902541656249999 0.4450531255813953 0.890704165625 0.44572968837209304 0.9010812500000001 0.47688281162790697 0.8979229156249999 0.476204688372093 0.88664375 0.46435468837209304 0.8902541656249999
5 0.5472 0.896575 0.5262062488372093 0.896575 0.5258109372093023 0.9061375 0.5566812511627907 0.905147915625 0.5563437488372093 0.8947708343749999 0.5472 0.896575
0 0.3780937488372093 0.873733334375 0.3478234372093023 0.87535625 0.34761875116279073 0.8868166656250001 0.35811562558139537 0.8895250000000001 0.37877187441860466 0.88771875 0.3780937488372093 0.873733334375
0 0.4755937511627907 0.866027084375 0.462207811627907 0.8693687499999999 0.4450093744186046 0.8703916656249999 0.44478125116279066 0.88226875 0.45527812558139535 0.8818166656249999 0.4755937511627907 0.8800125 0.4755937511627907 0.866027084375
0 0.557357811627907 0.875235415625 0.5472 0.87884375 0.525067188372093 0.8773416656249999 0.5245125 0.8892208343749999 0.53975 0.8896729156250001 0.5570187511627908 0.888770834375 0.557357811627907 0.875235415625
6 0.3765718744186046 0.84805625 0.3630265627906977 0.84805625 0.3467062488372093 0.8490416656249999 0.3471125 0.8652 0.36099531162790693 0.866554165625 0.3772484372093023 0.8647500000000001 0.3765718744186046 0.84805625
6 0.4735937511627907 0.840222915625 0.4573406255813953 0.8411250000000001 0.4431187511627907 0.8411250000000001 0.443457811627907 0.8542083343750001 0.45869531162790694 0.856014584375 0.473932811627907 0.853758334375 0.4735937511627907 0.840222915625
6 0.555970311627907 0.8465875 0.5437812488372094 0.8465875 0.5246937488372093 0.8460625 0.5248187511627908 0.861025 0.5464890627906976 0.8601208343750001 0.5563093744186046 0.8592187499999999 0.555970311627907 0.8465875
2 0.36702656279069773 0.8394020843750001 0.375829688372093 0.837145834375 0.3788781255813954 0.835791665625 0.3809093744186047 0.823610415625 0.37616874883720935 0.8195499999999999 0.3592375 0.8227083343749999 0.3396312511627907 0.8267 0.33959843720930233 0.832183334375 0.342307811627907 0.840754165625 0.35517499999999996 0.8412062499999999 0.36702656279069773 0.8394020843750001
2 0.4685109372093023 0.830435415625 0.4762984372093023 0.827729165625 0.477992188372093 0.82411875 0.477992188372093 0.8092312500000001 0.456320311627907 0.8119375 0.4371890627906977 0.8142895843750001 0.4366812511627907 0.8218624999999999 0.43803437441860466 0.832239584375 0.45056406279069766 0.8326916656250001 0.4685109372093023 0.830435415625
2 0.5568078116279069 0.83535625 0.5601953116279069 0.830845834375 0.560532811627907 0.820016665625 0.5436031255813953 0.8195666656249999 0.5191093744186046 0.8187562500000001 0.5192218744186047 0.8276875 0.5246406255813953 0.836258334375 0.5385234372093023 0.836258334375 0.5568078116279069 0.83535625