2 0.4901687511627907 0.623591665625 0.4517625 0.62814375 0.4520484372093023 0.6414208343750001 0.4651343744186046 0.63914375 0.4910218744186047 0.639522915625 0.4901687511627907 0.623591665625
2 0.5553156255813954 0.612970834375 0.5538937511627907 0.62814375 0.5911609372093024 0.626627084375 0.5925843744186047 0.611833334375 0.5553156255813954 0.612970834375
2 0.6873171883720931 0.612970834375 0.6773609372093022 0.615627084375 0.661145311627907 0.616764584375 0.6494812511627907 0.61828125 0.6486281255813954 0.633075 0.6668343744186047 0.626627084375 0.6867484372093023 0.627764584375 0.6873171883720931 0.612970834375
0 0.48846249999999997 0.683904165625 0.46940156279069767 0.685041665625 0.4568843744186047 0.6846625000000001 0.45773749999999996 0.692627084375 0.475945311627907 0.6960416656249999 0.48846249999999997 0.6960416656249999 0.48846249999999997 0.683904165625
0 0.5581609372093024 0.669110415625 0.5581609372093024 0.680110415625 0.5888859372093024 0.680110415625 0.5886015627906976 0.669110415625 0.5581609372093024 0.669110415625
0 0.6548859372093023 0.672525 0.6557390627906977 0.682385415625 0.6876015627906977 0.6820062499999999 0.6867484372093023 0.669110415625 0.6548859372093023 0.672525
6 0.4571687511627907 0.653558334375 0.4574531255813954 0.6626624999999999 0.4873234372093023 0.664179165625 0.486754688372093 0.652041665625 0.4571687511627907 0.653558334375
6 0.558445311627907 0.6414208343750001 0.558445311627907 0.6516625 0.590307811627907 0.6539375 0.589454688372093 0.6414208343750001 0.558445311627907 0.6414208343750001
6 0.6793515627906976 0.63686875 0.6767921883720931 0.642179165625 0.6679718744186047 0.644833334375 0.655454688372093 0.645972915625 0.6548859372093023 0.655075 0.685895311627907 0.652420834375 0.6847578116279069 0.63573125 0.6793515627906976 0.63686875
5 0.4583062488372093 0.7024895843750001 0.4583062488372093 0.713110415625 0.48874687441860465 0.712352084375 0.487892188372093 0.703627084375 0.4583062488372093 0.7024895843750001
5 0.5592984372093023 0.6880770843749999 0.5592984372093023 0.697558334375 0.5880312488372094 0.697558334375 0.5880312488372094 0.687695834375 0.5592984372093023 0.6880770843749999
5 0.6577312488372092 0.692627084375 0.6583 0.703247915625 0.6864640627906977 0.6979375 0.6878859372093024 0.6888354156250001 0.6577312488372092 0.692627084375
1 0.45432343720930235 0.732077084375 0.45489218837209305 0.744972915625 0.4921609372093023 0.74459375 0.4921609372093023 0.73245625 0.45432343720930235 0.732077084375
1 0.5553156255813954 0.715766665625 0.5556 0.7298 0.5922984372093023 0.7305583343750001 0.5920140627906977 0.7176625 0.5553156255813954 0.715766665625
1 0.655170311627907 0.720697915625 0.6571625 0.7347312500000001 0.6932921883720929 0.729420834375 0.6924375 0.718420834375 0.655170311627907 0.720697915625