2 0.3199359372093023 0.8369375 0.319220311627907 0.854591665625 0.360017188372093 0.8564999999999999 0.3610906255813953 0.837414584375 0.3199359372093023 0.8369375
2 0.41119218837209304 0.805445834375 0.41119218837209304 0.82453125 0.45270468837209304 0.8221458343749999 0.45306250000000003 0.80115 0.41119218837209304 0.805445834375
2 0.5164062511627907 0.831210415625 0.5185531255813953 0.8493437500000001 0.5625718744186046 0.839325 0.55935 0.821191665625 0.5164062511627907 0.831210415625
6 0.5171218744186047 0.800195834375 0.5207 0.82453125 0.5550562488372093 0.816897915625 0.5493296883720931 0.793516665625 0.5171218744186047 0.800195834375
6 0.4154875 0.778722915625 0.41584531162790694 0.7982875 0.4484109372093023 0.795425 0.4462640627906977 0.77490625 0.4154875 0.778722915625
6 0.32530312558139535 0.812127084375 0.32422968837209304 0.82835 0.3564390627906977 0.8316895843750001 0.35822812558139533 0.812127084375 0.32530312558139535 0.812127084375
0 0.3263765627906977 0.783020834375 0.3260187511627907 0.799720834375 0.3596593744186046 0.802583334375 0.3585859372093024 0.7854062500000001 0.3263765627906977 0.783020834375
0 0.41369687441860464 0.7515270843749999 0.41333906279069765 0.767272915625 0.444832811627907 0.765841665625 0.444832811627907 0.74675625 0.41369687441860464 0.7515270843749999
0 0.514975 0.7792020843749999 0.517479688372093 0.79638125 0.5496875 0.787791665625 0.5475406255813953 0.772045834375 0.514975 0.7792020843749999
5 0.5128281255813953 0.760116665625 0.5139015627906977 0.773954165625 0.546825 0.764410415625 0.5453937511627908 0.7529583343749999 0.5128281255813953 0.760116665625
5 0.4129812488372093 0.7333937500000001 0.41262343720930234 0.74961875 0.4455484372093023 0.745802084375 0.4451906255813954 0.731010415625 0.4129812488372093 0.7333937500000001
5 0.32637812558139534 0.765364584375 0.3256609372093023 0.7792020843749999 0.3618062511627907 0.7815875 0.3621640627906977 0.766795834375 0.32637812558139534 0.765364584375
1 0.32494531162790696 0.732441665625 0.32387187441860465 0.752004165625 0.36395312558139536 0.754391665625 0.3646687511627907 0.737689584375 0.32494531162790696 0.732441665625
1 0.40725625116279074 0.703810415625 0.4076140627906977 0.723375 0.4480531255813954 0.722420834375 0.4480531255813954 0.701902084375 0.40725625116279074 0.703810415625
1 0.5038812488372093 0.7267125 0.5045968744186047 0.7462770843750001 0.5493296883720931 0.7348250000000001 0.5457515627906977 0.716216665625 0.5038812488372093 0.7267125