2 0.4043375 0.33264375 0.413075 0.331395834375 0.41276250000000003 0.317258334375 0.39435000000000003 0.3193375 0.3722187488372093 0.32463958437499996 0.37219375116279074 0.331395834375 0.37344218837209303 0.340127084375 0.391854688372093 0.336385415625 0.4043375 0.33264375
2 0.500779688372093 0.30190625 0.5120140627906976 0.2981625 0.5129515627906976 0.289847915625 0.5110781255813954 0.28111666562500004 0.49485156279069764 0.283195834375 0.4711343744186047 0.289016665625 0.471757811627907 0.296916665625 0.47269374883720927 0.306064584375 0.486425 0.30523125 0.500779688372093 0.30190625
2 0.6124890627906977 0.36419999999999997 0.6246593744186046 0.363783334375 0.6268437511627908 0.359210415625 0.627467188372093 0.34756875 0.6087437511627907 0.35047916562500003 0.5867265627906977 0.349033334375 0.586275 0.353389584375 0.589395311627907 0.36336875 0.598132811627907 0.36419999999999997 0.6124890627906977 0.36419999999999997
6 0.6223625 0.375570834375 0.607695311627907 0.37765 0.5908437488372094 0.375985415625 0.591195311627907 0.388102084375 0.6095671883720931 0.38970833437499997 0.6229859372093024 0.38638125 0.6223625 0.375570834375
6 0.5078843744186046 0.311722915625 0.49196875116279065 0.31463333437499996 0.47732968837209305 0.31583125 0.47855 0.328770834375 0.490720311627907 0.329185415625 0.508820311627907 0.3246125 0.5078843744186046 0.311722915625
6 0.41059843720930234 0.3422125 0.3940593744186046 0.34761666562500004 0.37939218837209304 0.34845000000000004 0.3809 0.361177084375 0.397179688372093 0.355933334375 0.4121593744186047 0.354685415625 0.41059843720930234 0.3422125
0 0.382579688372093 0.378883334375 0.3837437511627907 0.38916875 0.41409843720930234 0.385120834375 0.41222656279069764 0.37389375 0.382579688372093 0.378883334375
0 0.48073593720930236 0.345425 0.4818062488372093 0.358314584375 0.513325 0.3516625 0.5120765627906977 0.338772915625 0.48073593720930236 0.345425
0 0.6219125 0.401847915625 0.6058218744186046 0.406283334375 0.5907968744186046 0.4052375 0.5904843744186046 0.41729374999999996 0.6069312488372093 0.417004165625 0.6204421883720931 0.41771041562500005 0.6219125 0.401847915625
5 0.6221890627906976 0.42312916562499997 0.6063937488372092 0.42616875 0.590982811627907 0.42396041562500003 0.5913359372093023 0.434122915625 0.6058390627906978 0.43577916562499996 0.6225015627906977 0.43601875 0.6221890627906976 0.42312916562499997
5 0.5129515627906976 0.3578375 0.498907811627907 0.360747915625 0.4820125 0.36436666562500003 0.483304688372093 0.374885415625 0.49297968837209305 0.37363749999999996 0.5145109372093023 0.36823125 0.5129515627906976 0.3578375
1 0.42145625116279073 0.434358334375 0.4217687511627907 0.42770625000000007 0.420520311627907 0.418558334375 0.40054843720930233 0.424379165625 0.38035 0.42590833437500003 0.38057500000000005 0.43227916562499996 0.3824484372093023 0.44267500000000004 0.4024203116279069 0.438933334375 0.42145625116279073 0.434358334375
1 0.5210125 0.400902084375 0.521325 0.39508125 0.5203890627906977 0.385933334375 0.494175 0.390922915625 0.47952968837209303 0.39364374999999996 0.47982031162790695 0.400902084375 0.48169218837209304 0.409216665625 0.5050984372093024 0.40547500000000003 0.5210125 0.400902084375
1 0.6146281255813953 0.470116665625 0.6258625 0.466789584375 0.6264875000000001 0.458058334375 0.6261749999999999 0.449327084375 0.6152531255813954 0.45431666562500006 0.596217188372093 0.453485415625 0.5848406255813954 0.45143125 0.5852937511627907 0.459722915625 0.5868546883720931 0.46928541562500004 0.6008984372093024 0.47094791562499994 0.6146281255813953 0.470116665625
5 0.4161390627906977 0.39146875 0.3992875 0.395210415625 0.383995311627907 0.396872915625 0.38530000000000003 0.40812499999999996 0.4064656255813953 0.403527084375 0.4173875 0.402279165625 0.4161390627906977 0.39146875