1 0.5020906255813954 0.026077084374999997 0.5024609372093023 0.012733334374999999 0.48467656279069765 0.008779165625 0.46145937441860463 0.008770834375 0.4602218744186047 0.028547915624999996 0.4835656255813954 0.0231125 0.5020906255813954 0.026077084374999997
1 0.4342859372093023 0.23514374999999998 0.39290312558139534 0.23667500000000002 0.39501250000000004 0.251454165625 0.433545311627907 0.249970834375 0.4342859372093023 0.23514374999999998
1 0.5509984372093023 0.299889584375 0.5369187488372094 0.29643125000000003 0.5124125 0.29781875 0.5098718744186046 0.311752084375 0.550257811627907 0.312245834375 0.5509984372093023 0.299889584375
5 0.4969031255813953 0.044858334374999996 0.4735609372093023 0.045352084375000004 0.4656281255813953 0.045210415625 0.46689218837209306 0.056720834374999994 0.4972734372093023 0.056720834374999994 0.4969031255813953 0.044858334374999996
5 0.43095156279069763 0.26726875 0.39985 0.268172915625 0.400570311627907 0.280614584375 0.4305812488372093 0.2786375 0.43095156279069763 0.26726875
5 0.5447 0.331522915625 0.5142656255813953 0.333022915625 0.515429688372093 0.344866665625 0.5458109372093023 0.345360415625 0.5447 0.331522915625
0 0.4972734372093023 0.07451250000000001 0.49653281162790697 0.065122915625 0.47615468837209307 0.061662499999999995 0.46652187441860465 0.064629165625 0.46577968837209305 0.076985415625 0.485417188372093 0.071547915625 0.4972734372093023 0.07451250000000001
0 0.43132187441860464 0.29840833437500003 0.43095156279069763 0.286545834375 0.420207811627907 0.28605208437499996 0.40035 0.286595834375 0.4006 0.29895 0.415020311627907 0.295935415625 0.43132187441860464 0.29840833437500003
0 0.544525 0.352372915625 0.5345140627906977 0.349702084375 0.5142140627906977 0.351404165625 0.5154906255813954 0.36673125 0.544525 0.365395834375 0.544525 0.352372915625
6 0.4316375 0.323325 0.4323890627906977 0.313641665625 0.4009312511627907 0.31426875 0.40085 0.32733124999999996 0.41336562558139534 0.32699791562499997 0.4316375 0.323325
6 0.5457765627906976 0.395779165625 0.5457765627906976 0.373075 0.5157781255813954 0.373935415625 0.5167421883720931 0.39511250000000003 0.5355140627906977 0.39310833437500003 0.5457765627906976 0.395779165625
2 0.39984843720930235 0.34102083437499997 0.39984843720930235 0.355379165625 0.43814531162790693 0.353041665625 0.43814531162790693 0.337014584375 0.39984843720930235 0.34102083437499997
2 0.5517843744186046 0.40145625 0.5107718744186046 0.403977084375 0.5122359372093023 0.41681458437499996 0.550282811627907 0.417816665625 0.5517843744186046 0.40145625
6 0.49715312558139535 0.09131875 0.4676156255813953 0.091985415625 0.4679 0.10856666562499999 0.49089531162790695 0.1033375 0.49765312558139535 0.107345834375 0.49715312558139535 0.09131875
2 0.502157811627907 0.11903125 0.47387343720930236 0.11535833437500001 0.4633609372093023 0.11869791562500001 0.46164062558139535 0.13401875000000002 0.48714062558139537 0.13438958437499998 0.502157811627907 0.135391665625 0.502157811627907 0.11903125