2 0.36438906279069766 0.49614375 0.37390937441860467 0.494220834375 0.37390937441860467 0.47884374999999996 0.353425 0.48191875 0.33354843720930233 0.485666665625 0.33351718837209304 0.4923 0.3349593744186047 0.49998750000000003 0.34909687441860465 0.4969125 0.36438906279069766 0.49614375
2 0.4482937488372093 0.478670834375 0.46156562558139536 0.47751666562499995 0.4638734372093023 0.473672915625 0.46272031162790694 0.45945 0.44454218837209303 0.462139584375 0.422832811627907 0.46376041562500003 0.4223265627906977 0.472904165625 0.424057811627907 0.481745834375 0.43675312558139534 0.480591665625 0.4482937488372093 0.478670834375
2 0.543532811627907 0.52983125 0.5596906255813954 0.5294458343749999 0.5605562488372093 0.522141665625 0.5605562488372093 0.5133 0.5415140627906977 0.516377084375 0.5197281255813954 0.51561875 0.5195859372093024 0.52368125 0.5207390627906977 0.533675 0.5317031255813953 0.530983334375 0.543532811627907 0.52983125
6 0.3704109372093023 0.517685415625 0.36983437441860467 0.505383334375 0.35367656279069765 0.5065375000000001 0.337870311627907 0.508427084375 0.3389625 0.515379165625 0.3395390627906977 0.5207604156250001 0.35281093720930234 0.518454165625 0.3704109372093023 0.517685415625
6 0.4608375 0.49126875 0.44352500000000006 0.492422915625 0.4286062488372093 0.4939625 0.42967656279069766 0.507029165625 0.44641093720930236 0.506260415625 0.4608375 0.505108334375 0.4608375 0.49126875
6 0.5573906255813953 0.541760415625 0.524742188372093 0.5456562500000001 0.5253640627906977 0.5563687500000001 0.5409437511627907 0.5556 0.557967188372093 0.555214584375 0.5573906255813953 0.541760415625
0 0.525642188372093 0.572175 0.526220311627907 0.583708334375 0.5573796883720931 0.5825541656250001 0.55565 0.571020834375 0.525642188372093 0.572175
0 0.43091562558139535 0.522847915625 0.43102031162790694 0.53288125 0.4617875 0.531689584375 0.4617875 0.5190020843750001 0.43091562558139535 0.522847915625
0 0.3729687511627907 0.5349625 0.3426734372093023 0.538039584375 0.342942188372093 0.5487 0.35969531162790697 0.54765 0.3738343744186047 0.5472645843749999 0.3729687511627907 0.5349625
5 0.36288437441860466 0.555379165625 0.3418218744186047 0.5557624999999999 0.342754688372093 0.5680854156249999 0.372695311627907 0.564989584375 0.3715406255813954 0.553839584375 0.36288437441860466 0.555379165625
5 0.4325875 0.540785415625 0.433682811627907 0.550060415625 0.46317031162790695 0.547704165625 0.46172812558139537 0.53809375 0.4325875 0.540785415625
5 0.5553015627906976 0.58931875 0.5472234372093023 0.590472915625 0.5258734372093024 0.5908562500000001 0.5261406255813953 0.6026812500000001 0.5388562511627907 0.601620834375 0.5576109372093023 0.6004666656250001 0.5553015627906976 0.58931875
1 0.5552593744186046 0.6335416656249999 0.5636265627906977 0.632389584375 0.5642031255813954 0.6270083343749999 0.5636265627906977 0.618164584375 0.5393906255813954 0.618935415625 0.5224578116279069 0.61976875 0.522367188372093 0.627391665625 0.5235218744186046 0.634695834375 0.5416984372093023 0.633158334375 0.5552593744186046 0.6335416656249999
1 0.45944843720930234 0.581745834375 0.469257811627907 0.579825 0.46983437441860465 0.574058334375 0.46954687441860465 0.5652166656250001 0.4531 0.5671375000000001 0.42822656279069765 0.5692625 0.42799843720930236 0.575210415625 0.429442188372093 0.583283334375 0.4406937488372093 0.58366875 0.45944843720930234 0.581745834375
1 0.3712656255813953 0.597429165625 0.38020937441860464 0.59550625 0.3799218744186047 0.5885875 0.378479688372093 0.580129165625 0.3530890627906977 0.5835895843750001 0.33799531162790697 0.586183334375 0.3377968744186047 0.5947375 0.33952812558139533 0.6016583343749999 0.357417188372093 0.59935 0.3712656255813953 0.597429165625