1 0.351554688372093 0.66585 0.3342265627906977 0.66649375 0.3105875 0.664864584375 0.3113609372093023 0.679977084375 0.35107343720930234 0.680297915625 0.351554688372093 0.66585
5 0.34457499999999996 0.6979562500000001 0.3126937511627907 0.696560415625 0.3132875 0.706945834375 0.34457499999999996 0.707908334375 0.34457499999999996 0.6979562500000001
0 0.34457499999999996 0.715935415625 0.31389687441860464 0.7142125 0.31425 0.726852084375 0.34433437441860465 0.7255666656249999 0.34457499999999996 0.715935415625
6 0.34385312558139536 0.763452084375 0.34457499999999996 0.745472915625 0.31329531162790697 0.742697915625 0.3128062488372093 0.755745834375 0.322192188372093 0.75703125 0.34385312558139536 0.763452084375
2 0.3474640627906977 0.785925 0.34698281162790695 0.7714770843750001 0.3084734372093023 0.767625 0.30775156279069765 0.78239375 0.33494843720930234 0.7881729156249999 0.3474640627906977 0.785925
1 0.523107811627907 0.553514584375 0.5245515627906977 0.537141665625 0.49928125116279065 0.534572915625 0.4842062488372093 0.535277084375 0.4836359372093023 0.5496624999999999 0.495429688372093 0.551910415625 0.523107811627907 0.553514584375
5 0.5194968744186047 0.568283334375 0.498317188372093 0.568283334375 0.48781562558139535 0.568177084375 0.4886906255813953 0.57759375 0.5182937511627906 0.579520834375 0.5194968744186047 0.568283334375
0 0.5185343744186047 0.587866665625 0.4968734372093023 0.585620834375 0.4875156255813954 0.585829165625 0.4874875 0.598141665625 0.5182937511627906 0.598783334375 0.5185343744186047 0.587866665625
6 0.5175718744186046 0.612589584375 0.4874875 0.612266665625 0.48772812558139533 0.6267145843749999 0.5161281255813953 0.627035415625 0.5175718744186046 0.612589584375
2 0.520942188372093 0.639879165625 0.4819515627906977 0.638272915625 0.48171093720930236 0.654645834375 0.5204609372093023 0.6562520843749999 0.520942188372093 0.639879165625
1 0.6718187511627908 0.7351062500000001 0.6718187511627908 0.721622915625 0.6316453116279069 0.7206312500000001 0.6328281255813953 0.7351062500000001 0.660025 0.737995834375 0.6718187511627908 0.7351062500000001
5 0.667967188372093 0.755333334375 0.6364593744186047 0.753529165625 0.6357156255813953 0.764964584375 0.6686890627906976 0.7662479156249999 0.667967188372093 0.755333334375
0 0.667245311627907 0.7880812500000001 0.668207811627907 0.7733125000000001 0.635475 0.773954165625 0.6378828116279069 0.7896854156249999 0.6564140627906976 0.791291665625 0.667245311627907 0.7880812500000001
6 0.6674859372093024 0.79514375 0.6352562511627907 0.797260415625 0.6376421883720931 0.818260415625 0.6662828116279069 0.820185415625 0.6674859372093024 0.79514375
2 0.6723 0.8372020843750001 0.6718187511627908 0.8259645843750001 0.6322468744186046 0.82735 0.6323468744186046 0.8372020843750001 0.6532859372093024 0.8397708343750001 0.6723 0.8372020843750001