2 0.3637390627906976 0.45463125 0.37326093720930237 0.452708334375 0.37326093720930237 0.43733125 0.352775 0.44040625 0.3329 0.444154165625 0.332867188372093 0.45078541562499996 0.33431093720930233 0.45847499999999997 0.34844843720930235 0.4554 0.3637390627906976 0.45463125
2 0.447320311627907 0.43931875 0.46059218837209304 0.438166665625 0.4629 0.434322915625 0.4617468744186046 0.420097915625 0.4435687511627907 0.42278958437499997 0.42185937441860466 0.424410415625 0.42135312558139537 0.43355416562500004 0.42308437441860464 0.44239583437499996 0.435779688372093 0.44124166562499995 0.447320311627907 0.43931875
2 0.5428843744186046 0.48961458437500005 0.5590406255813953 0.48923125 0.5599062488372093 0.481927084375 0.5599062488372093 0.47308541562500006 0.5408640627906977 0.476160415625 0.5190781255813953 0.475404165625 0.5189359372093023 0.48346458437499995 0.5200906255813954 0.493460415625 0.531054688372093 0.49076875 0.5428843744186046 0.48961458437500005
6 0.3707359372093023 0.47747083437500004 0.37015937441860464 0.46516875 0.35400156279069767 0.466320834375 0.33819531162790695 0.46821250000000003 0.33928749999999996 0.4751625 0.3398640627906977 0.480545834375 0.35313593720930236 0.47823958437499997 0.3707359372093023 0.47747083437500004
6 0.4605125 0.4501875 0.44320156279069767 0.45134166562500005 0.428282811627907 0.45288125 0.4293515627906977 0.46595000000000003 0.44608593720930234 0.46518125 0.4605125 0.46402708437499995 0.4605125 0.4501875
6 0.556417188372093 0.5002479156249999 0.5237687488372093 0.504141665625 0.5243906255813954 0.51485625 0.539970311627907 0.514085415625 0.5569937511627907 0.513702084375 0.556417188372093 0.5002479156249999
0 0.525967188372093 0.531958334375 0.5265437511627907 0.5434916656250001 0.5577046883720931 0.542339584375 0.5559734372093024 0.53080625 0.525967188372093 0.531958334375
0 0.43026718837209305 0.48176666562500003 0.4303718744186047 0.4918 0.46113906279069766 0.49060833437499995 0.46113906279069766 0.47792291562500006 0.43026718837209305 0.48176666562500003
0 0.37134531162790696 0.494314584375 0.34105 0.49739166562500003 0.3413187488372093 0.5080520843749999 0.3580734372093023 0.507002084375 0.3722109372093023 0.506616665625 0.37134531162790696 0.494314584375
5 0.3632093744186047 0.5151625 0.34214687441860464 0.515547915625 0.3430796883720931 0.52786875 0.3730187511627907 0.5247729156250001 0.37186562558139535 0.513625 0.3632093744186047 0.5151625
5 0.43193750000000003 0.5010020843749999 0.43303437441860465 0.510277084375 0.4625218744186047 0.507920834375 0.461079688372093 0.49831041562499995 0.43193750000000003 0.5010020843749999
5 0.5562765627906977 0.5495354156250001 0.5481968744186047 0.5506895843749999 0.5268468744186047 0.551072915625 0.5271140627906976 0.5629 0.539829688372093 0.5618375 0.5585843744186046 0.560683334375 0.5562765627906977 0.5495354156250001
1 0.5552593744186046 0.591164584375 0.5636265627906977 0.5900125 0.5642031255813954 0.584629165625 0.5636265627906977 0.5757875 0.5393906255813954 0.57655625 0.5224578116279069 0.577391665625 0.522367188372093 0.585014584375 0.5235218744186046 0.59231875 0.5416984372093023 0.59078125 0.5552593744186046 0.591164584375
1 0.45944843720930234 0.54153125 0.469257811627907 0.539608334375 0.46983437441860465 0.533841665625 0.46954687441860465 0.525 0.4531 0.5269229156249999 0.42822656279069765 0.529045834375 0.42799843720930236 0.534995834375 0.429442188372093 0.54306875 0.4406937488372093 0.5434520843749999 0.45944843720930234 0.54153125
1 0.37223906279069763 0.5576458343749999 0.38118437441860464 0.555722915625 0.380895311627907 0.548804165625 0.3794531255813953 0.540345834375 0.35406249999999995 0.54380625 0.3389687511627907 0.5464 0.338770311627907 0.554954165625 0.34050156279069765 0.561875 0.35839062558139534 0.5595687500000001 0.37223906279069763 0.5576458343749999