2 0.4074937488372093 0.661852084375 0.4162312488372093 0.6606062500000001 0.41592031162790694 0.64646875 0.397507811627907 0.648547915625 0.3753765627906977 0.653847915625 0.3753515627906977 0.6606062500000001 0.37659843720930236 0.6693374999999999 0.3950109372093023 0.665595834375 0.4074937488372093 0.661852084375
2 0.5027515627906977 0.631016665625 0.5139859372093023 0.627275 0.5149218744186046 0.618958334375 0.51305 0.6102270843750001 0.49682187441860465 0.6123062499999999 0.473104688372093 0.618127084375 0.4737281255813953 0.626027084375 0.47466562558139536 0.635175 0.488395311627907 0.63434375 0.5027515627906977 0.631016665625
2 0.6118015627906978 0.695704165625 0.6239718744186047 0.6952875 0.6261562488372093 0.690714584375 0.6267812511627907 0.679072915625 0.6080562488372092 0.681983334375 0.5855296883720931 0.677252084375 0.5855875 0.68489375 0.588707811627907 0.694872915625 0.5974468744186047 0.695704165625 0.6118015627906978 0.695704165625
6 0.6220843744186046 0.70478125 0.607417188372093 0.706858334375 0.5905656255813954 0.705195834375 0.5909171883720931 0.717310415625 0.6092890627906977 0.718916665625 0.622707811627907 0.715591665625 0.6220843744186046 0.70478125
6 0.5108359372093023 0.640520834375 0.49492031162790695 0.64343125 0.4802812511627907 0.644629165625 0.48150156279069767 0.65756875 0.49367187441860466 0.657983334375 0.5117718744186046 0.653410415625 0.5108359372093023 0.640520834375
6 0.41267656279069764 0.6705041656249999 0.3961359372093023 0.675910415625 0.3814687488372093 0.676741665625 0.3829765627906977 0.68946875 0.3992562488372093 0.684227084375 0.41423593720930235 0.682979165625 0.41267656279069764 0.6705041656249999
0 0.38411249999999997 0.707620834375 0.3852765627906977 0.71790625 0.4156312511627907 0.713858334375 0.413757811627907 0.70263125 0.38411249999999997 0.707620834375
0 0.48234062558139534 0.6744375 0.48341093720930234 0.687329165625 0.5149296883720931 0.680677084375 0.5136812488372093 0.6677854156249999 0.48234062558139534 0.6744375
0 0.622032811627907 0.733529165625 0.6064281255813954 0.73851875 0.5917609372093023 0.733529165625 0.59145 0.7455875 0.6042437511627907 0.747666665625 0.6214078116279069 0.7460041656249999 0.622032811627907 0.733529165625
5 0.6222171883720929 0.751227084375 0.6056781255813953 0.7558 0.5910109372093023 0.752058334375 0.5913640627906978 0.762220834375 0.6056781255813953 0.7657791656249999 0.622529688372093 0.764116665625 0.6222171883720929 0.751227084375
5 0.5146 0.687125 0.5005578116279069 0.6900354156249999 0.4836609372093023 0.69365625 0.48495468837209305 0.704172915625 0.4946281255813953 0.702925 0.5161609372093023 0.697520834375 0.5146 0.687125
5 0.41714531162790697 0.721245834375 0.4002937488372093 0.7249875 0.38500156279069764 0.72665 0.38630624883720927 0.737902084375 0.407470311627907 0.733302084375 0.4183937488372093 0.7320562500000001 0.41714531162790697 0.721245834375
1 0.42392812558139537 0.764402084375 0.4242390627906977 0.7577499999999999 0.422992188372093 0.7486020843750001 0.40301875116279073 0.754422915625 0.38282187441860466 0.7559520843749999 0.3830468744186047 0.762322915625 0.3849187488372093 0.77271875 0.40489218837209306 0.768977084375 0.42392812558139537 0.764402084375
1 0.5234812511627907 0.728825 0.5237937511627907 0.723004165625 0.522857811627907 0.71385625 0.4966437488372093 0.7188458343749999 0.48199687441860467 0.7215666656249999 0.48228906279069766 0.728825 0.4841609372093023 0.737139584375 0.5075656255813954 0.733397915625 0.5234812511627907 0.728825
1 0.616554688372093 0.797902084375 0.6277890627906977 0.794577084375 0.6284140627906977 0.785845834375 0.6281015627906976 0.7771125 0.617179688372093 0.7821020843750001 0.5981437511627907 0.781270834375 0.586767188372093 0.77921875 0.587220311627907 0.787508334375 0.5887812511627907 0.797070834375 0.6028249999999999 0.7987354156250001 0.616554688372093 0.797902084375