1 0.5466234372093023 0.548202084375 0.5075625 0.547525 0.508070311627907 0.5624125 0.5471312488372093 0.562864584375 0.5466234372093023 0.548202084375
1 0.4299468744186047 0.49792500000000006 0.43180624883720925 0.48484375 0.41405156279069766 0.485745834375 0.3915687488372093 0.48685625000000005 0.3912234372093023 0.501535415625 0.4155734372093023 0.501310415625 0.4299468744186047 0.49792500000000006
5 0.4278234372093023 0.5157812500000001 0.3955515627906977 0.517125 0.39594062558139537 0.529410415625 0.42747031162790694 0.52753125 0.4278234372093023 0.5157812500000001
5 0.54355 0.582277084375 0.512045311627907 0.5808416656250001 0.512020311627907 0.592616665625 0.54355 0.593791665625 0.54355 0.582277084375
0 0.42835156279069764 0.5345791656250001 0.3970937488372093 0.534741665625 0.39770312558139537 0.548441665625 0.42835156279069764 0.547033334375 0.42835156279069764 0.5345791656250001
0 0.5442531255813954 0.6003708343749999 0.5118250000000001 0.599633334375 0.5130765627906977 0.615172915625 0.543020311627907 0.613997915625 0.5442531255813954 0.6003708343749999
6 0.42958437441860464 0.572641665625 0.4301125 0.562066665625 0.39911093720930235 0.563241665625 0.39893437441860463 0.5775750000000001 0.41425937441860466 0.576870834375 0.42958437441860464 0.572641665625
6 0.5435484372093023 0.622454165625 0.5123718744186047 0.6219833343750001 0.5123718744186047 0.643366665625 0.543725 0.643366665625 0.5435484372093023 0.622454165625
2 0.43627656279069765 0.586504165625 0.4239468744186047 0.58861875 0.39594062558139537 0.58979375 0.39717343720930237 0.604127084375 0.4357484372093023 0.601072915625 0.43627656279069765 0.586504165625
2 0.5439015627906977 0.666627084375 0.5474234372093023 0.651589584375 0.5087421883720931 0.651310415625 0.5081437488372093 0.66521875 0.5285765627906976 0.668272915625 0.5439015627906977 0.666627084375
1 0.4982812488372093 0.2629125 0.48348593720930233 0.263147915625 0.45897343720930234 0.26255625 0.45829687441860467 0.278185415625 0.49898593720930234 0.27936041562499997 0.4982812488372093 0.2629125
5 0.4944062511627907 0.294633334375 0.4635984372093023 0.293972915625 0.463757811627907 0.30567708437499996 0.4942312488372093 0.30708541562499997 0.4944062511627907 0.294633334375
0 0.4956390627906977 0.31554375 0.48348593720930233 0.313195834375 0.462717188372093 0.313058334375 0.46428593720930234 0.32729375 0.4956390627906977 0.3265875 0.4956390627906977 0.31554375
6 0.4951109372093023 0.34162499999999996 0.46463906279069767 0.34045208437499996 0.4635812511627907 0.357839584375 0.4938781255813953 0.355722915625 0.4951109372093023 0.34162499999999996
2 0.49986718837209304 0.36700208437500004 0.4605156255813953 0.367379165625 0.461292188372093 0.384154165625 0.49951562558139534 0.386035415625 0.49986718837209304 0.36700208437500004