1 0.352475 0.438554165625 0.35308281162790695 0.426775 0.3378562511627907 0.42311875 0.31532187441860465 0.42144583437499994 0.3134937488372093 0.436522915625 0.3275031255813954 0.439366665625 0.352475 0.438554165625
1 0.5281906255813954 0.296779165625 0.5154000000000001 0.294747915625 0.48860156279069766 0.293935415625 0.486775 0.30693541562500004 0.5059593744186046 0.310185415625 0.525754688372093 0.30856041562500003 0.5281906255813954 0.296779165625
1 0.6749765627906976 0.48080416562500006 0.6344734372093023 0.48039791562499995 0.6359968744186046 0.492583334375 0.6746718744186047 0.49380208437500006 0.6749765627906976 0.48080416562500006
5 0.348820311627907 0.45724166562499996 0.332375 0.45521041562500003 0.3176062488372093 0.45596458437500004 0.318670311627907 0.46496041562499996 0.34760156279069765 0.466179165625 0.348820311627907 0.45724166562499996
5 0.4925609372093023 0.324402084375 0.4916468744186046 0.333339584375 0.5217953116279069 0.339433334375 0.5224046883720931 0.32765208437500004 0.4925609372093023 0.324402084375
5 0.6704093744186046 0.512489584375 0.641782811627907 0.511677084375 0.6405640627906977 0.5238645843749999 0.670104688372093 0.523458334375 0.6704093744186046 0.512489584375
0 0.3479062488372093 0.475102084375 0.31646406279069766 0.472716665625 0.31806249999999997 0.4840375 0.346967188372093 0.486164584375 0.3479062488372093 0.475102084375
6 0.33783124883720933 0.519070834375 0.345445311627907 0.519070834375 0.345445311627907 0.503227084375 0.31651406279069766 0.500789584375 0.3156 0.513789584375 0.328695311627907 0.513789584375 0.33783124883720933 0.519070834375
2 0.350317188372093 0.529227084375 0.31227656279069765 0.5255124999999999 0.31255468837209305 0.53856875 0.34970937441860467 0.54425625 0.350317188372093 0.529227084375
0 0.5199437511627907 0.358202084375 0.520857811627907 0.346827084375 0.4916015627906977 0.341745834375 0.4910125 0.356577084375 0.498017188372093 0.354545834375 0.5199437511627907 0.358202084375
6 0.521467188372093 0.37201249999999997 0.4904593744186046 0.369666665625 0.49070781162790694 0.38866875 0.5199437511627907 0.389075 0.521467188372093 0.37201249999999997
2 0.524817188372093 0.398825 0.4858906255813954 0.3960625 0.484617188372093 0.41345 0.5239031255813954 0.41669999999999996 0.524817188372093 0.398825
0 0.669745311627907 0.5470937499999999 0.67005 0.532064584375 0.6393265627906977 0.5336354156249999 0.639292188372093 0.54628125 0.6533 0.54953125 0.669745311627907 0.5470937499999999
6 0.67005 0.55603125 0.6414234372093023 0.5584687500000001 0.6408140627906976 0.5775625 0.6691359372093023 0.5779687499999999 0.67005 0.55603125
2 0.6749234372093024 0.5856874999999999 0.6351375 0.585920834375 0.6374656255813953 0.59665625 0.6758359372093022 0.594625 0.6749234372093024 0.5856874999999999