1 0.4218562511627907 0.7735333343749999 0.42898125116279073 0.766879165625 0.42898125116279073 0.75975 0.38729843720930235 0.761652084375 0.38765468837209305 0.7744833343749999 0.40261718837209304 0.777335415625 0.4218562511627907 0.7735333343749999
1 0.49453437441860465 0.538289584375 0.48705156279069767 0.538764584375 0.45285156279069766 0.540191665625 0.45573593720930233 0.5553874999999999 0.47707656279069766 0.555872915625 0.49524687441860465 0.552547915625 0.49453437441860465 0.538289584375
1 0.544054688372093 0.8343624999999999 0.5436984372093023 0.81915625 0.5201843744186047 0.8229583343750001 0.5038406255813953 0.820847915625 0.5041531255813954 0.835314584375 0.5265968744186047 0.836739584375 0.544054688372093 0.8343624999999999
5 0.4906156255813954 0.57108125 0.45885468837209303 0.570235415625 0.46104531162790696 0.5820125 0.4906156255813954 0.581060415625 0.4906156255813954 0.57108125
5 0.42399374883720925 0.802047915625 0.42328124883720936 0.7920666656249999 0.39337968837209303 0.7935291656250001 0.39513593720930235 0.8025229156250001 0.40903124883720926 0.805372915625 0.42399374883720925 0.802047915625
5 0.538354688372093 0.8557479156250001 0.5084281255813954 0.854322915625 0.5102093744186046 0.866204165625 0.5358609372093023 0.8671541656249999 0.538354688372093 0.8557479156250001
0 0.4254234372093023 0.8087937500000001 0.39368593720930234 0.8104625000000001 0.39446875116279073 0.8231833343750001 0.4254234372093023 0.821725 0.4254234372093023 0.8087937500000001
6 0.42417343720930234 0.8469583343749999 0.4257359372093023 0.8356979156250001 0.41229062558139534 0.8379916656249999 0.3957187511627907 0.8379916656249999 0.3963437488372093 0.85175625 0.405725 0.853841665625 0.42417343720930234 0.8469583343749999
2 0.43152031162790694 0.876989584375 0.43152031162790694 0.8582208343750001 0.4104156255813954 0.866145834375 0.3927140627906977 0.8657999999999999 0.39274843720930236 0.88011875 0.40384843720930236 0.88074375 0.43152031162790694 0.876989584375
2 0.543304688372093 0.9366125000000001 0.5423656255813953 0.9230562499999999 0.5243875 0.928479165625 0.5046890627906977 0.9268104156250001 0.504375 0.940158334375 0.5350187488372093 0.9445375 0.543304688372093 0.9366125000000001
0 0.5391218744186047 0.874002084375 0.5074468744186047 0.874920834375 0.5072281255813953 0.888183334375 0.536620311627907 0.889435415625 0.5391218744186047 0.874002084375
6 0.5386531255813953 0.916129165625 0.5395906255813954 0.8963166656249999 0.5075421883720931 0.895691665625 0.5073859372093024 0.91675625 0.5267718744186046 0.916545834375 0.5386531255813953 0.916129165625
6 0.4908609372093023 0.61575 0.4594218744186046 0.6167583343749999 0.46065937441860466 0.63046875 0.490279688372093 0.6299520843749999 0.4908609372093023 0.61575
0 0.4908609372093023 0.5888916656250001 0.4601484372093024 0.587714584375 0.459692188372093 0.6020625 0.49047343720930237 0.600254165625 0.4908609372093023 0.5888916656250001
2 0.49550625116279073 0.641058334375 0.456032811627907 0.641283334375 0.45601406279069767 0.6599083343750001 0.4953125 0.660166665625 0.49550625116279073 0.641058334375