1 0.426732811627907 0.267704165625 0.42586406279069766 0.28678333437500003 0.4666015627906977 0.28783125 0.4666015627906977 0.27028541562499997 0.426732811627907 0.267704165625
1 0.6623765627906976 0.2816125 0.6644140627906976 0.30201666562499996 0.7061218744186046 0.29789374999999996 0.7054437488372094 0.27724375 0.6623765627906976 0.2816125
1 0.5330625 0.266741665625 0.5330625 0.283772915625 0.5761999999999999 0.282204165625 0.5761999999999999 0.26588124999999996 0.5330625 0.266741665625
5 0.448607811627907 0.301458334375 0.4257562488372093 0.301270834375 0.42705156279069767 0.317785415625 0.46064062558139535 0.316358334375 0.461979688372093 0.30077291562499997 0.448607811627907 0.301458334375
5 0.6687265627906976 0.316775 0.6687265627906976 0.330708334375 0.7049140627906977 0.329810415625 0.7029781255813954 0.31484375 0.6687265627906976 0.316775
5 0.535642188372093 0.295091665625 0.5352562511627907 0.30954375 0.5704890627906977 0.30983958437500003 0.5694156255813954 0.293616665625 0.535642188372093 0.295091665625
0 0.42952812558139536 0.31974583437500004 0.4291406255813954 0.33626041562500003 0.46204218837209304 0.333164584375 0.4617890627906977 0.32025000000000003 0.42952812558139536 0.31974583437500004
0 0.5366906255813954 0.315264584375 0.5370781255813953 0.331264584375 0.5697281255813953 0.32999166562500004 0.5693984372093024 0.314991665625 0.5366906255813954 0.315264584375
2 0.423345311627907 0.372904165625 0.4244625 0.39424375 0.4641765627906977 0.395558334375 0.46452499999999997 0.374689584375 0.423345311627907 0.372904165625
6 0.6721343744186047 0.360833334375 0.672907811627907 0.378895834375 0.7051734372093024 0.37564375 0.7045109372093024 0.36064375000000004 0.6721343744186047 0.360833334375
6 0.427992188372093 0.34848124999999996 0.427992188372093 0.366027084375 0.46118593720930234 0.369133334375 0.4621781255813953 0.349279165625 0.427992188372093 0.34848124999999996
6 0.5367812511627906 0.34395 0.5352328116279069 0.361497915625 0.5686843744186046 0.360127084375 0.5703375 0.342920834375 0.5367812511627906 0.34395
2 0.533329688372093 0.370029165625 0.533329688372093 0.389125 0.5735843744186047 0.391189584375 0.5745531255813954 0.368202084375 0.533329688372093 0.370029165625
2 0.6681859372093023 0.385958334375 0.6695093744186046 0.403604165625 0.7092140627906977 0.40183958437499995 0.7097843744186048 0.384360415625 0.6681859372093023 0.385958334375
0 0.6716249999999999 0.339408334375 0.6719968744186047 0.3538 0.70475 0.35131875 0.7047562488372093 0.334952084375 0.6716249999999999 0.339408334375