1 0.4272375 0.71504375 0.4264968744186046 0.701204165625 0.3901234372093023 0.70298125 0.38833437441860463 0.7160333343749999 0.40685937441860465 0.7189979156249999 0.4272375 0.71504375
1 0.495042188372093 0.481264584375 0.45725 0.480770834375 0.4563640627906977 0.494222915625 0.47614531162790696 0.49658749999999996 0.495782811627907 0.49510416562500004 0.495042188372093 0.481264584375
1 0.543579688372093 0.775835415625 0.543207811627907 0.7639750000000001 0.528757811627907 0.76446875 0.5054640627906977 0.762891665625 0.5039343744186047 0.778308334375 0.5387625 0.778802084375 0.543579688372093 0.775835415625
5 0.42501406279069764 0.732341665625 0.394292188372093 0.73448125 0.3946328116279069 0.74618125 0.42538437441860466 0.744697915625 0.42501406279069764 0.732341665625
5 0.4913359372093023 0.50993125 0.45914218837209303 0.5109 0.46132500000000004 0.524264584375 0.49096562558139534 0.524264584375 0.4913359372093023 0.50993125
5 0.5395031255813953 0.797583334375 0.5082437511627907 0.798095834375 0.5080093744186046 0.8084562500000001 0.5391328116279069 0.8099395843750001 0.5395031255813953 0.797583334375
0 0.4264968744186046 0.750629165625 0.396145311627907 0.75115625 0.3968562511627907 0.7639750000000001 0.4264968744186046 0.7595270843749999 0.4264968744186046 0.750629165625
0 0.46132500000000004 0.5306895843749999 0.46132500000000004 0.546010415625 0.4913359372093023 0.543045834375 0.4913359372093023 0.529702084375 0.46132500000000004 0.5306895843749999
0 0.5409859372093023 0.816345834375 0.507317188372093 0.8166249999999999 0.5087499999999999 0.8306791656250001 0.5402437488372093 0.831172915625 0.5409859372093023 0.816345834375
6 0.427607811627907 0.7901520843750001 0.4272375 0.77680625 0.414270311627907 0.780760415625 0.396145311627907 0.780185415625 0.3964843744186047 0.7955875 0.4138984372093023 0.7955875 0.427607811627907 0.7901520843750001
6 0.491707811627907 0.570210415625 0.491707811627907 0.556372915625 0.460532811627907 0.557839584375 0.461695311627907 0.57169375 0.47985 0.57070625 0.491707811627907 0.570210415625
6 0.5398734372093024 0.8593458343749999 0.5395031255813953 0.8385875 0.507317188372093 0.8394770843750001 0.5091218744186047 0.861322915625 0.529870311627907 0.861322915625 0.5398734372093024 0.8593458343749999
2 0.4342781255813954 0.817829165625 0.4339062511627907 0.8020125 0.4172343744186046 0.80695625 0.39290312558139534 0.8092124999999999 0.39352031162790696 0.8202999999999999 0.4194562488372093 0.821783334375 0.4342781255813954 0.817829165625
2 0.5428375000000001 0.88306875 0.54395 0.8662645843749999 0.5054640627906977 0.869122915625 0.504304688372093 0.8825749999999999 0.533204688372093 0.887022915625 0.5428375000000001 0.88306875
2 0.495782811627907 0.601347915625 0.49689374883720927 0.5850375 0.45775312558139536 0.585014584375 0.45613750000000003 0.600854165625 0.480592188372093 0.604314584375 0.495782811627907 0.601347915625