2 0.518067188372093 0.8533479156249999 0.5176125 0.8377416656250001 0.4987843744186047 0.8411854156249999 0.4770656255813953 0.835466665625 0.4769187511627907 0.851116665625 0.4949875 0.8573999999999999 0.50835 0.857197915625 0.518067188372093 0.8533479156249999
2 0.5772843744186047 0.7949770843749999 0.5561781255813953 0.7996375 0.5370468744186047 0.79720625 0.5349218744186046 0.81565 0.5628593744186047 0.8184875 0.5765250000000001 0.81565 0.5772843744186047 0.7949770843749999
2 0.6540609372093023 0.7762875 0.6529984372093024 0.7612895843749999 0.6136718744186046 0.7647354156249999 0.6124578116279069 0.778922915625 0.6197453116279069 0.77953125 0.6343218744186047 0.777910415625 0.6540609372093023 0.7762875
6 0.6492015627906977 0.733929165625 0.6320437511627908 0.7402124999999999 0.616404688372093 0.736564584375 0.6171640627906976 0.752170834375 0.6358406255813954 0.752575 0.6495062511627907 0.7517645843749999 0.6492015627906977 0.733929165625
6 0.513620311627907 0.8098395843749999 0.499954688372093 0.8138937500000001 0.48173437441860467 0.813083334375 0.4832531255813954 0.8264604156249999 0.504054688372093 0.829295834375 0.5130125 0.8266625 0.513620311627907 0.8098395843749999
6 0.5728359372093024 0.7717375 0.540495311627907 0.771535415625 0.5403437511627907 0.787139584375 0.5544640627906977 0.787545834375 0.5720765627906976 0.786329165625 0.5728359372093024 0.7717375
0 0.5129265627906977 0.78245 0.48043437441860465 0.7820458343750001 0.47997812558139535 0.795625 0.49576874883720934 0.7962312500000001 0.513382811627907 0.795420834375 0.5129265627906977 0.78245
0 0.57275 0.744752084375 0.5401375 0.743016665625 0.53965 0.758939584375 0.550582811627907 0.759345834375 0.57275 0.758129165625 0.57275 0.744752084375
0 0.6495796883720931 0.70908125 0.6327265627906977 0.7119187499999999 0.616575 0.712108334375 0.616025 0.725904165625 0.6346999999999999 0.726916665625 0.6501875 0.7257020843750001 0.6495796883720931 0.70908125
5 0.511929688372093 0.7674291656250001 0.48065156279069765 0.7662125 0.48095468837209304 0.7775624999999999 0.49127968837209307 0.777766665625 0.5120812511627907 0.777766665625 0.511929688372093 0.7674291656250001
5 0.5726640627906976 0.727704165625 0.5397187511627907 0.72603125 0.540170311627907 0.736825 0.5533812488372093 0.737635415625 0.5725125 0.7380416656250001 0.5726640627906976 0.727704165625
5 0.650370311627907 0.692327084375 0.6163593744186047 0.6917187499999999 0.617270311627907 0.7044875 0.628657811627907 0.704283334375 0.6512812488372093 0.703472915625 0.650370311627907 0.692327084375
1 0.5183437488372092 0.73480625 0.4749187488372093 0.7344 0.4755265627906977 0.750208334375 0.4938984372093023 0.751627084375 0.5186484372093023 0.75101875 0.5183437488372092 0.73480625
1 0.57645 0.696752084375 0.5337843744186046 0.6951291656249999 0.5360609372093024 0.7137749999999999 0.5545859372093024 0.712964584375 0.5767531255813954 0.7113437499999999 0.57645 0.696752084375
1 0.6531281255813954 0.656825 0.6113718744186046 0.658039584375 0.6131937511627907 0.672227084375 0.6300484372093023 0.6726333343750001 0.6544937488372093 0.67243125 0.6531281255813954 0.656825