2 0.522592188372093 0.38239791562500003 0.481942188372093 0.381485415625 0.481942188372093 0.395620834375 0.4959484372093023 0.39744375 0.523104688372093 0.398585415625 0.522592188372093 0.38239791562500003
2 0.582370311627907 0.340677084375 0.542404688372093 0.342272915625 0.542404688372093 0.360283334375 0.5589718744186046 0.35823125 0.581857811627907 0.357547915625 0.582370311627907 0.340677084375
2 0.6597406255813953 0.305795834375 0.619432811627907 0.305795834375 0.619092188372093 0.323579165625 0.6353171883720931 0.317879165625 0.6602531255813954 0.31993125 0.6597406255813953 0.305795834375
6 0.5186640627906977 0.356635415625 0.48689531162790695 0.355722915625 0.48706718837209306 0.367579165625 0.4983390627906977 0.367579165625 0.5178093744186046 0.37031458437500003 0.5186640627906977 0.356635415625
6 0.5782687511627908 0.316710415625 0.545817188372093 0.316254165625 0.546329688372093 0.332441665625 0.5617015627906976 0.329933334375 0.5784406255813953 0.32970625 0.5782687511627908 0.316710415625
6 0.6552984372093023 0.27909375000000003 0.6383890627906976 0.282741665625 0.6228468744186046 0.27749791562500004 0.6242125000000001 0.295735415625 0.6389015627906977 0.29459583437500003 0.6547859372093023 0.294825 0.6552984372093023 0.27909375000000003
0 0.5182718744186047 0.32723749999999996 0.48447968837209304 0.328354165625 0.48582187441860464 0.3416 0.49948437441860466 0.337952084375 0.5191265627906977 0.338864584375 0.5182718744186047 0.32723749999999996
0 0.578904688372093 0.287795834375 0.544745311627907 0.287795834375 0.544917188372093 0.303754165625 0.5592640627906976 0.301702084375 0.5792468744186047 0.301475 0.578904688372093 0.287795834375
0 0.6561640627906977 0.254054165625 0.6227999999999999 0.254283334375 0.622970311627907 0.26841875000000004 0.641929688372093 0.268645834375 0.6561640627906977 0.268645834375 0.6561640627906977 0.254054165625
5 0.5176515627906977 0.310833334375 0.484857811627907 0.30992291562499996 0.48639531162790695 0.3206375 0.500229688372093 0.32018125 0.5181640627906977 0.32109375 0.5176515627906977 0.310833334375
5 0.576917188372093 0.269341665625 0.5451484372093023 0.269341665625 0.5465156255813953 0.281195834375 0.5639359372093024 0.28096875 0.576575 0.282108334375 0.576917188372093 0.269341665625
5 0.6223109372093023 0.234958334375 0.6228234372093023 0.247727084375 0.6568562488372094 0.247270834375 0.6557875000000001 0.236327084375 0.6223109372093023 0.234958334375
1 0.5222968744186047 0.278160415625 0.4809640627906977 0.277704165625 0.4826718744186046 0.293208334375 0.5002640627906977 0.291839584375 0.522467188372093 0.2936625 0.5222968744186047 0.278160415625
1 0.581392188372093 0.239175 0.5409140627906978 0.23712499999999997 0.5405718744186047 0.252170834375 0.5607265627906977 0.25308333437499997 0.582075 0.25308333437499997 0.581392188372093 0.239175
1 0.6587625 0.19950625 0.6187968744186046 0.19950625 0.618967188372093 0.21409791562499997 0.6384375 0.21272916562500002 0.6604703116279069 0.21501041562499998 0.6587625 0.19950625