5 0.350782811627907 0.905664584375 0.35162499999999997 0.89611875 0.3347812511627907 0.89611875 0.32214843720930236 0.8905041656250001 0.31751562558139534 0.900047915625 0.3339390627906977 0.9051020843750001 0.350782811627907 0.905664584375
1 0.351204688372093 0.9376687499999999 0.351204688372093 0.9298062500000001 0.32972812558139536 0.9298062500000001 0.313725 0.9213854156249999 0.3111984372093023 0.9286833343750001 0.3309906255813953 0.9376687499999999 0.351204688372093 0.9376687499999999
5 0.45732343720930235 0.8579375 0.4564812511627907 0.847270834375 0.4430062488372093 0.8579375 0.42742500000000005 0.863552084375 0.42910937441860464 0.871975 0.4446906255813954 0.86860625 0.45732343720930235 0.8579375
1 0.4691140627906977 0.884327084375 0.46700937441860463 0.878152084375 0.44890156279069765 0.891627084375 0.427845311627907 0.896679165625 0.43247812558139537 0.9034187499999999 0.452270311627907 0.897241665625 0.4691140627906977 0.884327084375
5 0.6114499999999999 0.832110415625 0.6135546883720929 0.822564584375 0.5958687511627907 0.8180729156250001 0.5832343744186047 0.8096500000000001 0.580707811627907 0.818635415625 0.5941843744186046 0.826495834375 0.6114499999999999 0.832110415625
1 0.6085015627906977 0.862991665625 0.6106078116279069 0.85513125 0.5899734372093023 0.8512000000000001 0.5718656255813953 0.8371625 0.5693390627906977 0.843902084375 0.5874468744186047 0.8568145843750001 0.6085015627906977 0.862991665625
2 0.36634999999999995 0.813404165625 0.354775 0.813133334375 0.3373125 0.810154165625 0.3253312488372093 0.8041937499999999 0.3233015627906977 0.8096125000000001 0.3225437511627907 0.8133250000000001 0.3460437488372093 0.823158334375 0.361679688372093 0.826952084375 0.3655375 0.8245125 0.36634999999999995 0.813404165625
0 0.3555875 0.8581104156249999 0.3559937511627907 0.8510666656250001 0.33710937441860467 0.84754375 0.32634687441860466 0.844020834375 0.3247218744186046 0.852420834375 0.340154688372093 0.856485415625 0.3555875 0.8581104156249999
0 0.351729688372093 0.882222915625 0.3537609372093023 0.8749083343749999 0.3405609372093023 0.8738250000000001 0.3225437511627907 0.867835415625 0.3235031255813954 0.8762624999999999 0.33609374883720927 0.879514584375 0.351729688372093 0.882222915625
2 0.43334374883720933 0.772839584375 0.4146609372093023 0.78340625 0.40674218837209297 0.783135415625 0.407554688372093 0.7955979156249999 0.428267188372093 0.7896375 0.4461359372093023 0.7788 0.4432937511627907 0.768233334375 0.43334374883720933 0.772839584375
0 0.4499937488372093 0.81185625 0.44877656279069766 0.804810415625 0.4345609372093023 0.813752084375 0.41776718837209303 0.8197583343750001 0.41994062558139533 0.8267562500000001 0.438217188372093 0.820254165625 0.4499937488372093 0.81185625
0 0.4447140627906977 0.8422000000000001 0.454804688372093 0.839077084375 0.45460156279069763 0.828510415625 0.4400437488372093 0.8378666656249999 0.422592188372093 0.8410875000000001 0.4237984372093023 0.849516665625 0.43374843720930234 0.847077084375 0.4447140627906977 0.8422000000000001
2 0.6139359372093024 0.73851875 0.597082811627907 0.7265958343750001 0.5942390627906977 0.732829165625 0.594645311627907 0.7371624999999999 0.6086562511627908 0.745291665625 0.6328218744186046 0.7558583343749999 0.6326187488372094 0.745020834375 0.6139359372093024 0.73851875
0 0.6209781255813954 0.78593125 0.6209781255813954 0.779970834375 0.5994531255813953 0.7704875 0.5927265627906977 0.764908334375 0.592142188372093 0.772654165625 0.6073734372093023 0.781054165625 0.6209781255813954 0.78593125
0 0.613870311627907 0.8092312500000001 0.617932811627907 0.8008333343749999 0.600875 0.79676875 0.5871406255813953 0.788270834375 0.586254688372093 0.795414584375 0.5978281255813954 0.804354165625 0.613870311627907 0.8092312500000001