5 0.43952968837209305 0.110025 0.4260140627906977 0.11303125 0.419254688372093 0.11703749999999999 0.4215843744186047 0.12734375 0.43227187441860465 0.12204583437500001 0.451795311627907 0.118372915625 0.4512937488372093 0.10969166562499999 0.43952968837209305 0.110025
1 0.4505437488372093 0.07697083437499999 0.429517188372093 0.080977084375 0.4099937511627907 0.089322915625 0.41157187441860466 0.098554165625 0.4247625 0.091327084375 0.442032811627907 0.085652084375 0.4507937488372093 0.084314584375 0.4505437488372093 0.07697083437499999
1 0.597067188372093 0.261010415625 0.5762906255813953 0.27303125 0.576792188372093 0.27937500000000004 0.5928109372093023 0.272364584375 0.6155890627906977 0.263347915625 0.6140531255813954 0.254 0.597067188372093 0.261010415625
5 0.5727515627906977 0.241645834375 0.5730015627906977 0.250327084375 0.5897734372093023 0.24231250000000001 0.6059906255813953 0.23624375 0.6025390627906977 0.2272875 0.5867687488372093 0.233966665625 0.5727515627906977 0.241645834375
5 0.7342000000000001 0.1775375 0.7216843744186047 0.187554165625 0.7255312488372093 0.196189584375 0.7377031255813953 0.183547915625 0.7537234372093022 0.17553333437500002 0.7527218744186047 0.16685208437500001 0.7342000000000001 0.1775375
1 0.748217188372093 0.1358 0.7402062511627906 0.13980625 0.710920311627907 0.160508334375 0.712075 0.167816665625 0.7246875 0.156835415625 0.740957811627907 0.147152084375 0.7504687511627908 0.1428125 0.748217188372093 0.1358
0 0.45471562558139533 0.13874999999999998 0.4543109372093023 0.13173125000000002 0.434875 0.13605 0.42434687441860464 0.14306875 0.4267765627906977 0.148466665625 0.439329688372093 0.14306875 0.45471562558139533 0.13874999999999998
0 0.45755 0.165204165625 0.4583609372093023 0.15440625 0.44337812558139533 0.158725 0.42839687441860463 0.164664584375 0.4308265627906977 0.172222915625 0.44013906279069764 0.167364584375 0.45755 0.165204165625
2 0.46686406279069764 0.19975625 0.468482811627907 0.18841875 0.4449984372093024 0.196516665625 0.42961093720930227 0.200295834375 0.4300156255813954 0.211633334375 0.450667188372093 0.20245625 0.46686406279069764 0.19975625
2 0.588742188372093 0.154945834375 0.5871218744186046 0.144147915625 0.5664718744186047 0.15440625 0.550275 0.163585415625 0.5490609372093024 0.173302084375 0.5721406255813953 0.160345834375 0.588742188372093 0.154945834375
0 0.5911718744186046 0.191658334375 0.5911718744186046 0.183560415625 0.574570311627907 0.191658334375 0.5628281255813954 0.19705625 0.562017188372093 0.203535415625 0.5814531255813954 0.196516665625 0.5911718744186046 0.191658334375
0 0.5980546883720931 0.21379375 0.5968406255813953 0.206235415625 0.5802390627906976 0.21379375 0.5680906255813953 0.2208125 0.5676859372093023 0.22675 0.5810484372093023 0.219191665625 0.5980546883720931 0.21379375
0 0.7592093744186047 0.194897915625 0.7584000000000001 0.187879165625 0.7417984372093023 0.198677084375 0.7292468744186047 0.20839375000000002 0.7328906255813953 0.214872915625 0.746657811627907 0.20245625 0.7592093744186047 0.194897915625
0 0.7656890627906977 0.218652084375 0.7640687511627906 0.21271458437500002 0.749492188372093 0.22243125 0.7369390627906978 0.22945000000000002 0.7397734372093023 0.23646875 0.7511109372093023 0.228370834375 0.7656890627906977 0.218652084375
2 0.7802656255813955 0.251045834375 0.780670311627907 0.24078750000000002 0.7579953116279069 0.25644374999999997 0.7438234372093023 0.26292291562500003 0.7446328116279071 0.273720834375 0.7644734372093023 0.260222915625 0.7802656255813955 0.251045834375