1 0.43562656279069767 0.062104165625 0.41425 0.07030625 0.4034156255813953 0.07577500000000001 0.39638906279069763 0.08124375 0.3966812488372093 0.087883334375 0.4054656255813954 0.080852084375 0.4285984372093023 0.069525 0.436504688372093 0.06874375 0.43562656279069767 0.062104165625
5 0.4215718744186046 0.09843125 0.40751562558139537 0.108977084375 0.410825 0.117733334375 0.41864218837209305 0.11092916562499999 0.439432811627907 0.099602084375 0.43855468837209305 0.091789584375 0.4215718744186046 0.09843125
5 0.6139125 0.151658334375 0.594879688372093 0.152047915625 0.5946015627906976 0.1602 0.6112765627906978 0.159860415625 0.6253328116279069 0.167283334375 0.627382811627907 0.156345834375 0.6139125 0.151658334375
5 0.7620812511627907 0.2165 0.747732811627907 0.21610833437500002 0.7457968744186046 0.22463125 0.760617188372093 0.225875 0.7764296883720929 0.23524791562499997 0.7787718744186047 0.223139584375 0.7620812511627907 0.2165
1 0.6102703116279069 0.18343125 0.5873625 0.180654165625 0.5871031255813953 0.190029165625 0.6055859372093023 0.188641665625 0.6284937511627907 0.195239584375 0.6287531255813953 0.188641665625 0.6102703116279069 0.18343125
1 0.7622968744186047 0.24975624999999999 0.7466781255813953 0.247672915625 0.7365250000000001 0.2459375 0.737567188372093 0.250797915625 0.7581312511627907 0.253577084375 0.7786968744186046 0.266425 0.7779156255813954 0.259827084375 0.7622968744186047 0.24975624999999999
0 0.41969062558139536 0.15242291562500002 0.42376562558139536 0.1632875 0.4527406255813954 0.14306666562499998 0.45025 0.134010415625 0.41969062558139536 0.15242291562500002
0 0.4142578116279069 0.130691665625 0.41719999999999996 0.13974583437500002 0.4477609372093023 0.12163541562499999 0.44345937441860467 0.11077083437499999 0.4142578116279069 0.130691665625
0 0.598975 0.103527084375 0.5982968744186046 0.11197708437500001 0.6308937488372093 0.1177125 0.6320265627906976 0.108054165625 0.598975 0.103527084375
0 0.5962593744186047 0.126164584375 0.5953531255813954 0.136125 0.6290828116279069 0.141858334375 0.6284031255813953 0.13129375000000001 0.5962593744186047 0.126164584375
2 0.42602812558139536 0.189547915625 0.429425 0.198904165625 0.4660968744186047 0.176870834375 0.465417188372093 0.163891665625 0.42602812558139536 0.189547915625
2 0.5987499999999999 0.06308125 0.5955796883720931 0.072739584375 0.6370062511627907 0.08209791562499999 0.6381375 0.070325 0.5987499999999999 0.06308125
2 0.757207811627907 0.12978541562499998 0.7535859372093022 0.13944375 0.7956921883720931 0.15242291562500002 0.7950125 0.13914166562500002 0.757207811627907 0.12978541562499998
0 0.7528468744186047 0.168775 0.7516406255813953 0.179777084375 0.7850468744186047 0.187020834375 0.786857811627907 0.17521458437499998 0.7528468744186047 0.168775
0 0.750432811627907 0.19185000000000002 0.7488234372093023 0.202047915625 0.7810218744186046 0.21278125 0.7830343744186047 0.2004375 0.750432811627907 0.19185000000000002