1 0.46857499999999996 0.404229165625 0.4722 0.397397915625 0.4594515627906977 0.38456875 0.4390937488372093 0.360875 0.4350812488372093 0.367572915625 0.443204688372093 0.376404165625 0.45320312558139536 0.3874 0.46857499999999996 0.404229165625
5 0.4515781255813954 0.42522291562500003 0.45682812558139535 0.416225 0.44220468837209304 0.40289583437500004 0.43034375116279067 0.3865 0.425707811627907 0.393897915625 0.4323312511627907 0.40356249999999994 0.440829688372093 0.41289375 0.4515781255813954 0.42522291562500003
5 0.506957811627907 0.682889584375 0.5093328116279069 0.671725 0.4949593744186046 0.662729165625 0.4820625 0.6483749999999999 0.4764625 0.656564584375 0.48933593720930235 0.66889375 0.4993343744186047 0.676891665625 0.506957811627907 0.682889584375
1 0.4994593744186046 0.7132125 0.502207811627907 0.702883334375 0.48433593720930235 0.693052084375 0.4665937488372093 0.6748333343749999 0.46383906279069764 0.680889584375 0.4715890627906977 0.6893875 0.4809625 0.6985520843749999 0.4994593744186046 0.7132125
1 0.6838281255813953 0.47202291562500004 0.6939515627906977 0.48268541562499995 0.69645 0.473522915625 0.6855765627906978 0.46385833437499996 0.6601875 0.441083334375 0.656457811627907 0.448529165625 0.6609562488372093 0.4523625 0.6714546883720931 0.46069375 0.6838281255813953 0.47202291562500004
5 0.6777031255813953 0.5075125 0.6802031255813954 0.496347915625 0.671704688372093 0.485685415625 0.6537812511627907 0.47087500000000004 0.649832811627907 0.4801875 0.6600812511627907 0.488185415625 0.6689546883720929 0.49784791562499997 0.6777031255813953 0.5075125
0 0.445820311627907 0.4342625 0.42068124883720925 0.40603125 0.4164781255813953 0.41542500000000004 0.42981562558139536 0.429285415625 0.44182031162790697 0.44137083437499997 0.445820311627907 0.4342625
0 0.41012031162790696 0.42558749999999995 0.40500781162790694 0.432129165625 0.43194999999999995 0.459852084375 0.43515 0.453454165625 0.41012031162790696 0.42558749999999995
0 0.5248656255813954 0.63263125 0.5099265627906976 0.622325 0.4975359372093023 0.60785 0.49498906279069765 0.618770834375 0.517129688372093 0.63511875 0.5224640627906977 0.639385415625 0.5248656255813954 0.63263125
0 0.516595311627907 0.652535415625 0.503525 0.645070834375 0.48844218837209297 0.630535415625 0.4864515627906977 0.6379625 0.49925624883720926 0.6507583343750001 0.513395311627907 0.660710415625 0.516595311627907 0.652535415625
0 0.6699812511627907 0.522216665625 0.6723812511627907 0.5154625 0.6651796883720931 0.508 0.6456734372093023 0.49051458437499995 0.6430375 0.49804791562500006 0.6561093744186046 0.509420834375 0.6635781255813954 0.5154625 0.6699812511627907 0.522216665625
0 0.6614437511627907 0.543185415625 0.6635781255813954 0.535722915625 0.651575 0.5250583343749999 0.636579688372093 0.51124375 0.6337015627906977 0.520083334375 0.6459718744186046 0.527547915625 0.6526421883720931 0.5364333343750001 0.6614437511627907 0.543185415625
2 0.650507811627907 0.5776625 0.6531750000000001 0.57481875 0.6553093744186046 0.570197915625 0.6414375 0.557047915625 0.628367188372093 0.545672915625 0.6192718744186047 0.5374479156249999 0.6187640627906977 0.542475 0.6187640627906977 0.549939584375 0.6377031255813953 0.5662874999999999 0.650507811627907 0.5776625
2 0.526575 0.605008334375 0.538579688372093 0.61389375 0.5401796883720931 0.6085625 0.5401796883720931 0.6003875 0.5180390627906977 0.585104165625 0.50575 0.573039584375 0.5031015627906977 0.576929165625 0.5012343744186046 0.582260415625 0.512170311627907 0.594345834375 0.526575 0.605008334375
2 0.4081984372093023 0.483020834375 0.4178015627906977 0.49190625 0.42260312558139534 0.489416665625 0.424470311627907 0.485152084375 0.4122 0.47555625 0.40339687441860467 0.46738125 0.3916406255813954 0.448664584375 0.38925781162790696 0.452454165625 0.388725 0.45991666562500005 0.39859531162790696 0.472002084375 0.4081984372093023 0.483020834375