1 0.45222968837209304 0.19597291562500002 0.45089531162790697 0.188154165625 0.439157811627907 0.18922083437499998 0.4223531255813953 0.197395834375 0.4095343744186047 0.204214584375 0.411682811627907 0.212679165625 0.4231531255813954 0.205214584375 0.43835781162790693 0.19810624999999998 0.45222968837209304 0.19597291562500002
1 0.6133390627906976 0.343622915625 0.6120062511627907 0.336158334375 0.596 0.34042500000000003 0.5845296883720931 0.344689584375 0.5705781255813953 0.348929165625 0.571992188372093 0.35570625 0.5863968744186047 0.351441665625 0.5992015627906977 0.3478875 0.6133390627906976 0.343622915625
1 0.7457265627906977 0.40410833437499993 0.7494609372093024 0.399133334375 0.7353234372093023 0.377452084375 0.728920311627907 0.368920834375 0.7187140627906977 0.35675 0.713982811627907 0.3618125 0.728920311627907 0.377095834375 0.7361234372093023 0.390958334375 0.7457265627906977 0.40410833437499993
5 0.7619984372093024 0.37034375 0.7505281255813954 0.35470416562499996 0.738075 0.33797708437499996 0.7315890627906977 0.345108334375 0.7465265627906976 0.363235415625 0.7558625 0.37851875 0.7619984372093024 0.37034375
5 0.6029015627906977 0.306639584375 0.5924984372093023 0.308772915625 0.5717515627906977 0.314510415625 0.5735593744186046 0.32405625 0.597032811627907 0.31659166562499996 0.6047687511627907 0.31588125 0.6029015627906977 0.306639584375
5 0.43901249999999997 0.16034166562500002 0.42674218837209305 0.163185415625 0.4074812511627907 0.172533334375 0.4088687488372093 0.18166875 0.424075 0.17349375 0.44141406279069767 0.168872915625 0.43901249999999997 0.16034166562500002
0 0.401920311627907 0.150197915625 0.40590000000000004 0.160808334375 0.4358984372093023 0.145708334375 0.43345 0.1359125 0.401920311627907 0.150197915625
0 0.39584687441860467 0.12817083437500001 0.39847812558139534 0.138154165625 0.42984531162790696 0.122235415625 0.4270125 0.113060415625 0.39584687441860467 0.12817083437500001
2 0.3835015627906977 0.092283334375 0.38512031162790694 0.10550416562500001 0.4270125 0.086616665625 0.422357811627907 0.075014584375 0.3835015627906977 0.092283334375
2 0.5755562488372092 0.22558125 0.5553187488372093 0.2331375 0.5557234372093023 0.24527916562500002 0.5990312511627907 0.232327084375 0.5951859372093024 0.221804165625 0.5755562488372092 0.22558125
0 0.5646281255813954 0.26929375 0.565842188372093 0.27981875 0.598425 0.26956458437499997 0.5970078116279071 0.26038958437500004 0.5646281255813954 0.26929375
0 0.569282811627907 0.29331041562500004 0.5698890627906977 0.304372915625 0.6026750000000001 0.29331041562500004 0.6000437511627907 0.283325 0.569282811627907 0.29331041562500004
0 0.7473734372093024 0.322452084375 0.7427187488372092 0.3297375 0.767407811627907 0.36265625 0.7730750000000001 0.354022915625 0.7473734372093024 0.322452084375
0 0.759717188372093 0.304102084375 0.755467188372093 0.31111875 0.7803593744186046 0.342689584375 0.7850140627906976 0.336483334375 0.759717188372093 0.304102084375
2 0.7874437511627908 0.2892625 0.774895311627907 0.27199375 0.7684203116279069 0.27981875 0.7989781255813952 0.322720834375 0.8048468744186047 0.3127375 0.7874437511627908 0.2892625