5 0.4335031255813953 0.757847915625 0.43139687441860464 0.75083125 0.418057811627907 0.761120834375 0.40188281162790696 0.767979165625 0.40366406279069766 0.777491665625 0.413845311627907 0.772345834375 0.426832811627907 0.7648625 0.4335031255813953 0.757847915625
5 0.6180562488372093 0.8152062499999999 0.5966437488372093 0.8138041656249999 0.5860125 0.8081250000000001 0.5850593744186047 0.8180125 0.5966437488372093 0.823158334375 0.6177062488372094 0.8259645843750001 0.6180562488372093 0.8152062499999999
5 0.767779688372093 0.8828645843749999 0.7530359372093023 0.880058334375 0.737717188372093 0.872975 0.7358359372093023 0.8852020843749999 0.7526859372093023 0.8894125 0.7663765627906977 0.892685415625 0.767779688372093 0.8828645843749999
1 0.7267093744186046 0.905314584375 0.726007811627907 0.9118625 0.7435593744186046 0.921216665625 0.7568984372093023 0.9249583343750001 0.7681312488372094 0.92589375 0.7689843744186046 0.918783334375 0.7583015627906977 0.9165395843749999 0.7446125 0.9151354156249999 0.7267093744186046 0.905314584375
1 0.620382811627907 0.8551187499999999 0.6214359372093022 0.8457645843750001 0.610904688372093 0.8481041656249999 0.5937031255813954 0.844829165625 0.5782921883720931 0.8374625 0.5789609372093023 0.8467 0.589842188372093 0.8504416656249999 0.6052875 0.8537166656249999 0.620382811627907 0.8551187499999999
1 0.4306640627906977 0.721439584375 0.40960156279069765 0.7354708343749999 0.400475 0.740616665625 0.38798593720930236 0.7448187500000001 0.39134843720930235 0.751841665625 0.41205937441860463 0.7415520843750001 0.4320687488372093 0.72845625 0.4306640627906977 0.721439584375
0 0.43886562558139536 0.782839584375 0.4374968744186047 0.773108334375 0.424267188372093 0.784664584375 0.40921250000000003 0.791964584375 0.41012499999999996 0.79865625 0.42837187441860464 0.790747915625 0.43886562558139536 0.782839584375
0 0.4443390627906977 0.8004791656249999 0.44342656279069764 0.793789584375 0.4297406255813953 0.8065625000000001 0.41605468837209303 0.811429165625 0.41879218837209303 0.818729165625 0.43247812558139537 0.813254165625 0.4443390627906977 0.8004791656249999
2 0.45756874883720927 0.8388 0.45893749999999994 0.822377084375 0.43886562558139536 0.8418416656250001 0.424267188372093 0.8491416656249999 0.425179688372093 0.8570499999999999 0.44160156279069773 0.84975 0.45756874883720927 0.8388
2 0.6277328116279071 0.74269375 0.6291 0.7329625 0.6058343744186047 0.7317458343750001 0.591692188372093 0.728095834375 0.5889546883720931 0.735395834375 0.6081156255813953 0.74269375 0.6277328116279071 0.74269375
0 0.6213453116279071 0.77615 0.6218015627906976 0.770675 0.6035531255813954 0.76885 0.591692188372093 0.763983334375 0.5912359372093023 0.771891665625 0.6062906255813953 0.776758334375 0.6213453116279071 0.77615
0 0.619520311627907 0.802304165625 0.620432811627907 0.793789584375 0.6049218744186046 0.7943979156250001 0.5894109372093024 0.788314584375 0.590779688372093 0.796222915625 0.6026406255813953 0.8004791656249999 0.619520311627907 0.802304165625
2 0.7851218744186046 0.8156874999999999 0.7860343744186046 0.803520834375 0.765504688372093 0.8010875000000001 0.7468 0.7931812500000001 0.742695311627907 0.8041291656249999 0.764592188372093 0.8102124999999999 0.7851218744186046 0.8156874999999999
0 0.7741718744186047 0.847316665625 0.7750843744186046 0.83819375 0.7604859372093024 0.8363687499999999 0.7454312511627907 0.832110415625 0.7445187488372093 0.8388 0.7582062488372093 0.843666665625 0.7741718744186047 0.847316665625
0 0.7677859372093022 0.872864584375 0.7723484372093024 0.864347915625 0.7572937511627906 0.8619145843749999 0.742695311627907 0.855833334375 0.7404140627906977 0.86495625 0.7541 0.869214584375 0.7677859372093022 0.872864584375