5 0.3852687488372093 0.2017375 0.3852687488372093 0.21223333437499997 0.4197125 0.213545834375 0.41946562558139533 0.20239375 0.3852687488372093 0.2017375
5 0.5159062488372093 0.306379165625 0.5146765627906977 0.31753125 0.5473968744186046 0.325075 0.5471515627906977 0.314579165625 0.5159062488372093 0.306379165625
5 0.6581062488372093 0.25389375 0.6608125 0.261766665625 0.6908265627906978 0.24077291562499997 0.687629688372093 0.232572915625 0.6581062488372093 0.25389375
1 0.645804688372093 0.22699583437499998 0.648020311627907 0.23519583437499997 0.6859062488372093 0.20764166562500003 0.682217188372093 0.20108125000000002 0.645804688372093 0.22699583437499998
1 0.507295311627907 0.33655625 0.5063109372093023 0.344758334375 0.5483812488372093 0.354927084375 0.5496109372093023 0.34606875000000004 0.507295311627907 0.33655625
1 0.382317188372093 0.16991875 0.382317188372093 0.176479165625 0.425617188372093 0.18172708437500001 0.42537031162790695 0.173197915625 0.382317188372093 0.16991875
2 0.3786656255813954 0.28296041562499996 0.3781234372093023 0.296227084375 0.4193734372093023 0.3000875 0.42009687441860466 0.288989584375 0.3786656255813954 0.28296041562499996
0 0.3849984372093023 0.22506458437500002 0.38391250000000005 0.23543750000000002 0.4190109372093023 0.23664374999999999 0.4181062511627907 0.22530624999999999 0.3849984372093023 0.22506458437500002
0 0.384275 0.24870416562500003 0.384275 0.258595834375 0.4170218744186046 0.260283334375 0.4166593744186047 0.25039375 0.384275 0.24870416562500003
0 0.5192406255813954 0.259560415625 0.5181562488372093 0.269691665625 0.551082811627907 0.275964584375 0.5518062511627907 0.26583125 0.5192406255813954 0.259560415625
0 0.517432811627907 0.283683334375 0.5168890627906977 0.293572915625 0.5490937511627907 0.29815625 0.5501781255813953 0.287783334375 0.517432811627907 0.283683334375
2 0.5183359372093024 0.22192916562499998 0.5168890627906977 0.23374999999999999 0.5588625 0.24074374999999998 0.5585015627906977 0.22964791562500003 0.5183359372093024 0.22192916562499998
2 0.6784515627906976 0.33192916562499997 0.6836984372093022 0.340370834375 0.719157811627907 0.31431875 0.715720311627907 0.303704165625 0.6784515627906976 0.33192916562499997
0 0.6723 0.294779165625 0.6741093744186046 0.30322291562500003 0.7039609372093023 0.283683334375 0.7012468744186047 0.27668750000000003 0.6723 0.294779165625
0 0.6654249999999999 0.27306875 0.6681390627906977 0.2815125 0.6970859372093023 0.261008334375 0.6940109372093024 0.25232291562500003 0.6654249999999999 0.27306875