1 0.44441718837209304 0.523766665625 0.44494687441860464 0.53645625 0.487779688372093 0.537514584375 0.48672187441860465 0.5258812500000001 0.44441718837209304 0.523766665625
1 0.49712343720930235 0.5272875 0.49712343720930235 0.537510415625 0.5404843744186046 0.536452084375 0.5394265627906977 0.525877084375 0.49712343720930235 0.5272875
1 0.5777156255813953 0.5371625 0.5761296883720931 0.550558334375 0.6181687511627907 0.561485415625 0.6202843744186046 0.5512625 0.5777156255813953 0.5371625
5 0.44680156279069766 0.557516665625 0.44653593720930235 0.570208334375 0.4801156255813953 0.570208334375 0.48090781162790697 0.5589270843749999 0.44680156279069766 0.557516665625
5 0.5032343744186046 0.559608334375 0.5024406255813954 0.5705375 0.537342188372093 0.569479165625 0.5370765627906977 0.5582 0.5032343744186046 0.559608334375
5 0.5777906255813954 0.574160415625 0.576732811627907 0.585089584375 0.609782811627907 0.5907312499999999 0.6105765627906977 0.580154165625 0.5777906255813954 0.574160415625
0 0.44565312558139536 0.58198125 0.4461812488372093 0.5957312499999999 0.48055312558139535 0.594672915625 0.48055312558139535 0.583391665625 0.44565312558139536 0.58198125
0 0.504004688372093 0.58485 0.5037390627906977 0.59613125 0.5373187511627907 0.595427084375 0.536525 0.583441665625 0.504004688372093 0.58485
0 0.574704688372093 0.596341665625 0.574175 0.609385415625 0.6066968744186046 0.6174937500000001 0.6082828116279069 0.6040979156249999 0.574704688372093 0.596341665625
7 0.44577187441860466 0.607297915625 0.44603593720930235 0.621047915625 0.48014374883720934 0.62069375 0.47908593720930237 0.60659375 0.44577187441860466 0.607297915625
7 0.5032015627906977 0.610289584375 0.503467188372093 0.6222770843750001 0.5367812511627906 0.621922915625 0.5381031255813954 0.609585415625 0.5032015627906977 0.610289584375
7 0.5708203116279069 0.62129375 0.5684406255813954 0.636452084375 0.6041343744186046 0.64315 0.6041343744186046 0.62834375 0.5708203116279069 0.62129375
2 0.44281250000000005 0.641239584375 0.4430765627906977 0.65569375 0.48405781162790695 0.656045834375 0.48405781162790695 0.6444124999999999 0.44281250000000005 0.641239584375
2 0.500057811627907 0.644227084375 0.501379688372093 0.656566665625 0.541832811627907 0.656214584375 0.5420968744186047 0.643522915625 0.500057811627907 0.644227084375
2 0.5629468744186047 0.652191665625 0.5618890627906977 0.666997915625 0.6008859372093023 0.6778666656250001 0.6043109372093023 0.665302084375 0.5629468744186047 0.652191665625