2 0.35278593720930235 0.329395834375 0.3256937488372093 0.329395834375 0.32496250000000004 0.3378625 0.34058281162790693 0.33460625 0.3647437488372093 0.340466665625 0.36523281162790694 0.33427916562500004 0.35278593720930235 0.329395834375
7 0.3278906255813953 0.3635875 0.32815781162790697 0.37446666562500003 0.358642188372093 0.373358334375 0.360107811627907 0.36261041562499996 0.3278906255813953 0.3635875
0 0.359375 0.39094375000000003 0.3266312488372093 0.391558334375 0.3276468744186047 0.40006041562499994 0.3588875 0.398433334375 0.359375 0.39094375000000003
5 0.3588875 0.41699583437500004 0.3263265627906977 0.415975 0.32740312558139534 0.424485415625 0.35913124883720926 0.423508334375 0.3588875 0.41699583437500004
1 0.36279218837209304 0.45118749999999996 0.320832811627907 0.450564584375 0.3205687488372093 0.45607291562499996 0.36303593720930233 0.458027084375 0.36279218837209304 0.45118749999999996
2 0.47286093720930233 0.529166665625 0.47059843720930233 0.5367729156250001 0.509954688372093 0.537970834375 0.5103109372093023 0.5298812500000001 0.47286093720930233 0.529166665625
7 0.5076359372093023 0.5629562499999999 0.47416562558139536 0.56175 0.475357811627907 0.574377084375 0.5058531255813953 0.575091665625 0.5076359372093023 0.5629562499999999
0 0.507279688372093 0.58936875 0.4752812488372093 0.58910625 0.4746437488372093 0.5969833343750001 0.5069218744186046 0.598647915625 0.507279688372093 0.58936875
5 0.5065656255813953 0.613402084375 0.476395311627907 0.61289375 0.475 0.619825 0.5063875 0.6226812500000001 0.5065656255813953 0.613402084375
1 0.509954688372093 0.647666665625 0.4701515627906977 0.647089584375 0.47072031162790695 0.655041665625 0.5095968744186047 0.654091665625 0.509954688372093 0.647666665625
1 0.681220311627907 0.33809374999999997 0.640917188372093 0.339283334375 0.6403093744186047 0.34587500000000004 0.6575015627906976 0.34547083437500004 0.6808640627906977 0.346897915625 0.681220311627907 0.33809374999999997
5 0.675870311627907 0.372595834375 0.6445468744186046 0.37204166562499996 0.6446625 0.379258334375 0.675692188372093 0.379020834375 0.675870311627907 0.372595834375
0 0.6755140627906977 0.39567708437500004 0.6447687511627906 0.395533334375 0.6439484372093023 0.403529165625 0.675692188372093 0.405195834375 0.6755140627906977 0.39567708437500004
7 0.6432359372093023 0.42018541562499995 0.643207811627907 0.4285375 0.675157811627907 0.43184583437499996 0.675870311627907 0.420425 0.6432359372093023 0.42018541562499995
2 0.638954688372093 0.45682916562500003 0.6398468744186047 0.46396875 0.6781890627906977 0.46420625 0.6797937488372092 0.45682916562500003 0.638954688372093 0.45682916562500003