1 0.471079688372093 0.346660415625 0.44771093720930233 0.346660415625 0.43005312558139536 0.34671875 0.42986093720930235 0.355310415625 0.45647499999999996 0.354877084375 0.471079688372093 0.354877084375 0.471079688372093 0.346660415625
1 0.5862343744186047 0.22140208437500003 0.5609187511627907 0.22269791562500002 0.5440484372093024 0.22223958437500002 0.544367188372093 0.230914584375 0.5644890627906977 0.23048125000000003 0.586557811627907 0.23048125000000003 0.5862343744186047 0.22140208437500003
1 0.6834749999999999 0.308125 0.659782811627907 0.308989584375 0.6413328116279069 0.30865 0.641607811627907 0.316772915625 0.6610812488372092 0.316339584375 0.68315 0.317204165625 0.6834749999999999 0.308125
5 0.677495311627907 0.27439583437500004 0.6456906255813953 0.274827084375 0.6456906255813953 0.282610415625 0.6664609372093022 0.281745834375 0.677495311627907 0.282179165625 0.677495311627907 0.27439583437500004
5 0.5498640627906977 0.255214584375 0.550117188372093 0.26504791562499996 0.5825718744186047 0.264183334375 0.5822484372093023 0.255535415625 0.5498640627906977 0.255214584375
5 0.4343765627906977 0.313408334375 0.43465156279069767 0.322229165625 0.46678281162790697 0.32136458437500004 0.466457811627907 0.312716665625 0.4343765627906977 0.313408334375
0 0.4344812488372093 0.2881875 0.43450312558139537 0.297233334375 0.467282811627907 0.296802084375 0.467282811627907 0.288585415625 0.4344812488372093 0.2881875
0 0.583620311627907 0.28015625 0.5615515627906977 0.281454165625 0.5504718744186047 0.280575 0.550517188372093 0.2892375 0.5758312488372093 0.288372915625 0.583620311627907 0.288804165625 0.583620311627907 0.28015625
0 0.6767187488372093 0.249391665625 0.654975 0.25025624999999996 0.6443359372093024 0.249364584375 0.6445890627906976 0.25847291562499997 0.6643859372093023 0.25803958437499996 0.6767187488372093 0.25847291562499997 0.6767187488372093 0.249391665625
7 0.4348390627906977 0.260645834375 0.4347593744186046 0.270391665625 0.46786406279069764 0.269960415625 0.46786406279069764 0.260445834375 0.4348390627906977 0.260645834375
7 0.5517531255813953 0.306410415625 0.551270311627907 0.318227084375 0.5847 0.31779375 0.5847 0.305685415625 0.5517531255813953 0.306410415625
7 0.6443359372093024 0.22223958437500002 0.6445875 0.234252084375 0.6770437488372093 0.234252084375 0.6773671883720931 0.22214583437500002 0.6443359372093024 0.22223958437500002
2 0.4720062511627907 0.237335415625 0.472329688372093 0.233010415625 0.4710312488372093 0.226525 0.4570765627906977 0.226525 0.4326968744186046 0.225235415625 0.43078750000000005 0.22998333437500001 0.43046249999999997 0.236470834375 0.4489625 0.235604165625 0.4720062511627907 0.237335415625
2 0.5901281255813954 0.3450625 0.5901281255813954 0.33987500000000004 0.5550765627906976 0.341170834375 0.5469031255813953 0.3438625 0.5489109372093023 0.35155 0.571629688372093 0.351116665625 0.589154688372093 0.3493875 0.5901281255813954 0.3450625
2 0.6783656255813953 0.18936666562499999 0.6562968744186046 0.188935415625 0.6414796883720931 0.187166665625 0.6397437488372093 0.19671875 0.6631125 0.197152084375 0.6812859372093023 0.198016665625 0.6783656255813953 0.18936666562499999