2 0.469682811627907 0.524466665625 0.4318562488372093 0.524795834375 0.4318562488372093 0.532327084375 0.4485593744186046 0.5306895843749999 0.47066562558139535 0.534620834375 0.469682811627907 0.524466665625
2 0.5276406255813954 0.57785 0.5283765627906977 0.584727084375 0.5662031255813953 0.587347915625 0.5681687488372094 0.579158334375 0.5276406255813954 0.57785
7 0.44875468837209304 0.559275 0.43622812558139534 0.55829375 0.43770156279069766 0.567789584375 0.46717656279069764 0.56255 0.4676687488372093 0.557964584375 0.44875468837209304 0.559275
7 0.5336078116279069 0.6114437500000001 0.534345311627907 0.6235625 0.563575 0.622579165625 0.5640656255813953 0.6124270843749999 0.5336078116279069 0.6114437500000001
0 0.4663312488372093 0.5842291656249999 0.43587343720930233 0.5829208343750001 0.43489062558139535 0.593727084375 0.4484 0.593727084375 0.4663312488372093 0.592089584375 0.4663312488372093 0.5842291656249999
1 0.42907042558139535 0.643105446875 0.4294 0.6437625 0.4301359372093023 0.65096875 0.44610312558139537 0.6503125 0.46771718837209303 0.64769375 0.4672265627906977 0.64114375 0.4473312488372093 0.64278125 0.42907042558139535 0.643105446875
1 0.5651359372093023 0.698677084375 0.5268187488372092 0.6973666656249999 0.5287843744186047 0.703589584375 0.5410656255813954 0.703589584375 0.5668562511627907 0.7042437500000001 0.5651359372093023 0.698677084375
5 0.4634875 0.608889584375 0.434257811627907 0.607908334375 0.434995311627907 0.617077084375 0.44825781162790695 0.61675 0.4644703116279069 0.615439584375 0.4634875 0.608889584375
5 0.562829688372093 0.6628499999999999 0.5326187488372093 0.661539584375 0.5331093744186046 0.6684187500000001 0.5412156255813954 0.6684187500000001 0.563567188372093 0.6694 0.562829688372093 0.6628499999999999
5 0.6599687511627907 0.6210916656250001 0.6307390627906977 0.620764584375 0.6304937511627906 0.620435415625 0.629020311627907 0.627641665625 0.6422843744186046 0.627641665625 0.6609515627906978 0.627641665625 0.6599687511627907 0.6210916656250001
0 0.5630437488372093 0.6391125 0.5579390627906976 0.6381166656249999 0.5534609372093023 0.639202084375 0.5490421883720931 0.6420604156249999 0.5320937511627907 0.6394416656249999 0.5328312488372093 0.6469729156249999 0.5463406255813953 0.647629165625 0.5625515627906977 0.6482833343750001 0.5630437488372093 0.6391125
0 0.6589640627906977 0.641933334375 0.6442265627906977 0.645208334375 0.627770311627907 0.644554165625 0.6280156255813953 0.6520875 0.6449640627906976 0.653725 0.6577359372093023 0.65143125 0.6589640627906977 0.641933334375
1 0.6629343744186046 0.5888958343749999 0.624617188372093 0.58708125 0.624617188372093 0.594035415625 0.6436625 0.5946395843750001 0.6636156255813953 0.5946395843750001 0.6629343744186046 0.5888958343749999
2 0.663932811627907 0.7064229156249999 0.626067188372093 0.704610415625 0.6278812511627907 0.713075 0.6453406255813954 0.713679165625 0.662345311627907 0.713377084375 0.663932811627907 0.7064229156249999
7 0.6569750000000001 0.66654375 0.6429734372093023 0.670802084375 0.6284812511627907 0.66981875 0.6287265627906976 0.678333334375 0.6488687511627906 0.68128125 0.6589390627906977 0.678989584375 0.6569750000000001 0.66654375