2 0.3600140627906977 0.57805 0.3194062488372093 0.577333334375 0.31852031162790695 0.5858875 0.35988906279069766 0.5862208343749999 0.3600140627906977 0.57805
2 0.49342656279069763 0.7764875 0.4669 0.77478125 0.46596718837209306 0.7811125 0.48383906279069766 0.7841604156249999 0.5071687511627907 0.783308334375 0.5062093744186046 0.775208334375 0.49342656279069763 0.7764875
2 0.6737562511627907 0.710591665625 0.6745859372093024 0.703114584375 0.6488437511627907 0.705883334375 0.634382811627907 0.703266665625 0.6357640627906977 0.711422915625 0.6536187488372093 0.7117 0.6737562511627907 0.710591665625
7 0.6704343744186047 0.66628125 0.6382765627906977 0.66693125 0.637425 0.677360415625 0.6702265627906977 0.67874375 0.6704343744186047 0.66628125
7 0.5016781255813954 0.8178333343749999 0.5023015627906977 0.807033334375 0.4819562488372093 0.807864584375 0.47035 0.80846875 0.4703312488372093 0.8192187499999999 0.49316718837209306 0.821158334375 0.5016781255813954 0.8178333343749999
7 0.344767188372093 0.61946875 0.35514687441860465 0.619745834375 0.3555625 0.610329165625 0.32359062558139534 0.611160415625 0.323382811627907 0.622514584375 0.3381234372093023 0.620577084375 0.344767188372093 0.61946875
0 0.35493906279069765 0.6443916656249999 0.35514687441860465 0.636085415625 0.3218890627906977 0.636891665625 0.32172187441860467 0.6457770843749999 0.3337640627906977 0.6457770843749999 0.35493906279069765 0.6443916656249999
0 0.5022 0.843391665625 0.5022 0.8337 0.48185468837209305 0.83480625 0.4698312511627907 0.834770834375 0.4704375 0.842560415625 0.49265 0.8450541656249999 0.5022 0.843391665625
0 0.6702718744186046 0.640585415625 0.654907811627907 0.6439083343750001 0.6385359372093022 0.642014584375 0.6389234372093023 0.6491687500000001 0.6704781255813953 0.651939584375 0.6702718744186046 0.640585415625
5 0.6387953116279069 0.62505625 0.6704781255813953 0.6267375000000001 0.6704781255813953 0.61843125 0.639545311627907 0.61843125 0.6387953116279069 0.62505625
1 0.6349015627906978 0.59114375 0.6756218744186047 0.592060415625 0.6760375 0.587077084375 0.6347250000000001 0.585691665625 0.6349015627906978 0.59114375
1 0.5063015627906977 0.900360415625 0.5065093744186047 0.8923291656250001 0.47495468837209304 0.89620625 0.46561250000000004 0.892883334375 0.4660265627906977 0.90146875 0.48741093720930234 0.901191665625 0.5063015627906977 0.900360415625
5 0.5025656255813954 0.859652084375 0.4861640627906977 0.8607604156249999 0.46905156279069765 0.8593416656249999 0.4708015627906977 0.8662979156249999 0.5015265627906976 0.867129165625 0.5025656255813954 0.859652084375
5 0.35472656279069764 0.6636333343749999 0.321095311627907 0.661972915625 0.32111093720930234 0.670045834375 0.34040156279069766 0.670558334375 0.3543109372093023 0.668895834375 0.35472656279069764 0.6636333343749999
1 0.35763281162790694 0.7018500000000001 0.3580484372093023 0.696035415625 0.31669843720930235 0.6970375 0.31694218837209304 0.704066665625 0.3399859372093023 0.7043437499999999 0.35763281162790694 0.7018500000000001