2 0.3995968744186047 0.512716665625 0.358020311627907 0.509547915625 0.35787187441860463 0.519841665625 0.371829688372093 0.520435415625 0.3998937488372093 0.523208334375 0.3995968744186047 0.512716665625
7 0.3945484372093024 0.545379165625 0.3618812488372093 0.545775 0.362920311627907 0.557454165625 0.37524375116279074 0.556860415625 0.3952906255813953 0.55606875 0.3945484372093024 0.545379165625
0 0.39440000000000003 0.5711125 0.3611109372093023 0.571333334375 0.3618812488372093 0.58140625 0.373907811627907 0.582397915625 0.3952906255813953 0.581010415625 0.39440000000000003 0.5711125
5 0.3941031255813954 0.597441665625 0.36203906279069764 0.59781875 0.36158281162790695 0.605360415625 0.375542188372093 0.6067458343750001 0.3949937488372093 0.605954165625 0.3941031255813954 0.597441665625
1 0.39870625116279074 0.638220834375 0.39826093720930233 0.6293124999999999 0.373907811627907 0.632085415625 0.3566562511627907 0.6280166656249999 0.3559406255813954 0.63841875 0.3685625 0.63960625 0.3847484372093023 0.639408334375 0.39870625116279074 0.638220834375
1 0.485542188372093 0.8310875 0.48479218837209304 0.822758334375 0.4620468744186047 0.8210916656249999 0.443925 0.817091665625 0.44354999999999994 0.824922915625 0.4517984372093023 0.8272562499999999 0.4622968744186046 0.82925625 0.485542188372093 0.8310875
5 0.4825437488372093 0.796597915625 0.4822937511627907 0.787935415625 0.45029843720930235 0.7842687500000001 0.44929843720930235 0.791933334375 0.4607968744186046 0.794266665625 0.47466875116279067 0.7956000000000001 0.4825437488372093 0.796597915625
0 0.484167188372093 0.761610415625 0.468420311627907 0.762441665625 0.45079843720930235 0.760610415625 0.45067343720930236 0.768608334375 0.46817031162790695 0.771439584375 0.4826687488372093 0.772939584375 0.484167188372093 0.761610415625
7 0.48338593720930234 0.736104165625 0.450767188372093 0.73260625 0.45176718837209306 0.745102084375 0.4681390627906977 0.7471 0.4842609372093023 0.7481 0.48338593720930234 0.736104165625
2 0.4908859372093023 0.700947915625 0.4712640627906977 0.701614584375 0.45039218837209305 0.69745 0.448267188372093 0.705945834375 0.46563906279069767 0.7106125 0.49113437441860464 0.714110415625 0.4908859372093023 0.700947915625
2 0.5877625 0.945670834375 0.5678906255813954 0.947004165625 0.546125 0.943166665625 0.5480187511627908 0.95316875 0.561642188372093 0.9560020843749999 0.5875125 0.955835415625 0.5877625 0.945670834375
7 0.5858875 0.9093500000000001 0.5527687488372093 0.9076833343749999 0.5526437511627906 0.9170145843749999 0.5658906255813954 0.9213458343750001 0.5860125 0.922345834375 0.5858875 0.9093500000000001
0 0.58745 0.883477084375 0.5729531255813953 0.8848104156250001 0.5532062511627908 0.882810415625 0.5530812488372093 0.892139584375 0.5682031255813954 0.89580625 0.587575 0.895639584375 0.58745 0.883477084375
5 0.5880124999999999 0.8605979156249999 0.555892188372093 0.8567666656249999 0.5548921883720931 0.8670958343749999 0.5743890627906977 0.870429165625 0.5876375 0.8692624999999999 0.5880124999999999 0.8605979156249999
1 0.5948859372093023 0.829108334375 0.5701406255813953 0.829608334375 0.5530187511627908 0.823610415625 0.5517687488372093 0.834439584375 0.5681406255813953 0.836272915625 0.5935109372093023 0.837939584375 0.5948859372093023 0.829108334375