1 0.444975 0.481679165625 0.4454265627906977 0.49311249999999995 0.48852500000000004 0.49491874999999996 0.48874999999999996 0.48408749999999995 0.444975 0.481679165625
1 0.4998062488372093 0.48408749999999995 0.4998062488372093 0.495820834375 0.543582811627907 0.494616665625 0.5422281255813953 0.48318333437499994 0.4998062488372093 0.48408749999999995
1 0.5796859372093023 0.49762500000000004 0.5781062511627907 0.507254165625 0.6207531255813953 0.519889584375 0.6207531255813953 0.509358334375 0.5796859372093023 0.49762500000000004
5 0.44858593720930234 0.5153770843750001 0.44858593720930234 0.527410415625 0.4822062511627907 0.528614584375 0.48310937441860463 0.516579165625 0.44858593720930234 0.5153770843750001
5 0.504545311627907 0.518083334375 0.5049968744186046 0.528314584375 0.539295311627907 0.5280125 0.5386187511627907 0.516279165625 0.504545311627907 0.518083334375
5 0.5796859372093023 0.5316229156250001 0.5790093744186047 0.542754165625 0.6119531255813954 0.549975 0.6119531255813954 0.5388437500000001 0.5796859372093023 0.5316229156250001
0 0.44858593720930234 0.53914375 0.4483593744186047 0.552683334375 0.48265781162790694 0.5541875 0.481754688372093 0.5403479156250001 0.44858593720930234 0.53914375
0 0.5052218744186047 0.542754165625 0.503417188372093 0.553585415625 0.5386187511627907 0.552983334375 0.5390687511627907 0.54125 0.5052218744186047 0.542754165625
0 0.5765265627906977 0.553285415625 0.5751734372093024 0.56501875 0.6074406255813954 0.575547915625 0.6094718744186046 0.563214584375 0.5765265627906977 0.553285415625
7 0.5731421883720931 0.577354165625 0.5715625 0.592697915625 0.6047328116279069 0.6005208343749999 0.6058609372093022 0.586079165625 0.5731421883720931 0.577354165625
7 0.5059 0.567125 0.5052218744186047 0.579760415625 0.538167188372093 0.578858334375 0.538167188372093 0.566522915625 0.5059 0.567125
7 0.447682811627907 0.5662229156249999 0.4472312511627907 0.5794604156250001 0.481529688372093 0.579158334375 0.481529688372093 0.565620834375 0.447682811627907 0.5662229156249999
2 0.44271874883720935 0.598114584375 0.443395311627907 0.61075 0.4840109372093023 0.613458334375 0.48491406279069765 0.602325 0.44271874883720935 0.598114584375
2 0.5011609372093023 0.602627084375 0.5022890627906976 0.614058334375 0.5438078116279069 0.613458334375 0.5444843744186046 0.601122915625 0.5011609372093023 0.602627084375
2 0.5647937511627907 0.61075 0.5625359372093024 0.622483334375 0.6024765627906977 0.635720834375 0.6051843744186047 0.624589584375 0.5647937511627907 0.61075