1 0.441745311627907 0.5799854156250001 0.442275 0.5926750000000001 0.485107811627907 0.593733334375 0.48405000000000004 0.5821 0.441745311627907 0.5799854156250001
1 0.49712343720930235 0.5843 0.49712343720930235 0.594522915625 0.5404843744186046 0.593464584375 0.5394265627906977 0.5828895843749999 0.49712343720930235 0.5843
1 0.5756375 0.594964584375 0.5740515627906977 0.608360415625 0.6160906255813954 0.6192875 0.6182062511627907 0.609064584375 0.5756375 0.594964584375
5 0.44561249999999997 0.61413125 0.44534687441860465 0.626822915625 0.4789265627906977 0.626822915625 0.47971874883720933 0.615541665625 0.44561249999999997 0.61413125
5 0.5014531255813953 0.617808334375 0.5006593744186046 0.6287375 0.5355609372093023 0.627679165625 0.535295311627907 0.6164 0.5014531255813953 0.617808334375
5 0.5757125 0.631964584375 0.574654688372093 0.64289375 0.607704688372093 0.648535415625 0.6084984372093024 0.637958334375 0.5757125 0.631964584375
0 0.4447625 0.640577084375 0.4452906255813953 0.654327084375 0.4796625 0.65326875 0.4796625 0.6419875 0.4447625 0.640577084375
0 0.502520311627907 0.640672915625 0.502254688372093 0.6519541656250001 0.5358343744186047 0.65125 0.5350406255813953 0.639264584375 0.502520311627907 0.640672915625
0 0.5723281255813953 0.6533541656249999 0.5717984372093023 0.666397915625 0.604320311627907 0.6745062500000001 0.6059062488372093 0.661110415625 0.5723281255813953 0.6533541656249999
7 0.4439890627906977 0.6654958343749999 0.44425312558139535 0.679245834375 0.4783609372093023 0.6788916656249999 0.4773031255813953 0.6647916656249999 0.4439890627906977 0.6654958343749999
7 0.501420311627907 0.6661125 0.5016859372093023 0.6780999999999999 0.535 0.677745834375 0.5363218744186047 0.665408334375 0.501420311627907 0.6661125
7 0.5693359372093023 0.678702084375 0.5669562488372093 0.693860415625 0.60265 0.7005583343749999 0.60265 0.685752084375 0.5693359372093023 0.678702084375
2 0.44073437441860464 0.697854165625 0.4409984372093023 0.7123083343750001 0.481979688372093 0.712660415625 0.481979688372093 0.7010270843749999 0.44073437441860464 0.697854165625
2 0.499167188372093 0.700445834375 0.5004890627906977 0.712785415625 0.5409421883720931 0.712433334375 0.5412062511627906 0.6997416656250001 0.499167188372093 0.700445834375
2 0.560275 0.7084125 0.559217188372093 0.72321875 0.5982125 0.734085415625 0.6016390627906977 0.721522915625 0.560275 0.7084125