1 0.4362562511627907 0.8182229156249999 0.4367843744186047 0.8309124999999999 0.479617188372093 0.831970834375 0.47855937441860463 0.8203374999999999 0.4362562511627907 0.8182229156249999
1 0.49125 0.8206895843750001 0.49125 0.8309124999999999 0.5346109372093023 0.82985625 0.5335546883720931 0.819279165625 0.49125 0.8206895843750001
1 0.5692484372093023 0.8302083343750001 0.5676609372093023 0.843604165625 0.6097 0.854533334375 0.6118156255813954 0.8443083343750001 0.5692484372093023 0.8302083343750001
5 0.439957811627907 0.8510083343750001 0.4396937488372093 0.863697915625 0.47327187441860463 0.863697915625 0.4740640627906977 0.852416665625 0.439957811627907 0.8510083343750001
5 0.495217188372093 0.854179165625 0.4944234372093023 0.8651083343750001 0.5293234372093023 0.86405 0.5290593744186046 0.852770834375 0.495217188372093 0.854179165625
5 0.568982811627907 0.8679291656249999 0.5679265627906978 0.8788562499999999 0.6009749999999999 0.884497915625 0.6017687488372093 0.873920834375 0.568982811627907 0.8679291656249999
0 0.43916406279069764 0.875685415625 0.4396937488372093 0.889433334375 0.4740640627906977 0.8883749999999999 0.4740640627906977 0.87709375 0.43916406279069764 0.875685415625
0 0.4965390627906977 0.8788562499999999 0.49627343720930234 0.8901375 0.5298531255813954 0.889433334375 0.5290593744186046 0.8774479156250001 0.4965390627906977 0.8788562499999999
0 0.5652812488372093 0.8890812499999999 0.5647531255813953 0.9021250000000001 0.5972734372093024 0.9102333343750001 0.5988609372093023 0.8968354156249999 0.5652812488372093 0.8890812499999999
7 0.4389 0.9021250000000001 0.43916406279069764 0.9158729156250001 0.47327187441860463 0.9155208343749999 0.47221406279069766 0.90141875 0.4389 0.9021250000000001
7 0.4968031255813954 0.9031812499999999 0.497067188372093 0.91516875 0.5303812511627907 0.914814584375 0.5317031255813953 0.902477084375 0.4968031255813954 0.9031812499999999
7 0.561845311627907 0.914814584375 0.5594656255813953 0.929975 0.5951593744186047 0.9366729156250001 0.5951593744186047 0.9218666656250001 0.561845311627907 0.914814584375
2 0.43466874883720935 0.9352625 0.43493437441860466 0.949716665625 0.4759156255813954 0.95006875 0.4759156255813954 0.938435415625 0.43466874883720935 0.9352625
2 0.4925718744186046 0.9387874999999999 0.4938937511627907 0.951125 0.5343468744186046 0.9507729156250001 0.5346109372093023 0.93808125 0.4925718744186046 0.9387874999999999
2 0.5536484372093023 0.9458375 0.5525906255813954 0.96064375 0.5904 0.971925 0.5946296883720931 0.96135 0.5536484372093023 0.9458375