2 0.3635562488372093 0.394120834375 0.3240265627906977 0.394760415625 0.3223937488372093 0.404379165625 0.33776562558139533 0.403695834375 0.3642390627906977 0.40483541562500003 0.3635562488372093 0.394120834375
2 0.4602265627906977 0.509935415625 0.41838125116279073 0.5081125 0.4209437488372093 0.51631875 0.431875 0.5160916656250001 0.46073906279069765 0.51814375 0.4602265627906977 0.509935415625
2 0.5729234372093023 0.41374374999999997 0.5343234372093023 0.413970834375 0.5333 0.42035416562499994 0.5531125 0.42149583437500004 0.5749734372093023 0.424002084375 0.5729234372093023 0.41374374999999997
7 0.36017187441860465 0.427908334375 0.3248156255813953 0.42927708437499995 0.32908593720930235 0.44158749999999997 0.34633593720930234 0.441358334375 0.3605125 0.44021875 0.36017187441860465 0.427908334375
7 0.45635468837209303 0.470922915625 0.42305 0.472064584375 0.4233906255813954 0.48300625 0.43158906279069764 0.48300625 0.45652499999999996 0.48460208437499996 0.45635468837209303 0.470922915625
7 0.568057811627907 0.44798333437500004 0.536632811627907 0.447383334375 0.5374859372093024 0.45892708437499996 0.5475625 0.45824375 0.5697656255813953 0.460066665625 0.568057811627907 0.44798333437500004
0 0.5690218744186046 0.47487500000000005 0.536057811627907 0.473279165625 0.536570311627907 0.4835375 0.5521125 0.48399374999999994 0.5703875 0.484677084375 0.5690218744186046 0.47487500000000005
0 0.45902812558139533 0.445920834375 0.42340000000000005 0.44644375 0.4236734372093023 0.457091665625 0.44058281162790697 0.457547915625 0.459370311627907 0.45731875000000005 0.45902812558139533 0.445920834375
0 0.361029688372093 0.455472915625 0.32601562558139535 0.456841665625 0.3277234372093023 0.46573333437500003 0.3490734372093023 0.46550416562499997 0.360857811627907 0.464364584375 0.361029688372093 0.455472915625
5 0.359492188372093 0.48032291562499996 0.3265281255813953 0.4794125 0.3277234372093023 0.49081041562500005 0.3384843744186047 0.48944375000000007 0.360345311627907 0.490583334375 0.359492188372093 0.48032291562499996
1 0.36376250000000004 0.51338125 0.31932812558139534 0.512535415625 0.320379688372093 0.5243249999999999 0.33762968837209306 0.5243249999999999 0.36427343720930233 0.522729165625 0.36376250000000004 0.51338125
1 0.4619859372093023 0.391279165625 0.4194062511627907 0.389435415625 0.41843281162790696 0.398347915625 0.436195311627907 0.397208334375 0.4631812488372093 0.3994875 0.4619859372093023 0.391279165625
5 0.45754531162790696 0.42205833437500007 0.42372812558139533 0.422741665625 0.4249234372093023 0.43117708437499996 0.4459312511627907 0.431860415625 0.45754531162790696 0.43117708437499996 0.45754531162790696 0.42205833437500007
5 0.5690437488372093 0.49897916562500005 0.5359093744186046 0.497383334375 0.536592188372093 0.50673125 0.5509390627906977 0.50673125 0.5700687488372093 0.50764375 0.5690437488372093 0.49897916562500005
1 0.5729718744186046 0.532720834375 0.5314687488372093 0.530897915625 0.5309562511627907 0.5407 0.5567468744186046 0.5407 0.5729718744186046 0.5413833343750001 0.5729718744186046 0.532720834375