1 0.40948281162790695 0.543472915625 0.3679656255813954 0.542777084375 0.3679656255813954 0.552966665625 0.3825562511627907 0.55343125 0.41000312558139534 0.552504165625 0.40948281162790695 0.543472915625
1 0.5208906255813953 0.35209999999999997 0.4795468744186046 0.35186875 0.47937343720930237 0.359047915625 0.5005656255813954 0.359047915625 0.5215843744186046 0.359975 0.5208906255813953 0.35209999999999997
1 0.6255109372093023 0.467904165625 0.5834734372093023 0.467210415625 0.5841687511627908 0.47531458437499996 0.6017125 0.47415624999999995 0.6263796883720931 0.475545834375 0.6255109372093023 0.467904165625
5 0.4051406255813953 0.510875 0.3717875 0.508791665625 0.3717875 0.5189812500000001 0.38568437441860465 0.5178229156249999 0.4046187511627907 0.5182875 0.4051406255813953 0.510875
5 0.5171031255813954 0.317529165625 0.484445311627907 0.31706666562499997 0.4854875 0.325170834375 0.503379688372093 0.324245834375 0.5176234372093024 0.32795 0.5171031255813954 0.317529165625
5 0.6204406255813953 0.50075625 0.5869140627906977 0.49983125 0.5876093744186046 0.50909375 0.599075 0.5088625 0.6209625 0.5095562499999999 0.6204406255813953 0.50075625
0 0.6213093744186047 0.52275625 0.5865671883720931 0.52275625 0.5869140627906977 0.532945834375 0.600117188372093 0.533179165625 0.6211359372093024 0.5350312500000001 0.6213093744186047 0.52275625
0 0.5162515627906976 0.2929125 0.4830734372093023 0.293375 0.4841156255813953 0.30286875 0.49610156279069767 0.30240625 0.5171203116279071 0.303795834375 0.5162515627906976 0.2929125
0 0.4051859372093023 0.4846375 0.3718468744186047 0.483345834375 0.37270156279069766 0.49436458437499997 0.383645311627907 0.494133334375 0.40640156279069767 0.494133334375 0.4051859372093023 0.4846375
7 0.40483906279069765 0.456154165625 0.37148593720930234 0.45754374999999997 0.3721812488372093 0.47213333437499994 0.3867718744186046 0.46796458437500005 0.40640156279069767 0.468427084375 0.40483906279069765 0.456154165625
7 0.5158531255813954 0.265575 0.48145781162790696 0.26487916562499997 0.48284687441860463 0.27923749999999997 0.500045311627907 0.27854375 0.515679688372093 0.27900625 0.5158531255813954 0.265575
7 0.6189640627906976 0.5487062500000001 0.5875234372093023 0.550095834375 0.588217188372093 0.559591665625 0.6028093744186047 0.56098125 0.620875 0.5612125 0.6189640627906976 0.5487062500000001
2 0.6246968744186047 0.5846020843749999 0.582832811627907 0.585991665625 0.5856125 0.595022915625 0.5981187488372093 0.594097915625 0.6240031255813954 0.595254165625 0.6246968744186047 0.5846020843749999
2 0.5189781255813953 0.23238541562499998 0.4805890627906977 0.23053125 0.47919843720930233 0.240954165625 0.5056031255813953 0.240258334375 0.5212375 0.24280624999999997 0.5189781255813953 0.23238541562499998
2 0.40831093720930234 0.425533334375 0.3685312511627907 0.425302084375 0.3647093744186046 0.434564584375 0.38433750000000005 0.43248125000000004 0.4097 0.434564584375 0.40831093720930234 0.425533334375