1 0.44546406279069767 0.358525 0.44591562558139536 0.36995833437500003 0.4890140627906977 0.37176458437500004 0.4892390627906977 0.36093333437499997 0.44546406279069767 0.358525
1 0.500657811627907 0.360466665625 0.500657811627907 0.3722 0.544432811627907 0.370995834375 0.5430796883720931 0.359564584375 0.500657811627907 0.360466665625
1 0.5814609372093023 0.373489584375 0.5798812511627907 0.383116665625 0.622529688372093 0.395754165625 0.622529688372093 0.385222915625 0.5814609372093023 0.373489584375
5 0.4501609372093023 0.39215625 0.4501609372093023 0.40418958437499997 0.4837812488372093 0.40539375 0.4846843744186046 0.393358334375 0.4501609372093023 0.39215625
5 0.5048218744186047 0.39548125 0.5052734372093023 0.40571041562500004 0.5395718744186047 0.405408334375 0.5388937488372093 0.393675 0.5048218744186047 0.39548125
5 0.5798093744186046 0.40811041562500006 0.579132811627907 0.419241665625 0.6120781255813954 0.42646249999999997 0.6120781255813954 0.41532916562500005 0.5798093744186046 0.40811041562500006
0 0.449475 0.41491875 0.44924843720930235 0.42845833437499997 0.4835468744186046 0.42996249999999997 0.4826437488372093 0.41612291562500003 0.449475 0.41491875
0 0.507154688372093 0.419025 0.50535 0.42985625 0.5405515627906977 0.429254165625 0.5410015627906977 0.417520834375 0.507154688372093 0.419025
0 0.578125 0.429347915625 0.5767703116279069 0.44108125 0.6090375 0.451610415625 0.6110687511627907 0.439275 0.578125 0.429347915625
7 0.574545311627907 0.45384375 0.5729656255813953 0.4691875 0.6061359372093024 0.477010415625 0.6072640627906977 0.46256875 0.574545311627907 0.45384375
7 0.5077953116279069 0.44413125000000003 0.5071187488372093 0.456766665625 0.5400625 0.455864584375 0.5400625 0.44352916562500005 0.5077953116279069 0.44413125000000003
7 0.44861562558139534 0.44280208437499996 0.44816406279069765 0.45603958437500003 0.4824625 0.455739584375 0.4824625 0.4422 0.44861562558139534 0.44280208437499996
2 0.44343593720930236 0.47608541562499995 0.4441125 0.48872291562500003 0.48560937441860463 0.489527084375 0.486079688372093 0.478245834375 0.44343593720930236 0.47608541562499995
2 0.503204688372093 0.479366665625 0.504332811627907 0.4908 0.5458531255813953 0.49019791562500004 0.546529688372093 0.47786249999999997 0.503204688372093 0.479366665625
2 0.5665812511627907 0.48828750000000004 0.564325 0.500022915625 0.6042640627906977 0.513260415625 0.6069718744186047 0.502127084375 0.5665812511627907 0.48828750000000004