2 0.3607187511627907 0.5821625 0.3236218744186047 0.5815125 0.32118125116279067 0.590297915625 0.3472968744186047 0.588995834375 0.361695311627907 0.5893208343749999 0.3607187511627907 0.5821625
2 0.4185609372093023 0.69540625 0.4192937488372093 0.702889584375 0.457367188372093 0.7025645843749999 0.45687812558139534 0.69540625 0.4185609372093023 0.69540625
2 0.5322937511627907 0.599410415625 0.5320484372093024 0.6075437499999999 0.5696343744186046 0.610147915625 0.5710984372093023 0.6016874999999999 0.5322937511627907 0.599410415625
0 0.324842188372093 0.6420375 0.3258187488372093 0.6517999999999999 0.356570311627907 0.649847915625 0.356570311627907 0.6420375 0.324842188372093 0.6420375
0 0.4227109372093023 0.634554165625 0.4231984372093023 0.6420375 0.45468281162790697 0.643014584375 0.45443750000000005 0.6355291656250001 0.4227109372093023 0.634554165625
0 0.5354656255813953 0.6602625 0.535954688372093 0.669372915625 0.5667062511627907 0.669372915625 0.5654859372093023 0.662214584375 0.5354656255813953 0.6602625
7 0.3585234372093023 0.61665625 0.32801562558139535 0.617958334375 0.32801562558139535 0.625116665625 0.3465640627906977 0.6267437499999999 0.35827968837209306 0.6221875 0.3585234372093023 0.61665625
7 0.42295468837209305 0.6602625 0.4231984372093023 0.668722915625 0.45199843720930233 0.6683958343749999 0.45224218837209307 0.658960415625 0.42295468837209305 0.6602625
7 0.535954688372093 0.634554165625 0.5352218744186047 0.644641665625 0.5654859372093023 0.644641665625 0.5659734372093024 0.63618125 0.535954688372093 0.634554165625
5 0.32630781162790695 0.667095834375 0.3260625 0.676858334375 0.356570311627907 0.6742541656250001 0.356082811627907 0.667745834375 0.32630781162790695 0.667095834375
5 0.42295468837209305 0.6104729156250001 0.4227109372093023 0.61633125 0.45394999999999996 0.6182833343749999 0.4549265627906977 0.611775 0.42295468837209305 0.6104729156250001
5 0.5354656255813953 0.68596875 0.5354656255813953 0.692152084375 0.565729688372093 0.6934541656250001 0.5654859372093023 0.686620834375 0.5354656255813953 0.68596875
1 0.32045 0.7006125 0.3202062488372093 0.707770834375 0.3590109372093023 0.708097915625 0.3590109372093023 0.702239584375 0.32045 0.7006125
1 0.42100156279069767 0.575979165625 0.41905 0.5837895843750001 0.45956406279069767 0.584439584375 0.4571234372093023 0.57793125 0.42100156279069767 0.575979165625
1 0.5305843744186047 0.7185104156250001 0.5310734372093023 0.72501875 0.5689015627906977 0.726645834375 0.5676812488372093 0.7204625 0.5305843744186047 0.7185104156250001