2 0.3623734372093024 0.7173125 0.3623734372093024 0.712739584375 0.3605 0.7081666656250001 0.3383437488372093 0.708997915625 0.3219265627906977 0.70698125 0.31930781162790695 0.711908334375 0.31930781162790695 0.7173125 0.3336625 0.7181437500000001 0.3623734372093024 0.7173125
2 0.446254688372093 0.831297915625 0.4568640627906977 0.8292208343749999 0.4574890627906976 0.8200729156250001 0.43720468837209303 0.822983334375 0.415267188372093 0.8209125 0.41598437441860464 0.827141665625 0.417232811627907 0.831297915625 0.434395311627907 0.831714584375 0.446254688372093 0.831297915625
2 0.5618890627906977 0.736864584375 0.5706265627906977 0.736033334375 0.5700031255813954 0.727302084375 0.547532811627907 0.727716665625 0.5292 0.7248249999999999 0.5281859372093024 0.733122915625 0.5400437488372093 0.7343708343750001 0.550342188372093 0.736447915625 0.5618890627906977 0.736864584375
7 0.532867188372093 0.759316665625 0.5333171883720931 0.771039584375 0.5653218744186046 0.773870834375 0.5650093744186047 0.759733334375 0.532867188372093 0.759316665625
7 0.45297656279069765 0.795491665625 0.45297656279069765 0.784264584375 0.42007187441860466 0.78568125 0.4189625 0.794660415625 0.4289484372093023 0.796322915625 0.44049531162790695 0.796739584375 0.45297656279069765 0.795491665625
7 0.35680937441860466 0.74051875 0.3226125 0.7422125 0.322795311627907 0.75299375 0.33090781162790694 0.753408334375 0.35680937441860466 0.7521625000000001 0.35680937441860466 0.74051875
0 0.322795311627907 0.767545834375 0.3229562511627907 0.778816665625 0.3574343744186046 0.7783562500000001 0.3574343744186046 0.768377084375 0.322795311627907 0.767545834375
0 0.4529625 0.75820625 0.4336140627906977 0.761116665625 0.42041562558139534 0.76005625 0.42050781162790696 0.770264584375 0.4367343744186047 0.770679165625 0.45265 0.769847915625 0.4529625 0.75820625
0 0.5651062511627907 0.785825 0.5519984372093023 0.7887354156249999 0.5322875 0.7861374999999999 0.5323390627906976 0.79621875 0.5448218744186046 0.797883334375 0.5651062511627907 0.797052084375 0.5651062511627907 0.785825
5 0.35574062558139535 0.793066665625 0.3229562511627907 0.793458334375 0.32266093720930233 0.804291665625 0.33826406279069765 0.8034604156249999 0.35574062558139535 0.8022125000000001 0.35574062558139535 0.793066665625
5 0.45247031162790696 0.7365062499999999 0.42007187441860466 0.734891665625 0.4203265627906977 0.745654165625 0.4328093744186047 0.7452395843749999 0.45278281162790696 0.7452395843749999 0.45247031162790696 0.7365062499999999
5 0.5650765627906977 0.811770834375 0.5457281255813954 0.81135625 0.5319453116279069 0.809472915625 0.5323093744186047 0.8192562499999999 0.5507218744186047 0.819670834375 0.5653890627906977 0.820502084375 0.5650765627906977 0.811770834375
1 0.3457562488372093 0.8368499999999999 0.3598 0.834354165625 0.35948749999999996 0.826039584375 0.34513281162790693 0.82811875 0.3329625 0.8285333343750001 0.31746562558139535 0.826402084375 0.31767031162790693 0.8301979156250001 0.318295311627907 0.8368499999999999 0.33452187441860465 0.8376812499999999 0.3457562488372093 0.8368499999999999
1 0.45843437441860463 0.7113125 0.4587468744186047 0.702995834375 0.43190937441860466 0.7034125 0.416617188372093 0.7038270843750001 0.416929688372093 0.71214375 0.4306609372093023 0.71214375 0.444079688372093 0.7113125 0.45843437441860463 0.7113125
1 0.555725 0.854489584375 0.567270311627907 0.8549041656249999 0.568207811627907 0.847420834375 0.550107811627907 0.8478354156250001 0.5261109372093024 0.8437895843750001 0.5257656255813954 0.8528249999999999 0.5357515627906977 0.854489584375 0.5448015627906977 0.8549041656249999 0.555725 0.854489584375