2 0.32625937441860464 0.519214584375 0.325954688372093 0.50453125 0.30484687441860464 0.506570834375 0.28404531162790697 0.5082020843749999 0.282820311627907 0.5118729156249999 0.2831265627906977 0.520845834375 0.30637656279069764 0.52003125 0.32625937441860464 0.519214584375
0 0.32239531162790697 0.540575 0.28874531162790695 0.5438375 0.28905156279069766 0.555666665625 0.30526562558139536 0.555258334375 0.32239531162790697 0.554441665625 0.32239531162790697 0.540575
0 0.322895311627907 0.56408125 0.28955156279069766 0.566529165625 0.2901625 0.5812125 0.3036234372093023 0.580804165625 0.32320156279069767 0.5799875 0.322895311627907 0.56408125
0 0.29017812558139533 0.585977084375 0.29109687441860466 0.60106875 0.3222984372093023 0.5994375 0.3222984372093023 0.585570834375 0.29017812558139533 0.585977084375
0 0.5386734372093024 0.533639584375 0.5065531255813953 0.537310415625 0.5086937511627907 0.554035415625 0.5267421883720931 0.551179165625 0.5395906255813954 0.549139584375 0.5386734372093024 0.533639584375
0 0.5403 0.5543125 0.523475 0.556760415625 0.5094031255813953 0.55716875 0.509707811627907 0.5710375 0.5256156255813954 0.569404165625 0.541829688372093 0.567364584375 0.5403 0.5543125
0 0.5416359372093024 0.5779708343750001 0.5235875 0.5804166656249999 0.5095156255813954 0.581233334375 0.511045311627907 0.59469375 0.5287875 0.5926541656250001 0.5422468744186046 0.59020625 0.5416359372093024 0.5779708343750001
0 0.638704688372093 0.755933334375 0.6380937511627907 0.742066665625 0.6249390627906977 0.746145834375 0.6065843744186046 0.746145834375 0.6071968744186046 0.7608291656249999 0.6212687511627907 0.7620520843749999 0.631057811627907 0.7600125 0.638704688372093 0.755933334375
0 0.6417484372093023 0.77456875 0.6408312488372093 0.759883334375 0.633182811627907 0.7639625 0.6243109372093024 0.766002084375 0.6090156255813953 0.7655937500000001 0.6090156255813953 0.779870834375 0.6212531255813953 0.779870834375 0.6350187511627907 0.77783125 0.6417484372093023 0.77456875
0 0.641957811627907 0.798225 0.6410406255813953 0.78558125 0.6272734372093023 0.791697915625 0.617179688372093 0.791697915625 0.6098374999999999 0.790066665625 0.6098374999999999 0.803935415625 0.6248265627906977 0.80311875 0.6312515627906977 0.802304165625 0.641957811627907 0.798225
0 0.42275 0.739747915625 0.4230562488372093 0.7262875 0.4077609372093023 0.7307750000000001 0.390629688372093 0.7295499999999999 0.39032343720930235 0.740970834375 0.4040890627906977 0.743827084375 0.4105140627906977 0.74341875 0.42275 0.739747915625
0 0.42225 0.75906875 0.42072031162790696 0.744791665625 0.4060375 0.7484625 0.38982500000000003 0.747239584375 0.390129688372093 0.76233125 0.4020609372093023 0.761922915625 0.4109312488372093 0.761922915625 0.42225 0.75906875
0 0.42295937441860465 0.781502084375 0.4226531255813954 0.769264584375 0.41194687441860467 0.773752084375 0.39970937441860466 0.774160415625 0.39022656279069773 0.772529165625 0.390532811627907 0.78558125 0.40521562558139534 0.7872125 0.4174531255813953 0.786395834375 0.42295937441860465 0.781502084375
2 0.3295281255813953 0.626508334375 0.3295281255813953 0.6146791656249999 0.31851562558139535 0.617941665625 0.3029140627906977 0.619166665625 0.28517187441860464 0.617535415625 0.285782811627907 0.630179165625 0.3059734372093023 0.630179165625 0.32035156279069765 0.6281395843750001 0.3295281255813953 0.626508334375
2 0.4222343744186046 0.8240500000000001 0.42896406279069765 0.8195625 0.42957656279069767 0.804879165625 0.419175 0.8097749999999999 0.4026562511627907 0.8114062499999999 0.3864437511627907 0.8081416656249999 0.3861375 0.814260415625 0.387667188372093 0.82568125 0.4084687511627907 0.82568125 0.4222343744186046 0.8240500000000001
2 0.41705000000000003 0.70930625 0.41949687441860467 0.7076749999999999 0.42683906279069767 0.705229165625 0.42653281162790696 0.6934 0.41307343720930234 0.699110415625 0.39288281162790695 0.69951875 0.3852359372093023 0.694622915625 0.38431718837209305 0.7076749999999999 0.39563593720930235 0.70930625 0.4060375 0.709714584375 0.41705000000000003 0.70930625
2 0.5455 0.6278604156250001 0.5500890627906977 0.625820834375 0.5513125 0.616847915625 0.5500890627906977 0.6103208343750001 0.5363218744186047 0.6144000000000001 0.523475 0.61725625 0.506954688372093 0.6176625 0.5078734372093023 0.625820834375 0.5118499999999999 0.632754165625 0.530204688372093 0.63153125 0.5455 0.6278604156250001
2 0.529495311627907 0.517325 0.5432625 0.5140625 0.54265 0.50468125 0.5405093744186046 0.50305 0.5218484372093023 0.5063125 0.49982343720930233 0.5087604156250001 0.49982343720930233 0.511614584375 0.5001281255813953 0.51895625 0.5117531255813953 0.52018125 0.529495311627907 0.517325
2 0.6267750000000001 0.7284770843749999 0.642070311627907 0.722358334375 0.6423765627906977 0.7174645843749999 0.6408468744186047 0.708491665625 0.6224921883720931 0.71665 0.6148437488372093 0.717872915625 0.5992437511627906 0.71665 0.5992437511627906 0.722766665625 0.6029140627906976 0.7309249999999999 0.6127031255813953 0.730516665625 0.6267750000000001 0.7284770843749999
2 0.6305421883720931 0.841716665625 0.642167188372093 0.838045834375 0.647979688372093 0.834375 0.6485906255813955 0.818060415625 0.6397203116279069 0.8241791656249999 0.6262593744186047 0.8266249999999999 0.6057640627906976 0.8254020843750001 0.605457811627907 0.830297915625 0.6082109372093024 0.841310415625 0.619529688372093 0.841310415625 0.6305421883720931 0.841716665625