2 0.3968906255813954 0.630270834375 0.35591093720930234 0.62928125 0.35618750000000005 0.652535415625 0.3960125 0.649410415625 0.3968906255813954 0.630270834375
2 0.3977687488372093 0.736125 0.35884062558139534 0.735691665625 0.35765312558139534 0.74940625 0.39747656279069765 0.7521416656250001 0.3977687488372093 0.736125
2 0.46189687441860466 0.7470625 0.4229062511627907 0.753264584375 0.4235375 0.7740145843749999 0.462775 0.766983334375 0.46189687441860466 0.7470625
2 0.46658281162790693 0.870885415625 0.4674609372093023 0.8537000000000001 0.42839687441860463 0.859185415625 0.42822187441860465 0.8712770843750001 0.4390562488372093 0.873229165625 0.46658281162790693 0.870885415625
2 0.5854687511627907 0.8408104156249999 0.584882811627907 0.8216687500000001 0.5448140627906977 0.822577084375 0.544179688372093 0.8396375 0.5556 0.842370834375 0.5854687511627907 0.8408104156249999
2 0.583125 0.7185479156250001 0.542982811627907 0.718608334375 0.5418375 0.7404229156250001 0.5816609372093023 0.738860415625 0.583125 0.7185479156250001
2 0.6707484372093023 0.6693083343749999 0.6326125 0.66776875 0.6337843744186047 0.6919875 0.6712656255813954 0.690033334375 0.6707484372093023 0.6693083343749999
2 0.6750718744186047 0.773625 0.6657015627906976 0.775577084375 0.6348718744186047 0.772789584375 0.6331984372093024 0.7896395843749999 0.6741937488372094 0.791202084375 0.6750718744186047 0.773625
4 0.6372984372093022 0.699797915625 0.637004688372093 0.709564584375 0.6683375 0.7111270843749999 0.669507811627907 0.698235415625 0.6372984372093022 0.699797915625
4 0.579904688372093 0.74628125 0.5477421883720931 0.7469187500000001 0.5482796883720931 0.75878125 0.5775625 0.761125 0.579904688372093 0.74628125
4 0.45984687441860467 0.790029165625 0.4592625 0.77596875 0.42912968837209303 0.7820625 0.42705156279069767 0.791983334375 0.43524999999999997 0.7935458343749999 0.45984687441860467 0.790029165625
4 0.3910343744186046 0.66855 0.39191250000000005 0.661129165625 0.360304688372093 0.6624749999999999 0.362045311627907 0.6720645843749999 0.36760781162790696 0.67245625 0.3910343744186046 0.66855
0 0.39220468837209305 0.6919875 0.39366875116279065 0.677533334375 0.36262968837209303 0.6794875 0.36262968837209303 0.69120625 0.3807859372093023 0.69355 0.39220468837209305 0.6919875
0 0.39366875116279065 0.7052666656250001 0.36213437441860463 0.70738125 0.36233750000000003 0.718158334375 0.39220468837209305 0.7208916656250001 0.39366875116279065 0.7052666656250001
0 0.4607265627906977 0.807608334375 0.460432811627907 0.796670834375 0.42803125116279067 0.800122915625 0.43027187441860465 0.810733334375 0.437592188372093 0.810341665625 0.4607265627906977 0.807608334375
0 0.46189687441860466 0.8212791656249999 0.4296859372093023 0.8247937500000001 0.43232187441860465 0.8369041656249999 0.4621906255813954 0.8372937500000001 0.46189687441860466 0.8212791656249999
0 0.5790265627906976 0.7779208343749999 0.5784406255813953 0.763858334375 0.5485718744186047 0.7662020843749999 0.5482796883720931 0.779483334375 0.555307811627907 0.77909375 0.5790265627906976 0.7779208343749999
0 0.5793187511627907 0.790420834375 0.5678984372093023 0.7931541656250001 0.5495718744186047 0.7913375 0.5485718744186047 0.8091708343749999 0.5790265627906976 0.8095604156249999 0.5793187511627907 0.790420834375
0 0.6683375 0.72753125 0.6692156255813954 0.714252084375 0.6372984372093022 0.716204165625 0.6378828116279069 0.73065625 0.6498890627906977 0.729875 0.6683375 0.72753125
0 0.6698015627906977 0.75721875 0.668629688372093 0.7419854156250001 0.6372984372093022 0.7443291656250001 0.6387625 0.758 0.6522312488372093 0.759952084375 0.6698015627906977 0.75721875