3 0.3335125 0.74769375 0.3686781255813954 0.749710415625 0.3675437511627907 0.7355937499999999 0.3338906255813954 0.73256875 0.3335125 0.74769375
3 0.4548937488372093 0.748702084375 0.4548937488372093 0.76433125 0.4904375 0.76433125 0.49005937441860464 0.7492062500000001 0.4548937488372093 0.748702084375
3 0.5717359372093023 0.7003 0.571357811627907 0.7174437499999999 0.6053890627906977 0.716939584375 0.6042546883720931 0.7008041656249999 0.5717359372093023 0.7003
3 0.6866875 0.711391665625 0.6870656255813954 0.7250062500000001 0.7214765627906976 0.724502084375 0.7203421883720931 0.7098791656250001 0.6866875 0.711391665625
2 0.33010937441860466 0.7658437499999999 0.33010937441860466 0.78248125 0.37208281162790696 0.78248125 0.3728390627906977 0.7658437499999999 0.33010937441860466 0.7658437499999999
2 0.3312437488372093 0.6534125000000001 0.3304875 0.667529165625 0.3758640627906977 0.6685375 0.37510781162790696 0.6524041656249999 0.3312437488372093 0.6534125000000001
2 0.4533812488372093 0.67005 0.4533812488372093 0.6841666656250001 0.49762187441860467 0.6836625 0.49648749999999997 0.671058334375 0.4533812488372093 0.67005
2 0.5679546883720931 0.670554165625 0.5671984372093023 0.6836625 0.610682811627907 0.6841666656250001 0.6099265627906977 0.669041665625 0.5679546883720931 0.670554165625
2 0.6825281255813954 0.680133334375 0.6836625 0.696266665625 0.727904688372093 0.693241665625 0.7260140627906976 0.678620834375 0.6825281255813954 0.680133334375
2 0.6859312488372094 0.792060415625 0.6859312488372094 0.809202084375 0.729795311627907 0.807185415625 0.7290390627906977 0.792060415625 0.6859312488372094 0.792060415625
2 0.5683328116279069 0.7839937499999999 0.569467188372093 0.79911875 0.613707811627907 0.797102084375 0.612195311627907 0.783489584375 0.5683328116279069 0.7839937499999999
2 0.4499765627906977 0.780464584375 0.4518687511627907 0.7976062500000001 0.49384062558139535 0.7976062500000001 0.4923281255813954 0.782985415625 0.4499765627906977 0.780464584375
0 0.45716249999999997 0.701308334375 0.45829687441860467 0.716435415625 0.4908156255813953 0.716435415625 0.4915718744186046 0.701308334375 0.45716249999999997 0.701308334375
0 0.45527187441860467 0.7250062500000001 0.45565 0.738114584375 0.4915718744186046 0.739122915625 0.49195 0.726014584375 0.45527187441860467 0.7250062500000001
0 0.33426874883720925 0.7098791656250001 0.33578125116279073 0.7250062500000001 0.36943437441860466 0.723997915625 0.370192188372093 0.7098791656250001 0.33426874883720925 0.7098791656250001
0 0.33464687441860463 0.6866875 0.33540312558139534 0.7018125000000001 0.36943437441860466 0.7018125000000001 0.3698140627906977 0.686183334375 0.33464687441860463 0.6866875
0 0.572492188372093 0.72651875 0.5736265627906977 0.742147915625 0.6065234372093022 0.742147915625 0.6042546883720931 0.727022915625 0.572492188372093 0.72651875
0 0.5721140627906977 0.7492062500000001 0.5736265627906977 0.76735625 0.607279688372093 0.765339584375 0.6061453116279071 0.7492062500000001 0.5721140627906977 0.7492062500000001
0 0.6889562511627907 0.75828125 0.6900906255813953 0.775927084375 0.7241234372093024 0.775422915625 0.723367188372093 0.759289584375 0.6889562511627907 0.75828125
0 0.6881999999999999 0.735089584375 0.6893343744186046 0.749710415625 0.722232811627907 0.749710415625 0.7214765627906976 0.7355937499999999 0.6881999999999999 0.735089584375