2 0.41897656279069767 0.48067083437499997 0.41897656279069767 0.46295624999999996 0.39797031162790697 0.46424374999999996 0.3805859372093023 0.465854165625 0.3820343744186046 0.48356875 0.4049718744186046 0.484214584375 0.41897656279069767 0.48067083437499997
2 0.42477187441860464 0.58309375 0.42501249999999996 0.561835415625 0.40714531162790696 0.5644125 0.38554062558139535 0.564766665625 0.38541562558139536 0.585347915625 0.40811093720930236 0.585347915625 0.42477187441860464 0.58309375
2 0.48513437441860463 0.46005833437500004 0.46799062558139537 0.46005833437500004 0.44601874883720927 0.46037916562500003 0.44553593720930235 0.47455208437499996 0.48513437441860463 0.47261875 0.48513437441860463 0.46005833437500004
2 0.485375 0.5560375 0.44561093720930234 0.556314584375 0.44577812558139535 0.57955 0.48513437441860463 0.5808395843749999 0.485375 0.5560375
0 0.41776875116279066 0.514166665625 0.4168031255813954 0.49741875 0.38613906279069765 0.49806249999999996 0.38618749999999996 0.5167375 0.3974875 0.515777084375 0.41776875116279066 0.514166665625
0 0.418782811627907 0.535741665625 0.4183 0.521247915625 0.3876359372093023 0.524789584375 0.3883609372093023 0.540572915625 0.40284843720930236 0.539283334375 0.418782811627907 0.535741665625
0 0.4801125 0.49065000000000003 0.4501718744186046 0.49032708437499994 0.4504140627906977 0.50643125 0.48083593720930234 0.5057875000000001 0.4801125 0.49065000000000003
0 0.4803531255813953 0.518027084375 0.46538281162790696 0.5186708343750001 0.4504140627906977 0.5199583343749999 0.4504140627906977 0.534775 0.479870311627907 0.533808334375 0.4803531255813953 0.518027084375
4 0.420232811627907 0.5521666656249999 0.419025 0.5408937500000001 0.3895687511627907 0.5437937500000001 0.3869125 0.55893125 0.405745311627907 0.55345625 0.420232811627907 0.5521666656249999
4 0.4801125 0.53670625 0.45044062558139536 0.5382020843750001 0.4501718744186046 0.550235415625 0.4801125 0.550235415625 0.4801125 0.53670625
4 0.567517188372093 0.540572915625 0.5367734372093024 0.541020834375 0.5368531255813953 0.551845834375 0.567517188372093 0.550879165625 0.567517188372093 0.540572915625
4 0.6487203116279069 0.53848125 0.6170687488372093 0.539410415625 0.6173312488372092 0.551364584375 0.6489609372093024 0.550397915625 0.6487203116279069 0.53848125
2 0.5714562511627908 0.56135 0.5328499999999999 0.564766665625 0.5342718744186047 0.5819625 0.5702484372093023 0.58260625 0.5714562511627908 0.56135
2 0.653307811627907 0.5594166656249999 0.6134687488372093 0.561670834375 0.6139515627906976 0.580675 0.653307811627907 0.578741665625 0.653307811627907 0.5594166656249999
2 0.568557811627907 0.46440208437499997 0.5304343744186046 0.46374375 0.531857811627907 0.477608334375 0.5697656255813953 0.47503124999999996 0.568557811627907 0.46440208437499997
2 0.6521 0.45989375 0.6113343744186047 0.46012083437499995 0.6127437488372093 0.47309791562500003 0.6482375 0.4743875 0.6521 0.45989375
0 0.5666265627906977 0.4937125 0.533754688372093 0.493527084375 0.5347546883720931 0.50820625 0.5666265627906977 0.5072395843749999 0.5666265627906977 0.4937125
0 0.5673515627906976 0.52334375 0.5362031255813954 0.5239874999999999 0.537170311627907 0.53655 0.567592188372093 0.536227084375 0.5673515627906976 0.52334375
0 0.6475125 0.49403333437499997 0.6161234372093024 0.49403333437499997 0.6161234372093024 0.507883334375 0.6475125 0.5072395843749999 0.6475125 0.49403333437499997
0 0.647754688372093 0.51915625 0.6170687488372093 0.519285415625 0.6163656255813953 0.533329165625 0.6475125 0.5323625 0.647754688372093 0.51915625