2 0.3749015627906977 0.819714584375 0.3749015627906977 0.80603125 0.358225 0.8077416656249999 0.33320937441860465 0.8068875 0.3328890627906977 0.821425 0.3521312511627907 0.82228125 0.3694484372093023 0.820997915625 0.3749015627906977 0.819714584375
2 0.46437656279069767 0.81629375 0.47175312558139537 0.8154395843750001 0.47271562558139535 0.802183334375 0.4659812511627907 0.80475 0.45539687441860466 0.806460415625 0.4448140627906977 0.805604165625 0.4307031255813954 0.8017562500000001 0.430382811627907 0.812445834375 0.439682811627907 0.8154395843750001 0.4515484372093023 0.8154395843750001 0.46437656279069767 0.81629375
2 0.563795311627907 0.816722915625 0.5644359372093023 0.80389375 0.5532109372093024 0.8051770843750001 0.5371765627906977 0.805604165625 0.522425 0.7996187499999999 0.521782811627907 0.8107354156250001 0.533970311627907 0.816722915625 0.5484015627906976 0.817577084375 0.563795311627907 0.816722915625
2 0.6576531255813953 0.82191875 0.6582468744186046 0.8068958343749999 0.6508343744186047 0.81085 0.6354156255813954 0.81085 0.6259265627906976 0.8080812500000001 0.6161421883720931 0.8041291656249999 0.6149562511627907 0.8175708343749999 0.6283 0.8199416656249999 0.6419390627906977 0.821127084375 0.6576531255813953 0.82191875
2 0.6517234372093024 0.9338 0.6526125 0.9168 0.6428281255813953 0.918777084375 0.6288921883720929 0.918777084375 0.6199968744186046 0.9175916656249999 0.6102124999999999 0.91205625 0.6099156255813953 0.9278708343750001 0.621479688372093 0.9314291656250001 0.6366015627906977 0.934591665625 0.6517234372093024 0.9338
2 0.5565437488372094 0.928660415625 0.5568406255813954 0.9140333343749999 0.54765 0.915614584375 0.530154688372093 0.91521875 0.5156265627906977 0.9077083343749999 0.515032811627907 0.921939584375 0.5245218744186047 0.9278708343750001 0.538754688372093 0.929452084375 0.5565437488372094 0.928660415625
2 0.46907499999999996 0.9278708343750001 0.46966718837209304 0.9144291656249999 0.4589937488372093 0.9175916656249999 0.44654062558139535 0.9179875 0.437645311627907 0.9168 0.4281562488372093 0.912452084375 0.42756406279069764 0.9278708343750001 0.44327812558139534 0.9302416656249999 0.4625515627906977 0.9314291656250001 0.46907499999999996 0.9278708343750001
2 0.3685593744186047 0.9314291656250001 0.37626718837209305 0.928660415625 0.37626718837209305 0.9175916656249999 0.3635187511627907 0.919964584375 0.34898906279069764 0.9203583343749999 0.33386718837209306 0.9175916656249999 0.333570311627907 0.929847915625 0.34632031162790694 0.93221875 0.356995311627907 0.932614584375 0.3685593744186047 0.9314291656250001
0 0.37122656279069766 0.88556875 0.3578843744186046 0.88873125 0.34691406279069764 0.886754165625 0.3380187488372093 0.885964584375 0.33831562558139533 0.9005916656249999 0.35136093720930234 0.901777084375 0.3715234372093023 0.9009874999999999 0.37122656279069766 0.88556875
0 0.362332811627907 0.8824062500000001 0.37122656279069766 0.880429165625 0.3715234372093023 0.865010415625 0.36589062558139535 0.8677791656249999 0.3555125 0.868172915625 0.3492859372093023 0.868172915625 0.33831562558139533 0.865010415625 0.3386109372093023 0.878847915625 0.3448375 0.882010415625 0.35610468837209297 0.8824062500000001 0.362332811627907 0.8824062500000001
0 0.3709312511627907 0.85473125 0.3709312511627907 0.84208125 0.361442188372093 0.8448479156250001 0.34869218837209304 0.844454165625 0.33950156279069765 0.842477084375 0.33890781162790695 0.8551270843750001 0.3483968744186046 0.8571041656249999 0.3578843744186046 0.8574999999999999 0.3709312511627907 0.85473125
0 0.4664062511627907 0.8476166656249999 0.46610937441860467 0.834964584375 0.45187656279069766 0.8373375 0.4462437511627907 0.836545834375 0.4352734372093023 0.8345687500000001 0.43438281162790693 0.8464291656249999 0.4447609372093024 0.849591665625 0.4557312511627907 0.849591665625 0.4664062511627907 0.8476166656249999
0 0.465220311627907 0.868964584375 0.4658125 0.851964584375 0.4500984372093023 0.85473125 0.439720311627907 0.8543375 0.43379062558139536 0.852360415625 0.4340875 0.86540625 0.4450578116279069 0.86856875 0.45543593720930237 0.87015 0.465220311627907 0.868964584375
0 0.46492343720930235 0.89189375 0.465220311627907 0.8772666656249999 0.45306406279069766 0.880033334375 0.44387187441860465 0.879639584375 0.4334937488372093 0.8776624999999999 0.43379062558139536 0.8911041656249999 0.4444640627906977 0.89308125 0.454545311627907 0.89308125 0.46492343720930235 0.89189375
0 0.5562484372093023 0.8499874999999999 0.5574343744186047 0.83615 0.5464625 0.836545834375 0.5366781255813954 0.834964584375 0.5251140627906977 0.83140625 0.5248187511627908 0.8448479156250001 0.5363812488372093 0.848802084375 0.5446843744186046 0.848802084375 0.5562484372093023 0.8499874999999999
0 0.5550625 0.869360415625 0.5550625 0.855522915625 0.5434984372093024 0.85473125 0.5340093744186046 0.85473125 0.5227421883720931 0.8503833343749999 0.5230390627906977 0.864616665625 0.5357890627906977 0.868964584375 0.542904688372093 0.869360415625 0.5550625 0.869360415625
0 0.553579688372093 0.8915 0.553579688372093 0.87924375 0.542904688372093 0.880033334375 0.5322312488372093 0.8780583343749999 0.5215562488372093 0.8744999999999999 0.5215562488372093 0.8875458343749999 0.5343062511627907 0.89189375 0.5455734372093023 0.892685415625 0.553579688372093 0.8915
0 0.6508343744186047 0.8543375 0.6508343744186047 0.8393145843750001 0.6425312511627906 0.841289584375 0.6357125 0.8401041656249999 0.6188109372093024 0.836545834375 0.6188109372093024 0.8503833343749999 0.6294859372093022 0.853545834375 0.6410484372093023 0.8543375 0.6508343744186047 0.8543375
0 0.6508343744186047 0.858289584375 0.6333406255813954 0.858289584375 0.6179218744186047 0.85473125 0.6179218744186047 0.86856875 0.6327468744186047 0.872127084375 0.6496484372093024 0.8725229156250001 0.6508343744186047 0.858289584375
0 0.648757811627907 0.8966375 0.6490546883720931 0.8835916656249999 0.6345265627906977 0.885172915625 0.6253343744186046 0.88556875 0.6161421883720931 0.880033334375 0.6164390627906977 0.8922895843750001 0.6315609372093024 0.8970333343749999 0.641345311627907 0.8978249999999999 0.648757811627907 0.8966375