0 0.28588125116279073 0.562879165625 0.28512656279069765 0.576958334375 0.31705937441860466 0.577629165625 0.3178140627906977 0.565895834375 0.28588125116279073 0.562879165625
0 0.2843718744186046 0.58668125 0.28462343720930233 0.600425 0.3163046883720931 0.604783334375 0.316807811627907 0.58835625 0.2843718744186046 0.58668125
0 0.2843718744186046 0.60713125 0.2843718744186046 0.622552084375 0.31580156279069765 0.6238937499999999 0.316807811627907 0.608470834375 0.2843718744186046 0.60713125
0 0.36005468837209303 0.578635415625 0.36005468837209303 0.592714584375 0.39173593720930233 0.5907041656249999 0.39198593720930236 0.577964584375 0.36005468837209303 0.578635415625
0 0.36005468837209303 0.5984145843750001 0.36080937441860467 0.613164584375 0.392992188372093 0.611825 0.39198593720930236 0.596402084375 0.36005468837209303 0.5984145843750001
0 0.3831859372093023 0.622216665625 0.360557811627907 0.6238937499999999 0.36080937441860467 0.6359625 0.39349531162790696 0.63495625 0.39274062558139533 0.621545834375 0.3831859372093023 0.622216665625
0 0.4908 0.5058874999999999 0.4913031255813954 0.520302084375 0.522732811627907 0.51963125 0.5224812488372093 0.504210415625 0.4908 0.5058874999999999
0 0.49155468837209304 0.525666665625 0.4918062488372093 0.54008125 0.5234875 0.54008125 0.5234875 0.525666665625 0.49155468837209304 0.525666665625
0 0.49281250000000004 0.550810415625 0.49331406279069767 0.562208334375 0.5234875 0.563547915625 0.5232359372093024 0.550139584375 0.49281250000000004 0.550810415625
0 0.6034437511627907 0.523989584375 0.603945311627907 0.53639375 0.6363812488372093 0.537735415625 0.6356265627906976 0.5243249999999999 0.6034437511627907 0.523989584375
0 0.6034437511627907 0.54209375 0.6036953116279069 0.554833334375 0.6358781255813953 0.5565083343749999 0.6363812488372093 0.542429165625 0.6034437511627907 0.54209375
0 0.6034437511627907 0.5695833343750001 0.603192188372093 0.5806458343750001 0.6348718744186047 0.581652084375 0.635375 0.5695833343750001 0.6034437511627907 0.5695833343750001
2 0.6393984372093023 0.6158479156250001 0.6401531255813954 0.611154165625 0.640404688372093 0.6010958343749999 0.6167687511627906 0.601766665625 0.5986656255813954 0.6010958343749999 0.5976593744186047 0.606795834375 0.5979109372093023 0.6155125 0.6215468744186047 0.61651875 0.6393984372093023 0.6158479156250001
2 0.6401531255813954 0.5048812500000001 0.640404688372093 0.49918125 0.6399015627906977 0.494152084375 0.600175 0.49247708437500004 0.5984140627906976 0.49783958437500003 0.599420311627907 0.505216665625 0.6240609372093023 0.504545834375 0.6401531255813954 0.5048812500000001
2 0.527257811627907 0.4871125 0.5270062488372093 0.481747915625 0.5254984372093023 0.474708334375 0.5089031255813953 0.475714584375 0.48577187441860464 0.474708334375 0.4845140627906977 0.481079165625 0.48552031162790693 0.488454165625 0.5053843744186046 0.48811875000000005 0.527257811627907 0.4871125
2 0.528767188372093 0.59875 0.5292703116279069 0.5930500000000001 0.5290187488372093 0.58299375 0.5066406255813953 0.585004165625 0.486275 0.585004165625 0.486275 0.59204375 0.4885375 0.600425 0.50815 0.5994208343749999 0.528767188372093 0.59875
2 0.3960093744186047 0.55684375 0.39701562558139536 0.551814584375 0.3965125 0.544775 0.3743859372093023 0.548127084375 0.35552812558139535 0.5477916656249999 0.3545234372093023 0.5528208343750001 0.355779688372093 0.558520834375 0.3784093744186046 0.557514584375 0.3960093744186047 0.55684375
2 0.3897234372093023 0.673510415625 0.3982718744186046 0.6711625 0.4007875 0.667810415625 0.40053593720930236 0.6564125 0.386454688372093 0.659429165625 0.3779062511627907 0.660770834375 0.35804218837209306 0.659764584375 0.35779218837209303 0.668145834375 0.36005468837209303 0.675185415625 0.37539218837209304 0.674179165625 0.3897234372093023 0.673510415625
2 0.32485312558139534 0.54209375 0.32485312558139534 0.536729165625 0.32434999999999997 0.5280125 0.3024765627906977 0.5280125 0.283367188372093 0.526002084375 0.28185781162790696 0.53069375 0.28236093720930233 0.5410874999999999 0.30297812558139536 0.540416665625 0.32485312558139534 0.54209375
2 0.3208312488372093 0.652389584375 0.3210812488372093 0.6419958343750001 0.30398437441860465 0.6406562499999999 0.29191562558139533 0.640320834375 0.27808593720930236 0.6396499999999999 0.27733281162790696 0.6450145843749999 0.2783375 0.65171875 0.2976984372093023 0.651383334375 0.3208312488372093 0.652389584375