2 0.44896718837209304 0.8257770843750001 0.447795311627907 0.8414083343750001 0.4899968744186047 0.8414083343750001 0.4899968744186047 0.8268208343750001 0.44896718837209304 0.8257770843750001
2 0.5642375000000001 0.8262979156249999 0.5638468744186047 0.8414083343750001 0.6060484372093022 0.841929165625 0.6048765627906977 0.8262979156249999 0.5642375000000001 0.8262979156249999
2 0.679507811627907 0.83515625 0.6787265627906977 0.853391665625 0.7232718744186046 0.850785415625 0.7217093744186047 0.8361979156249999 0.679507811627907 0.83515625
2 0.6818531255813953 0.949775 0.6814625000000001 0.9648833343750001 0.7244437488372093 0.963841665625 0.7236625 0.947691665625 0.6818531255813953 0.949775
2 0.564629688372093 0.9414395843750001 0.5642375000000001 0.956547915625 0.6080015627906977 0.954985415625 0.607220311627907 0.938833334375 0.564629688372093 0.9414395843750001
2 0.444670311627907 0.93675 0.44506093720930234 0.9560270843750001 0.48843281162790697 0.95550625 0.4872609372093023 0.939354165625 0.444670311627907 0.93675
2 0.3227562511627907 0.919035415625 0.32236562558139537 0.9377916656249999 0.36808281162790696 0.939875 0.3684734372093023 0.9232041656250001 0.3227562511627907 0.919035415625
2 0.3262734372093023 0.8101479156250001 0.3243203116279069 0.82369375 0.36886562558139535 0.82525625 0.36886562558139535 0.8091062499999999 0.3262734372093023 0.8101479156250001
0 0.3297906255813953 0.84245 0.3301812488372093 0.855995834375 0.36417656279069766 0.855995834375 0.3637843744186046 0.8429708343750001 0.3297906255813953 0.84245
0 0.32939999999999997 0.865372915625 0.32939999999999997 0.882566665625 0.36495781162790697 0.878397915625 0.36417656279069766 0.86433125 0.32939999999999997 0.865372915625
0 0.45053124883720935 0.856516665625 0.4509218744186047 0.874752084375 0.48608906279069763 0.874752084375 0.486479688372093 0.8575583343750001 0.45053124883720935 0.856516665625
0 0.45170312558139536 0.8815250000000001 0.4513125 0.8966333343749999 0.486479688372093 0.8961124999999999 0.48687031162790695 0.8810041656250001 0.45170312558139536 0.8815250000000001
0 0.569317188372093 0.88465 0.569317188372093 0.9002812499999999 0.6021406255813954 0.8992374999999999 0.60175 0.882045834375 0.569317188372093 0.88465
0 0.5689265627906976 0.9049687499999999 0.5689265627906976 0.9237249999999999 0.6037031255813954 0.9221625 0.6025312488372093 0.9049687499999999 0.5689265627906976 0.9049687499999999
0 0.6841968744186047 0.892464584375 0.684979688372093 0.9075749999999999 0.7185828116279069 0.9054895843749999 0.718192188372093 0.891422915625 0.6841968744186047 0.892464584375
0 0.685370311627907 0.915389584375 0.6857609372093023 0.933102084375 0.7205374999999999 0.933102084375 0.7185828116279069 0.915389584375 0.685370311627907 0.915389584375
3 0.32861718837209297 0.8893395843749999 0.3290093744186046 0.9060104156250001 0.36417656279069766 0.904447915625 0.36222187441860465 0.8893395843749999 0.32861718837209297 0.8893395843749999
3 0.4501406255813954 0.9049687499999999 0.45053124883720935 0.91955625 0.48452656279069767 0.9206 0.48452656279069767 0.9065312499999999 0.4501406255813954 0.9049687499999999
3 0.5685359372093023 0.8591208343750001 0.569317188372093 0.873710415625 0.60175 0.873710415625 0.6013593744186048 0.8575583343750001 0.5685359372093023 0.8591208343750001
3 0.6841968744186047 0.867979165625 0.6845875 0.8830875 0.7174109372093023 0.8810041656250001 0.717020311627907 0.86589375 0.6841968744186047 0.867979165625