2 0.40226406279069765 0.45135833437499995 0.36220156279069765 0.452054165625 0.36271874883720934 0.47274374999999996 0.40155156279069765 0.47321875 0.40226406279069765 0.45135833437499995
2 0.4660359372093023 0.57159375 0.4276765627906977 0.575579165625 0.4264906255813954 0.59630625 0.4667484372093023 0.592029165625 0.4660359372093023 0.57159375
2 0.4703109372093023 0.67329375 0.4307937511627907 0.68021875 0.43112187441860467 0.695154165625 0.4703109372093023 0.691829165625 0.4703109372093023 0.67329375
2 0.5850281255813954 0.540702084375 0.5474890627906976 0.540541665625 0.5486890627906976 0.5611375 0.5853843744186047 0.5611375 0.5850281255813954 0.540702084375
2 0.5878781255813954 0.644304165625 0.5486890627906976 0.64715625 0.5501140627906976 0.662839584375 0.5871656255813954 0.6618875 0.5878781255813954 0.644304165625
2 0.6772999999999999 0.488902084375 0.638467188372093 0.49222916562499996 0.6373984372093023 0.513139584375 0.6769437511627906 0.5126645843750001 0.6772999999999999 0.488902084375
2 0.6780124999999999 0.59630625 0.6396875000000001 0.595177084375 0.6373984372093023 0.6105625 0.6780124999999999 0.6115125 0.6780124999999999 0.59630625
4 0.3979890627906977 0.481772915625 0.36414374883720935 0.483675 0.3666375 0.495079165625 0.39656406279069767 0.49365416562500003 0.3979890627906977 0.481772915625
4 0.4638984372093023 0.600583334375 0.4343281255813954 0.602483334375 0.4339718744186047 0.614364584375 0.4631859372093023 0.6110375 0.4638984372093023 0.600583334375
4 0.5843156255813954 0.57064375 0.5519437511627907 0.5696416656250001 0.5508265627906976 0.582047915625 0.5839593744186047 0.581572915625 0.5843156255813954 0.57064375
4 0.673025 0.518841665625 0.6416734372093024 0.520266665625 0.6430984372093024 0.532622915625 0.6719562511627907 0.531672915625 0.673025 0.518841665625
0 0.3669937488372093 0.49935625000000006 0.3662812488372093 0.5117125 0.39656406279069767 0.512189584375 0.39549531162790696 0.499833334375 0.3669937488372093 0.49935625000000006
0 0.39674374883720925 0.527135415625 0.3666687511627907 0.525941665625 0.3660218744186047 0.5415 0.3980109372093023 0.5419229156250001 0.39674374883720925 0.527135415625
0 0.5842406255813953 0.585016665625 0.5519781255813954 0.5877125000000001 0.5509843744186047 0.600647915625 0.5842406255813953 0.60149375 0.5842406255813953 0.585016665625
0 0.5836062488372092 0.6129 0.5665031255813954 0.615858334375 0.5528843744186047 0.613745834375 0.5532015627906977 0.630645834375 0.5832890627906977 0.632335415625 0.5836062488372092 0.6129
0 0.46452031162790697 0.629377084375 0.46452031162790697 0.617547915625 0.43279375116279073 0.622029165625 0.43348281162790697 0.633602084375 0.4448843744186047 0.63275625 0.46452031162790697 0.629377084375
0 0.46547187441860466 0.644164584375 0.4343781255813953 0.6457875 0.43665 0.658952084375 0.466104688372093 0.656416665625 0.46547187441860466 0.644164584375
0 0.6719703116279069 0.53854375 0.642257811627907 0.5396687499999999 0.640932811627907 0.5520625 0.6716531255813953 0.5520625 0.6719703116279069 0.53854375
0 0.6722874999999999 0.5655812499999999 0.6406734372093024 0.565539584375 0.6428328116279071 0.5816375 0.6729203116279069 0.5816375 0.6722874999999999 0.5655812499999999
2 0.40022812558139537 0.571075 0.40022812558139537 0.557554165625 0.3644390627906977 0.5584 0.3615875 0.56980625 0.36507187441860467 0.57191875 0.40022812558139537 0.571075