2 0.32832500000000003 0.3875375 0.3280187488372093 0.372854165625 0.3069109372093023 0.374891665625 0.2861093744186046 0.376525 0.28488593720930233 0.380195834375 0.28519218837209304 0.38916875 0.30844062558139534 0.388352084375 0.32832500000000003 0.3875375
0 0.3237718744186046 0.41027291562499996 0.29012187441860465 0.413535415625 0.29042812558139536 0.425364584375 0.3066406255813953 0.42495625 0.3237718744186046 0.424141665625 0.3237718744186046 0.41027291562499996
0 0.32461562558139534 0.433779165625 0.29127187441860464 0.436227084375 0.29188281162790697 0.450910415625 0.3053437488372093 0.45050208437499994 0.32492187441860465 0.4496875 0.32461562558139534 0.433779165625
0 0.2929312488372093 0.455677084375 0.29385 0.47076874999999996 0.3250515627906977 0.4691375 0.3250515627906977 0.45526875 0.2929312488372093 0.455677084375
0 0.5414265627906977 0.40425625 0.5093062511627907 0.40792708437499997 0.5114468744186047 0.42465 0.529495311627907 0.421795834375 0.5423437511627907 0.41975625 0.5414265627906977 0.40425625
0 0.542020311627907 0.42492916562499994 0.5251953116279069 0.42737708437500005 0.5111234372093023 0.427785415625 0.511429688372093 0.441652084375 0.5273359372093024 0.440020834375 0.54355 0.43798125 0.542020311627907 0.42492916562499994
0 0.5440437488372093 0.44858750000000003 0.525995311627907 0.45103333437500004 0.5119234372093023 0.45185000000000003 0.5134531255813953 0.46531041562500003 0.5311968744186046 0.463270834375 0.5446562488372093 0.460822915625 0.5440437488372093 0.44858750000000003
0 0.641457811627907 0.626091665625 0.6408468744186047 0.6122229156250001 0.6276921883720931 0.616302084375 0.6093375 0.616302084375 0.60995 0.630985415625 0.6240218744186047 0.632210415625 0.6338109372093024 0.630170834375 0.641457811627907 0.626091665625
0 0.643125 0.644266665625 0.642207811627907 0.629583334375 0.6345593744186047 0.6336625 0.6256875 0.6357 0.610392188372093 0.63529375 0.610392188372093 0.64956875 0.6226296883720931 0.64956875 0.636395311627907 0.647529165625 0.643125 0.644266665625
0 0.6433343744186046 0.66700625 0.642417188372093 0.6543625 0.62865 0.660479165625 0.6185562488372094 0.660479165625 0.6112140627906977 0.658847915625 0.6112140627906977 0.672716665625 0.6262031255813953 0.6719 0.6326281255813954 0.671085415625 0.6433343744186046 0.66700625
0 0.424470311627907 0.609445834375 0.42477656279069764 0.5959875 0.40948124883720927 0.6004729156249999 0.39235 0.59925 0.3920437488372093 0.610670834375 0.40580937441860465 0.613525 0.41223437441860467 0.613116665625 0.424470311627907 0.609445834375
0 0.424970311627907 0.6313187499999999 0.42325 0.6170958343749999 0.40879062558139534 0.6181625000000001 0.39257656279069764 0.6169374999999999 0.39288281162790695 0.632029165625 0.40481406279069765 0.6316229156250001 0.4136843744186046 0.6316229156250001 0.424970311627907 0.6313187499999999
0 0.424970311627907 0.655635415625 0.424282811627907 0.6418708343749999 0.4146984372093023 0.642991665625 0.4024625 0.6434 0.392979688372093 0.64176875 0.3932859372093023 0.6548208343749999 0.4079687511627907 0.6564520843749999 0.42020625116279076 0.655635415625 0.424970311627907 0.655635415625
2 0.3322812488372093 0.49666458437500005 0.3322812488372093 0.4848375 0.32126874883720935 0.48810000000000003 0.30566718837209306 0.489322915625 0.287925 0.487691665625 0.2885359372093023 0.5003354156250001 0.30872656279069766 0.5003354156250001 0.323104688372093 0.498297915625 0.3322812488372093 0.49666458437500005
2 0.423954688372093 0.693289584375 0.4306859372093023 0.688802084375 0.4304765627906976 0.676741665625 0.42089531162790694 0.6790145843750001 0.40437656279069767 0.680645834375 0.387807811627907 0.679952084375 0.387857811627907 0.6835 0.3893875 0.694920834375 0.41018906279069767 0.694920834375 0.423954688372093 0.693289584375
2 0.4198031255813953 0.5790062500000001 0.42225 0.577375 0.429592188372093 0.574927084375 0.4292859372093023 0.563097915625 0.4158265627906977 0.568808334375 0.39563593720930235 0.5692166656250001 0.38798906279069767 0.564322915625 0.387070311627907 0.577375 0.3983890627906977 0.5790062500000001 0.40879062558139534 0.579414584375 0.4198031255813953 0.5790062500000001
2 0.5479093744186047 0.49801875000000007 0.5524968744186046 0.495979165625 0.553720311627907 0.487004165625 0.5524968744186046 0.480479165625 0.5387312511627907 0.48455833437500007 0.525882811627907 0.4874125 0.5093640627906977 0.487820834375 0.5102812488372094 0.495979165625 0.5142593744186046 0.5029125 0.5326124999999999 0.501689584375 0.5479093744186047 0.49801875000000007
2 0.531904688372093 0.38656458437499996 0.545670311627907 0.383302084375 0.5450593744186046 0.373920834375 0.542917188372093 0.372289584375 0.5242562488372092 0.375552084375 0.5022312511627907 0.378 0.5022312511627907 0.380854165625 0.5025375 0.388195834375 0.5141625 0.38942083437499997 0.531904688372093 0.38656458437499996
2 0.6305593744186047 0.5977166656249999 0.6458562488372093 0.5916 0.6461609372093023 0.5867041656249999 0.6431328116279069 0.580391665625 0.6262781255813954 0.585889584375 0.618629688372093 0.5871125 0.603217188372093 0.586814584375 0.6030281255813954 0.5920062500000001 0.6035609372093024 0.599660415625 0.6164890627906977 0.59975625 0.6305593744186047 0.5977166656249999
2 0.632607811627907 0.70958125 0.6442312488372093 0.705910415625 0.6500437511627908 0.702239584375 0.6506562511627907 0.685925 0.6417843744186047 0.6920416656249999 0.628325 0.6944895843750001 0.6078281255813953 0.6932666656250001 0.6075218744186046 0.6981604156250001 0.6102765627906976 0.7091729156250001 0.6215937488372092 0.7091729156250001 0.632607811627907 0.70958125