2 0.32034999999999997 0.502279165625 0.32151093720930235 0.49557083437499994 0.3211234372093023 0.48576458437500003 0.28977187441860464 0.48886041562500004 0.27699843720930234 0.490408334375 0.27699843720930234 0.49815 0.2766109372093023 0.502795834375 0.2998359372093023 0.502279165625 0.32034999999999997 0.502279165625
2 0.3226718744186047 0.5983875000000001 0.29402968837209303 0.60096875 0.27854687441860465 0.602 0.27932031162790694 0.6149020843749999 0.3009968744186046 0.6149020843749999 0.3222859372093023 0.6112895843749999 0.3226718744186047 0.5983875000000001
2 0.45597187441860465 0.67475 0.45635781162790695 0.658233334375 0.4354562511627907 0.663910415625 0.41416718837209304 0.6597833343749999 0.41416718837209304 0.667008334375 0.413779688372093 0.676297915625 0.43777812558139534 0.677845834375 0.45597187441860465 0.67475
2 0.6002984372093023 0.598175 0.6014593744186046 0.590433334375 0.6010718744186047 0.582691665625 0.5759124999999999 0.581660415625 0.5592687511627907 0.579595834375 0.5584937488372093 0.588885415625 0.5584937488372093 0.598175 0.5813312511627907 0.598691665625 0.6002984372093023 0.598175
2 0.7080578116279069 0.666991665625 0.707670311627907 0.6540895843750001 0.6879296883720931 0.658735415625 0.6666406255813954 0.6566708343750001 0.665479688372093 0.66905625 0.6782531255813954 0.6716375 0.6945093744186046 0.6721541656250001 0.7080578116279069 0.666991665625
0 0.2820859372093023 0.524645834375 0.2817 0.540129165625 0.3157625 0.538064584375 0.3161484372093023 0.522064584375 0.2820859372093023 0.524645834375
0 0.31610781162790696 0.546358334375 0.29946406279069765 0.548422915625 0.2828187488372093 0.5473895843750001 0.2839812488372093 0.5628729156250001 0.30101249999999996 0.5628729156250001 0.316495311627907 0.5597770843750001 0.31610781162790696 0.546358334375
0 0.29517656279069765 0.569525 0.284725 0.569525 0.28395156279069766 0.583975 0.3168531255813954 0.5813958343750001 0.3160781255813953 0.5659125 0.29517656279069765 0.569525
0 0.45027812558139535 0.57976875 0.43247343720930237 0.58235 0.41815156279069765 0.5808020843749999 0.41815156279069765 0.594735415625 0.430925 0.59576875 0.4510531255813953 0.594220834375 0.45027812558139535 0.57976875
0 0.45055156279069764 0.598333334375 0.4381656255813953 0.6009125 0.43274687441860465 0.6009125 0.4192 0.5993645843750001 0.42049687441860467 0.615260415625 0.43661718837209307 0.615879165625 0.4513265627906977 0.6133 0.45055156279069764 0.598333334375
0 0.450279688372093 0.6231020843749999 0.44331249999999994 0.625683334375 0.434 0.625152084375 0.4185406255813953 0.624135415625 0.4185406255813953 0.637554165625 0.436670311627907 0.637283334375 0.450667188372093 0.637554165625 0.450279688372093 0.6231020843749999
0 0.5976765627906977 0.502429165625 0.5655484372093023 0.500364584375 0.5651625 0.515847915625 0.579870311627907 0.5179125 0.5969015627906976 0.517395834375 0.5976765627906977 0.502429165625
0 0.597379688372093 0.523410415625 0.5818968744186046 0.524441665625 0.5745437511627907 0.522377084375 0.5652531255813953 0.520829165625 0.5652531255813953 0.5363125 0.5799624999999999 0.537860415625 0.5977671883720931 0.537860415625 0.597379688372093 0.523410415625
0 0.59615 0.54715 0.577570311627907 0.549214584375 0.5632484372093024 0.544570834375 0.5632484372093024 0.560052084375 0.5829890627906976 0.562116665625 0.59615 0.5605687500000001 0.59615 0.54715
0 0.7020562488372093 0.700947915625 0.701282811627907 0.686495834375 0.6861875000000001 0.689077084375 0.6699296883720931 0.68598125 0.6703171883720931 0.7004312500000001 0.681154688372093 0.7040437500000001 0.689282811627907 0.7040437500000001 0.7020562488372093 0.700947915625
0 0.7032281255813954 0.705777084375 0.6846484372093022 0.707841665625 0.6711015627906977 0.7052625 0.6711015627906977 0.7197125 0.6885203116279071 0.722808334375 0.7032281255813954 0.720229165625 0.7032281255813954 0.705777084375
0 0.701975 0.73088125 0.690325 0.733897915625 0.6820937511627907 0.733897915625 0.6702343744186047 0.7319125 0.6702343744186047 0.7443 0.6888140627906977 0.7479125 0.701975 0.746364584375 0.701975 0.73088125
2 0.6017843744186047 0.484733334375 0.6025578116279069 0.47389374999999995 0.560754688372093 0.47028125000000004 0.5595937488372094 0.47647500000000004 0.560367188372093 0.48318541562500006 0.5866875 0.484733334375 0.6017843744186047 0.484733334375
2 0.4153359372093023 0.5501104156250001 0.4143031255813953 0.561120834375 0.458004688372093 0.561120834375 0.45766093720930234 0.5487333343749999 0.4153359372093023 0.5501104156250001
2 0.7021781255813954 0.783591665625 0.7068218744186047 0.78049375 0.7075968744186046 0.7660437499999999 0.6882421883720931 0.767591665625 0.6654062488372093 0.763979165625 0.6646312488372093 0.771720834375 0.6669531255813954 0.783591665625 0.6847593744186047 0.784622915625 0.7021781255813954 0.783591665625