2 0.529575 0.685966665625 0.5314968744186046 0.6984125 0.5724015627906978 0.685235415625 0.5704796883720931 0.67645 0.529575 0.685966665625
2 0.6432312511627907 0.690727084375 0.6437812511627907 0.701708334375 0.6849609372093024 0.699510415625 0.6849609372093024 0.689627084375 0.6432312511627907 0.690727084375
2 0.44639062558139536 0.6658354156249999 0.4472156255813953 0.6790125 0.48976718837209304 0.6716916656249999 0.488395311627907 0.660710415625 0.44639062558139536 0.6658354156249999
2 0.35991406279069765 0.6581479156250001 0.3615609372093023 0.6716916656249999 0.40219218837209303 0.663639584375 0.401917188372093 0.6519250000000001 0.35991406279069765 0.6581479156250001
0 0.367875 0.6918249999999999 0.3684234372093023 0.70683125 0.40136718837209306 0.702439584375 0.39999531162790697 0.686333334375 0.367875 0.6918249999999999
0 0.36815 0.715616665625 0.36815 0.7280625 0.4024656255813953 0.722572915625 0.4010937511627907 0.712689584375 0.36815 0.715616665625
0 0.37034531162790696 0.737214584375 0.37034531162790696 0.751122915625 0.4046625 0.7449 0.40274062558139534 0.732454165625 0.37034531162790696 0.737214584375
0 0.45847031162790697 0.7438020843750001 0.459020311627907 0.75844375 0.49086562558139535 0.75185625 0.48976718837209304 0.7383124999999999 0.45847031162790697 0.7438020843750001
0 0.4565484372093023 0.724035415625 0.45764687441860463 0.737214584375 0.48976718837209304 0.7313562499999999 0.48866874883720934 0.718179165625 0.4565484372093023 0.724035415625
0 0.45435312558139535 0.699877084375 0.4551765627906977 0.71451875 0.4892187511627907 0.7086625 0.48729687441860464 0.692922915625 0.45435312558139535 0.699877084375
0 0.5391843744186047 0.7189125 0.541929688372093 0.732454165625 0.5743234372093023 0.721108334375 0.5718531255813953 0.707197915625 0.5391843744186047 0.7189125
0 0.5435765627906977 0.7405083343750001 0.546595311627907 0.7529541656250001 0.577892188372093 0.7412395843749999 0.5756968744186046 0.730258334375 0.5435765627906977 0.7405083343750001
0 0.5482437488372093 0.762104165625 0.5501656255813954 0.7771125 0.5820109372093023 0.76356875 0.578167188372093 0.750391665625 0.5482437488372093 0.762104165625
0 0.6509187488372092 0.768327084375 0.6506437511627907 0.781504165625 0.6816671883720931 0.781870834375 0.681392188372093 0.768327084375 0.6509187488372092 0.768327084375
0 0.6484484372093023 0.7467312500000001 0.6492718744186047 0.758810415625 0.6827640627906977 0.759177084375 0.6819406255813953 0.746364584375 0.6484484372093023 0.7467312500000001
0 0.64735 0.72476875 0.64735 0.7379458343749999 0.680842188372093 0.7368479156250001 0.6800187488372093 0.7244020843750001 0.64735 0.72476875
7 0.3670515627906977 0.769791665625 0.3684234372093023 0.7822375 0.408779688372093 0.774916665625 0.4085062511627907 0.761739584375 0.3670515627906977 0.769791665625
7 0.45682343720930235 0.778210415625 0.45682343720930235 0.79065625 0.499925 0.781504165625 0.497179688372093 0.768327084375 0.45682343720930235 0.778210415625
7 0.548792188372093 0.791754165625 0.5515375 0.8056645843749999 0.5913453116279069 0.791754165625 0.5891484372093023 0.78040625 0.548792188372093 0.791754165625
7 0.6443296883720929 0.799075 0.6454281255813953 0.81518125 0.6874312511627907 0.81335 0.6863328116279069 0.7994416656250001 0.6443296883720929 0.799075