7 0.4736343744186046 0.45069375 0.46454687441860465 0.44956666562500003 0.4405187511627907 0.44432499999999997 0.437282811627907 0.459145834375 0.45799531162790696 0.46168125 0.47257812558139534 0.46365416562500006 0.4736343744186046 0.45069375
7 0.474692188372093 0.49267500000000003 0.47617031162790696 0.48027708437500005 0.459475 0.47661458437500004 0.44467968837209304 0.47210625000000006 0.43206406279069764 0.470745834375 0.43221093720930237 0.48450416562500004 0.4427781255813954 0.486758334375 0.4560937488372093 0.49013958437499994 0.474692188372093 0.49267500000000003
7 0.5871281255813954 0.352079165625 0.5691640627906976 0.352922915625 0.5539468744186047 0.354895834375 0.5433031255813954 0.355191665625 0.5438015627906977 0.371802084375 0.5700093744186047 0.36729375000000003 0.5879734372093023 0.366447915625 0.5871281255813954 0.352079165625
7 0.584379688372093 0.394060415625 0.584379688372093 0.3816625 0.5712765627906977 0.3816625 0.5499093744186047 0.383375 0.5509875 0.396595834375 0.5626109372093023 0.39575 0.5763484372093023 0.39462291562499996 0.584379688372093 0.394060415625
7 0.8141593744186046 0.41829375 0.8004218744186046 0.42702916562500004 0.782879688372093 0.434072915625 0.7866843744186046 0.447879165625 0.7968281255813954 0.4430875 0.818175 0.432945834375 0.8141593744186046 0.41829375
7 0.8300093744186046 0.45773958437499995 0.8276859372093023 0.442525 0.8150046883720931 0.44928749999999995 0.8019015627906977 0.45717708437500004 0.7834859372093024 0.464758334375 0.7894312511627908 0.47661666562500005 0.8025343744186046 0.4707 0.8175406255813953 0.464783334375 0.8300093744186046 0.45773958437499995
0 0.4426640627906977 0.420633334375 0.4412375 0.43458125000000003 0.474282811627907 0.439335415625 0.47523437441860467 0.42633958437499997 0.4426640627906977 0.420633334375
0 0.5674750000000001 0.4032 0.5513093744186046 0.40700416562499997 0.5520218744186046 0.42221875000000003 0.584829688372093 0.41778125 0.584829688372093 0.40193124999999996 0.5674750000000001 0.4032
0 0.8092515627906977 0.396227084375 0.7942750000000001 0.40351666562500005 0.7778718744186047 0.412708334375 0.7809625 0.42697291562500006 0.7959390627906977 0.42095000000000005 0.8125812511627907 0.41144166562500006 0.8092515627906977 0.396227084375
3 0.8040218744186046 0.37403749999999997 0.7716906255813953 0.3898875 0.7757312488372093 0.40193124999999996 0.7926109372093023 0.394958334375 0.806875 0.38671666562499996 0.8040218744186046 0.37403749999999997
3 0.5524984372093024 0.431410415625 0.5539234372093024 0.445991665625 0.5867312488372093 0.44250625 0.5864937488372093 0.42665625 0.5524984372093024 0.431410415625
2 0.5929125 0.46818125000000005 0.550357811627907 0.474520834375 0.5513093744186046 0.482445834375 0.5541625 0.486566665625 0.5919625000000001 0.48276250000000004 0.5929125 0.46818125000000005
2 0.48379218837209303 0.373720834375 0.48402968837209304 0.37086666562500004 0.48307968837209303 0.362308334375 0.4662 0.360089584375 0.44527968837209303 0.355652084375 0.4433765627906977 0.36040833437500003 0.44195 0.36674791562500003 0.45764062558139534 0.36738125 0.48379218837209303 0.373720834375
3 0.44575468837209303 0.397810415625 0.44480312558139534 0.410808334375 0.4761843744186046 0.41334375 0.4766593744186046 0.401297915625 0.44575468837209303 0.397810415625
2 0.8009312511627907 0.34424166562499997 0.7945125000000001 0.335683334375 0.7759687488372093 0.345827084375 0.7593281255813954 0.35533541562500004 0.7593281255813954 0.360725 0.7624187488372093 0.36738125 0.7792968744186046 0.3581875 0.8009312511627907 0.34424166562499997