7 0.4909984372093023 0.750616665625 0.5065546883720929 0.747222915625 0.5059890627906977 0.731383334375 0.49637187441860464 0.7344 0.479120311627907 0.73779375 0.4635640627906977 0.73779375 0.46384687441860467 0.743829165625 0.464695311627907 0.751747915625 0.47855468837209303 0.752125 0.4909984372093023 0.750616665625
7 0.562842188372093 0.751241665625 0.582075 0.745208334375 0.581792188372093 0.738797915625 0.5812265627906977 0.728614584375 0.574720311627907 0.7316312500000001 0.5591656255813954 0.73615625 0.537670311627907 0.734270834375 0.5379531255813953 0.744077084375 0.53965 0.751241665625 0.552942188372093 0.752372915625 0.562842188372093 0.751241665625
7 0.6288312511627907 0.73779375 0.642407811627907 0.7336458343750001 0.6429734372093023 0.7283666656250001 0.642125 0.718185415625 0.6361859372093024 0.7208249999999999 0.6226093744186046 0.723464584375 0.6008312511627907 0.7230875 0.6013968744186047 0.727989584375 0.6019625000000001 0.737416665625 0.6155390627906977 0.738170834375 0.6288312511627907 0.73779375
7 0.6875218744186047 0.736597915625 0.6940265627906976 0.734335415625 0.7059046883720931 0.729433334375 0.7061875 0.72000625 0.7033593744186046 0.71095625 0.687804688372093 0.71774375 0.677904688372093 0.7218916656250001 0.6612187511627907 0.72453125 0.6612187511627907 0.730941665625 0.6634812511627908 0.738485415625 0.675642188372093 0.73810625 0.6875218744186047 0.736597915625
8 0.7036906255813954 0.741310415625 0.6932265627906977 0.745835415625 0.6833281255813953 0.748852084375 0.6697515627906977 0.749229165625 0.6700343744186046 0.765066665625 0.6833281255813953 0.7661979156250001 0.7048218744186046 0.75865625 0.7036906255813954 0.741310415625
8 0.640525 0.746908334375 0.6244031255813953 0.7514333343749999 0.6077171883720931 0.75105625 0.608 0.76689375 0.621857811627907 0.76689375 0.6410906255813954 0.7635 0.640525 0.746908334375
8 0.57915 0.7577812500000001 0.5655749999999999 0.763814584375 0.5460593744186046 0.763060415625 0.5460593744186046 0.780785415625 0.5627468744186046 0.779654165625 0.580282811627907 0.776260415625 0.57915 0.7577812500000001
8 0.5039609372093024 0.76261875 0.49010156279069766 0.7660125 0.470020311627907 0.764504165625 0.470020311627907 0.779589584375 0.48699062558139533 0.78034375 0.503395311627907 0.77808125 0.5039609372093024 0.76261875
0 0.47115156279069764 0.787066665625 0.47143437441860464 0.799133334375 0.5039609372093024 0.798002084375 0.5031125000000001 0.785558334375 0.47115156279069764 0.787066665625
0 0.5048093744186046 0.8210062499999999 0.5042437511627907 0.8044125 0.4932125 0.807808334375 0.48529375116279067 0.8085625000000001 0.4725656255813953 0.8081854156249999 0.4722828116279069 0.8232687500000001 0.4835968744186046 0.8244 0.49745468837209306 0.8236458343749999 0.5048093744186046 0.8210062499999999
0 0.5727406255813954 0.8003291656249999 0.5826406255813954 0.79618125 0.5815093744186047 0.78034375 0.569629688372093 0.786 0.562842188372093 0.790147915625 0.548417188372093 0.7882625 0.548417188372093 0.8018375000000001 0.558882811627907 0.8025916656250001 0.5684984372093024 0.8018375000000001 0.5727406255813954 0.8003291656249999
0 0.5836281255813953 0.819810415625 0.5813656255813954 0.8028395843749999 0.5692031255813953 0.809252084375 0.5652437488372093 0.809252084375 0.557607811627907 0.8088749999999999 0.549404688372093 0.80774375 0.5496875 0.825466665625 0.563829688372093 0.82584375 0.5737281255813953 0.824335415625 0.5836281255813953 0.819810415625
0 0.642125 0.804725 0.6415593744186047 0.7892645843749999 0.6245890627906977 0.793789584375 0.6101656255813953 0.791527084375 0.6107312511627907 0.8073666656249999 0.6226093744186046 0.8081208343749999 0.6327921883720931 0.80774375 0.642125 0.804725
0 0.6423171883720931 0.77336875 0.6310031255813954 0.7771416656250001 0.6095093744186046 0.7726145843750001 0.6100749999999999 0.7877 0.628175 0.7877 0.6420343744186046 0.78656875 0.6423171883720931 0.77336875
0 0.7053390627906977 0.77870625 0.7047734372093023 0.763620834375 0.6909156255813954 0.7689 0.6711171883720931 0.7726729156250001 0.6714 0.78549375 0.6827140627906977 0.785116665625 0.6906328116279069 0.783608334375 0.7053390627906977 0.77870625
0 0.707367188372093 0.8025916656250001 0.7053875 0.7852458343750001 0.6949234372093023 0.7927875 0.6844593744186046 0.79391875 0.6734281255813953 0.794295834375 0.6745593744186047 0.812775 0.6889843744186047 0.812397915625 0.6974687511627907 0.810135415625 0.707367188372093 0.8025916656250001
2 0.7048218744186046 0.8394833343749999 0.7147218744186046 0.8345812499999999 0.7144390627906977 0.8266625 0.7141562511627908 0.819497915625 0.700579688372093 0.82553125 0.6720140627906976 0.8289249999999999 0.673145311627907 0.836089584375 0.6768218744186046 0.845895834375 0.6912468744186047 0.8443875000000001 0.7048218744186046 0.8394833343749999
2 0.6504703116279069 0.8382875000000001 0.6507531255813954 0.8247125000000001 0.631804688372093 0.829614584375 0.622470311627907 0.8303687500000001 0.6071984372093023 0.829614584375 0.6097437511627908 0.845077084375 0.628975 0.8446999999999999 0.6417031255813953 0.842060415625 0.6504703116279069 0.8382875000000001
2 0.5906984372093023 0.849852084375 0.5884359372093023 0.8321270843749999 0.5799515627906977 0.8385374999999999 0.5649609372093023 0.844195834375 0.547707811627907 0.843064584375 0.5496875 0.857770834375 0.568920311627907 0.855885415625 0.5816484372093023 0.8539999999999999 0.5906984372093023 0.849852084375
2 0.5114531255813953 0.8551375 0.5117359372093023 0.84080625 0.4975937488372093 0.844579165625 0.48514999999999997 0.845333334375 0.46931093720930234 0.8442020843750001 0.46931093720930234 0.856645834375 0.47185625116279073 0.862302084375 0.4933515627906977 0.861547915625 0.5114531255813953 0.8551375