7 0.40881562558139534 0.7207041656250001 0.42376874883720933 0.7198562500000001 0.4240875 0.70670625 0.40595312558139535 0.708827084375 0.391 0.7084020843750001 0.38050156279069763 0.705008334375 0.37827500000000003 0.710947915625 0.37986562558139536 0.718158334375 0.395454688372093 0.71943125 0.40881562558139534 0.7207041656250001
7 0.518257811627907 0.721977084375 0.5297109372093023 0.7211291656250001 0.5300296883720931 0.70713125 0.51635 0.7079791656250001 0.5061687488372093 0.7084020843750001 0.4867625 0.7028875 0.4854890627906977 0.7079791656250001 0.485807811627907 0.71943125 0.503942188372093 0.721977084375 0.518257811627907 0.721977084375
7 0.6194281255813953 0.70670625 0.6324718744186046 0.709252084375 0.635017188372093 0.7037375 0.6356531255813954 0.69695 0.6165656255813954 0.6948291656250001 0.5933406255813953 0.688889584375 0.5923859372093023 0.692283334375 0.592704688372093 0.705858334375 0.6063843744186046 0.70670625 0.6194281255813953 0.70670625
7 0.7008734372093024 0.704585415625 0.7129624999999999 0.7028875 0.7132812511627907 0.696102084375 0.7132812511627907 0.6867687499999999 0.6999187488372093 0.688466665625 0.6891015627906977 0.691010415625 0.6690593744186046 0.691010415625 0.6690593744186046 0.695677084375 0.6712859372093024 0.7037375 0.6865562511627906 0.7037375 0.7008734372093024 0.704585415625
8 0.7081906255813953 0.7168875 0.6919656255813953 0.718583334375 0.676057811627907 0.7164625 0.6747859372093024 0.731733334375 0.6887843744186046 0.73343125 0.7078734372093024 0.7330062500000001 0.7081906255813953 0.7168875
8 0.6283359372093024 0.736822915625 0.6283359372093024 0.7207041656250001 0.5965218744186047 0.718158334375 0.5965218744186047 0.73343125 0.6111562511627907 0.7342791656250001 0.6207015627906978 0.735552084375 0.6283359372093024 0.736822915625
8 0.525575 0.73343125 0.49153437441860465 0.7330062500000001 0.49057968837209304 0.7474291656250001 0.5045781255813954 0.750397915625 0.5246218744186046 0.7512458343749999 0.525575 0.73343125
8 0.41836093720930234 0.7347020843750001 0.3846375 0.73343125 0.3846375 0.749972915625 0.39959062558139535 0.750397915625 0.41772499999999996 0.750397915625 0.41836093720930234 0.7347020843750001
0 0.38495625116279064 0.755064584375 0.38495625116279064 0.770335415625 0.4170875 0.7711833343750001 0.41740624883720934 0.757608334375 0.38495625116279064 0.755064584375
0 0.398317188372093 0.778395834375 0.3840015627906977 0.776272915625 0.3846375 0.793666665625 0.41740624883720934 0.794089584375 0.41677031162790695 0.778395834375 0.398317188372093 0.778395834375
0 0.5249390627906977 0.7724562500000001 0.5249390627906977 0.756760415625 0.5134859372093024 0.758033334375 0.5106234372093024 0.760579165625 0.5042593744186047 0.761852084375 0.4908984372093023 0.756760415625 0.49153437441860465 0.770758334375 0.499170311627907 0.77288125 0.50935 0.774577084375 0.5249390627906977 0.7724562500000001
0 0.5173031255813954 0.7987562500000001 0.5246218744186046 0.7970583343750001 0.5239843744186047 0.77924375 0.5112593744186047 0.7822125 0.4998062488372093 0.781364584375 0.4908984372093023 0.776697915625 0.49153437441860465 0.7949375 0.49821562558139537 0.800452084375 0.5071234372093023 0.8008770843749999 0.5173031255813954 0.7987562500000001
0 0.6178374999999999 0.75973125 0.6277 0.760579165625 0.6286546883720929 0.7474291656250001 0.6178374999999999 0.748277084375 0.608929688372093 0.7461562500000001 0.595567188372093 0.740216665625 0.595567188372093 0.753366665625 0.601929688372093 0.7559125 0.6076562511627908 0.758033334375 0.6178374999999999 0.75973125
0 0.6267453116279069 0.765245834375 0.6140203116279069 0.766516665625 0.6060656255813954 0.7643958343749999 0.5949312488372093 0.761002084375 0.5949312488372093 0.776697915625 0.6121109372093023 0.778395834375 0.6267453116279069 0.7817875 0.6267453116279069 0.765245834375
0 0.7069187488372093 0.75294375 0.707554688372093 0.737247915625 0.6967375 0.7385208343749999 0.689420311627907 0.73936875 0.6738312488372092 0.73979375 0.6738312488372092 0.753791665625 0.6849656255813953 0.753791665625 0.6961015627906977 0.753791665625 0.7069187488372093 0.75294375
0 0.7072359372093023 0.77881875 0.7078734372093024 0.757185415625 0.6970562488372094 0.761852084375 0.6932375000000001 0.761852084375 0.6817843744186046 0.761427084375 0.6728765627906977 0.760154165625 0.6728765627906977 0.778395834375 0.6865562511627906 0.783908334375 0.6973734372093023 0.781364584375 0.7072359372093023 0.77881875
2 0.700554688372093 0.81190625 0.7107359372093023 0.810208334375 0.7107359372093023 0.793666665625 0.692282811627907 0.7966354156250001 0.681467188372093 0.7966354156250001 0.6677859372093022 0.793241665625 0.66715 0.800029165625 0.6684234372093023 0.81190625 0.6865562511627906 0.813179165625 0.700554688372093 0.81190625
2 0.6175187488372093 0.8157229156250001 0.6289734372093023 0.8157229156250001 0.6305640627906977 0.802572915625 0.6146562511627907 0.802572915625 0.5888859372093024 0.794514584375 0.5876140627906977 0.800029165625 0.5879312511627907 0.8114812499999999 0.6032031255813953 0.814027084375 0.6175187488372093 0.8157229156250001
2 0.5208031255813954 0.8297229156249999 0.528120311627907 0.829297915625 0.5300296883720931 0.8127541656249999 0.516667188372093 0.813602084375 0.5064875 0.816572915625 0.5004421883720931 0.816572915625 0.4854890627906977 0.8114812499999999 0.4848531255813953 0.819116665625 0.4877156255813953 0.829297915625 0.5052140627906977 0.829297915625 0.5208031255813954 0.8297229156249999
2 0.41295156279069767 0.829297915625 0.42186093720930234 0.828872915625 0.4224968744186046 0.8157229156250001 0.40181718837209307 0.816147915625 0.3789109372093023 0.811058334375 0.377320311627907 0.8157229156250001 0.3785921883720931 0.828025 0.3957718744186046 0.829297915625 0.41295156279069767 0.829297915625