7 0.7751703116279071 0.562660415625 0.7770609372093024 0.58030625 0.8197906255813954 0.57274375 0.8175218744186046 0.556610415625 0.7751703116279071 0.562660415625
7 0.7770609372093024 0.5354354156250001 0.777817188372093 0.5495520843749999 0.8114718744186047 0.543502084375 0.8099593744186047 0.532410415625 0.7770609372093024 0.5354354156250001
7 0.7184515627906977 0.564677084375 0.722232811627907 0.576777084375 0.7615578116279069 0.56064375 0.7592890627906977 0.547535415625 0.7184515627906977 0.564677084375
7 0.726392188372093 0.5878687499999999 0.729417188372093 0.6004729156249999 0.763070311627907 0.588877084375 0.7615578116279069 0.577785415625 0.726392188372093 0.5878687499999999
7 0.47871562558139535 0.49913541562499997 0.476825 0.514260415625 0.5199312488372093 0.5147645843750001 0.5191749999999999 0.5011520843749999 0.47871562558139535 0.49913541562499997
7 0.48174062558139535 0.473420834375 0.482875 0.4875375 0.5172843744186046 0.48652916562500004 0.5172843744186046 0.473420834375 0.48174062558139535 0.473420834375
2 0.5214156255813953 0.384566665625 0.501542188372093 0.38421875 0.4827140627906977 0.383870834375 0.48114531162790697 0.395027084375 0.5041562511627906 0.394679165625 0.524292188372093 0.395027084375 0.5214156255813953 0.384566665625
3 0.4840218744186046 0.42396666562499996 0.4832375 0.436516665625 0.5190609372093024 0.43721458437500005 0.5188 0.42501249999999996 0.4840218744186046 0.42396666562499996
0 0.4832375 0.448022915625 0.4834984372093023 0.46266666562500003 0.517492188372093 0.463364584375 0.517492188372093 0.449766665625 0.4832375 0.448022915625
0 0.7326999999999999 0.610495834375 0.7353156255813954 0.623397915625 0.766695311627907 0.611891665625 0.764079688372093 0.5969 0.7326999999999999 0.610495834375
0 0.7755859372093024 0.5114791656250001 0.7763703116279069 0.525772915625 0.8080109372093023 0.5212416656250001 0.8080109372093023 0.5059 0.7755859372093024 0.5114791656250001
3 0.7384531255813954 0.634902084375 0.7395 0.645710415625 0.7708781255813953 0.634902084375 0.7693093744186046 0.62235 0.7384531255813954 0.634902084375
3 0.7732312511627907 0.48811875000000005 0.773754688372093 0.500320834375 0.8053953116279069 0.495439584375 0.80435 0.48288958437499996 0.7732312511627907 0.48811875000000005
2 0.782645311627907 0.673604165625 0.7829078116279069 0.667677084375 0.7810765627906977 0.66000625 0.7596343744186047 0.670814584375 0.7405453116279069 0.678135415625 0.741329688372093 0.6830166656250001 0.7462984372093023 0.6872 0.7693093744186046 0.6795312499999999 0.782645311627907 0.673604165625
2 0.8056562488372093 0.45360208437500005 0.8056562488372093 0.448720834375 0.8046109372093023 0.44279375 0.780292188372093 0.44732500000000003 0.7656484372093024 0.44906875 0.7643406255813954 0.45429791562500005 0.7656484372093024 0.46196875000000004 0.7886593744186047 0.45778541562499997 0.8056562488372093 0.45360208437500005