7 0.2679625 0.856710415625 0.27711718837209304 0.8493187499999999 0.2721234372093023 0.83638125 0.2624140627906977 0.84414375 0.2538140627906977 0.8493187499999999 0.24104062558139536 0.851410415625 0.2416062488372093 0.858929165625 0.241329688372093 0.866320834375 0.25880781162790695 0.861145834375 0.2679625 0.856710415625
7 0.2735109372093023 0.884064584375 0.284607811627907 0.87593125 0.284329688372093 0.866320834375 0.28349843720930235 0.860408334375 0.2715687511627907 0.8703875 0.2601937511627907 0.87593125 0.24164999999999998 0.8802916656249999 0.24271562558139534 0.8885 0.24493593720930232 0.89404375 0.257420311627907 0.8910875 0.2735109372093023 0.884064584375
7 0.38472656279069767 0.680079165625 0.379732811627907 0.6700999999999999 0.3700234372093023 0.6786 0.3628093744186046 0.6882125 0.3490375 0.697654165625 0.353654688372093 0.700039584375 0.35698437441860464 0.705585415625 0.37196406279069766 0.694125 0.38472656279069767 0.680079165625
7 0.3705781255813953 0.6604895843749999 0.3764031255813953 0.652727084375 0.37113281162790696 0.642745834375 0.3603125 0.6538354156249999 0.352545311627907 0.6638145843750001 0.33561406279069766 0.6756875 0.3370093744186046 0.681558334375 0.3414484372093023 0.687102084375 0.359757811627907 0.6704687500000001 0.3705781255813953 0.6604895843749999
7 0.4906312511627907 0.665322915625 0.48535937441860466 0.65534375 0.4742625 0.670866665625 0.4531781255813953 0.695633334375 0.4603906255813954 0.704875 0.472875 0.69230625 0.48452812558139535 0.6764125 0.4906312511627907 0.665322915625
7 0.4742625 0.64758125 0.4667718744186046 0.639447915625 0.45706250000000004 0.654604165625 0.443 0.6695875 0.4473515627906977 0.67678125 0.450404688372093 0.6812166656249999 0.4645531255813954 0.66125625 0.4742625 0.64758125
0 0.268357811627907 0.815229165625 0.23620312558139536 0.828766665625 0.23862187441860463 0.843272915625 0.25844531162790696 0.836504165625 0.271742188372093 0.828445834375 0.268357811627907 0.815229165625
0 0.38899843720930233 0.689189584375 0.36095312558139536 0.7152999999999999 0.36651406279069765 0.7256145843749999 0.37908593720930234 0.715620834375 0.39504218837209304 0.6998270843750001 0.38899843720930233 0.689189584375
0 0.45645 0.6224624999999999 0.4458125 0.636322915625 0.43179062558139536 0.653085415625 0.4395265627906977 0.663722915625 0.4491968744186046 0.6501833343750001 0.46322031162790694 0.6318104156250001 0.45645 0.6224624999999999
3 0.4450875 0.6066666656249999 0.41970312558139533 0.6369687500000001 0.426229688372093 0.645027084375 0.43686718837209304 0.6331 0.45089062558139537 0.61408125 0.4450875 0.6066666656249999
2 0.43372499999999997 0.577654165625 0.42598906279069765 0.570241665625 0.41462499999999997 0.5889375 0.39818593720930234 0.6082791656250001 0.39939374883720935 0.614402084375 0.40302031162790697 0.618916665625 0.41897656279069767 0.599575 0.43372499999999997 0.577654165625
3 0.37086562558139535 0.734639584375 0.37545937441860466 0.7468895843750001 0.403504688372093 0.7188458343749999 0.3979437511627907 0.7088520843749999 0.37086562558139535 0.734639584375
3 0.26449062558139536 0.8052354156250001 0.2606218744186047 0.79201875 0.24756718837209302 0.79975625 0.22991718837209302 0.806525 0.23088437441860465 0.8187749999999999 0.246357811627907 0.81555 0.2586875 0.809427084375 0.26449062558139536 0.8052354156250001
2 0.2509515627906977 0.7684875 0.2623140627906977 0.7623624999999999 0.2579625 0.751725 0.23789531162790697 0.762039584375 0.21879687441860465 0.769454165625 0.2190375 0.77686875 0.2190375 0.78138125 0.2359625 0.777191665625 0.2509515627906977 0.7684875
2 0.422845311627907 0.74946875 0.4170437488372093 0.738508334375 0.403745311627907 0.7562375 0.3841625 0.7726770843749999 0.38537187441860465 0.7775125 0.3899656255813953 0.77976875 0.4085812511627907 0.7659083343749999 0.422845311627907 0.74946875