7 0.43946406279069766 0.5807562500000001 0.424832811627907 0.578622915625 0.40608906279069773 0.5731375 0.4028890627906977 0.588375 0.413632811627907 0.59203125 0.43946406279069766 0.594164584375 0.43946406279069766 0.5807562500000001
7 0.4419781255813953 0.6100104156249999 0.42689062558139534 0.606964584375 0.40723124883720935 0.6036125 0.3975875 0.60099375 0.3976312488372093 0.6142770843750001 0.41317499999999996 0.619458334375 0.44175 0.621895834375 0.4419781255813953 0.6100104156249999
7 0.5672468744186047 0.46525625000000004 0.5523875 0.46738958437499994 0.531357811627907 0.470741665625 0.5251859372093023 0.47165625 0.5261 0.4881125 0.5475875 0.482322915625 0.5693031255813953 0.47653125 0.5672468744186047 0.46525625000000004
7 0.5665609372093023 0.494816665625 0.5539875000000001 0.49573124999999996 0.5316234372093023 0.498489584375 0.534329688372093 0.5121875 0.5501015627906977 0.5100541656249999 0.5683890627906977 0.507310415625 0.5665609372093023 0.494816665625
7 0.7076859372093024 0.317010415625 0.689170311627907 0.324933334375 0.6761406255813954 0.331333334375 0.6777406255813954 0.34565625 0.6877984372093023 0.34078125 0.7122578116279069 0.330114584375 0.7076859372093024 0.317010415625
7 0.7209437488372092 0.35449375 0.7172875 0.3444375 0.7015140627906977 0.349922915625 0.6861984372093024 0.35693333437499997 0.6748031255813953 0.35978750000000004 0.678882811627907 0.372475 0.6928281255813953 0.369427084375 0.7081437488372092 0.362722915625 0.7209437488372092 0.35449375
2 0.44870468837209304 0.4941 0.4104125 0.48833541562500005 0.410720311627907 0.49904166562499996 0.44716093720930233 0.50480625 0.44870468837209304 0.4941
2 0.5790234372093023 0.57974375 0.5376437511627907 0.588391665625 0.542275 0.599920834375 0.5787156255813953 0.5912729156250001 0.5790234372093023 0.57974375
3 0.44160156279069773 0.543510415625 0.44129375116279074 0.533216665625 0.4101031255813954 0.527864584375 0.4088687488372093 0.540629165625 0.4261609372093023 0.545158334375 0.44160156279069773 0.543510415625
3 0.5716125 0.551333334375 0.5691421883720931 0.541452084375 0.5401140627906976 0.5472166656249999 0.539495311627907 0.558745834375 0.557407811627907 0.5558625 0.5716125 0.551333334375
0 0.4394406255813954 0.557097915625 0.40794218837209306 0.55256875 0.4085593744186047 0.565745834375 0.43975000000000003 0.5682145843749999 0.4394406255813954 0.557097915625
0 0.566979688372093 0.516745834375 0.5348640627906976 0.5212749999999999 0.5379515627906977 0.5356875 0.5691421883720931 0.530745834375 0.566979688372093 0.516745834375
2 0.6914312511627906 0.23263958437499999 0.6565359372093024 0.247872915625 0.6574625 0.259814584375 0.6948281255813954 0.24416875 0.6914312511627906 0.23263958437499999
3 0.697607811627907 0.273814584375 0.6673437488372093 0.28534375 0.6698156255813953 0.29769583437499997 0.6997703116279069 0.28451875000000004 0.697607811627907 0.273814584375
0 0.7016218744186047 0.293989584375 0.671667188372093 0.307577084375 0.6732125 0.323225 0.7056375 0.30963541562499997 0.7016218744186047 0.293989584375