7 0.3838109372093023 0.50455625 0.3824343744186046 0.52015625 0.4268234372093023 0.52153125 0.42716718837209305 0.50776875 0.3838109372093023 0.50455625
7 0.533342188372093 0.507879165625 0.5102859372093024 0.50925625 0.4896406255813953 0.5046666656250001 0.48929531162790696 0.521185415625 0.510975 0.522560415625 0.5323093744186047 0.522560415625 0.533342188372093 0.507879165625
7 0.5963687488372093 0.49119583437500003 0.5956796883720931 0.505877084375 0.6373171883720931 0.51000625 0.638004688372093 0.496702084375 0.5963687488372093 0.49119583437500003
7 0.7173265627906977 0.503864584375 0.717670311627907 0.48872499999999997 0.6939265627906976 0.49056041562499997 0.6722484372093023 0.489183334375 0.6722484372093023 0.49560624999999997 0.6739687488372093 0.504783334375 0.7032187511627908 0.503864584375 0.7173265627906977 0.503864584375
8 0.6801468744186047 0.518170834375 0.6791140627906976 0.53376875 0.713179688372093 0.53376875 0.713179688372093 0.520464584375 0.6801468744186047 0.518170834375
8 0.6011265627906976 0.51941875 0.5994062488372093 0.5341 0.6310640627906977 0.535935415625 0.6317515627906977 0.522172915625 0.6011265627906976 0.51941875
8 0.5288812488372093 0.536164584375 0.49584687441860464 0.534789584375 0.49584687441860464 0.5503875 0.5092671883720931 0.551764584375 0.5288812488372093 0.551764584375 0.5288812488372093 0.536164584375
8 0.389482811627907 0.53518125 0.388795311627907 0.5498624999999999 0.42045312558139536 0.551239584375 0.42148437441860465 0.5361 0.389482811627907 0.53518125
0 0.38915 0.555835415625 0.3898375 0.5696 0.420807811627907 0.57189375 0.421495311627907 0.559047915625 0.38915 0.555835415625
0 0.42207343720930235 0.577872915625 0.40417968837209306 0.577872915625 0.38869531162790694 0.575579165625 0.38835 0.59255625 0.4055562488372093 0.59485 0.42138437441860466 0.5953083343750001 0.42207343720930235 0.577872915625
0 0.5293468744186046 0.573264584375 0.529692188372093 0.55858125 0.5159265627906977 0.5595 0.49528125116279065 0.559041665625 0.49493750000000003 0.571429165625 0.502507811627907 0.5755583343749999 0.512142188372093 0.576016665625 0.5293468744186046 0.573264584375
0 0.5286812488372092 0.598533334375 0.5286812488372092 0.580639584375 0.5152609372093023 0.58339375 0.5076906255813953 0.5811 0.49530312558139533 0.578345834375 0.4949593744186046 0.597616665625 0.5094109372093023 0.60036875 0.5197343744186047 0.5989916656250001 0.5286812488372092 0.598533334375
0 0.6321890627906976 0.547664584375 0.6177374999999999 0.548122915625 0.6005312488372093 0.539864584375 0.599154688372093 0.5540875 0.6132640627906977 0.555922915625 0.6311562488372092 0.558216665625 0.6321890627906976 0.547664584375
0 0.6300687511627906 0.565727084375 0.610454688372093 0.56526875 0.5987562511627907 0.5615979156249999 0.5984109372093024 0.577197915625 0.615617188372093 0.57765625 0.629725 0.5831625 0.6300687511627906 0.565727084375
0 0.7114218744186046 0.5383 0.6783874999999999 0.539675 0.6780437488372093 0.554358334375 0.6894 0.554358334375 0.7103906255813953 0.553897915625 0.7114218744186046 0.5383
0 0.7114593744186046 0.580891665625 0.7118031255813952 0.5602437499999999 0.7038890627906977 0.562997915625 0.6928765627906976 0.564372915625 0.685995311627907 0.562997915625 0.6784250000000001 0.5602437499999999 0.677392188372093 0.579972915625 0.6890921883720931 0.5850208343750001 0.7001031255813954 0.584560415625 0.7114593744186046 0.580891665625
2 0.701032811627907 0.61281875 0.7147968744186047 0.610066665625 0.7147968744186047 0.594925 0.7017218744186047 0.596302084375 0.6900218744186046 0.596760415625 0.6707515627906977 0.593089584375 0.671095311627907 0.601347915625 0.6728156255813954 0.611441665625 0.6900218744186046 0.61281875 0.701032811627907 0.61281875
2 0.6161562488372093 0.615360415625 0.6326734372093024 0.6158187500000001 0.6337062511627908 0.6015958343750001 0.6099625000000001 0.600220834375 0.5917250000000001 0.5956312500000001 0.5917250000000001 0.6011375 0.5917250000000001 0.6107729156249999 0.6027359372093023 0.613525 0.6161562488372093 0.615360415625
2 0.5353406255813954 0.624339584375 0.534307811627907 0.613785415625 0.5191671883720931 0.615620834375 0.5050593744186047 0.616539584375 0.49095 0.61195 0.49129531162790696 0.62755 0.509532811627907 0.6307625 0.5329312511627907 0.62984375 0.5353406255813954 0.624339584375
2 0.4269156255813954 0.629810415625 0.4258828116279069 0.6155875 0.4066140627906977 0.614670834375 0.3849343744186047 0.612377084375 0.383557811627907 0.620635415625 0.383557811627907 0.630729165625 0.411775 0.631645834375 0.4269156255813954 0.629810415625