2 0.4374265627906977 0.71213125 0.4374265627906977 0.72540625 0.4785359372093023 0.72711875 0.4785359372093023 0.71384375 0.4374265627906977 0.71213125
2 0.5109734372093023 0.735254165625 0.5116156255813954 0.747672915625 0.5530468744186047 0.745960415625 0.5530468744186047 0.733541665625 0.5109734372093023 0.735254165625
2 0.5874109372093024 0.737395834375 0.5870906255813954 0.747672915625 0.629804688372093 0.744675 0.6301265627906977 0.7331125000000001 0.5874109372093024 0.737395834375
2 0.32020156279069767 0.700995834375 0.32020156279069767 0.7164125 0.3645218744186046 0.7129875 0.36355937441860464 0.700139584375 0.32020156279069767 0.700995834375
0 0.325982811627907 0.736966665625 0.32694687441860465 0.7510979156250001 0.36002656279069767 0.749385415625 0.36002656279069767 0.736966665625 0.325982811627907 0.736966665625
0 0.32758906279069766 0.760947915625 0.32951562558139535 0.775079165625 0.36163281162790695 0.77036875 0.3609890627906977 0.759235415625 0.32758906279069766 0.760947915625
0 0.3291937511627907 0.782358334375 0.3285515627906977 0.797345834375 0.36195312558139536 0.7939208343749999 0.36195312558139536 0.778933334375 0.3291937511627907 0.782358334375
0 0.440317188372093 0.7926354156250001 0.439675 0.8059104156249999 0.471470311627907 0.8076229156249999 0.4721125 0.7939208343749999 0.440317188372093 0.7926354156250001
0 0.4409593744186046 0.770795834375 0.44128125116279066 0.785785415625 0.47307656279069765 0.7862125 0.4733968744186046 0.773366665625 0.4409593744186046 0.770795834375
0 0.442245311627907 0.7481 0.44192343720930227 0.762660415625 0.47307656279069765 0.7639458343750001 0.47404062558139537 0.7489583343749999 0.442245311627907 0.7481
0 0.5164343744186046 0.769083334375 0.5177187488372094 0.78364375 0.5507984372093023 0.781075 0.5504765627906977 0.766085415625 0.5164343744186046 0.769083334375
0 0.5170765627906977 0.7926354156250001 0.5180390627906977 0.8041979156249999 0.5507984372093023 0.8024854156250001 0.5504765627906977 0.7913520843749999 0.5170765627906977 0.7926354156250001
0 0.5186812511627907 0.811477084375 0.5186812511627907 0.82775 0.5507984372093023 0.8247520843749999 0.5517625 0.810620834375 0.5186812511627907 0.811477084375
0 0.5951187488372093 0.8144750000000001 0.5957609372093023 0.8273208343749999 0.6269140627906976 0.8273208343749999 0.6265937511627907 0.81105 0.5951187488372093 0.8144750000000001
0 0.5944765627906977 0.7930645843749999 0.5944765627906977 0.805483334375 0.6269140627906976 0.8041979156249999 0.6275562511627908 0.7909229156250001 0.5944765627906977 0.7930645843749999
0 0.5941562511627907 0.769939584375 0.5944765627906977 0.784927084375 0.6265937511627907 0.78193125 0.6259515627906977 0.766941665625 0.5941562511627907 0.769939584375
7 0.3242234372093023 0.814083334375 0.32449843720930227 0.8257958343749999 0.3665015627906977 0.8236000000000001 0.367325 0.8118874999999999 0.3242234372093023 0.814083334375
7 0.43458593720930233 0.8228687499999999 0.4351359372093023 0.837510415625 0.475492188372093 0.8397062500000001 0.47604062558139537 0.826529165625 0.43458593720930233 0.8228687499999999
7 0.5139265627906977 0.8433666656250001 0.5163968744186047 0.8580083343749999 0.555929688372093 0.856910415625 0.555929688372093 0.8444645843749999 0.5139265627906977 0.8433666656250001
7 0.5913453116279069 0.8451979156249999 0.5921687511627907 0.8587395843750001 0.6317015627906977 0.857641665625 0.6319765627906977 0.8455625 0.5913453116279069 0.8451979156249999