2 0.37134687441860464 0.602325 0.37262812558139535 0.59506875 0.3729484372093023 0.5882375 0.35757968837209303 0.5903729156249999 0.3470125 0.589091665625 0.330682811627907 0.583114584375 0.33036249999999995 0.602325 0.3422109372093023 0.6018979156250001 0.35277656279069763 0.602325 0.37134687441860464 0.602325
2 0.43372812558139534 0.6185125 0.44141250000000004 0.61723125 0.45230000000000004 0.6155229156249999 0.4513390627906977 0.60314375 0.4510187511627907 0.5975937499999999 0.4321281255813953 0.602716665625 0.41964062558139537 0.603997915625 0.40971406279069766 0.60314375 0.40907343720930234 0.608266665625 0.4100343744186047 0.618939584375 0.4238031255813953 0.6185125 0.43372812558139534 0.6185125
2 0.5266234372093024 0.6385791656250001 0.5365484372093023 0.635589584375 0.5429531255813953 0.633883334375 0.5429531255813953 0.627052084375 0.5416718744186046 0.618941665625 0.5333468744186046 0.6223562499999999 0.519257811627907 0.624916665625 0.500367188372093 0.6253437500000001 0.5000468744186046 0.6321749999999999 0.5019687511627907 0.642847915625 0.513495311627907 0.642847915625 0.5266234372093024 0.6385791656250001
2 0.6154687511627908 0.64649375 0.6253937488372093 0.6447875 0.6257140627906977 0.637102084375 0.6253937488372093 0.627710415625 0.6109859372093023 0.630697915625 0.5994593744186048 0.632833334375 0.5837703116279069 0.629845834375 0.583129688372093 0.636247915625 0.5840906255813954 0.645641665625 0.6001 0.6473479156249999 0.6154687511627908 0.64649375
0 0.36808281162790696 0.619622915625 0.348917188372093 0.618533334375 0.3344625 0.6170604156249999 0.3331812488372093 0.63541875 0.34534843720930236 0.63541875 0.36648125116279073 0.63840625 0.36808281162790696 0.619622915625
0 0.3317 0.643745834375 0.3308937488372093 0.6573562500000001 0.36461718837209306 0.6586291656250001 0.365 0.645027084375 0.3317 0.643745834375
0 0.4475484372093023 0.650379165625 0.446267188372093 0.631595834375 0.43217968837209303 0.6388520843750001 0.4228937511627907 0.639279165625 0.4142484372093023 0.6358645843749999 0.41392812558139536 0.651233334375 0.42929687441860465 0.652941665625 0.440504688372093 0.653795834375 0.4475484372093023 0.650379165625
0 0.44880156279069766 0.6728 0.447842188372093 0.65785625 0.4363140627906977 0.662554165625 0.42735 0.6646875 0.41486249999999997 0.661272915625 0.41358125116279065 0.673654165625 0.4238281255813953 0.6774958343749999 0.435354688372093 0.676214584375 0.44880156279069766 0.6728
0 0.5405171883720931 0.6541 0.5264281255813953 0.65580625 0.5059359372093024 0.656233334375 0.507857811627907 0.6754458343749999 0.5264281255813953 0.67501875 0.5417984372093023 0.668614584375 0.5405171883720931 0.6541
0 0.5405468744186047 0.67664375 0.532542188372093 0.678779165625 0.5190937511627908 0.682620834375 0.507567188372093 0.6821937499999999 0.5085281255813954 0.694147915625 0.5270984372093024 0.693720834375 0.5411874999999999 0.689025 0.5405468744186047 0.67664375
0 0.5876718744186047 0.6649499999999999 0.5883125 0.6816 0.6206515627906977 0.6816 0.6206515627906977 0.667083334375 0.5876718744186047 0.6649499999999999
0 0.588092188372093 0.687483334375 0.5884125 0.699864584375 0.6213906255813954 0.6994374999999999 0.6207515627906978 0.68705625 0.588092188372093 0.687483334375
8 0.6216906255813954 0.7225937499999999 0.6209390627906978 0.708970834375 0.612404688372093 0.711066665625 0.6018390627906977 0.7097875 0.5883906255813953 0.7097875 0.5883906255813953 0.724302084375 0.5995984372093024 0.7251562500000001 0.6104843744186047 0.726010415625 0.6216906255813954 0.7225937499999999
8 0.5461859372093023 0.71149375 0.5429843744186047 0.69740625 0.5349796883720931 0.69996875 0.5247343744186047 0.702529165625 0.5109656255813954 0.703383334375 0.5109656255813954 0.7204604156250001 0.525375 0.7208875 0.5337000000000001 0.7178979156249999 0.5461859372093023 0.71149375
8 0.447442188372093 0.678539584375 0.43975781162790695 0.679820834375 0.431432811627907 0.684089584375 0.41542343720930236 0.681527084375 0.41542343720930236 0.696470834375 0.42855 0.697325 0.4471218744186046 0.695616665625 0.447442188372093 0.678539584375
8 0.36519218837209305 0.682154165625 0.365832811627907 0.6672125 0.35462656279069765 0.6667854156249999 0.33285312558139535 0.66336875 0.33157187441860464 0.6795916656250001 0.3405375 0.6817270843750001 0.35238437441860465 0.6825812499999999 0.36519218837209305 0.682154165625
7 0.35067031162790696 0.71026875 0.3698812488372093 0.71026875 0.3711625 0.704291665625 0.3711625 0.694470834375 0.3461875 0.694897915625 0.32537499999999997 0.689775 0.32601562558139535 0.695752084375 0.325054688372093 0.7064250000000001 0.3378625 0.7085604156249999 0.35067031162790696 0.71026875
7 0.45540781162790694 0.7203625 0.4550875 0.704139584375 0.44067968837209304 0.711397915625 0.424670311627907 0.713104165625 0.41122187441860464 0.710116665625 0.4105812488372093 0.725058334375 0.4285125 0.7276208343749999 0.44132031162790697 0.7259125 0.45540781162790694 0.7203625
7 0.5332406255813953 0.746589584375 0.54925 0.741039584375 0.5498890627906976 0.726525 0.5390031255813953 0.731220834375 0.5236343744186046 0.734208334375 0.5073046883720931 0.73378125 0.5063437488372093 0.740185415625 0.5066640627906976 0.74744375 0.5220328116279069 0.747870834375 0.5332406255813953 0.746589584375
7 0.6156718744186046 0.754052084375 0.6275187511627907 0.7497812500000001 0.6271984372093024 0.7369749999999999 0.612470311627907 0.7399625000000001 0.5964609372093024 0.7399625000000001 0.5830125 0.737829165625 0.583332811627907 0.7429520843749999 0.5836531255813954 0.753197915625 0.6022234372093023 0.75490625 0.6156718744186046 0.754052084375