7 0.43648750000000003 0.667275 0.4333281255813954 0.654179165625 0.41788125116279073 0.660727084375 0.4011109372093023 0.665041665625 0.40138281162790695 0.677095834375 0.40980781162790697 0.676629165625 0.42490312558139537 0.6728875000000001 0.43648750000000003 0.667275
7 0.4449109372093023 0.6920625 0.443507811627907 0.680370834375 0.432625 0.6841125 0.41893437441860465 0.690660415625 0.40149687441860465 0.69335 0.4024359372093023 0.705627084375 0.4147234372093023 0.705627084375 0.43402968837209305 0.6986104156249999 0.4449109372093023 0.6920625
7 0.5042781255813954 0.50839375 0.5042781255813954 0.50278125 0.5011187511627907 0.49810416562500004 0.4821640627906977 0.511666665625 0.46403125116279065 0.5229874999999999 0.4646109372093023 0.528504165625 0.46847343720930235 0.535052084375 0.48707812558139535 0.522891665625 0.5042781255813954 0.50839375
7 0.4958531255813954 0.5313104156249999 0.4759984372093023 0.547177084375 0.4811109372093023 0.5570354156249999 0.5109484372093024 0.5359875 0.5063843744186046 0.52523125 0.4958531255813954 0.5313104156249999
7 0.5891312488372094 0.5183500000000001 0.5759765627906978 0.530708334375 0.5817609372093023 0.541735415625 0.6084390627906977 0.515077084375 0.6024718744186046 0.505254165625 0.5891312488372094 0.5183500000000001
7 0.6200234372093023 0.528639584375 0.6172140627906977 0.523027084375 0.6024718744186046 0.54126875 0.5933437488372093 0.550154165625 0.5833109372093023 0.559529165625 0.5898343744186046 0.568395834375 0.6073859372093023 0.551558334375 0.622129688372093 0.5351874999999999 0.6200234372093023 0.528639584375
2 0.42099218837209307 0.568635415625 0.3834343744186046 0.579879165625 0.38384999999999997 0.591302084375 0.4224312488372093 0.580545834375 0.42099218837209307 0.568635415625
2 0.5387531255813954 0.601675 0.5016109372093023 0.6293354156250001 0.5099609372093022 0.636635415625 0.5390406255813953 0.614354165625 0.5387531255813954 0.601675
2 0.566970311627907 0.431485415625 0.5373140627906977 0.4629875 0.541920311627907 0.472208334375 0.573879688372093 0.43916875 0.566970311627907 0.431485415625
3 0.42387187441860463 0.607822915625 0.39363906279069766 0.618579165625 0.3947906255813954 0.630489584375 0.42646249999999997 0.62126875 0.42387187441860463 0.607822915625
3 0.5200390627906977 0.56633125 0.4921437488372093 0.589 0.4958531255813954 0.600522915625 0.5249328116279071 0.580929165625 0.5200390627906977 0.56633125
3 0.582229688372093 0.46798124999999996 0.5583781255813953 0.49396874999999996 0.5629390627906976 0.501789584375 0.5868375 0.47873958437499997 0.582229688372093 0.46798124999999996
0 0.5119765627906977 0.5467375 0.4845843744186047 0.565002084375 0.490382811627907 0.579008334375 0.5168718744186047 0.5582625 0.5119765627906977 0.5467375
0 0.5920187488372093 0.48411666562500005 0.565217188372093 0.509327084375 0.5721531255813954 0.52445625 0.598929688372093 0.49833125 0.5920187488372093 0.48411666562500005
0 0.42819062558139537 0.630872915625 0.3963937511627907 0.642272915625 0.3999734372093023 0.656997915625 0.42991875116279066 0.6462395843750001 0.42819062558139537 0.630872915625