2 0.2975156255813953 0.614972915625 0.2985140627906977 0.59700625 0.284917188372093 0.59918125 0.27050312558139533 0.60099375 0.25473124883720927 0.60063125 0.25391406279069767 0.616585415625 0.2751265627906977 0.6173124999999999 0.28382968837209305 0.615860415625 0.2975156255813953 0.614972915625
2 0.39511406279069766 0.625345834375 0.39511406279069766 0.607577084375 0.38722656279069767 0.610841665625 0.3798843744186046 0.6170041656249999 0.37498906279069766 0.62063125 0.3654718744186047 0.62099375 0.3518734372093023 0.61881875 0.35350468837209303 0.633322915625 0.3690062488372093 0.633322915625 0.3850515627906977 0.630420834375 0.39511406279069766 0.625345834375
2 0.507525 0.614725 0.48848906279069765 0.6187125 0.4645562488372093 0.6172625 0.4653718744186046 0.632129165625 0.4874 0.63394375 0.5069812511627907 0.629229165625 0.507525 0.614725
2 0.6048875 0.630202084375 0.6051609372093023 0.622225 0.6046156255813954 0.612435415625 0.5921062488372093 0.6164229156250001 0.5790531255813953 0.6186 0.5627359372093023 0.617510415625 0.5635515627906976 0.6258520843750001 0.5649109372093023 0.636004165625 0.5839484372093023 0.634191665625 0.6048875 0.630202084375
0 0.6005187488372093 0.598016665625 0.6005187488372093 0.577710415625 0.5937187511627907 0.579885415625 0.5855609372093024 0.5831500000000001 0.5795781255813953 0.583875 0.565707811627907 0.5827875 0.5662515627906977 0.604179165625 0.5803937488372093 0.60563125 0.5907281255813953 0.604179165625 0.6005187488372093 0.598016665625
0 0.5994359372093023 0.5725979156250001 0.5990781255813953 0.558283334375 0.5890109372093023 0.560804165625 0.578404688372093 0.5618916656249999 0.566870311627907 0.56353125 0.5661656255813954 0.5753083343750001 0.5767718744186047 0.575670834375 0.5898265627906977 0.573133334375 0.5994359372093023 0.5725979156250001
0 0.5008906255813954 0.5710416656249999 0.5011625 0.557625 0.492732811627907 0.561614584375 0.483757811627907 0.564514584375 0.4674406255813954 0.560889584375 0.46689687441860467 0.57430625 0.48185468837209305 0.57503125 0.4905562511627907 0.57430625 0.5008906255813954 0.5710416656249999
0 0.501225 0.579133334375 0.495242188372093 0.582397915625 0.4854515627906977 0.583122915625 0.47593281162790696 0.583122915625 0.46804687441860465 0.579858334375 0.46804687441860465 0.596539584375 0.48490781162790697 0.5958125 0.5020406255813953 0.5947250000000001 0.501225 0.579133334375
0 0.3866484372093023 0.59418125 0.3855609372093023 0.5749625 0.37849062558139535 0.581127084375 0.3684281255813953 0.5851145843750001 0.35319843720930233 0.582939584375 0.35374218837209304 0.59925625 0.3632609372093023 0.59998125 0.3744109372093023 0.59853125 0.3866484372093023 0.59418125
0 0.29148281162790696 0.578858334375 0.29219843720930233 0.562633334375 0.27859843720930233 0.564066665625 0.2700093744186047 0.564066665625 0.25927343720930235 0.5635875 0.25815781162790696 0.578875 0.270667188372093 0.579964584375 0.2812734372093023 0.5792375 0.29148281162790696 0.578858334375
0 0.38629843720930235 0.569110415625 0.38521093720930233 0.55496875 0.373245311627907 0.557870834375 0.363182811627907 0.563308334375 0.35176093720930235 0.563308334375 0.3528484372093023 0.5763625 0.363182811627907 0.5770875 0.373245311627907 0.5756375 0.38629843720930235 0.569110415625
0 0.2581234372093023 0.542952084375 0.258667188372093 0.55600625 0.293204688372093 0.55564375 0.29347656279069767 0.542589584375 0.2581234372093023 0.542952084375
8 0.29187968837209305 0.533883334375 0.29160781162790694 0.519741665625 0.28045781162790695 0.5215562499999999 0.25815781162790696 0.520466665625 0.25870156279069767 0.536422915625 0.2739312488372093 0.536060415625 0.2850812488372093 0.535697915625 0.29187968837209305 0.533883334375
8 0.383070311627907 0.5489124999999999 0.38225468837209303 0.5329583343750001 0.376270311627907 0.535133334375 0.37055937441860465 0.538035415625 0.364304688372093 0.5391229156249999 0.34962031162790697 0.539485415625 0.349892188372093 0.554714584375 0.36049843720930236 0.5550770843749999 0.36892812558139537 0.554714584375 0.383070311627907 0.5489124999999999
8 0.4978984372093023 0.550372915625 0.4978984372093023 0.53586875 0.4864765627906977 0.538408334375 0.47423906279069766 0.538770834375 0.46635312558139536 0.537320834375 0.4669890627906977 0.55409375 0.47995 0.55255 0.48674843720930233 0.5521874999999999 0.4978984372093023 0.550372915625
8 0.5981109372093023 0.5522729156249999 0.5981109372093023 0.53704375 0.5888656255813953 0.5392187500000001 0.5820656255813953 0.54030625 0.5654765627906977 0.5399437500000001 0.5657484372093023 0.554810415625 0.576354688372093 0.555897915625 0.586145311627907 0.555897915625 0.5981109372093023 0.5522729156249999
7 0.590225 0.5264416656249999 0.6021906255813952 0.522454165625 0.6011031255813953 0.504685415625 0.5907687511627907 0.5068604156250001 0.5836984372093024 0.510125 0.574179688372093 0.5126625 0.5578625 0.5130250000000001 0.5570468744186047 0.518464584375 0.5592218744186046 0.527891665625 0.579075 0.527891665625 0.590225 0.5264416656249999
7 0.503382811627907 0.5217854156249999 0.5039859372093023 0.5129958343750001 0.502567188372093 0.50909375 0.48495 0.510820834375 0.4754312511627907 0.5119083343749999 0.46014218837209303 0.51163125 0.45993124883720926 0.523875 0.48005468837209303 0.5235125 0.49338125116279075 0.5220625 0.503382811627907 0.5217854156249999
7 0.367904688372093 0.525108334375 0.38259062558139534 0.5182187500000001 0.38313437441860465 0.51133125 0.38259062558139534 0.501902084375 0.3728 0.505891665625 0.3600187511627907 0.51314375 0.35185937441860465 0.51350625 0.3385343744186047 0.510241665625 0.3382625 0.51858125 0.3404375 0.525833334375 0.355395311627907 0.526197915625 0.367904688372093 0.525108334375
7 0.2861875 0.5052375 0.2946187511627907 0.5045124999999999 0.29597812558139536 0.5008874999999999 0.29625 0.490008334375 0.2811984372093023 0.4909625 0.2700484372093023 0.491689584375 0.2527375 0.49146041562500004 0.2521937488372093 0.49834791562499997 0.2527375 0.5059625 0.269504688372093 0.504741665625 0.2861875 0.5052375