2 0.4154640627906977 0.591391665625 0.43069375116279074 0.594614584375 0.432145311627907 0.5807541656249999 0.41135312558139536 0.5797875 0.3891109372093023 0.5704395843750001 0.3881437511627907 0.57591875 0.3869359372093023 0.587202084375 0.404825 0.5888125 0.4154640627906977 0.591391665625
2 0.565979688372093 0.575547915625 0.5463968744186046 0.577158334375 0.522704688372093 0.576835415625 0.5231875 0.5926312499999999 0.542770311627907 0.5929541656249999 0.5667046883720931 0.5916645843749999 0.565979688372093 0.575547915625
2 0.7119312511627908 0.60488125 0.7119312511627908 0.5887625 0.6904140627906976 0.58973125 0.6684140627906977 0.585539584375 0.6681718744186046 0.602302084375 0.6846125 0.604558334375 0.695007811627907 0.604235415625 0.7119312511627908 0.60488125
2 0.8092593744186047 0.6042854156249999 0.82425 0.6042854156249999 0.8244906255813954 0.58816875 0.805875 0.588489584375 0.781457811627907 0.5843 0.7804906255813954 0.588489584375 0.7816984372093023 0.601385415625 0.796204688372093 0.6029958343749999 0.8092593744186047 0.6042854156249999
0 0.8178984372093023 0.6391 0.8183812488372093 0.619435415625 0.8075031255813954 0.623627084375 0.7980734372093023 0.6242708343750001 0.7845343744186046 0.619114584375 0.7840515627906978 0.63523125 0.7922718744186046 0.6374875 0.8050843744186047 0.6391 0.8178984372093023 0.6391
0 0.671492188372093 0.6182333343749999 0.671492188372093 0.637252084375 0.7043718744186047 0.6391875 0.704854688372093 0.6250041656249999 0.671492188372093 0.6182333343749999
0 0.6708687511627908 0.643289584375 0.6711109372093023 0.6581187500000001 0.704232811627907 0.66101875 0.7047156255813953 0.647158334375 0.6708687511627908 0.643289584375
0 0.8175171883720931 0.661664584375 0.8177593744186046 0.645225 0.7947906255813953 0.644902084375 0.7846375 0.642322915625 0.7846375 0.653283334375 0.7904390627906978 0.655539584375 0.8020437488372093 0.659408334375 0.8175171883720931 0.661664584375
0 0.5617312488372093 0.607645834375 0.5508515627906977 0.612804165625 0.5293343744186046 0.611835415625 0.529817188372093 0.6269875 0.5414218744186047 0.628277084375 0.5622140627906976 0.6269875 0.5617312488372093 0.607645834375
0 0.42227031162790696 0.612070834375 0.39011562558139534 0.602722915625 0.3874562511627907 0.620452084375 0.4055875 0.625933334375 0.4200937511627907 0.628833334375 0.42227031162790696 0.612070834375
0 0.420232811627907 0.636570834375 0.40548593720930237 0.6330250000000001 0.386145311627907 0.627866665625 0.38493593720930236 0.64140625 0.402342188372093 0.6462416656250001 0.41926562558139535 0.6465625 0.420232811627907 0.636570834375
0 0.5636640627906977 0.644033334375 0.5629390627906976 0.630495834375 0.5532687511627907 0.6327520843750001 0.547467188372093 0.636620834375 0.5295765627906976 0.63210625 0.529817188372093 0.645322915625 0.5443234372093023 0.647902084375 0.5544781255813953 0.6482249999999999 0.5636640627906977 0.644033334375
8 0.4072812511627907 0.6710125 0.41670937441860467 0.671979165625 0.41767656279069765 0.657472915625 0.40292812558139535 0.656185415625 0.38552187441860464 0.649414584375 0.38527968837209303 0.6571520843750001 0.381170311627907 0.664564584375 0.40051093720930236 0.669079165625 0.4072812511627907 0.6710125
8 0.5636281255813954 0.66861875 0.564595311627907 0.6502458343749999 0.557825 0.65346875 0.5503312488372093 0.656370834375 0.5305062488372093 0.65346875 0.5302640627906976 0.66861875 0.5392093744186046 0.669908334375 0.5500890627906977 0.670554165625 0.5636281255813954 0.66861875
8 0.702679688372093 0.664614584375 0.6847890627906976 0.666227084375 0.672217188372093 0.6630041656250001 0.670525 0.679764584375 0.6855140627906977 0.6833125 0.703404688372093 0.681377084375 0.702679688372093 0.664614584375
8 0.8162421883720931 0.683535415625 0.8157593744186046 0.667416665625 0.802220311627907 0.668385415625 0.7838468744186046 0.663870834375 0.782879688372093 0.68095625 0.7952093744186046 0.68385625 0.8058468744186047 0.684502084375 0.8162421883720931 0.683535415625
7 0.8038390627906977 0.711764584375 0.8210046883720931 0.7107979156249999 0.821729688372093 0.697260415625 0.8130265627906977 0.69758125 0.8043218744186047 0.69919375 0.7994875 0.69919375 0.778695311627907 0.692425 0.7784531255813953 0.69919375 0.7784531255813953 0.707897915625 0.7929593744186046 0.710477084375 0.8038390627906977 0.711764584375
7 0.7094109372093023 0.7106625 0.7094109372093023 0.696479165625 0.6939390627906977 0.699379165625 0.6782234372093023 0.6984125 0.6646843744186046 0.692610415625 0.6637187488372094 0.708727084375 0.680642188372093 0.711629165625 0.6956312511627907 0.711952084375 0.7094109372093023 0.7106625
7 0.5698109372093023 0.6821583343750001 0.5548218744186046 0.686670834375 0.5388656255813954 0.6876375 0.5255687488372093 0.68248125 0.5265359372093023 0.69924375 0.5487781255813954 0.69924375 0.5690859372093023 0.697954165625 0.5698109372093023 0.6821583343750001
7 0.408832811627907 0.700854165625 0.419954688372093 0.701822915625 0.4209218744186047 0.695052084375 0.4209218744186047 0.688283334375 0.4015812488372093 0.686027084375 0.39190937441860463 0.683770834375 0.37748437441860466 0.676741665625 0.37450312558139537 0.680225 0.37610781162790696 0.694635415625 0.3957218744186046 0.6973874999999999 0.408832811627907 0.700854165625