2 0.5187765627906977 0.508177084375 0.4975640627906977 0.508554165625 0.4766343744186046 0.5111958343749999 0.47776562558139535 0.526279165625 0.494170311627907 0.524770834375 0.5187765627906977 0.521377084375 0.5187765627906977 0.508177084375
2 0.5983093744186047 0.502427084375 0.5861468744186047 0.50318125 0.5762484372093024 0.50770625 0.5556015627906976 0.50996875 0.5556015627906976 0.52316875 0.5810562488372093 0.520529165625 0.598875 0.517135415625 0.5983093744186047 0.502427084375
2 0.655957811627907 0.506602084375 0.655957811627907 0.49113958437500005 0.6276750000000001 0.493025 0.6141 0.49453333437499997 0.6138171883720931 0.4994375 0.616645311627907 0.51075 0.6440796883720931 0.5084875 0.655957811627907 0.506602084375
2 0.721575 0.5000020843749999 0.7210093744186047 0.48605 0.700645311627907 0.49095208437500004 0.678867188372093 0.493214584375 0.678867188372093 0.499247915625 0.6808468744186047 0.508297915625 0.7012109372093024 0.506035415625 0.721575 0.5000020843749999
0 0.7151046883720931 0.47084374999999995 0.7136906255813954 0.450104165625 0.680882811627907 0.460285415625 0.680317188372093 0.47725625000000005 0.6904984372093024 0.479141665625 0.7063375 0.476502084375 0.7151046883720931 0.47084374999999995
0 0.617245311627907 0.458302084375 0.6178109372093024 0.47564791562500003 0.6500546883720929 0.471877084375 0.6492062488372092 0.458679165625 0.617245311627907 0.458302084375
0 0.6800343744186047 0.43822083437500003 0.6797515627906977 0.452175 0.7122765627906977 0.44500833437500004 0.7125593744186046 0.428416665625 0.6800343744186047 0.43822083437500003
0 0.647942188372093 0.43865 0.6354984372093023 0.44015833437499996 0.6156999999999999 0.437895834375 0.6156999999999999 0.45260208437499994 0.6292765627906978 0.45147083437499996 0.6482265627906977 0.45109374999999996 0.647942188372093 0.43865
0 0.5889015627906977 0.46122500000000005 0.5877703116279069 0.445385415625 0.5756093744186047 0.450666665625 0.5665593744186046 0.452175 0.5543968744186046 0.45443749999999994 0.554679688372093 0.46575 0.5640125 0.46725833437500003 0.5724984372093024 0.46575 0.5889015627906977 0.46122500000000005
0 0.5905609372093024 0.48536041562500004 0.5891468744186047 0.468389584375 0.5769843744186047 0.47404583437500003 0.568217188372093 0.47329166562499997 0.555207811627907 0.471783334375 0.5571875 0.48875416562499996 0.5673687488372093 0.48913124999999996 0.5778343744186046 0.48913124999999996 0.5905609372093024 0.48536041562500004
0 0.478904688372093 0.474302084375 0.4791875 0.49014166562500006 0.5125609372093024 0.487879165625 0.5122781255813954 0.47241666562500007 0.478904688372093 0.474302084375
0 0.47771406279069767 0.451972915625 0.47771406279069767 0.46592500000000003 0.5108062488372093 0.46441666562500006 0.5110890627906977 0.45159583437500006 0.47771406279069767 0.451972915625
8 0.47496718837209306 0.43031874999999997 0.47553281162790695 0.44465000000000005 0.507775 0.443139584375 0.507775 0.42730208437500006 0.47496718837209306 0.43031874999999997
8 0.5523437488372093 0.430460415625 0.5526265627906977 0.44478958437499994 0.586282811627907 0.441772915625 0.5857171883720931 0.425935415625 0.5523437488372093 0.430460415625
8 0.6140265627906977 0.416395834375 0.614592188372093 0.43034999999999995 0.6462687511627907 0.4284625 0.6459859372093023 0.41375624999999994 0.6140265627906977 0.416395834375
8 0.7100140627906977 0.40924791562499996 0.6774890627906976 0.41528124999999994 0.6783375 0.428858334375 0.6890843744186047 0.429235415625 0.7114281255813953 0.424710415625 0.7100140627906977 0.40924791562499996
7 0.6989812488372094 0.397464584375 0.7125562488372092 0.393691665625 0.7128390627906978 0.388035415625 0.7122734372093024 0.377477084375 0.698132811627907 0.381247915625 0.68795 0.385772915625 0.6690015627906978 0.388789584375 0.6687187488372093 0.3952 0.6715468744186046 0.40236666562499995 0.6876671883720931 0.399727084375 0.6989812488372094 0.397464584375
7 0.6322906255813954 0.39933125 0.6492609372093023 0.3982 0.650392188372093 0.394052084375 0.6492609372093023 0.383870834375 0.6266343744186047 0.387264584375 0.6068359372093024 0.38839583437499997 0.6059875 0.393675 0.6074015627906977 0.40272708437500004 0.6204125 0.400839584375 0.6322906255813954 0.39933125
7 0.5883515627906977 0.411104165625 0.5886343744186047 0.40431458437499995 0.5880687488372093 0.3948875 0.577604688372093 0.39790416562500003 0.5445140627906977 0.402052084375 0.5447968744186046 0.407710415625 0.5462109372093024 0.41600625 0.560917188372093 0.41600625 0.5883515627906977 0.411104165625
7 0.4999531255813954 0.412925 0.5121140627906977 0.412547915625 0.5123968744186047 0.405383334375 0.5121140627906977 0.399727084375 0.49231562558139536 0.40085833437499996 0.46968906279069766 0.401235415625 0.4688406255813954 0.4061375 0.46968906279069766 0.41631875 0.48892187441860463 0.413302084375 0.4999531255813954 0.412925