2 0.43462656279069767 0.81343125 0.41421093720930235 0.8130375000000001 0.4148031255813953 0.82645 0.45296874883720933 0.818954165625 0.45237812558139534 0.8067249999999999 0.43462656279069767 0.81343125
2 0.619245311627907 0.811854165625 0.6020859372093024 0.81619375 0.5793031255813954 0.818166665625 0.5787125 0.832366665625 0.6003109372093024 0.8315791656249999 0.619245311627907 0.82605625 0.619245311627907 0.811854165625
2 0.5322609372093023 0.710864584375 0.5118468744186047 0.713627084375 0.4943906255813953 0.71244375 0.4946859372093023 0.7242770843749999 0.5165812511627907 0.723489584375 0.5331484372093023 0.721910415625 0.5322609372093023 0.710864584375
0 0.499125 0.738085415625 0.498532811627907 0.751497915625 0.5304859372093024 0.74991875 0.5310781255813953 0.7361125000000001 0.499125 0.738085415625
0 0.49942031162790695 0.758991665625 0.49882812558139533 0.773983334375 0.5298937488372093 0.77319375 0.5301906255813953 0.757020834375 0.49942031162790695 0.758991665625
0 0.6115531255813954 0.7629374999999999 0.5967593744186047 0.7676708343749999 0.579895311627907 0.76964375 0.5801921883720931 0.7862125 0.5973515627906977 0.7842395843750001 0.6124406255813953 0.780295834375 0.6115531255813954 0.7629374999999999
0 0.613032811627907 0.8015979156249999 0.6124406255813953 0.783845834375 0.5991265627906976 0.792525 0.5816703116279069 0.792129165625 0.581967188372093 0.80633125 0.5872921883720931 0.80278125 0.5985343744186046 0.8015979156249999 0.613032811627907 0.8015979156249999
0 0.41302812558139534 0.7621479156250001 0.4148031255813953 0.7791125 0.4461640627906977 0.7727999999999999 0.44646093720930236 0.758597915625 0.41302812558139534 0.7621479156250001
0 0.416282811627907 0.7842395843750001 0.4174656255813954 0.797258334375 0.44646093720930236 0.79291875 0.4467562488372093 0.7799 0.416282811627907 0.7842395843750001
7 0.43462656279069767 0.7290125 0.41066093720930236 0.731379165625 0.41302812558139534 0.749525 0.44350156279069763 0.7432125 0.44468593720930233 0.727829165625 0.43462656279069767 0.7290125
7 0.4440937511627907 0.696664584375 0.426045311627907 0.701397915625 0.40592656279069766 0.7025812499999999 0.4056312488372093 0.7140208343750001 0.4230875 0.7104708343749999 0.44527656279069766 0.70968125 0.4440937511627907 0.696664584375
7 0.5198343744186047 0.7897624999999999 0.5000125 0.7889729156249999 0.49823749999999994 0.80633125 0.5322609372093023 0.80278125 0.5310781255813953 0.7897624999999999 0.5198343744186047 0.7897624999999999
7 0.5216109372093023 0.8240833343749999 0.49705312558139536 0.8248729156250001 0.4997156255813954 0.83670625 0.5331484372093023 0.8355229156249999 0.5358125 0.822110415625 0.5216109372093023 0.8240833343749999
7 0.5940968744186047 0.7396625 0.5775281255813953 0.73926875 0.5787125 0.754258334375 0.6100734372093023 0.74913125 0.609482811627907 0.7353229156250001 0.5940968744186047 0.7396625
7 0.609482811627907 0.704158334375 0.5946890627906977 0.70968125 0.5722031255813954 0.708497915625 0.5707234372093023 0.7195437499999999 0.5902515627906977 0.7183604156250001 0.611257811627907 0.7148104156249999 0.609482811627907 0.704158334375