2 0.296882811627907 0.6756916656249999 0.297154688372093 0.66155 0.28355781162790694 0.663725 0.2691437511627907 0.6655375 0.25337187441860465 0.665175 0.25255468837209305 0.681129165625 0.273767188372093 0.6818562499999999 0.282470311627907 0.680404165625 0.296882811627907 0.6756916656249999
2 0.39266562558139534 0.6895249999999999 0.39266562558139534 0.6717562499999999 0.3847781255813953 0.6750208343749999 0.3774359372093023 0.681183334375 0.37254062558139533 0.684810415625 0.3630234372093023 0.685172915625 0.349425 0.682997915625 0.35105624883720926 0.697502084375 0.36655781162790696 0.697502084375 0.3826031255813953 0.6946 0.39266562558139534 0.6895249999999999
2 0.5061656255813953 0.678179165625 0.48712968837209303 0.682166665625 0.46319687441860463 0.680716665625 0.4640125 0.695583334375 0.4860406255813953 0.6973979156250001 0.5056218744186046 0.6926833343750001 0.5061656255813953 0.678179165625
2 0.6029843744186046 0.69474375 0.603257811627907 0.686766665625 0.6027125 0.676977084375 0.5902031255813953 0.6809645843750001 0.5771499999999999 0.683141665625 0.560832811627907 0.682052084375 0.5616484372093024 0.6903937499999999 0.5630078116279069 0.700545834375 0.582045311627907 0.698733334375 0.6029843744186046 0.69474375
0 0.5988874999999999 0.6611083343749999 0.5988874999999999 0.640802084375 0.5920875 0.642977084375 0.583929688372093 0.6462416656250001 0.5779468744186047 0.646966665625 0.5640765627906976 0.645879165625 0.5646203116279069 0.667270834375 0.5787625 0.668722915625 0.5890968744186047 0.667270834375 0.5988874999999999 0.6611083343749999
0 0.5972609372093023 0.638229165625 0.5969031255813954 0.623914584375 0.5868359372093023 0.6264354156249999 0.576229688372093 0.627522915625 0.564695311627907 0.6291625 0.5639906255813953 0.640939584375 0.5745968744186046 0.641302084375 0.5876515627906976 0.6387645843749999 0.5972609372093023 0.638229165625
0 0.499529688372093 0.635947915625 0.49980156279069765 0.62253125 0.49137187441860464 0.6265208343750001 0.4823968744186046 0.6294208343750001 0.466079688372093 0.6257958343750001 0.4655359372093023 0.6392125 0.4804937511627907 0.6399375 0.48919531162790697 0.6392125 0.499529688372093 0.635947915625
0 0.4995937488372093 0.643314584375 0.4936109372093023 0.6465791656250001 0.48382031162790695 0.647304165625 0.4743015627906977 0.647304165625 0.4664156255813953 0.644039584375 0.4664156255813953 0.660720834375 0.48327656279069764 0.65999375 0.5004093744186047 0.65890625 0.4995937488372093 0.643314584375
0 0.38583281162790695 0.6590874999999999 0.384745311627907 0.63986875 0.377675 0.646033334375 0.3676125 0.650020834375 0.35238281162790697 0.647845834375 0.3529265627906977 0.6641625 0.362445311627907 0.6648875000000001 0.373595311627907 0.6634375 0.38583281162790695 0.6590874999999999
0 0.2898515627906977 0.644127084375 0.290567188372093 0.627902084375 0.276967188372093 0.6293354156250001 0.26837812558139534 0.6293354156250001 0.257642188372093 0.62885625 0.2565265627906977 0.64414375 0.2690359372093023 0.6452333343750001 0.27964218837209304 0.64450625 0.2898515627906977 0.644127084375
0 0.3841218744186046 0.634016665625 0.38303437441860466 0.6198750000000001 0.3710687488372093 0.622777084375 0.3610062488372093 0.628214584375 0.3495843744186046 0.628214584375 0.35067187441860465 0.6412687499999999 0.3610062488372093 0.6419937499999999 0.3710687488372093 0.64054375 0.3841218744186046 0.634016665625
0 0.2562187488372093 0.607495834375 0.2567625 0.6205499999999999 0.2913 0.6201875 0.29157187441860466 0.6071333343750001 0.2562187488372093 0.607495834375
8 0.289704688372093 0.5980624999999999 0.28943281162790696 0.583920834375 0.27828281162790697 0.5857354156250001 0.255982811627907 0.5846458343750001 0.2565265627906977 0.600602084375 0.2717562488372093 0.6002395843749999 0.28290624883720933 0.599877084375 0.289704688372093 0.5980624999999999
8 0.38143906279069767 0.6127312500000001 0.38062343720930236 0.596777084375 0.3746390627906977 0.598952084375 0.36892812558139537 0.601854165625 0.36267343720930234 0.602941665625 0.3479890627906977 0.603304165625 0.34826093720930235 0.618533334375 0.358867188372093 0.6188958343750001 0.36729687441860465 0.618533334375 0.38143906279069767 0.6127312500000001
8 0.49653749999999997 0.614554165625 0.49653749999999997 0.60005 0.4851156255813953 0.602589584375 0.47287812558139536 0.602952084375 0.464992188372093 0.6015020843750001 0.4656281255813953 0.618275 0.4785890627906977 0.6167312500000001 0.48538749999999997 0.61636875 0.49653749999999997 0.614554165625
8 0.5962078116279069 0.616454165625 0.5962078116279069 0.601225 0.5869625 0.6033999999999999 0.5801625 0.6044875000000001 0.5635734372093023 0.604125 0.563845311627907 0.6189916656250001 0.5744515627906976 0.620079165625 0.5842421883720931 0.620079165625 0.5962078116279069 0.616454165625
7 0.5891375 0.590985415625 0.6011031255813953 0.586997915625 0.6000156255813953 0.569229165625 0.5896812511627907 0.571404165625 0.5826109372093023 0.5746687500000001 0.5730921883720931 0.5772062499999999 0.556775 0.57756875 0.5559593744186047 0.583008334375 0.5581343744186047 0.592435415625 0.5779875 0.592435415625 0.5891375 0.590985415625
7 0.49854843720930236 0.585154165625 0.502082811627907 0.577539584375 0.5018109372093024 0.5702875 0.48304687441860467 0.575364584375 0.47352812558139534 0.576452084375 0.45775468837209304 0.574277084375 0.45802812558139533 0.58841875 0.4781515627906977 0.58805625 0.4914781255813953 0.58660625 0.49854843720930236 0.585154165625
7 0.3684484372093023 0.5889270843750001 0.38313437441860465 0.5820375 0.38367812558139536 0.57515 0.38313437441860465 0.565720834375 0.37334375116279067 0.569710415625 0.3605625 0.5769624999999999 0.35240312558139536 0.577325 0.3390781255813954 0.574060415625 0.33880625116279073 0.5824 0.3409812511627907 0.589652084375 0.3559390627906977 0.590016665625 0.3684484372093023 0.5889270843750001
7 0.28428437441860466 0.569416665625 0.29271562558139536 0.5686916656250001 0.29407500000000003 0.5650666656250001 0.2943468744186047 0.5541875 0.27993437441860464 0.5567270843750001 0.26878437441860464 0.558177084375 0.2508343744186046 0.5556395843749999 0.2502906255813953 0.562527084375 0.2508343744186046 0.570141665625 0.266879688372093 0.5712312500000001 0.28428437441860466 0.569416665625