2 0.2948234372093023 0.7415791656249999 0.295095311627907 0.7274375 0.2814984372093023 0.7296125 0.26708437441860466 0.731425 0.2513125 0.7310625 0.250495311627907 0.747016665625 0.27170781162790697 0.7477437499999999 0.2804109372093023 0.746291665625 0.2948234372093023 0.7415791656249999
2 0.391195311627907 0.7561979156249999 0.391195311627907 0.738429165625 0.383307811627907 0.74169375 0.37596562558139535 0.74785625 0.371070311627907 0.751483334375 0.3615531255813954 0.751845834375 0.34795468837209304 0.749670834375 0.34958593720930237 0.764175 0.3650875 0.764175 0.381132811627907 0.761272915625 0.391195311627907 0.7561979156249999
2 0.5044 0.744460415625 0.48536406279069766 0.748447915625 0.4614312488372093 0.746997915625 0.4622468744186046 0.761864584375 0.484275 0.7636791656249999 0.5038562511627906 0.7589645843749999 0.5044 0.744460415625
2 0.6021015627906976 0.761025 0.602375 0.7530479156250001 0.601829688372093 0.743258334375 0.589320311627907 0.7472458343749999 0.576267188372093 0.7494229156250001 0.5599500000000001 0.748333334375 0.5607656255813953 0.756675 0.562125 0.766827084375 0.5811625 0.765014584375 0.6021015627906976 0.761025
0 0.5971218744186046 0.7277812499999999 0.5971218744186046 0.707475 0.5903218744186046 0.70965 0.5821640627906977 0.712914584375 0.5761812488372093 0.713639584375 0.5623109372093024 0.7125520843750001 0.562854688372093 0.73394375 0.5769968744186046 0.735395834375 0.5873312488372093 0.73394375 0.5971218744186046 0.7277812499999999
0 0.5954953116279069 0.703333334375 0.5951375 0.68901875 0.5850703116279069 0.691539584375 0.5744640627906976 0.692627084375 0.562929688372093 0.6942666656250001 0.562225 0.70604375 0.5728312511627908 0.70640625 0.5858859372093023 0.70386875 0.5954953116279069 0.703333334375
0 0.4980593744186046 0.7014437499999999 0.49833125116279076 0.688027084375 0.48990156279069763 0.692016665625 0.4809265627906976 0.694916665625 0.4646093744186046 0.691291665625 0.4640656255813953 0.704708334375 0.4790234372093023 0.705433334375 0.48772499999999996 0.704708334375 0.4980593744186046 0.7014437499999999
0 0.49841718837209303 0.708810415625 0.49243437441860466 0.712075 0.4826437488372093 0.7128 0.47312499999999996 0.7128 0.46523906279069766 0.709535415625 0.46523906279069766 0.726216665625 0.4821 0.725489584375 0.49923281162790695 0.7244020843750001 0.49841718837209303 0.708810415625
0 0.383479688372093 0.724191665625 0.38239218837209304 0.704972915625 0.37532187441860465 0.7111375 0.3652593744186047 0.715125 0.35002968837209303 0.71295 0.35057343720930234 0.729266665625 0.360092188372093 0.729991665625 0.371242188372093 0.728541665625 0.383479688372093 0.724191665625
0 0.2880859372093023 0.710014584375 0.2888015627906977 0.6937895843749999 0.2752015627906977 0.6952229156249999 0.26661250000000003 0.6952229156249999 0.25587656279069765 0.69474375 0.2547609372093023 0.71003125 0.267270311627907 0.7111208343750001 0.27787656279069767 0.7103937499999999 0.2880859372093023 0.710014584375
0 0.38265156279069773 0.70108125 0.38156406279069766 0.6869395843749999 0.3695984372093023 0.689841665625 0.35953593720930227 0.6952791656249999 0.3481140627906976 0.6952791656249999 0.34920156279069764 0.708333334375 0.35953593720930227 0.709058334375 0.3695984372093023 0.7076083343749999 0.38265156279069773 0.70108125
0 0.2547484372093023 0.67220625 0.255292188372093 0.685260415625 0.28982968837209305 0.684897915625 0.2901015627906977 0.6718437500000001 0.2547484372093023 0.67220625
8 0.28793906279069764 0.66434375 0.287667188372093 0.6502020843749999 0.276517188372093 0.6520166656249999 0.254217188372093 0.650927084375 0.2547609372093023 0.666883334375 0.26999062558139536 0.666520834375 0.28114062558139535 0.666158334375 0.28793906279069764 0.66434375
8 0.37967343720930236 0.6786187499999999 0.378857811627907 0.6626645843750001 0.3728734372093023 0.664839584375 0.3671625 0.667741665625 0.36090781162790697 0.6688291656249999 0.3462234372093023 0.669191665625 0.346495311627907 0.684420834375 0.3571015627906977 0.6847833343749999 0.36553125116279067 0.684420834375 0.37967343720930236 0.6786187499999999
8 0.49506718837209307 0.68005 0.49506718837209307 0.665545834375 0.483645311627907 0.668085415625 0.47140781162790696 0.668447915625 0.46352187441860465 0.666997915625 0.464157811627907 0.683770834375 0.4771187488372093 0.682227084375 0.483917188372093 0.681864584375 0.49506718837209307 0.68005
8 0.5950312511627907 0.682341665625 0.5950312511627907 0.6671125 0.5857859372093024 0.6692875 0.5789859372093024 0.670375 0.5623968744186046 0.6700125 0.5626687511627907 0.6848791656250001 0.573275 0.685966665625 0.5830656255813954 0.685966665625 0.5950312511627907 0.682341665625
7 0.5879609372093023 0.65648125 0.5999265627906977 0.65249375 0.5988390627906977 0.634725 0.588504688372093 0.6369 0.5814343744186047 0.640164584375 0.5719156255813954 0.642702084375 0.5555984372093024 0.643064584375 0.554782811627907 0.648504165625 0.556957811627907 0.6579312500000001 0.5768109372093023 0.6579312500000001 0.5879609372093023 0.65648125
7 0.49795937441860466 0.651041665625 0.5014937511627907 0.6434270843750001 0.5012218744186047 0.6361749999999999 0.482457811627907 0.641252084375 0.4729390627906977 0.6423395843749999 0.45716562558139534 0.640164584375 0.4574390627906977 0.65430625 0.4775625 0.65394375 0.4908890627906977 0.65249375 0.49795937441860466 0.651041665625
7 0.3669781255813953 0.656383334375 0.38166406279069764 0.64949375 0.38220781162790696 0.6426062499999999 0.38166406279069764 0.633177084375 0.3718734372093023 0.637166665625 0.359092188372093 0.64441875 0.35093281162790696 0.6447812500000001 0.337607811627907 0.641516665625 0.33733593720930233 0.64985625 0.3395109372093023 0.6571083343749999 0.3544687511627907 0.657472915625 0.3669781255813953 0.656383334375
7 0.28340156279069767 0.635697915625 0.291832811627907 0.6349729156249999 0.29319218837209304 0.6313479156249999 0.2934640627906977 0.62046875 0.27905156279069765 0.6230083343749999 0.26790156279069766 0.624458334375 0.2499515627906977 0.621920834375 0.24940781162790696 0.628808334375 0.2499515627906977 0.6364229156250001 0.26599687441860465 0.6375124999999999 0.28340156279069767 0.635697915625