7 0.3870734372093023 0.43892499999999995 0.3856968744186047 0.454525 0.4300875 0.455902084375 0.43043125116279074 0.4421375 0.3870734372093023 0.43892499999999995
7 0.535245311627907 0.44152291562499996 0.5121906255813954 0.4429 0.4915437511627907 0.438310415625 0.4912 0.454829165625 0.5128781255813953 0.456204165625 0.5342125 0.456204165625 0.535245311627907 0.44152291562499996
7 0.6420843744186046 0.43070833437499995 0.6004687511627907 0.42678333437499993 0.6001968744186046 0.44128749999999994 0.6195062488372094 0.44056249999999997 0.6413968744186047 0.44401250000000003 0.6420843744186046 0.43070833437499995
7 0.7203171883720931 0.438233334375 0.7206625000000001 0.42309374999999994 0.6969187511627908 0.42492916562499994 0.6760718744186047 0.426420834375 0.6752406255813954 0.42355208437499997 0.6752406255813954 0.42997500000000005 0.6769609372093024 0.43915208437500003 0.7062093744186047 0.438233334375 0.7203171883720931 0.438233334375
8 0.6817781255813954 0.452539584375 0.680745311627907 0.468139584375 0.7148125 0.468139584375 0.7149609372093023 0.452164584375 0.6817781255813954 0.452539584375
8 0.602757811627907 0.45415 0.6010375 0.468833334375 0.632695311627907 0.47066875 0.6333828116279069 0.45690416562499997 0.602757811627907 0.45415
8 0.529425 0.46980833437499997 0.49639062558139535 0.46843333437499995 0.49639062558139535 0.484033334375 0.5098109372093024 0.48540833437500003 0.529425 0.48540833437500003 0.529425 0.46980833437499997
8 0.3913859372093023 0.46955 0.3906984372093023 0.484233334375 0.42235624883720935 0.485608334375 0.4233890627906977 0.47046875000000005 0.3913859372093023 0.46955
0 0.391325 0.490929165625 0.39201406279069767 0.50469375 0.42298281162790696 0.5069874999999999 0.42367187441860465 0.49414166562500006 0.391325 0.490929165625
0 0.4239765627906977 0.5136937500000001 0.406082811627907 0.5136937500000001 0.3905984372093023 0.511397915625 0.39025468837209304 0.528375 0.40745937441860464 0.53066875 0.42328906279069767 0.531127084375 0.4239765627906977 0.5136937500000001
0 0.5315234372093024 0.508720834375 0.531867188372093 0.494039584375 0.5181031255813954 0.49495625 0.4974562511627907 0.49449791562499995 0.4971125 0.506885415625 0.504470311627907 0.50655625 0.515620311627907 0.50728125 0.5315234372093024 0.508720834375
0 0.5305843744186047 0.532539584375 0.5305843744186047 0.514645834375 0.5171656255813953 0.5174000000000001 0.5095953116279069 0.51510625 0.4972062488372093 0.512352084375 0.49686250000000004 0.5316229156250001 0.5113156255813954 0.534375 0.5216390627906977 0.532997915625 0.5305843744186047 0.532539584375
0 0.6343656255813953 0.48348333437499996 0.6199125 0.483941665625 0.602707811627907 0.47568333437500004 0.6013312488372092 0.48990625000000004 0.6154390627906977 0.49174166562500005 0.6333328116279069 0.494035415625 0.6343656255813953 0.48348333437499996
0 0.6317015627906977 0.500820834375 0.6120875 0.5003625 0.6003875000000001 0.49669166562499995 0.6000437511627907 0.5122916656250001 0.6172484372093023 0.51275 0.6313562488372093 0.5182562500000001 0.6317015627906977 0.500820834375
0 0.7127828116279069 0.47411875 0.6797484372093023 0.47549583437500004 0.6794031255813954 0.49017708437499996 0.6907593744186046 0.49017708437499996 0.71175 0.48971875000000004 0.7127828116279069 0.47411875
0 0.7136343744186047 0.5156229156250001 0.7139781255813954 0.494977084375 0.7073468744186047 0.49386458437499997 0.6972843744186047 0.495314584375 0.6896687488372093 0.495677084375 0.6806 0.494977084375 0.6795687488372093 0.514704165625 0.6923890627906977 0.5156208343750001 0.7016359372093024 0.514533334375 0.7136343744186047 0.5156229156250001
2 0.704025 0.5482750000000001 0.7177890627906977 0.545522915625 0.7177890627906977 0.53038125 0.7047125 0.531758334375 0.6930125 0.532216665625 0.6737437488372093 0.528545834375 0.6740875 0.5368062499999999 0.6758078116279069 0.5469 0.6930125 0.5482750000000001 0.704025 0.5482750000000001
2 0.6186906255813953 0.548616665625 0.635120311627907 0.5516395843749999 0.6361531255813954 0.537416665625 0.6124093744186047 0.536039584375 0.5941718744186046 0.5314520843749999 0.5941718744186046 0.53695625 0.5941718744186046 0.5465916656250001 0.6059078116279071 0.547166665625 0.6186906255813953 0.548616665625
2 0.5364281255813954 0.558708334375 0.535395311627907 0.54815625 0.520254688372093 0.549989584375 0.5061468744186046 0.5509083343750001 0.49203906279069765 0.546320834375 0.4923828116279069 0.56191875 0.510620311627907 0.5651312500000001 0.5340187488372093 0.5642125 0.5364281255813954 0.558708334375
2 0.42800312558139536 0.563454165625 0.4269718744186046 0.54923125 0.40770156279069764 0.548314584375 0.38602187441860464 0.5460208343749999 0.3846468744186047 0.554279165625 0.3846468744186047 0.564372915625 0.4128625 0.565289584375 0.42800312558139536 0.563454165625