7 0.47501718837209306 0.6728229156250001 0.45944062558139537 0.671504165625 0.44146875116279066 0.66734375 0.4391656255813953 0.6823812499999999 0.45647343720930234 0.6863374999999999 0.4752640627906977 0.686666665625 0.47501718837209306 0.6728229156250001
7 0.4683406255813954 0.71534375 0.47650000000000003 0.715014584375 0.47773593720930235 0.7024895843750001 0.4663640627906977 0.701829165625 0.4515281255813953 0.698533334375 0.43497656279069763 0.694133334375 0.43422187441860466 0.708091665625 0.43941406279069767 0.710729165625 0.45177656279069767 0.713695834375 0.4683406255813954 0.71534375
7 0.5907359372093024 0.58744375 0.5902406255813953 0.5745875 0.576395311627907 0.57590625 0.547492188372093 0.577908334375 0.5491984372093023 0.592716665625 0.5590875 0.591727084375 0.5704609372093024 0.591397915625 0.5907359372093024 0.58744375
7 0.5882625 0.603264584375 0.5756531255813954 0.605241665625 0.554292188372093 0.606758334375 0.5541437511627907 0.618097915625 0.566257811627907 0.617108334375 0.5877687511627907 0.61645 0.5882625 0.603264584375
7 0.8195843744186047 0.653285415625 0.8159265627906978 0.64109375 0.8059687511627907 0.647595834375 0.7941828116279069 0.6530145843749999 0.7853640627906977 0.654877084375 0.7884921883720931 0.670083334375 0.8002796883720931 0.665477084375 0.8126749999999999 0.6597875 0.8195843744186047 0.653285415625
7 0.8309656255813954 0.678752084375 0.8266968744186046 0.665477084375 0.81735 0.672520834375 0.8039375 0.679022915625 0.7915406255813953 0.683629165625 0.7856468744186046 0.6839000000000001 0.7917437511627907 0.698529165625 0.8039375 0.693922915625 0.8193812488372093 0.685254165625 0.8309656255813954 0.678752084375
0 0.4763531255813953 0.650016665625 0.444320311627907 0.64395625 0.442875 0.657733334375 0.456720311627907 0.6602125 0.4755265627906977 0.66296875 0.4763531255813953 0.650016665625
0 0.5552984372093023 0.628525 0.5552984372093023 0.64423125 0.588570311627907 0.640372915625 0.5883640627906976 0.624941665625 0.5552984372093023 0.628525
0 0.8101109372093024 0.618329165625 0.7977109372093023 0.62549375 0.7797312511627907 0.6354124999999999 0.7834515627906976 0.649191665625 0.7968843744186046 0.641752084375 0.8140375000000001 0.632933334375 0.8101109372093024 0.618329165625
3 0.8051515627906977 0.5971124999999999 0.786345311627907 0.6056541656250001 0.7731187488372093 0.611441665625 0.7768390627906977 0.624116665625 0.7910984372093023 0.61915625 0.808457811627907 0.6097875 0.8051515627906977 0.5971124999999999
2 0.7857249999999999 0.579202084375 0.8014312511627907 0.56845625 0.8003984372093024 0.56211875 0.7958515627906976 0.557708334375 0.7793187488372093 0.567904165625 0.7611328116279069 0.5756187500000001 0.7611328116279069 0.580579165625 0.7623718744186047 0.588295834375 0.7747718744186046 0.582783334375 0.7857249999999999 0.579202084375
2 0.5947703116279071 0.704575 0.5964234372093024 0.6974125 0.5964234372093024 0.690522915625 0.5734843744186047 0.6979625 0.5639781255813954 0.6976875 0.5542640627906977 0.697135415625 0.5548843744186046 0.702647915625 0.5577781255813954 0.708708334375 0.5811312488372093 0.70760625 0.5947703116279071 0.704575
3 0.5569515627906977 0.653875 0.556745311627907 0.667102084375 0.5891906255813953 0.6643458343749999 0.5891906255813953 0.65111875 0.5569515627906977 0.653875
3 0.447007811627907 0.61943125 0.44556093720930234 0.6334854156249999 0.4775937511627907 0.637066665625 0.4786265627906977 0.624941665625 0.447007811627907 0.61943125
2 0.4734609372093023 0.595735415625 0.48606718837209306 0.5973875 0.48627343720930233 0.5849875 0.4592 0.583610415625 0.4465937511627907 0.5781 0.44556093720930234 0.582508334375 0.4451484372093023 0.589947915625 0.4579609372093023 0.59380625 0.4734609372093023 0.595735415625