2 0.29375 0.834625 0.29402187441860467 0.820483334375 0.28042500000000004 0.822658334375 0.26601093720930236 0.824470834375 0.2502390627906977 0.8241083343750001 0.24942187441860467 0.8400624999999999 0.27063437441860466 0.840789584375 0.2793375 0.8393375000000001 0.29375 0.834625
2 0.38976406279069764 0.849720834375 0.38976406279069764 0.831952084375 0.38187656279069765 0.8352166656250001 0.37453437441860465 0.841379165625 0.36963906279069764 0.84500625 0.36012187441860466 0.8453687499999999 0.34652343720930234 0.84319375 0.348154688372093 0.857697915625 0.3636562488372093 0.857697915625 0.37970156279069767 0.8547958343750001 0.38976406279069764 0.849720834375
2 0.5015359372093023 0.837983334375 0.4825 0.8419708343750001 0.458567188372093 0.8405208343749999 0.45938281162790695 0.8553875 0.4814109372093023 0.857202084375 0.500992188372093 0.8524875 0.5015359372093023 0.837983334375
2 0.5988796883720929 0.854547915625 0.5991531255813954 0.846570834375 0.598607811627907 0.8367812499999999 0.5860984372093023 0.84076875 0.573045311627907 0.8429458343749999 0.5567281255813953 0.84185625 0.5575437488372093 0.850197915625 0.5589031255813953 0.8603500000000001 0.5779406255813954 0.8585375000000001 0.5988796883720929 0.854547915625
0 0.5953312488372093 0.8213041656250001 0.5953312488372093 0.8009979156249999 0.5885312511627907 0.803172915625 0.5803734372093023 0.8064375 0.5743906255813953 0.8071624999999999 0.5605203116279069 0.8060750000000001 0.5610640627906976 0.827466665625 0.5752062488372093 0.82891875 0.5855406255813953 0.827466665625 0.5953312488372093 0.8213041656250001
0 0.5935265627906977 0.795329165625 0.593254688372093 0.7782875 0.5829218744186047 0.785539584375 0.5723156255813954 0.786627084375 0.5600765627906976 0.7848145843750001 0.5600765627906976 0.80004375 0.570682811627907 0.80040625 0.5837375 0.79786875 0.5935265627906977 0.795329165625
0 0.494479688372093 0.79544375 0.49475156279069765 0.782027084375 0.48632187441860464 0.7860166656249999 0.4773468744186046 0.788916665625 0.461029688372093 0.785291665625 0.4604859372093023 0.798708334375 0.4754437488372093 0.799433334375 0.48414531162790697 0.798708334375 0.494479688372093 0.79544375
0 0.4955531255813953 0.8032875 0.489570311627907 0.806552084375 0.479779688372093 0.807277084375 0.4702609372093023 0.807277084375 0.462375 0.8040125 0.462375 0.82069375 0.4792359372093023 0.8199666656250001 0.4963687488372093 0.8188791656250001 0.4955531255813953 0.8032875
0 0.3816906255813954 0.81819375 0.38060312558139536 0.798975 0.373532811627907 0.8051395843750001 0.363470311627907 0.8091270843749999 0.34824062558139535 0.806952084375 0.34878437441860466 0.8232687500000001 0.3583031255813954 0.82399375 0.36945312558139537 0.82254375 0.3816906255813954 0.81819375
0 0.28740937441860465 0.8011312500000001 0.2865937488372093 0.785539584375 0.27435624883720927 0.7902541656250001 0.26510937441860466 0.791704165625 0.2536875 0.786989584375 0.2536875 0.8040312500000001 0.2661968744186047 0.805120834375 0.27680312558139536 0.80439375 0.28740937441860465 0.8011312500000001
0 0.3797875 0.794604165625 0.37870000000000004 0.7804625 0.3667343744186047 0.783364584375 0.35667187441860465 0.788802084375 0.34525 0.788802084375 0.3463375 0.8018562499999999 0.35667187441860465 0.80258125 0.3667343744186047 0.8011312500000001 0.3797875 0.794604165625
0 0.252242188372093 0.7676375 0.2527859372093023 0.780691665625 0.2873234372093023 0.780329165625 0.28759531162790697 0.7672749999999999 0.252242188372093 0.7676375
8 0.28686562558139533 0.758820834375 0.2865937488372093 0.744679165625 0.2754437488372093 0.74649375 0.2531437488372093 0.745404165625 0.2536875 0.761360415625 0.268917188372093 0.760997915625 0.280067188372093 0.760635415625 0.28686562558139533 0.758820834375
8 0.3778843744186047 0.77405 0.3770687511627907 0.7580958343749999 0.37108437441860465 0.760270834375 0.3653734372093023 0.763172915625 0.3591187511627907 0.764260415625 0.3444343744186047 0.7646229156250001 0.34470624883720935 0.7798520843750001 0.35531250000000003 0.780214584375 0.36374218837209304 0.7798520843750001 0.3778843744186047 0.77405
8 0.4925609372093023 0.775004165625 0.4925609372093023 0.7605000000000001 0.4811390627906976 0.763039584375 0.46890156279069767 0.763402084375 0.46101562558139536 0.7619520843750001 0.46047187441860465 0.776091665625 0.4746125 0.77718125 0.4814109372093023 0.77681875 0.4925609372093023 0.775004165625
8 0.592167188372093 0.775864584375 0.592167188372093 0.760635415625 0.5829218744186047 0.762810415625 0.5761218744186046 0.763897915625 0.559532811627907 0.763535415625 0.559804688372093 0.7784020843749999 0.5704109372093024 0.779489584375 0.5802015627906977 0.779489584375 0.592167188372093 0.775864584375
7 0.585454688372093 0.74905 0.597420311627907 0.7450625 0.596332811627907 0.7272937500000001 0.5859984372093023 0.72946875 0.5789281255813954 0.732733334375 0.5694093744186047 0.735270834375 0.5530921883720931 0.735633334375 0.5522765627906977 0.741072915625 0.5544515627906977 0.7505 0.574304688372093 0.7505 0.585454688372093 0.74905
7 0.495095311627907 0.745041665625 0.49862968837209304 0.7374270843749999 0.498357811627907 0.730175 0.4795937511627907 0.735252084375 0.470075 0.736339584375 0.45430156279069767 0.734164584375 0.454575 0.74830625 0.4746984372093023 0.74794375 0.488025 0.74649375 0.495095311627907 0.745041665625
7 0.3644718744186046 0.7499083343749999 0.37915781162790696 0.74301875 0.37970156279069767 0.73613125 0.37915781162790696 0.7267020843750001 0.36936718837209304 0.730691665625 0.3565859372093023 0.73794375 0.34842656279069767 0.73830625 0.3351015627906977 0.7350416656250001 0.33482968837209304 0.74338125 0.337004688372093 0.750633334375 0.3519625 0.750997915625 0.3644718744186046 0.7499083343749999
7 0.28089687441860467 0.729697915625 0.28932812558139537 0.728972915625 0.2906875 0.725347915625 0.29095937441860464 0.71446875 0.27654687441860465 0.717008334375 0.26539687441860466 0.718458334375 0.24744687441860466 0.715920834375 0.24690312558139535 0.722808334375 0.24744687441860466 0.730422915625 0.26349218837209304 0.7315125 0.28089687441860467 0.729697915625