2 0.3570859372093023 0.5912375 0.3439656255813953 0.594225 0.317725 0.593797915625 0.317404688372093 0.609158334375 0.33564531162790695 0.607452084375 0.35388593720930234 0.606172915625 0.3570859372093023 0.5912375
2 0.4832531255813954 0.5212625 0.47205312558139534 0.5229708343749999 0.4451718744186046 0.52254375 0.4451718744186046 0.5349166656250001 0.481332811627907 0.5336375 0.4848531255813953 0.526810415625 0.4832531255813954 0.5212625
2 0.6118781255813953 0.618683334375 0.5952375 0.625510415625 0.5728375 0.6233770843750001 0.5728375 0.638310415625 0.588517188372093 0.6387375 0.6125187488372092 0.6323375 0.6118781255813953 0.618683334375
0 0.32036875116279073 0.566179165625 0.32036875116279073 0.581966665625 0.3510890627906977 0.5777 0.35140937441860465 0.566179165625 0.32036875116279073 0.566179165625
0 0.3188015627906977 0.544870834375 0.3197609372093024 0.562364584375 0.35176250000000003 0.560658334375 0.35176250000000003 0.54103125 0.3188015627906977 0.544870834375
0 0.45003906279069766 0.54763125 0.45003906279069766 0.5617125 0.48203906279069764 0.560858334375 0.4814 0.54763125 0.45003906279069766 0.54763125
0 0.48284999999999995 0.5702 0.4498890627906976 0.569347915625 0.4498890627906976 0.585135415625 0.4646093744186046 0.586841665625 0.4818890627906977 0.586414584375 0.48284999999999995 0.5702
0 0.6058484372093024 0.610847915625 0.6061687488372093 0.594208334375 0.5959281255813954 0.5997541656250001 0.574167188372093 0.598047915625 0.5751281255813954 0.61255625 0.5808875 0.607008334375 0.5911281255813954 0.609995834375 0.6058484372093024 0.610847915625
0 0.6058687488372093 0.568425 0.5921078116279069 0.575252084375 0.5732281255813954 0.5722666656250001 0.5741875 0.5901854156249999 0.5917890627906977 0.58890625 0.6058687488372093 0.5871999999999999 0.6058687488372093 0.568425
7 0.3549968744186046 0.481495834375 0.340917188372093 0.4857625 0.3159562488372093 0.48405624999999997 0.3140359372093023 0.494722915625 0.33227656279069767 0.494722915625 0.3549968744186046 0.49344374999999996 0.3549968744186046 0.481495834375
7 0.3517312511627907 0.5124854156249999 0.3450109372093023 0.517179165625 0.34085 0.516752084375 0.33765 0.51163125 0.32037031162790697 0.5141916656250001 0.31972968837209303 0.529979165625 0.35013125116279076 0.528272915625 0.35621093720930236 0.5124854156249999 0.3517312511627907 0.5124854156249999
7 0.483154688372093 0.5985166656249999 0.470995311627907 0.601077084375 0.4517937511627907 0.5993708343749999 0.44923437441860464 0.615158334375 0.478675 0.61473125 0.485395311627907 0.6104645843750001 0.483154688372093 0.5985166656249999
7 0.485645311627907 0.633008334375 0.47572499999999995 0.6338625 0.4456437488372093 0.633008334375 0.4501234372093023 0.6458083343750001 0.4648437488372093 0.64495625 0.4811640627906976 0.64495625 0.485645311627907 0.633008334375
7 0.6039437488372092 0.542825 0.5924234372093024 0.5475187499999999 0.5722625 0.545385415625 0.5729031255813953 0.561172915625 0.5946640627906976 0.5586125 0.6055437488372093 0.554772915625 0.6039437488372092 0.542825
7 0.6067234372093023 0.511589584375 0.5936031255813954 0.51585625 0.5680031255813953 0.5150020843750001 0.5657625 0.5273770843750001 0.5830437511627907 0.528229165625 0.6057640627906976 0.5235375 0.6067234372093023 0.511589584375