2 0.34912812558139533 0.8938875 0.336007811627907 0.896875 0.30976718837209305 0.896447915625 0.30944687441860463 0.911808334375 0.32768749999999996 0.910102084375 0.3459281255813954 0.908822915625 0.34912812558139533 0.8938875
2 0.47617187441860465 0.8239124999999999 0.46497187441860466 0.825620834375 0.4380906255813954 0.8251937500000001 0.4380906255813954 0.837566665625 0.47425156279069763 0.8362875000000001 0.47777187441860464 0.829460415625 0.47617187441860465 0.8239124999999999
2 0.603854688372093 0.9203416656250001 0.5872140627906977 0.9271687500000001 0.5648140627906977 0.9250354156249999 0.5648140627906977 0.93996875 0.5804937511627907 0.9403958343750001 0.6044953116279069 0.933995834375 0.603854688372093 0.9203416656250001
0 0.3132875 0.86658125 0.3132875 0.88236875 0.344007811627907 0.8781020843749999 0.34432812558139536 0.86658125 0.3132875 0.86658125
0 0.3116875 0.844820834375 0.3126468744186046 0.8623145843750001 0.3446484372093023 0.8606083343750001 0.3446484372093023 0.8409812499999999 0.3116875 0.844820834375
0 0.44161093720930233 0.8486604156249999 0.44161093720930233 0.862741665625 0.4736109372093023 0.8618874999999999 0.47297187441860467 0.8486604156249999 0.44161093720930233 0.8486604156249999
0 0.474892188372093 0.869566665625 0.4419312511627907 0.868714584375 0.4419312511627907 0.884502084375 0.4566515627906977 0.8862083343749999 0.4739312488372093 0.88578125 0.474892188372093 0.869566665625
0 0.5987343744186047 0.91138125 0.5990546883720931 0.894741665625 0.5888140627906977 0.9002874999999999 0.5670531255813953 0.89858125 0.5680140627906977 0.913089584375 0.5737734372093023 0.907541665625 0.5840140627906977 0.910529165625 0.5987343744186047 0.91138125
0 0.5971343744186047 0.8699937500000001 0.5833734372093023 0.876820834375 0.5644937511627907 0.8738354156250001 0.5654531255813954 0.891754165625 0.5830546883720931 0.890475 0.5971343744186047 0.88876875 0.5971343744186047 0.8699937500000001
7 0.3478484372093023 0.7825249999999999 0.3337687488372093 0.786791665625 0.308807811627907 0.785085415625 0.3068875 0.795752084375 0.32512812558139537 0.795752084375 0.3478484372093023 0.794472915625 0.3478484372093023 0.7825249999999999
7 0.3433687488372093 0.8141 0.3366484372093023 0.81879375 0.3324875 0.818366665625 0.3292875 0.8132458343750001 0.31200781162790703 0.81580625 0.31136718837209304 0.83159375 0.3417687511627907 0.8298875000000001 0.3478484372093023 0.8141 0.3433687488372093 0.8141
7 0.4736109372093023 0.900714584375 0.46145156279069766 0.903275 0.44225 0.90156875 0.4396906255813953 0.9173562499999999 0.4691312511627907 0.9169291656249999 0.4758515627906977 0.9126625 0.4736109372093023 0.900714584375
7 0.47809218837209305 0.935702084375 0.46817187441860464 0.93655625 0.4380906255813954 0.935702084375 0.442570311627907 0.948502084375 0.4572906255813954 0.94765 0.4736109372093023 0.94765 0.47809218837209305 0.935702084375
7 0.5971343744186047 0.84439375 0.5856140627906976 0.8490875000000001 0.5654531255813954 0.8469541656249999 0.5660937488372093 0.862741665625 0.587854688372093 0.8601812499999999 0.5987343744186047 0.856341665625 0.5971343744186047 0.84439375
7 0.6000140627906977 0.811539584375 0.5868937511627907 0.81580625 0.5612937511627907 0.814952084375 0.5590531255813953 0.827327084375 0.5763343744186047 0.828179165625 0.5990546883720931 0.8234875 0.6000140627906977 0.811539584375