2 0.35358281162790695 0.731383334375 0.3404625 0.7343708343750001 0.31422187441860466 0.73394375 0.3139015627906977 0.749304165625 0.33214218837209303 0.747597915625 0.350382811627907 0.74631875 0.35358281162790695 0.731383334375
2 0.48062656279069765 0.661408334375 0.46942656279069767 0.6631166656249999 0.442545311627907 0.662689584375 0.442545311627907 0.6750625 0.47870625116279064 0.673783334375 0.4822265627906977 0.6669562499999999 0.48062656279069765 0.661408334375
2 0.6074984372093024 0.759995834375 0.590857811627907 0.7668229156249999 0.568457811627907 0.764689584375 0.568457811627907 0.779622915625 0.5841375 0.78005 0.6081390627906976 0.7736500000000001 0.6074984372093024 0.759995834375
0 0.31774218837209306 0.70515625 0.31774218837209306 0.72094375 0.3484625 0.716677084375 0.348782811627907 0.70515625 0.31774218837209306 0.70515625
0 0.3157359372093024 0.685014584375 0.316695311627907 0.702508334375 0.3486968744186047 0.700802084375 0.3486968744186047 0.681175 0.3157359372093024 0.685014584375
0 0.44565937441860465 0.687775 0.44565937441860465 0.70185625 0.4776593744186046 0.701002084375 0.477020311627907 0.687775 0.44565937441860465 0.687775
0 0.4793468744186047 0.709760415625 0.4463859372093023 0.708908334375 0.4463859372093023 0.7246958343750001 0.4611062511627907 0.726402084375 0.47838593720930234 0.725975 0.4793468744186047 0.709760415625
0 0.602782811627907 0.751575 0.6031031255813953 0.7349354156250001 0.5928625 0.74048125 0.5711015627906977 0.738775 0.5720625 0.7532833343750001 0.5778218744186047 0.747735415625 0.5880624999999999 0.750722915625 0.602782811627907 0.751575
0 0.6028031255813954 0.70856875 0.589042188372093 0.715395834375 0.5701625 0.712410415625 0.5711218744186046 0.7303291656249999 0.5887234372093023 0.72905 0.6028031255813954 0.72734375 0.6028031255813954 0.70856875
7 0.351492188372093 0.621639584375 0.3374125 0.62590625 0.3124515627906977 0.6242 0.3105312488372093 0.6348666656249999 0.3287718744186046 0.6348666656249999 0.351492188372093 0.6335875 0.351492188372093 0.621639584375
7 0.3482281255813953 0.653214584375 0.34150781162790694 0.657908334375 0.33734687441860467 0.65748125 0.33414687441860463 0.652360415625 0.31686718837209304 0.654920834375 0.31622656279069766 0.670708334375 0.34662812558139533 0.669002084375 0.35270781162790693 0.653214584375 0.3482281255813953 0.653214584375
7 0.4800890627906977 0.739829165625 0.46792968837209303 0.7423895843749999 0.44872812558139535 0.740683334375 0.4461687511627907 0.756470834375 0.4756093744186047 0.75604375 0.48232968837209306 0.751777084375 0.4800890627906977 0.739829165625
7 0.48214062558139537 0.7737375 0.47222031162790695 0.774591665625 0.4421390627906977 0.7737375 0.4466187511627907 0.7865375 0.4613390627906977 0.7856854156249999 0.4776593744186046 0.7856854156249999 0.48214062558139537 0.7737375
7 0.5995640627906976 0.68296875 0.5880437488372093 0.6876625 0.567882811627907 0.685529165625 0.5685234372093023 0.7013166656250001 0.5902843744186047 0.69875625 0.6011640627906977 0.694916665625 0.5995640627906976 0.68296875
7 0.603657811627907 0.651733334375 0.5905375 0.6559999999999999 0.5649375 0.6551458343750001 0.5626968744186046 0.667520834375 0.5799781255813954 0.668372915625 0.6026984372093023 0.66368125 0.603657811627907 0.651733334375