7 0.365279688372093 0.5803499999999999 0.36215 0.59135 0.4016937511627907 0.590970834375 0.40055624883720925 0.578075 0.365279688372093 0.5803499999999999
7 0.36840937441860466 0.610695834375 0.36727031162790696 0.6273854156249999 0.39941718837209306 0.62586875 0.39998750000000005 0.608420834375 0.36840937441860466 0.610695834375
7 0.462857811627907 0.69073125 0.461720311627907 0.708179165625 0.49699687441860463 0.706283334375 0.495004688372093 0.691489584375 0.462857811627907 0.69073125
7 0.460867188372093 0.725247915625 0.4600140627906977 0.737008334375 0.4984187511627907 0.7366291656249999 0.49927187441860466 0.726008334375 0.460867188372093 0.725247915625
7 0.5558843744186046 0.654695834375 0.5570234372093024 0.672525 0.5886015627906976 0.668352084375 0.5877468744186046 0.653558334375 0.5558843744186046 0.654695834375
7 0.5510484372093023 0.62473125 0.5507640627906977 0.6372479156249999 0.5908765627906977 0.6342125000000001 0.5900234372093024 0.6232125 0.5510484372093023 0.62473125
0 0.5578765627906976 0.682766665625 0.557592188372093 0.70059375 0.5914453116279069 0.6983166656249999 0.589454688372093 0.681247915625 0.5578765627906976 0.682766665625
0 0.5578765627906976 0.708179165625 0.5590140627906977 0.722214584375 0.590307811627907 0.719558334375 0.590592188372093 0.706283334375 0.5578765627906976 0.708179165625
0 0.462857811627907 0.66000625 0.462004688372093 0.676695834375 0.495004688372093 0.676316665625 0.49329843720930233 0.65886875 0.462857811627907 0.66000625
0 0.4622890627906977 0.639904165625 0.462004688372093 0.652420834375 0.4952890627906977 0.652041665625 0.49329843720930233 0.639904165625 0.4622890627906977 0.639904165625
2 0.4574531255813954 0.613352084375 0.4574531255813954 0.62814375 0.4972812511627907 0.625110415625 0.49699687441860463 0.614489584375 0.4574531255813954 0.613352084375
2 0.40311562558139535 0.6892145843749999 0.38661562558139534 0.692627084375 0.36556406279069764 0.69186875 0.36499531162790694 0.70286875 0.3948656255813953 0.7040062500000001 0.40368593720930235 0.7013520843750001 0.40311562558139535 0.6892145843749999
0 0.3686937488372093 0.6402833343750001 0.368125 0.659247915625 0.4016937511627907 0.655833334375 0.40055624883720925 0.6402833343750001 0.3686937488372093 0.6402833343750001
0 0.36897812558139537 0.662283334375 0.36840937441860466 0.6778354156249999 0.39771093720930234 0.6759375000000001 0.39970312558139537 0.660385415625 0.36897812558139537 0.662283334375
2 0.5769546883720931 0.733902084375 0.5565859372093023 0.734535415625 0.5565859372093023 0.75221875 0.5987437488372093 0.7440083343749999 0.5963750000000001 0.731377084375 0.5769546883720931 0.733902084375