2 0.3329562511627907 0.811247915625 0.33799531162790697 0.798289584375 0.3235968744186047 0.802129165625 0.30919843720930235 0.805008334375 0.29731874883720927 0.8035687499999999 0.29731874883720927 0.811247915625 0.3106375 0.81316875 0.3235968744186047 0.809808334375 0.3329562511627907 0.811247915625
2 0.43272187441860466 0.8030520843750001 0.41508437441860463 0.8092916656250001 0.3938468744186046 0.8092916656250001 0.39528593720930233 0.8212895843749999 0.41148437441860464 0.8212895843749999 0.43272187441860466 0.8150499999999999 0.43272187441860466 0.8030520843750001
2 0.5136296883720931 0.824075 0.49167187441860466 0.821195834375 0.49167187441860466 0.831275 0.5294687511627907 0.8298333343750001 0.5301875 0.820714584375 0.5136296883720931 0.824075
2 0.6248312488372093 0.82269375 0.6071921883720931 0.8265333343749999 0.5841546883720931 0.824133334375 0.5859546883720931 0.8370916656249999 0.6046734372093022 0.8346916656250001 0.624470311627907 0.8366125 0.6248312488372093 0.82269375
0 0.299467188372093 0.746914584375 0.3005468744186046 0.758433334375 0.3325828116279069 0.756035415625 0.3318640627906977 0.74595625 0.299467188372093 0.746914584375
0 0.300975 0.770322915625 0.30133437441860467 0.782320834375 0.33301250000000004 0.778002084375 0.33157187441860464 0.76744375 0.300975 0.770322915625
0 0.4175906255813953 0.754058334375 0.3970734372093023 0.7535791656249999 0.3970734372093023 0.766058334375 0.42839062558139535 0.761258334375 0.427670311627907 0.7502187499999999 0.4175906255813953 0.754058334375
0 0.4179640627906977 0.774679165625 0.39816718837209303 0.775158334375 0.3978062511627907 0.7876375 0.4287640627906977 0.7828375000000001 0.4287640627906977 0.77131875 0.4179640627906977 0.774679165625
0 0.49495312558139537 0.765633334375 0.49495312558139537 0.775233334375 0.5266312488372094 0.775233334375 0.5262703116279069 0.767554165625 0.49495312558139537 0.765633334375
0 0.4953281255813954 0.788135415625 0.4953281255813954 0.7986958343749999 0.525925 0.796295834375 0.525925 0.788616665625 0.4953281255813954 0.788135415625
0 0.5875218744186047 0.768883334375 0.5875218744186047 0.780402084375 0.6181187511627907 0.777522915625 0.6181187511627907 0.768883334375 0.5875218744186047 0.768883334375
0 0.589642188372093 0.7924562500000001 0.5892812488372093 0.803975 0.6195187488372093 0.800614584375 0.6202390627906976 0.791975 0.589642188372093 0.7924562500000001
6 0.315982811627907 0.7214583343750001 0.29942343720930237 0.720979165625 0.29978437441860467 0.731058334375 0.33254062558139535 0.7267375 0.33254062558139535 0.71761875 0.315982811627907 0.7214583343750001
6 0.292279688372093 0.692566665625 0.2926390627906977 0.702166665625 0.3311562511627907 0.698327084375 0.33187656279069766 0.69016875 0.292279688372093 0.692566665625
6 0.38985781162790695 0.7027041656249999 0.3902187488372093 0.711822915625 0.42693437441860466 0.706064584375 0.42693437441860466 0.696945834375 0.38985781162790695 0.7027041656249999
6 0.42370781162790694 0.721016665625 0.41290937441860465 0.726297915625 0.39347187441860465 0.726297915625 0.3938312488372093 0.737816665625 0.41542968837209304 0.737816665625 0.4265875 0.731577084375 0.42370781162790694 0.721016665625
6 0.5067906255813953 0.714739584375 0.49023281162790694 0.707541665625 0.4913125 0.717620834375 0.5283890627906977 0.720979165625 0.5283890627906977 0.71138125 0.5067906255813953 0.714739584375
6 0.4963812511627907 0.740120834375 0.49494062558139534 0.748760415625 0.526257811627907 0.7497208343749999 0.5258984372093023 0.7425208343749999 0.4963812511627907 0.740120834375
6 0.6054218744186047 0.745825 0.5863437511627907 0.7391062500000001 0.5863437511627907 0.75494375 0.6173000000000001 0.7511041656249999 0.6187406255813953 0.74150625 0.6054218744186047 0.745825
6 0.5997328116279069 0.715716665625 0.582095311627907 0.7137979156250001 0.5817343744186046 0.72675625 0.6213312511627906 0.720995834375 0.6206109372093024 0.7104375 0.5997328116279069 0.715716665625