0 0.34116562558139535 0.788897915625 0.34160312558139533 0.800577084375 0.37182187441860465 0.796489584375 0.37182187441860465 0.788897915625 0.34116562558139535 0.788897915625
0 0.34204062558139536 0.810504165625 0.34204062558139536 0.8210145843750001 0.370945311627907 0.819847915625 0.37182187441860465 0.812839584375 0.34204062558139536 0.810504165625
0 0.4563468744186046 0.78773125 0.4563468744186046 0.79590625 0.48612812558139534 0.793570834375 0.48612812558139534 0.7830583343749999 0.4563468744186046 0.78773125
0 0.45766093720930234 0.807585415625 0.45766093720930234 0.819847915625 0.49006875116279075 0.8175125 0.48700312558139536 0.806416665625 0.45766093720930234 0.807585415625
0 0.6061265627906977 0.792402084375 0.6048125 0.803497915625 0.636345311627907 0.802329165625 0.636345311627907 0.7947375 0.6061265627906977 0.792402084375
0 0.6061265627906977 0.812839584375 0.6061265627906977 0.8256875000000001 0.6367828116279071 0.8256875000000001 0.6367828116279071 0.815760415625 0.6061265627906977 0.812839584375
0 0.7287531255813953 0.782475 0.7287531255813953 0.791235415625 0.7598484372093023 0.7947375 0.7602859372093024 0.7853958343749999 0.7287531255813953 0.782475
0 0.7287531255813953 0.80408125 0.7283156255813954 0.815175 0.7585343744186046 0.815175 0.7598484372093023 0.807 0.7287531255813953 0.80408125
6 0.342479688372093 0.8361979156249999 0.342479688372093 0.843204165625 0.3713843744186046 0.8455395843750001 0.37182187441860465 0.8367812499999999 0.342479688372093 0.8361979156249999
6 0.37620156279069766 0.8665625 0.3595593744186047 0.867729165625 0.3394140627906977 0.8636416656250001 0.3385375 0.8735687499999999 0.3569312488372093 0.8770729156250001 0.3766390627906977 0.876489584375 0.37620156279069766 0.8665625
6 0.45941249999999995 0.8338625000000001 0.458975 0.844372915625 0.488754688372093 0.844372915625 0.488754688372093 0.8332770843749999 0.45941249999999995 0.8338625000000001
6 0.475617188372093 0.865979165625 0.4559093744186047 0.8636416656250001 0.4563468744186046 0.8747375 0.4922593744186046 0.8735687499999999 0.49401093720930234 0.8613062499999999 0.475617188372093 0.865979165625
6 0.6056890627906977 0.8402854156249999 0.60525 0.8513791656249999 0.6354687488372093 0.850795834375 0.6354687488372093 0.842620834375 0.6056890627906977 0.8402854156249999
6 0.6398484372093024 0.8729854156249999 0.6214546883720931 0.8729854156249999 0.6026234372093023 0.870066665625 0.6013093744186047 0.882329165625 0.6293375 0.88174375 0.6398484372093024 0.881160415625 0.6398484372093024 0.8729854156249999
6 0.7278765627906977 0.829775 0.7265640627906977 0.8420375 0.757220311627907 0.8437895843750001 0.7585343744186046 0.8356145843749999 0.7278765627906977 0.829775
6 0.7440812488372093 0.864227084375 0.7213078116279069 0.8583875000000001 0.7213078116279069 0.868897915625 0.7607234372093024 0.8718187500000001 0.7607234372093024 0.864227084375 0.7440812488372093 0.864227084375
2 0.37445 0.75503125 0.3613109372093023 0.759702084375 0.338975 0.75503125 0.3363468744186046 0.764372915625 0.355179688372093 0.769045834375 0.3779531255813954 0.765541665625 0.37445 0.75503125
2 0.4747406255813953 0.7556145843750001 0.451967188372093 0.752110415625 0.452404688372093 0.7649583343749999 0.4905062488372093 0.763789584375 0.4896312488372093 0.75094375 0.4747406255813953 0.7556145843750001
2 0.6289 0.764372915625 0.6232062488372092 0.76086875 0.6017468744186046 0.759702084375 0.6008703116279069 0.773133334375 0.6433531255813953 0.771964584375 0.6420390627906977 0.7626208343750001 0.6289 0.764372915625
2 0.7462718744186047 0.750358334375 0.726125 0.74860625 0.7248109372093023 0.758533334375 0.7651031255813954 0.761454165625 0.765979688372093 0.753279165625 0.7462718744186047 0.750358334375