6 0.277892188372093 0.505604165625 0.27873437441860466 0.513466665625 0.3200031255813954 0.5100958343750001 0.319582811627907 0.499989584375 0.277892188372093 0.505604165625
6 0.31817656279069767 0.530964584375 0.3059656255813954 0.534895834375 0.2853312488372093 0.531527084375 0.2853312488372093 0.542195834375 0.31270312558139535 0.5410708343749999 0.3190187511627907 0.5393875 0.31817656279069767 0.530964584375
6 0.44265 0.503839584375 0.441807811627907 0.495979165625 0.4237 0.50159375 0.4022234372093023 0.503839584375 0.4018031255813953 0.5128250000000001 0.42159531162790703 0.50833125 0.4397031255813953 0.506647915625 0.44265 0.503839584375
6 0.4366156255813954 0.5243270843750001 0.42440312558139537 0.5293812499999999 0.406295311627907 0.528258334375 0.406295311627907 0.540610415625 0.42735156279069764 0.5366791656250001 0.437879688372093 0.53275 0.4366156255813954 0.5243270843750001
6 0.5586406255813954 0.509747915625 0.5375843744186046 0.501325 0.5375843744186046 0.5136791656249999 0.5759062488372093 0.519854165625 0.5759062488372093 0.507502084375 0.5586406255813954 0.509747915625
6 0.5599609372093023 0.541845834375 0.5401687511627907 0.5328625 0.5405890627906976 0.54353125 0.5717515627906977 0.546339584375 0.5717515627906977 0.538477084375 0.5599609372093023 0.541845834375
6 0.6804843744186045 0.533183334375 0.6585875000000001 0.526445834375 0.6577453116279071 0.5382374999999999 0.6977500000000001 0.543852084375 0.697329688372093 0.533745834375 0.6804843744186045 0.533183334375
6 0.6770765627906977 0.5615812499999999 0.6606531255813953 0.5548437500000001 0.6598109372093023 0.5660729156250001 0.6922375000000001 0.5716875 0.6918156255813954 0.5615812499999999 0.6770765627906977 0.5615812499999999
0 0.6577843744186047 0.582125 0.6577843744186047 0.593354165625 0.6906312511627907 0.5978458343749999 0.6906312511627907 0.5888625000000001 0.6577843744186047 0.582125
0 0.6753187511627907 0.609664584375 0.6580531255813954 0.60685625 0.6572109372093023 0.616402084375 0.6900578116279069 0.617525 0.6892156255813954 0.6107875 0.6753187511627907 0.609664584375
0 0.5578859372093024 0.564797915625 0.5402 0.559183334375 0.5397781255813954 0.569289584375 0.5700984372093023 0.57378125 0.5713625 0.564797915625 0.5578859372093024 0.564797915625
0 0.554195311627907 0.586108334375 0.5394562511627907 0.582739584375 0.5394562511627907 0.5934083343750001 0.5710406255813953 0.59453125 0.569354688372093 0.584425 0.554195311627907 0.586108334375
0 0.43917343720930235 0.551254165625 0.4269609372093023 0.555183334375 0.40885312558139536 0.555183334375 0.41011562558139536 0.565289584375 0.4265390627906977 0.565852084375 0.44127812558139534 0.5602375 0.43917343720930235 0.551254165625
0 0.442475 0.571975 0.42984218837209304 0.576466665625 0.41004999999999997 0.5770291656250001 0.4104703116279069 0.5876958343750001 0.43068437441860463 0.5871354156249999 0.44037031162790696 0.583204165625 0.442475 0.571975
0 0.31778906279069763 0.557470834375 0.30768281162790695 0.55859375 0.28662812558139533 0.559716665625 0.28662812558139533 0.570945834375 0.30515624883720927 0.570945834375 0.31905312558139537 0.566454165625 0.31778906279069763 0.557470834375
0 0.3198562488372093 0.579860415625 0.3076437488372093 0.580420834375 0.28743124883720933 0.58210625 0.28700937441860463 0.593335415625 0.30638125116279075 0.593335415625 0.31943437441860467 0.589966665625 0.3198562488372093 0.579860415625
2 0.31172500000000003 0.62425625 0.321879688372093 0.62366875 0.32497031162790696 0.608952084375 0.310842188372093 0.613072915625 0.283029688372093 0.61719375 0.283029688372093 0.625433334375 0.295832811627907 0.626610415625 0.30510312558139535 0.620725 0.31172500000000003 0.62425625
2 0.4478312511627907 0.602370834375 0.42870781162790694 0.609975 0.40925 0.6095291656249999 0.40925 0.61936875 0.4290437511627907 0.622052084375 0.4485015627906977 0.614002084375 0.4478312511627907 0.602370834375
2 0.5540515627906977 0.6187875 0.534929688372093 0.612972915625 0.5332515627906976 0.624602084375 0.5725031255813954 0.626391665625 0.5735093744186046 0.617891665625 0.5540515627906977 0.6187875
2 0.6889593744186046 0.653227084375 0.6909718744186046 0.6442812499999999 0.6745343744186046 0.643833334375 0.6537343744186046 0.634439584375 0.652392188372093 0.646964584375 0.668495311627907 0.6492020843749999 0.6825859372093024 0.655016665625 0.6889593744186046 0.653227084375