3 0.3247890627906977 0.536204165625 0.32339531162790697 0.552002084375 0.3561531255813954 0.557579165625 0.35789531162790694 0.54456875 0.3247890627906977 0.536204165625
3 0.397275 0.47347708437499997 0.39622968837209305 0.489739584375 0.42829062558139536 0.492527084375 0.4286390627906977 0.47765833437499994 0.397275 0.47347708437499997
3 0.450942188372093 0.56083125 0.4512906255813953 0.573841665625 0.48509374883720935 0.570589584375 0.48474531162790696 0.558508334375 0.450942188372093 0.56083125
8 0.45372968837209304 0.608689584375 0.454775 0.622164584375 0.48753281162790696 0.61751875 0.48579062558139535 0.60683125 0.45372968837209304 0.608689584375
9 0.4523359372093024 0.636104165625 0.45268437441860465 0.6514375 0.493457811627907 0.642608334375 0.49136562558139535 0.63099375 0.4523359372093024 0.636104165625
9 0.3310625 0.460466665625 0.32897187441860465 0.4758 0.3680015627906976 0.48695208437500004 0.37009218837209307 0.474870834375 0.3310625 0.460466665625
9 0.3965781255813953 0.39866875 0.3958812511627907 0.41121458437499997 0.4370015627906977 0.415860415625 0.4383968744186047 0.405172915625 0.3965781255813953 0.39866875
8 0.3993656255813953 0.427477084375 0.39901718837209305 0.43909374999999995 0.4324718744186047 0.442345834375 0.4335171883720931 0.43119375 0.3993656255813953 0.427477084375
8 0.329320311627907 0.488345834375 0.3286234372093023 0.500891665625 0.361729688372093 0.510185415625 0.3634718744186046 0.49903333437499997 0.329320311627907 0.488345834375
2 0.39041875116279073 0.5103500000000001 0.3893625 0.523372915625 0.430542188372093 0.527947915625 0.4308062511627907 0.5156291656249999 0.39041875116279073 0.5103500000000001
2 0.44558906279069765 0.526541665625 0.4458531255813954 0.5371 0.48571250000000005 0.53358125 0.4859765627906977 0.520910415625 0.44558906279069765 0.526541665625
2 0.3159781255813954 0.571591665625 0.31386562558139536 0.5839125000000001 0.35398906279069764 0.595527084375 0.35715781162790694 0.5842625 0.3159781255813954 0.571591665625
0 0.32732812558139535 0.513166665625 0.3270640627906977 0.527245834375 0.35953281162790696 0.5349875 0.3608531255813953 0.523372915625 0.32732812558139535 0.513166665625
0 0.3983375 0.45122083437500005 0.397017188372093 0.46565 0.4300140627906977 0.468466665625 0.430542188372093 0.457908334375 0.3983375 0.45122083437500005
0 0.4521875 0.586022915625 0.452979688372093 0.595879165625 0.4854484372093023 0.592358334375 0.484920311627907 0.582504165625 0.4521875 0.586022915625