9 0.5361625 0.447814584375 0.5321156255813954 0.44073124999999996 0.511629688372093 0.45995208437499996 0.5022734372093023 0.468720834375 0.505307811627907 0.476477084375 0.5199765627906977 0.461639584375 0.5361625 0.447814584375
9 0.5632234372093023 0.394870834375 0.5586703116279069 0.38711666562499997 0.5402093744186046 0.40599999999999997 0.530345311627907 0.41476666562500003 0.5348984372093023 0.42286041562500004 0.5536125 0.403977084375 0.5632234372093023 0.394870834375
9 0.6165859372093023 0.36856875 0.6127937488372093 0.36283750000000003 0.592307811627907 0.385766665625 0.584467188372093 0.394197915625 0.5892734372093023 0.399929165625 0.6054593744186046 0.38306874999999996 0.6165859372093023 0.36856875
8 0.5240234372093023 0.42724375 0.5194703116279069 0.418139584375 0.5070781255813954 0.42892916562499994 0.4946859372093023 0.44140625 0.49847968837209305 0.450510415625 0.511629688372093 0.43668541562499996 0.5240234372093023 0.42724375
8 0.53945 0.386441665625 0.5495656255813953 0.374977084375 0.5462781255813953 0.366545834375 0.5326218744186046 0.379360415625 0.5230109372093024 0.389814584375 0.5214937488372093 0.3915 0.5262984372093023 0.39891875 0.53945 0.386441665625
8 0.6036890627906977 0.349347915625 0.5983781255813954 0.343279165625 0.5859843744186046 0.35676666562500003 0.5758687488372093 0.367895834375 0.5796625 0.37565 0.5940781255813954 0.3621625 0.6036890627906977 0.349347915625
3 0.5055609372093023 0.389477084375 0.5015140627906977 0.38037083437499997 0.48684531162790695 0.390825 0.47824687441860464 0.403977084375 0.48153437441860464 0.41274375 0.495192188372093 0.399591665625 0.5055609372093023 0.389477084375
3 0.5321156255813954 0.335185415625 0.5262984372093023 0.327429165625 0.512642188372093 0.34024375 0.5035375000000001 0.351370834375 0.5078375 0.360477084375 0.522 0.346314584375 0.5321156255813954 0.335185415625
3 0.5832031255813953 0.313266665625 0.5791562511627907 0.3048375 0.5665109372093023 0.31562708437500003 0.5566484372093023 0.327766665625 0.5622109372093023 0.337545834375 0.5766281255813953 0.32506875 0.5832031255813953 0.313266665625
0 0.5104124999999999 0.39936875 0.4854515627906977 0.42155624999999997 0.48737187441860463 0.432222915625 0.49889218837209304 0.418995834375 0.513292188372093 0.40747708437499996 0.5104124999999999 0.39936875
0 0.5369734372093022 0.3468875 0.5129718744186047 0.369502084375 0.514892188372093 0.380595834375 0.5264125 0.368222915625 0.5398531255813953 0.35499583437500004 0.5369734372093022 0.3468875
0 0.5648140627906977 0.34731458437499996 0.5692937488372093 0.356702084375 0.5948937511627908 0.331954165625 0.591375 0.3276875 0.5648140627906977 0.34731458437499996
2 0.49281250000000004 0.345608334375 0.4809718744186046 0.355422915625 0.45697031162790697 0.374195834375 0.4617718744186046 0.385716665625 0.47169062558139535 0.37078125 0.4950515627906977 0.355422915625 0.49281250000000004 0.345608334375
2 0.517132811627907 0.294833334375 0.484492188372093 0.323847915625 0.48705156279069767 0.33238124999999996 0.5001718744186047 0.31958125000000004 0.520332811627907 0.30379375 0.517132811627907 0.294833334375
2 0.5686531255813954 0.273927084375 0.5526531255813953 0.286727084375 0.5369734372093022 0.302514584375 0.5408125 0.311047915625 0.558732811627907 0.298247915625 0.5715343744186047 0.27819375 0.5686531255813954 0.273927084375