9 0.5313062511627907 0.46783125 0.5136843744186046 0.4713375 0.5018484372093023 0.470285415625 0.5044781255813954 0.48010416562499997 0.5221 0.478352084375 0.5420906255813954 0.47449375 0.540775 0.46292083437500003 0.5313062511627907 0.46783125
8 0.5397234372093023 0.49132708437500006 0.509475 0.49904166562499996 0.5086859372093023 0.508160415625 0.5399859372093023 0.50325 0.5397234372093023 0.49132708437500006
3 0.544720311627907 0.5456854156250001 0.544720311627907 0.535164584375 0.5284125000000001 0.541827084375 0.5142093744186046 0.543229165625 0.5139468744186046 0.552347915625 0.5297281255813954 0.551647915625 0.544720311627907 0.5456854156250001
9 0.6365156255813954 0.445735415625 0.6349374999999999 0.43591666562500003 0.6102140627906977 0.445735415625 0.5999562488372092 0.45064583437500005 0.6015343744186047 0.46221875 0.618367188372093 0.45485416562500003 0.6365156255813954 0.445735415625
8 0.6294140627906977 0.422589584375 0.6280984372093024 0.410316665625 0.6112656255813954 0.418733334375 0.5986406255813953 0.420135415625 0.5983781255813954 0.4338125 0.6162625 0.426797915625 0.6294140627906977 0.422589584375
3 0.6039015627906976 0.3706875 0.5899609372093023 0.37770208437499997 0.5928531255813954 0.388222915625 0.6036374999999999 0.385766665625 0.6215234372093024 0.37770208437499997 0.6194187488372093 0.368583334375 0.6039015627906976 0.3706875
3 0.8075187511627907 0.26609791562499996 0.8169765627906976 0.262 0.8124843744186047 0.249072915625 0.7947500000000001 0.258847915625 0.7836359372093024 0.26704374999999997 0.7852906255813953 0.27934166562499996 0.8004249999999999 0.271772915625 0.8075187511627907 0.26609791562499996
8 0.7871828116279069 0.2166 0.7711031255813954 0.22763333437500002 0.775595311627907 0.23709375000000002 0.7857640627906978 0.22795 0.804917188372093 0.2194375 0.8006609372093023 0.21123958437499998 0.7871828116279069 0.2166
9 0.786 0.185070834375 0.7599890627906977 0.201466665625 0.7644828116279069 0.21218541562499998 0.775595311627907 0.20241250000000002 0.799242188372093 0.18916875 0.7964046883720931 0.179710415625 0.786 0.185070834375
2 0.5536125 0.5701729156249999 0.5375171883720931 0.5762666656250001 0.513275 0.5797104156249999 0.5148640627906976 0.589514584375 0.527779688372093 0.589514584375 0.5528187488372093 0.58341875 0.5536125 0.5701729156249999
0 0.510095311627907 0.519566665625 0.510492188372093 0.531754165625 0.544075 0.526189584375 0.5432796883720931 0.5137375 0.510095311627907 0.519566665625
0 0.62515 0.38868125 0.6128296883720931 0.39344999999999997 0.5937531255813954 0.398485415625 0.5943484372093023 0.408552084375 0.6128296883720931 0.405372915625 0.6271359372093023 0.39795416562499997 0.62515 0.38868125
2 0.5792468744186047 0.35476874999999997 0.5947468744186046 0.34735 0.6199828116279069 0.340725 0.616604688372093 0.329333334375 0.597925 0.33595625 0.5764640627906977 0.34390416562500004 0.5792468744186047 0.35476874999999997
2 0.8290281255813954 0.287470834375 0.8268421883720931 0.281377084375 0.805182811627907 0.293035415625 0.7876968744186046 0.306547915625 0.7942531255813954 0.316614584375 0.8093562511627908 0.303366665625 0.8294250000000001 0.29276875 0.8290281255813954 0.287470834375
0 0.8079640627906978 0.22838750000000002 0.7912734372093023 0.237395834375 0.7771640627906976 0.24666875 0.7799468744186047 0.25620625 0.790875 0.24931874999999998 0.8119390627906977 0.239514584375 0.8079640627906978 0.22838750000000002