3 0.7177515627906976 0.674239584375 0.7216718744186047 0.687829165625 0.7518562488372093 0.6747625 0.7483281255813954 0.6596062500000001 0.7177515627906976 0.674239584375
3 0.5107765627906977 0.731733334375 0.509992188372093 0.744277084375 0.5421359372093023 0.74323125 0.5425281255813953 0.729120834375 0.5107765627906977 0.731733334375
3 0.367304688372093 0.8529916656250001 0.36455937441860464 0.8650125 0.395920311627907 0.8754666656250001 0.39866406279069766 0.8639687500000001 0.367304688372093 0.8529916656250001
8 0.40415156279069764 0.820064584375 0.37279218837209305 0.8090875000000001 0.37122343720930234 0.8184958343750001 0.387295311627907 0.82738125 0.4025843744186046 0.8284270843750001 0.40415156279069764 0.820064584375
8 0.509992188372093 0.682079165625 0.5103843744186046 0.6956687500000001 0.5417437511627907 0.694102084375 0.5417437511627907 0.681558334375 0.509992188372093 0.682079165625
8 0.7295125 0.721279165625 0.7314718744186047 0.733302084375 0.7624406255813954 0.7197125 0.759304688372093 0.708735415625 0.7295125 0.721279165625
9 0.3743593744186047 0.7813875 0.37200781162790697 0.794454165625 0.411207811627907 0.8059520843750001 0.4135593744186047 0.7923625000000001 0.3743593744186047 0.7813875
9 0.5060718744186047 0.6554249999999999 0.5068562488372093 0.6690125 0.5456640627906977 0.6674458343749999 0.5456640627906977 0.654379165625 0.5060718744186047 0.6554249999999999
9 0.7302968744186046 0.7505499999999999 0.733432811627907 0.76309375 0.772632811627907 0.743754165625 0.7698875000000001 0.735391665625 0.7302968744186046 0.7505499999999999
0 0.36967968837209303 0.83031875 0.36738437441860466 0.843947915625 0.40076406279069765 0.852016665625 0.40264218837209304 0.8411666656250001 0.36967968837209303 0.83031875
2 0.35737031162790694 0.883727084375 0.35319843720930233 0.9037541656249999 0.393254688372093 0.91488125 0.39659218837209304 0.900416665625 0.35737031162790694 0.883727084375
2 0.506745311627907 0.7680104156249999 0.5077875 0.779970834375 0.5476343744186046 0.781083334375 0.5486781255813953 0.7680104156249999 0.506745311627907 0.7680104156249999
0 0.5094562511627907 0.709595834375 0.509875 0.721 0.5432531255813954 0.7198875 0.5432531255813954 0.705702084375 0.5094562511627907 0.709595834375
0 0.7239218744186047 0.6979124999999999 0.7270500000000001 0.709595834375 0.7575093744186047 0.69624375 0.754379688372093 0.685952084375 0.7239218744186047 0.6979124999999999
2 0.7047281255813954 0.64339375 0.708692188372093 0.6561874999999999 0.7487468744186047 0.638385415625 0.7460359372093024 0.626702084375 0.7047281255813954 0.64339375