3 0.346829688372093 0.582758334375 0.3347062488372093 0.578320834375 0.31481562558139536 0.5703437499999999 0.3123593744186046 0.58085625 0.324007811627907 0.5894125 0.34516562558139535 0.5960687499999999 0.346829688372093 0.582758334375
8 0.3347062488372093 0.6404395843749999 0.33708281162790693 0.6299812499999999 0.3297140627906977 0.6277625 0.3135468744186046 0.620789584375 0.30381718837209304 0.616710415625 0.3021359372093023 0.625227084375 0.3106937488372093 0.6315666656250001 0.32162968837209305 0.638220834375 0.3347062488372093 0.6404395843749999
9 0.33185312558139535 0.6715 0.3347062488372093 0.6594562500000001 0.32020468837209304 0.655654165625 0.30570156279069766 0.6464624999999999 0.2937125 0.6404875 0.29119999999999996 0.651216665625 0.303325 0.658189584375 0.31687499999999996 0.666429165625 0.33185312558139535 0.6715
9 0.5202218744186047 0.8203458343750001 0.5202218744186047 0.807352084375 0.5119 0.8092541656250001 0.4966859372093023 0.805766665625 0.4800687511627907 0.7966270843750001 0.478854688372093 0.810204165625 0.4921687511627907 0.814008334375 0.506670311627907 0.8200291656250001 0.5202218744186047 0.8203458343750001
3 0.5272968744186046 0.746325 0.5284859372093024 0.73428125 0.5168359372093023 0.73333125 0.5020968744186046 0.729527084375 0.49522656279069766 0.7248979156249999 0.4935375 0.737133334375 0.5044734372093023 0.7425208343749999 0.5163609372093023 0.746325 0.5272968744186046 0.746325
8 0.5211156255813953 0.791647915625 0.5213531255813953 0.779920834375 0.5118437488372093 0.780870834375 0.4997187511627907 0.77706875 0.4880937511627907 0.773245834375 0.4868812488372093 0.7837229156250001 0.500907811627907 0.78879375 0.5116062511627907 0.792914584375 0.5211156255813953 0.791647915625
9 0.6095609372093023 0.484154165625 0.6076593744186046 0.46989166562499995 0.5991 0.473060415625 0.5800812511627906 0.47622916562500006 0.5668562511627907 0.47602708437499996 0.5686703116279069 0.49080833437500004 0.581745311627907 0.487639584375 0.5969609372093023 0.486054165625 0.6095609372093023 0.484154165625
8 0.6078968744186046 0.49936666562500004 0.593632811627907 0.5 0.572504688372093 0.502975 0.5741375 0.516164584375 0.590304688372093 0.51204375 0.6078968744186046 0.509191665625 0.6078968744186046 0.49936666562500004
3 0.6117 0.5459562499999999 0.5971984372093023 0.548808334375 0.5824593744186046 0.551977084375 0.576070311627907 0.55171875 0.577704688372093 0.5633874999999999 0.5919687511627907 0.559902084375 0.6117 0.557683334375 0.6117 0.5459562499999999
2 0.36229687441860464 0.551408334375 0.343557811627907 0.546997915625 0.32004218837209303 0.53328125 0.31765312558139536 0.544547915625 0.331982811627907 0.55263125 0.35843906279069765 0.56365625 0.36229687441860464 0.551408334375
0 0.31250937441860466 0.5925604156250001 0.308282811627907 0.603339584375 0.3397 0.61828125 0.3415375 0.606279165625 0.31250937441860466 0.5925604156250001
0 0.5236046883720931 0.757664584375 0.5103765627906977 0.75741875 0.493842188372093 0.748845834375 0.49182031162790696 0.759379165625 0.5050484372093024 0.7662375 0.5226859372093023 0.767708334375 0.5236046883720931 0.757664584375
2 0.535729688372093 0.7096520843749999 0.5370156255813954 0.69911875 0.5195625 0.698139584375 0.4962296883720931 0.687116665625 0.49641406279069766 0.70034375 0.509825 0.704997915625 0.5258093744186046 0.7094083343750001 0.535729688372093 0.7096520843749999
2 0.618220311627907 0.593785415625 0.616567188372093 0.583497915625 0.5956234372093023 0.5837416656250001 0.5765156255813954 0.587170834375 0.5767 0.593295834375 0.578720311627907 0.6008895843750001 0.6011343744186046 0.597214584375 0.618220311627907 0.593785415625
0 0.5750468744186046 0.52838125 0.5757812511627907 0.540139584375 0.608482811627907 0.534995834375 0.6077484372093023 0.5232375 0.5750468744186046 0.52838125