3 0.47799843720930235 0.4429 0.48017031162790696 0.45544375 0.5098406255813953 0.443864584375 0.507307811627907 0.43035625 0.47799843720930235 0.4429
3 0.4049062488372093 0.545664584375 0.405267188372093 0.557725 0.43855781162790697 0.551935415625 0.43711093720930233 0.54035625 0.4049062488372093 0.545664584375
3 0.6169484372093023 0.504654165625 0.6205656255813953 0.5147875 0.6491515627906977 0.496452084375 0.6451718744186046 0.486804165625 0.6169484372093023 0.504654165625
8 0.6296125 0.5471125 0.6328687488372092 0.55965625 0.6632640627906977 0.541322915625 0.6596453116279071 0.531672915625 0.6296125 0.5471125
8 0.4642484372093023 0.401889584375 0.46786718837209307 0.412022915625 0.4982625 0.397547915625 0.4950062488372093 0.386933334375 0.4642484372093023 0.401889584375
8 0.39875468837209305 0.49983125 0.40092500000000003 0.5099625 0.4334921883720931 0.503208334375 0.43276874883720934 0.49162916562500003 0.39875468837209305 0.49983125
9 0.39224062558139533 0.472329165625 0.39368906279069765 0.484391665625 0.4334921883720931 0.476189584375 0.43204374883720925 0.464127084375 0.39224062558139533 0.472329165625
9 0.45447812558139533 0.3758375 0.45665 0.389345834375 0.4964531255813953 0.36715416562500003 0.49355781162790696 0.357020834375 0.45447812558139533 0.3758375
9 0.6346781255813952 0.576058334375 0.6375734372093024 0.585708334375 0.6730343744186047 0.563033334375 0.668692188372093 0.5529 0.6346781255813952 0.576058334375
0 0.4346359372093023 0.517620834375 0.4230312488372093 0.51911875 0.4024406255813953 0.5256062499999999 0.4035640627906977 0.535089584375 0.41367187441860465 0.5296000000000001 0.4342625 0.52610625 0.4346359372093023 0.517620834375
0 0.4862984372093023 0.41579375 0.47095 0.42377916562499995 0.4728218744186046 0.431766665625 0.504642188372093 0.417789584375 0.5020218744186047 0.40980416562500005 0.4862984372093023 0.41579375
0 0.6405359372093024 0.517120834375 0.6240640627906977 0.526604165625 0.6251875 0.5365875 0.6562593744186046 0.5156229156250001 0.651767188372093 0.5076375 0.6405359372093024 0.517120834375
2 0.6390390627906977 0.454727084375 0.6218187511627907 0.461714584375 0.6019765627906977 0.47419374999999997 0.6031000000000001 0.48218125 0.6180749999999999 0.47469374999999997 0.6420343744186046 0.4632125 0.6390390627906977 0.454727084375
2 0.5218625 0.46421041562500004 0.5087609372093023 0.4702 0.48367812558139534 0.48168125 0.48555 0.49216458437500005 0.4986531255813953 0.48567499999999997 0.5222375 0.475191665625 0.5218625 0.46421041562500004
2 0.4447437511627907 0.575522915625 0.42939531162790695 0.579514584375 0.4084312511627907 0.584008334375 0.406932811627907 0.594989584375 0.4271484372093023 0.5885 0.44699062558139535 0.58450625 0.4447437511627907 0.575522915625