3 0.43836093720930236 0.621672915625 0.44137656279069765 0.634739584375 0.4734156255813953 0.622677084375 0.4700234372093023 0.609610415625 0.43836093720930236 0.621672915625
3 0.7764609372093023 0.55483125 0.7738234372093024 0.56940625 0.8069921883720931 0.57945625 0.810007811627907 0.566891665625 0.7764609372093023 0.55483125
3 0.579707811627907 0.7689229156249999 0.5800843744186047 0.7829958343750001 0.6125 0.777466665625 0.6125 0.7644 0.579707811627907 0.7689229156249999
8 0.4489156255813953 0.6709229156250001 0.45155468837209306 0.680975 0.4832156255813953 0.666902084375 0.48133125116279074 0.654841665625 0.4489156255813953 0.6709229156250001
8 0.584607811627907 0.8171687500000001 0.5831000000000001 0.830235415625 0.6170234372093024 0.8242062499999999 0.6155156255813954 0.811641665625 0.584607811627907 0.8171687500000001
8 0.784 0.5090979156250001 0.7821156255813952 0.5201541656249999 0.8164156255813954 0.531210415625 0.8183 0.519652084375 0.784 0.5090979156250001
9 0.45004687441860464 0.696554165625 0.45155468837209306 0.708614584375 0.493392188372093 0.690522915625 0.490754688372093 0.679466665625 0.45004687441860464 0.696554165625
9 0.583854688372093 0.8453125 0.5842312488372093 0.857375 0.6230546883720931 0.8498354156250001 0.6226765627906977 0.838277084375 0.583854688372093 0.8453125
9 0.7851312488372094 0.479445834375 0.7843765627906977 0.491508334375 0.8239546883720931 0.507589584375 0.8262156255813954 0.495529165625 0.7851312488372094 0.479445834375
0 0.4449593744186046 0.645833334375 0.4458359372093023 0.655760415625 0.48043437441860465 0.641745834375 0.47692968837209304 0.636491665625 0.4449593744186046 0.645833334375
0 0.6034984372093023 0.794154165625 0.5833531255813954 0.794154165625 0.5842281255813954 0.802329165625 0.6148859372093024 0.797658334375 0.6148859372093024 0.788314584375 0.6034984372093023 0.794154165625
0 0.7799937488372093 0.533133334375 0.7778046883720929 0.5430604156250001 0.8110890627906977 0.5529875 0.8115265627906976 0.546564584375 0.7799937488372093 0.533133334375
2 0.7856875 0.5962 0.7686062511627908 0.590360415625 0.7677312488372093 0.600870834375 0.8049562511627907 0.6137166656249999 0.8053953116279069 0.6084625 0.7856875 0.5962
2 0.6122578116279069 0.727585415625 0.5960531255813953 0.734008334375 0.572404688372093 0.734591665625 0.573279688372093 0.747439584375 0.597367188372093 0.742766665625 0.6122578116279069 0.736929165625 0.6122578116279069 0.727585415625
2 0.42963124883720927 0.589777084375 0.4287562488372093 0.602039584375 0.46904687441860465 0.5856895843750001 0.46729531162790694 0.576345834375 0.42963124883720927 0.589777084375