3 0.554575 0.360585415625 0.5510531255813953 0.37519583437500004 0.5804062488372094 0.38928541562499996 0.5854937511627907 0.376239584375 0.554575 0.360585415625
3 0.587842188372093 0.416941665625 0.582754688372093 0.4279 0.6121078116279071 0.44720833437499996 0.6156296883720931 0.43781666562500005 0.587842188372093 0.416941665625
3 0.26809062558139535 0.475910415625 0.26730781162790695 0.48738958437499996 0.2994 0.489477084375 0.30057500000000004 0.47643125 0.26809062558139535 0.475910415625
8 0.26809062558139535 0.5249625 0.26809062558139535 0.5364416656250001 0.3017484372093023 0.5369645843749999 0.3021406255813953 0.5260041656250001 0.26809062558139535 0.5249625
8 0.543225 0.407027084375 0.5404859372093023 0.42111666562499994 0.5702296883720931 0.435729165625 0.5733609372093023 0.42320416562499996 0.543225 0.407027084375
8 0.5721875 0.45868958437499996 0.5682734372093023 0.4670375 0.5980171883720931 0.4879125 0.6019312511627908 0.48164999999999997 0.5721875 0.45868958437499996
9 0.5334406255813954 0.42894375 0.5303109372093023 0.441989584375 0.5694468744186046 0.462864584375 0.5725781255813953 0.45190416562499997 0.5334406255813954 0.42894375
9 0.5580984372093023 0.48060625 0.5541843744186047 0.493129165625 0.592929688372093 0.51765625 0.5964515627906977 0.50513125 0.5580984372093023 0.48060625
9 0.26104531162790695 0.5515749999999999 0.2614375 0.565141665625 0.30527031162790697 0.563577084375 0.304879688372093 0.5505312499999999 0.26104531162790695 0.5515749999999999
0 0.2671125 0.5018875 0.2673359372093023 0.511125 0.300417188372093 0.51023125 0.30019375116279073 0.502483334375 0.2671125 0.5018875
2 0.26241718837209305 0.439597915625 0.26241718837209305 0.44973124999999997 0.30444062558139534 0.45122083437500005 0.30399375116279065 0.43900208437500005 0.26241718837209305 0.439597915625
2 0.5961390627906976 0.344822915625 0.5581406255813953 0.324558334375 0.5556812511627907 0.3352875 0.5655171883720931 0.343333334375 0.5936812511627907 0.35495625 0.5961390627906976 0.344822915625
2 0.6292218744186047 0.405027084375 0.5959156255813953 0.378502084375 0.5889875 0.3919125 0.6030687511627907 0.398766665625 0.6272093744186047 0.41784166562499997 0.6292218744186047 0.405027084375
0 0.578704688372093 0.43900208437500005 0.5757984372093023 0.448241665625 0.6044109372093023 0.467016665625 0.607092188372093 0.45867291562499996 0.578704688372093 0.43900208437500005
0 0.5494234372093023 0.384164584375 0.5476343744186046 0.397277084375 0.5773640627906976 0.40919791562499996 0.578704688372093 0.399364584375 0.5494234372093023 0.384164584375