3 0.22101093720930232 0.5168166656250001 0.2194375 0.506325 0.19785312558139534 0.5117208343749999 0.18638593720930233 0.51471875 0.18818593720930235 0.526110415625 0.20729687441860467 0.5213125 0.22101093720930232 0.5168166656250001
8 0.20765468837209303 0.567983334375 0.219154688372093 0.563383334375 0.22753281162790695 0.56206875 0.22654687441860463 0.551772915625 0.21866093720930233 0.554402084375 0.20568281162790697 0.559658334375 0.19582656279069768 0.5607541656249999 0.19385468837209302 0.56206875 0.19631875116279068 0.571925 0.20765468837209303 0.567983334375
9 0.22424687441860466 0.592295834375 0.23525312558139536 0.589229165625 0.23459687441860463 0.578935415625 0.22260468837209302 0.582002084375 0.20864062558139534 0.587258334375 0.19484062558139534 0.591420834375 0.19582656279069768 0.600620834375 0.21389687441860467 0.59514375 0.22424687441860466 0.592295834375
9 0.4560437511627907 0.278560415625 0.45380624883720927 0.261579165625 0.4519140627906977 0.25355 0.450020311627907 0.237945834375 0.4462343744186047 0.237716665625 0.44537499999999997 0.24551875 0.44675156279069766 0.25263125 0.44847187441860464 0.26226875 0.450020311627907 0.273052084375 0.4507093744186047 0.284985415625 0.4507093744186047 0.293704165625 0.4558718744186046 0.29439166562499997 0.4570765627906977 0.289572915625 0.4560437511627907 0.278560415625
8 0.473942188372093 0.25767916562500004 0.47204843720930234 0.25010625000000003 0.47101562558139537 0.237945834375 0.4653375 0.23863541562499999 0.46499375116279074 0.24643541562500001 0.46602499999999997 0.258366665625 0.46705781162790694 0.264791665625 0.46895156279069766 0.272364584375 0.46998437441860463 0.28544375 0.47790000000000005 0.284985415625 0.4777281255813953 0.27649375 0.47583437441860466 0.26616875 0.473942188372093 0.25767916562500004
3 0.5005859372093023 0.276747915625 0.50865 0.276439584375 0.5084187488372093 0.264154165625 0.5074968744186047 0.253095834375 0.5051937511627907 0.24603125 0.5042718744186047 0.232210415625 0.4969 0.2312875 0.4978218744186046 0.234666665625 0.49828281162790694 0.252175 0.4996656255813954 0.26046874999999997 0.5001265627906977 0.266610415625 0.5005859372093023 0.276747915625
9 0.6587453116279071 0.8242625 0.6709359372093023 0.8315583343749999 0.6749156255813954 0.82525625 0.6617312511627907 0.8172958343750001 0.6540187511627907 0.808008334375 0.6445656255813954 0.793083334375 0.6398390627906976 0.799052084375 0.6480484372093023 0.8116583343749999 0.6587453116279071 0.8242625
8 0.6622281255813954 0.791422915625 0.6709359372093023 0.802370834375 0.6786484372093023 0.808672915625 0.6828765627906977 0.80104375 0.6709359372093023 0.787775 0.6602390627906978 0.7738437499999999 0.6584968744186047 0.771189584375 0.6547656255813953 0.781141665625 0.6622281255813954 0.791422915625
3 0.7032765627906977 0.765220834375 0.6923296883720931 0.7522833343750001 0.6783984372093023 0.7363625 0.6754140627906977 0.744322915625 0.6816328116279069 0.758585415625 0.6895937488372093 0.7685375 0.6990468744186046 0.774839584375 0.7032765627906977 0.765220834375
0 0.19155468837209302 0.535210415625 0.19194374883720933 0.54715 0.22581562558139534 0.53780625 0.2238687511627907 0.5295 0.19155468837209302 0.535210415625
0 0.48943437441860466 0.23365624999999998 0.48227187441860464 0.235564584375 0.48609218837209306 0.28395208437499997 0.49182187441860464 0.279495834375 0.48943437441860466 0.23365624999999998
0 0.6928484372093023 0.78436875 0.6718390627906977 0.7525354156249999 0.6661093744186046 0.76145 0.6775687488372093 0.783095834375 0.6899843744186047 0.790735415625 0.6928484372093023 0.78436875
2 0.7219765627906977 0.740439584375 0.6923718744186046 0.70415 0.6880734372093024 0.7130625 0.6961906255813953 0.72770625 0.7191109372093023 0.749352084375 0.7219765627906977 0.740439584375
2 0.5352750000000001 0.278858334375 0.5333640627906976 0.259122915625 0.5305 0.238747915625 0.5305 0.21964791562500002 0.5228593744186046 0.22092291562500002 0.524292188372093 0.24320624999999998 0.5276343744186046 0.278858334375 0.5352750000000001 0.278858334375
2 0.17925156279069765 0.47703749999999995 0.17816406279069766 0.489616665625 0.2206187488372093 0.477522915625 0.21807812558139536 0.469297915625 0.17925156279069765 0.47703749999999995