9 0.37853437441860466 0.6283770843750001 0.35334531162790694 0.618070834375 0.3417125 0.607954165625 0.3378781255813954 0.616008334375 0.37455625116279073 0.638683334375 0.37853437441860466 0.6283770843750001
8 0.3796156255813954 0.6096083343750001 0.381825 0.599302084375 0.3630437488372093 0.59046875 0.35330312558139537 0.58035625 0.34823906279069766 0.592825 0.37276562558139537 0.608135415625 0.3796156255813954 0.6096083343750001
3 0.3718812511627907 0.5448270843749999 0.36613749999999995 0.537170834375 0.3632375 0.550552084375 0.3756375 0.5622 0.3928734372093023 0.568679165625 0.39618749999999997 0.5569 0.3718812511627907 0.5448270843749999
9 0.4937937511627907 0.613479165625 0.496479688372093 0.605647915625 0.48002500000000003 0.5917749999999999 0.4618406255813953 0.5772 0.4588687488372093 0.587075 0.47733749999999997 0.600725 0.4937937511627907 0.613479165625
8 0.47085937441860465 0.56545625 0.49799062558139534 0.58618125 0.5023562488372093 0.5774541656250001 0.4756593744186047 0.55440625 0.47085937441860465 0.56545625
3 0.490267188372093 0.51368125 0.4865875 0.52575 0.49866249999999995 0.532925 0.513775 0.546797915625 0.5179718744186046 0.5351625 0.490267188372093 0.51368125
3 0.539017188372093 0.696879165625 0.5685843744186047 0.7136875 0.5707671883720931 0.703395834375 0.5423906255813954 0.68325625 0.539017188372093 0.696879165625
8 0.5289515627906977 0.73854375 0.558275 0.75395625 0.5596187511627907 0.7438875 0.5310734372093023 0.727552084375 0.5289515627906977 0.73854375
9 0.521167188372093 0.7526145843750001 0.5190937511627908 0.76426875 0.543667188372093 0.7792416656250001 0.557267188372093 0.78125625 0.5584437488372093 0.771185415625 0.521167188372093 0.7526145843750001
0 0.35914375116279074 0.5602437499999999 0.357425 0.570847915625 0.385795311627907 0.588041665625 0.3879437488372093 0.580016665625 0.35914375116279074 0.5602437499999999
0 0.481867188372093 0.534166665625 0.4769234372093023 0.5470625 0.5074437511627907 0.565116665625 0.5093781255813953 0.557952084375 0.481867188372093 0.534166665625
2 0.49841718837209303 0.47799791562499994 0.49497812558139537 0.488029165625 0.5304406255813954 0.514966665625 0.5321609372093024 0.506083334375 0.49841718837209303 0.47799791562499994
2 0.37053437441860465 0.5026437500000001 0.3673109372093023 0.513533334375 0.405567188372093 0.537604165625 0.409867188372093 0.5270020843750001 0.37053437441860465 0.5026437500000001
2 0.5856765627906977 0.666560415625 0.5667640627906977 0.6622625 0.546775 0.647360415625 0.5446265627906977 0.661116665625 0.56225 0.670860415625 0.5835281255813953 0.67974375 0.5856765627906977 0.666560415625
0 0.5667640627906977 0.72186875 0.5542984372093024 0.716997915625 0.5371031255813953 0.705820834375 0.5325906255813954 0.716997915625 0.5502140627906977 0.72616875 0.5646140627906976 0.73333125 0.5667640627906977 0.72186875