9 0.4630937511627907 0.9256854156250001 0.421729688372093 0.9221812500000001 0.4208187511627907 0.9355604156249999 0.4363562488372093 0.9406166656250001 0.46273281162790697 0.9372458343750001 0.4630937511627907 0.9256854156250001
9 0.5413187511627907 0.832958334375 0.5416812488372093 0.8223625 0.5012343744186046 0.8185854156250001 0.49922500000000003 0.829827084375 0.5165687488372093 0.8334416656249999 0.5339125 0.83368125 0.5413187511627907 0.832958334375
9 0.6184734372093024 0.840616665625 0.6170281255813953 0.83001875 0.596420311627907 0.83368125 0.5768968744186046 0.8315354156250001 0.5767281255813954 0.845002084375 0.5864843744186047 0.8457229156249999 0.6034656255813954 0.845483334375 0.6184734372093024 0.840616665625
9 0.6658062488372094 0.9275625 0.6240734372093024 0.9304520843749999 0.6246156255813954 0.9417729156249999 0.6381656255813953 0.943697915625 0.6677937488372093 0.939122915625 0.6658062488372094 0.9275625
8 0.6614703116279069 0.9005875 0.6275062488372094 0.902514584375 0.6275062488372094 0.9172062499999999 0.6379843744186047 0.9172062499999999 0.662554688372093 0.9164833343750001 0.6614703116279069 0.9005875
8 0.6135953116279069 0.857716665625 0.5802859372093023 0.8586375 0.5810765627906976 0.8716854156249999 0.5883031255813954 0.871445834375 0.612692188372093 0.871927084375 0.6135953116279069 0.857716665625
8 0.5034921883720931 0.8456895843750001 0.5040640627906977 0.859214584375 0.536582811627907 0.8606604156250001 0.5360406255813953 0.851508334375 0.5034921883720931 0.8456895843750001
8 0.42596406279069765 0.894616665625 0.42524218837209304 0.910272915625 0.4601093744186046 0.9131625 0.459025 0.897266665625 0.42596406279069765 0.894616665625
0 0.4592062488372093 0.8806479156250001 0.44041718837209304 0.8820937499999999 0.4264734372093023 0.8749 0.4265062488372093 0.890522915625 0.4371656255813954 0.893172915625 0.45992812558139534 0.8938937499999999 0.4592062488372093 0.8806479156250001
0 0.4278281255813953 0.8520125000000001 0.4263265627906977 0.867883334375 0.4602906255813954 0.868364584375 0.4601093744186046 0.85776875 0.4278281255813953 0.8520125000000001
0 0.503267188372093 0.8700812499999999 0.5040093744186046 0.880889584375 0.5368890627906977 0.8835375000000001 0.5374312511627907 0.87221875 0.503267188372093 0.8700812499999999
0 0.502925 0.89654375 0.503467188372093 0.9083458343749999 0.5374312511627907 0.91003125 0.5379734372093024 0.898229165625 0.502925 0.89654375
0 0.6147687511627907 0.877825 0.5806234372093023 0.8792687499999999 0.5813468744186047 0.895164584375 0.591282811627907 0.895645834375 0.6149484372093023 0.8925166656249999 0.6147687511627907 0.877825
0 0.6135031255813954 0.901908334375 0.5990515627906977 0.906725 0.5820921883720931 0.9053166656249999 0.5804437488372093 0.9199729156249999 0.5921859372093023 0.9202125000000001 0.6145875000000001 0.9180458343750001 0.6135031255813954 0.901908334375
0 0.6257890627906977 0.8619291656250001 0.6265109372093023 0.8739708343749999 0.6606562488372092 0.8746937499999999 0.6599328116279071 0.85855625 0.6257890627906977 0.8619291656250001
0 0.627595311627907 0.885772915625 0.628317188372093 0.8995 0.660475 0.895164584375 0.6597531255813954 0.883364584375 0.627595311627907 0.885772915625
2 0.4250640627906977 0.8204437499999999 0.4250640627906977 0.839229165625 0.4649906255813953 0.8433229156250001 0.465532811627907 0.825260415625 0.4250640627906977 0.8204437499999999
2 0.49852343720930237 0.9294083343749999 0.5001437511627908 0.9458125000000001 0.540070311627907 0.945570834375 0.5404312488372093 0.9306395843749999 0.49852343720930237 0.9294083343749999
2 0.6197406255813954 0.9393104156250001 0.6009515627906977 0.9431625 0.5784781255813953 0.9417562500000001 0.5794531255813953 0.956410415625 0.5949906255813954 0.957614584375 0.618295311627907 0.9523145843749999 0.6197406255813954 0.9393104156250001
2 0.6607515627906977 0.8259187499999999 0.6419640627906977 0.829291665625 0.6211875000000001 0.829291665625 0.6219109372093022 0.8466312500000001 0.6379890627906978 0.8468729156249999 0.661475 0.8432604156249999 0.6607515627906977 0.8259187499999999