2 0.426117188372093 0.8178166656249999 0.4259031255813953 0.830325 0.4685781255813954 0.834658334375 0.4689843744186047 0.8192166656250001 0.426117188372093 0.8178166656249999
2 0.542154688372093 0.9257687499999999 0.519357811627907 0.920120834375 0.5191906255813954 0.9420249999999999 0.5606468744186046 0.9420249999999999 0.5610531255813954 0.919808334375 0.542154688372093 0.9257687499999999
2 0.638854688372093 0.814416665625 0.5979031255813954 0.818283334375 0.5982062488372093 0.831277084375 0.6146453116279069 0.834647915625 0.6395765627906976 0.830554165625 0.638854688372093 0.814416665625
2 0.7119375 0.9203354156250001 0.6718312488372092 0.922020834375 0.6707468744186046 0.938158334375 0.687729688372093 0.940085415625 0.7128406255813954 0.937677084375 0.7119375 0.9203354156250001
0 0.6742437511627907 0.889958334375 0.6738187511627907 0.906366665625 0.7081437488372092 0.9044395843749999 0.708504688372093 0.89215625 0.6742437511627907 0.889958334375
0 0.705795311627907 0.8685541656250001 0.6729156255813954 0.8692770843750001 0.6729156255813954 0.881077084375 0.673095311627907 0.8813187499999999 0.7059765627906978 0.880595834375 0.705795311627907 0.8685541656250001
0 0.6353343744186046 0.850722915625 0.601742188372093 0.8517125 0.6011890627906977 0.864452084375 0.6179906255813954 0.865414584375 0.6356953116279069 0.864452084375 0.6353343744186046 0.850722915625
0 0.602995311627907 0.8791437500000001 0.6033562511627908 0.891185415625 0.6355140627906977 0.890945834375 0.635875 0.879866665625 0.602995311627907 0.8791437500000001
0 0.5225000000000001 0.87035 0.523582811627907 0.88335625 0.5566437511627906 0.885522915625 0.5570062488372093 0.870591665625 0.5225000000000001 0.87035
0 0.523820311627907 0.8932708343750001 0.5228515627906977 0.906725 0.5557312511627907 0.906483334375 0.5559109372093024 0.895645834375 0.523820311627907 0.8932708343750001
0 0.4291843744186047 0.853216665625 0.4283125 0.86625625 0.46245781162790695 0.86794375 0.46317968837209306 0.855179165625 0.4291843744186047 0.853216665625
0 0.428279688372093 0.879116665625 0.42813281162790695 0.891545834375 0.4610125 0.894195834375 0.46028906279069765 0.882635415625 0.428279688372093 0.879116665625
8 0.4606562511627907 0.906545834375 0.4276031255813954 0.9010999999999999 0.4274140627906977 0.9137708343750001 0.43789218837209304 0.9166604156249999 0.4601140627906977 0.9193104156249999 0.4606562511627907 0.906545834375
8 0.522579688372093 0.8498833343750001 0.522942188372093 0.86505625 0.557267188372093 0.8648145843749999 0.5558218744186046 0.8503645843750001 0.522579688372093 0.8498833343750001
8 0.6041140627906977 0.9025166656250001 0.6033921883720931 0.9131125000000001 0.6368140627906976 0.9138354156249999 0.6360906255813954 0.900829165625 0.6041140627906977 0.9025166656250001
8 0.7058265627906977 0.849770834375 0.6724031255813954 0.849770834375 0.6724031255813954 0.8519375 0.6725843744186046 0.8656666656249999 0.706367188372093 0.862777084375 0.7058265627906977 0.849770834375
9 0.7087171883720931 0.823758334375 0.6682484372093024 0.8254458343750001 0.6684296883720929 0.834597915625 0.69065 0.8348375000000001 0.709620311627907 0.8348375000000001 0.7087171883720931 0.823758334375
9 0.5999359372093023 0.929108334375 0.6001406255813954 0.942014584375 0.6427750000000001 0.94225625 0.641692188372093 0.930695834375 0.5999359372093023 0.929108334375
9 0.5596609372093023 0.82525625 0.5188515627906977 0.826414584375 0.5200968744186046 0.8370583343750001 0.533104688372093 0.8377812499999999 0.5602031255813954 0.8382625000000001 0.5596609372093023 0.82525625
9 0.42302343720930236 0.930391665625 0.4217593744186046 0.942675 0.46421406279069766 0.944602084375 0.46421406279069766 0.9328 0.42302343720930236 0.930391665625