3 0.3286687488372093 0.634525 0.33206718837209304 0.620139584375 0.3164765627906977 0.610283334375 0.3002875 0.6022916656249999 0.2960906255813953 0.615079165625 0.3096812488372093 0.624135415625 0.3242718744186046 0.6318604156250001 0.3286687488372093 0.634525
8 0.318475 0.66569375 0.30048749999999996 0.6585 0.2882609372093023 0.647552084375 0.2842984372093023 0.658766665625 0.29569062558139536 0.66835625 0.31627656279069766 0.677147915625 0.318475 0.66569375
9 0.312279688372093 0.7072499999999999 0.31487812558139533 0.694995834375 0.2988890627906977 0.6867375 0.28549687441860466 0.677945834375 0.275445311627907 0.671235415625 0.2709062511627907 0.681410415625 0.28509843720930234 0.6912666656249999 0.29788906279069766 0.701122915625 0.312279688372093 0.7072499999999999
9 0.7610093744186047 0.715883334375 0.7586156255813954 0.703477084375 0.7397312488372093 0.7077312499999999 0.7171218744186048 0.714110415625 0.719517188372093 0.728291665625 0.732017188372093 0.724745834375 0.7487734372093023 0.722264584375 0.7610093744186047 0.715883334375
9 0.9469265627906978 0.534733334375 0.9469265627906978 0.5216166656250001 0.9312343744186047 0.5202 0.9131484372093023 0.5155916656249999 0.9042156255813953 0.513072915625 0.9038390627906977 0.5311895843750001 0.9134140627906977 0.533316665625 0.9296390627906976 0.534025 0.9469265627906978 0.534733334375
8 0.9410749999999999 0.551041665625 0.9211265627906977 0.547141665625 0.906232811627907 0.54536875 0.9057000000000001 0.55565 0.918732811627907 0.558839584375 0.9405437488372093 0.562385415625 0.9410749999999999 0.551041665625
8 0.7487734372093023 0.6790166656250001 0.728825 0.68610625 0.7165906255813953 0.687879165625 0.7184531255813953 0.699577084375 0.732282811627907 0.695322915625 0.7501031255813954 0.689295834375 0.7487734372093023 0.6790166656250001
3 0.9386812488372094 0.59748125 0.9259140627906978 0.595354165625 0.9147437511627907 0.59464375 0.9024203116279069 0.5920625 0.9025093744186046 0.60634375 0.9150093744186046 0.609533334375 0.9386812488372094 0.6113062499999999 0.9386812488372094 0.59748125
3 0.7421249999999999 0.628322915625 0.7256343744186047 0.634704165625 0.7088390627906976 0.640333334375 0.7099406255813954 0.6531374999999999 0.7237718744186046 0.651010415625 0.7453156255813954 0.642502084375 0.7421249999999999 0.628322915625
2 0.3068781255813953 0.5683625 0.30263437441860463 0.579679165625 0.3417890627906977 0.602054165625 0.3462265627906977 0.5889375 0.3068781255813953 0.5683625
0 0.29569062558139536 0.625970834375 0.2914468744186047 0.640116665625 0.3234656255813953 0.655545834375 0.32616562558139534 0.643460415625 0.29569062558139536 0.625970834375
0 0.7140546883720931 0.6632625 0.7159843744186047 0.67560625 0.747617188372093 0.665577084375 0.7458812488372092 0.654775 0.7140546883720931 0.6632625
2 0.699975 0.604883334375 0.701325 0.6198 0.7408656255813953 0.607197915625 0.7399015627906976 0.593825 0.699975 0.604883334375
2 0.8972937511627908 0.6308583343749999 0.8967156255813953 0.6452604156249999 0.9395359372093023 0.646545834375 0.9408859372093024 0.6365166656250001 0.8972937511627908 0.6308583343749999
0 0.9044312511627907 0.56965 0.9065531255813953 0.5835375 0.9395359372093023 0.5871375 0.9397281255813954 0.57299375 0.9044312511627907 0.56965