3 0.3652562511627907 0.27819791562499996 0.33558750000000004 0.294733334375 0.33874843720930237 0.305758334375 0.3689031255813953 0.289220834375 0.3652562511627907 0.27819791562499996
8 0.37717187441860467 0.32229375 0.3477468744186047 0.338829165625 0.3513937488372093 0.34888125 0.3805765627906977 0.33331875 0.37717187441860467 0.32229375
9 0.3864125 0.347260415625 0.35115156279069765 0.368335415625 0.35431250000000003 0.37611875 0.39054687441860464 0.355691665625 0.3864125 0.347260415625
9 0.5661781255813954 0.292827084375 0.531125 0.28893125 0.5297968744186047 0.29849166562499996 0.5656468744186047 0.300970834375 0.5661781255813954 0.292827084375
8 0.535107811627907 0.2645 0.5353734372093023 0.27158125 0.536967188372093 0.27299791562500003 0.5667093744186047 0.27583125000000003 0.5664437488372093 0.265916665625 0.548120311627907 0.264145834375 0.535107811627907 0.2645
3 0.5565171883720931 0.21577708437499998 0.5388593744186047 0.21551874999999998 0.5390531255813954 0.22664374999999998 0.552442188372093 0.227677084375 0.5699062488372093 0.23026458437500003 0.5702937511627907 0.21888125 0.5565171883720931 0.21577708437499998
3 0.6409265627906977 0.2664875 0.651404688372093 0.2620875 0.6512109372093023 0.25355 0.6438375 0.25225624999999996 0.6302546883720931 0.24966875000000002 0.6193875000000001 0.25199791562499996 0.6195812511627907 0.26260625000000004 0.628895311627907 0.265452084375 0.6409265627906977 0.2664875
8 0.6506281255813953 0.310470834375 0.6502406255813954 0.300379165625 0.6205515627906977 0.299085415625 0.6188046883720929 0.298827084375 0.6191937488372092 0.310729165625 0.6506281255813953 0.310470834375
9 0.653345311627907 0.337635415625 0.6537328116279071 0.32806250000000003 0.6281203116279069 0.32806250000000003 0.615895311627907 0.328839584375 0.6147312488372093 0.336860415625 0.6331640627906976 0.336860415625 0.653345311627907 0.337635415625
2 0.3601375 0.244583334375 0.3447890627906977 0.250575 0.32382500000000003 0.263052084375 0.3241984372093023 0.27103958437500003 0.33842500000000003 0.26155625 0.36200937441860465 0.250575 0.3601375 0.244583334375
2 0.5772687488372092 0.18468541562500002 0.5641656255813954 0.181191665625 0.5390843744186047 0.17769791562499998 0.5379609372093024 0.186183334375 0.5506890627906977 0.18768125 0.5776437511627907 0.19466875 0.5772687488372092 0.18468541562500002
2 0.6543875 0.21862916562499998 0.635670311627907 0.21463541562500002 0.615079688372093 0.21463541562500002 0.6139562511627907 0.22861250000000002 0.6382906255813954 0.22411875 0.6543875 0.225616665625 0.6543875 0.21862916562499998
0 0.6330484372093023 0.27603125 0.6195718744186046 0.274533334375 0.6191984372093023 0.284516665625 0.650270311627907 0.286014584375 0.6521421883720929 0.27952499999999997 0.6330484372093023 0.27603125
0 0.5675359372093024 0.244583334375 0.555929688372093 0.240091665625 0.5372125 0.23759583437499998 0.5364625000000001 0.24707916562499999 0.5514375 0.24658125000000003 0.5664125 0.252070834375 0.5675359372093024 0.244583334375
0 0.341420311627907 0.3164625 0.3440406255813953 0.325447915625 0.37511249999999996 0.309475 0.37286562558139535 0.302985415625 0.341420311627907 0.3164625