3 0.5096984372093023 0.551266665625 0.497642188372093 0.550989584375 0.47581562558139534 0.550989584375 0.47685624883720934 0.5642875 0.48828750000000004 0.566227084375 0.5107375 0.5653958343750001 0.5096984372093023 0.551266665625
3 0.5558437488372093 0.620527084375 0.536304688372093 0.624960415625 0.5226281255813954 0.625441665625 0.5227937511627907 0.639366665625 0.53485 0.639366665625 0.555220311627907 0.6327166656250001 0.5558437488372093 0.620527084375
8 0.5101140627906977 0.6016895843750001 0.497642188372093 0.602241665625 0.4758625 0.600502084375 0.47581562558139534 0.612770834375 0.4897437488372093 0.613602084375 0.5099062488372094 0.612216665625 0.5101140627906977 0.6016895843750001
8 0.562495311627907 0.6770437499999999 0.559792188372093 0.666239584375 0.5471125 0.672335415625 0.527070311627907 0.67283125 0.5275734372093024 0.685079165625 0.5375515627906977 0.68535625 0.552725 0.683416665625 0.562495311627907 0.6770437499999999
9 0.47186718837209307 0.628285415625 0.4714515627906977 0.638258334375 0.4810125 0.639920834375 0.500967188372093 0.64130625 0.5148937488372093 0.639089584375 0.5157265627906976 0.6285624999999999 0.5026312511627907 0.630225 0.482675 0.630225 0.47186718837209307 0.628285415625
9 0.5666515627906976 0.6931125 0.5481531255813954 0.70059375 0.5321468744186046 0.700039584375 0.5248718744186046 0.6997625000000001 0.527157811627907 0.7150000000000001 0.545242188372093 0.7111208343750001 0.5689390627906977 0.7047479156249999 0.5666515627906976 0.6931125
9 0.8253437511627907 0.49255833437499996 0.8160953116279069 0.4942375 0.7919218744186046 0.49451875 0.7826718744186046 0.4942375 0.783092188372093 0.509366665625 0.7952843744186047 0.5079666656249999 0.8257640627906977 0.50600625 0.8253437511627907 0.49255833437499996
8 0.8226109372093023 0.5222541656249999 0.8144125000000001 0.520575 0.8015906255813954 0.52029375 0.7874453116279071 0.520252084375 0.787717188372093 0.533741665625 0.8015906255813954 0.5334625 0.8236625 0.5331812499999999 0.8226109372093023 0.5222541656249999
3 0.8245031255813953 0.5687625 0.8108390627906977 0.569604165625 0.795704688372093 0.569322915625 0.7895734372093023 0.568175 0.7896093744186047 0.584452084375 0.802642188372093 0.584452084375 0.8249234372093024 0.583052084375 0.8245031255813953 0.5687625
0 0.5245593744186047 0.6507625 0.5267281255813954 0.66473125 0.559242188372093 0.6555791656250001 0.5577968744186046 0.642575 0.5245593744186047 0.6507625
0 0.4754281255813953 0.57465625 0.4754281255813953 0.587660415625 0.5101093744186046 0.58814375 0.5111937488372092 0.5756187500000001 0.4754281255813953 0.57465625
2 0.47362187441860465 0.514927084375 0.4728984372093023 0.528414584375 0.5158890627906977 0.530339584375 0.5151671883720931 0.515889584375 0.47362187441860465 0.514927084375
2 0.5148062511627908 0.592479165625 0.5166125 0.607410415625 0.5577968744186046 0.59536875 0.555267188372093 0.583808334375 0.5148062511627908 0.592479165625
2 0.7872015627906976 0.607410415625 0.7875625 0.6218604156249999 0.829470311627907 0.619935415625 0.8287468744186046 0.606447915625 0.7872015627906976 0.607410415625
0 0.7882859372093024 0.545754165625 0.790092188372093 0.559722915625 0.8226062488372093 0.558279165625 0.8226062488372093 0.544791665625 0.7882859372093024 0.545754165625