9 0.3605140627906977 0.469145834375 0.358632811627907 0.4847 0.3989 0.49874999999999997 0.401157811627907 0.48670625 0.3605140627906977 0.469145834375
9 0.4937312511627907 0.349225 0.4944843744186046 0.363275 0.5347515627906977 0.362772915625 0.5336218744186046 0.348220834375 0.4937312511627907 0.349225
9 0.7225343744186046 0.44255208437500004 0.7251687511627907 0.45459375 0.7661875 0.43753541562500003 0.7628 0.426495834375 0.7225343744186046 0.44255208437500004
8 0.7214062488372093 0.41746458437499995 0.7244156255813954 0.429004165625 0.75565 0.41495625 0.7526406255813953 0.40241249999999995 0.7214062488372093 0.41746458437499995
8 0.49937656279069764 0.376820834375 0.4986234372093023 0.39036875000000004 0.5317406255813953 0.389866665625 0.5313640627906977 0.37732291562500003 0.49937656279069764 0.376820834375
8 0.3616437488372093 0.501258334375 0.35976250000000004 0.51129375 0.390620311627907 0.520827084375 0.39287812558139534 0.511795834375 0.3616437488372093 0.501258334375
3 0.354117188372093 0.543908334375 0.35261250000000005 0.560466665625 0.3845984372093023 0.56849375 0.3864812488372093 0.554945834375 0.354117188372093 0.543908334375
3 0.500129688372093 0.426495834375 0.500129688372093 0.439039584375 0.5313640627906977 0.439039584375 0.5317406255813953 0.423485415625 0.500129688372093 0.426495834375
3 0.7101156255813953 0.369295834375 0.71275 0.38284375000000004 0.7439843744186047 0.36879375 0.7405984372093024 0.35474375 0.7101156255813953 0.369295834375
0 0.35776406279069767 0.522891665625 0.35543906279069765 0.53498125 0.387054688372093 0.5427291656250001 0.38961250000000003 0.534670834375 0.35776406279069767 0.522891665625
2 0.3824062488372093 0.6041000000000001 0.3838 0.595420834375 0.37217656279069766 0.590152084375 0.36264687441860466 0.589222915625 0.34428125116279074 0.5783750000000001 0.3435843744186046 0.5855020843750001 0.3428859372093023 0.596352084375 0.3698531255813954 0.60193125 0.3824062488372093 0.6041000000000001
2 0.5372281255813953 0.460591665625 0.5139812488372093 0.46214166562500003 0.4956156255813954 0.462452084375 0.4953843744186046 0.47361041562499995 0.5102609372093023 0.475160415625 0.5369953116279069 0.474229165625 0.5372281255813953 0.460591665625
0 0.4981734372093023 0.400770834375 0.4981734372093023 0.41378750000000003 0.5314156255813954 0.413479165625 0.5316484372093023 0.40108125 0.4981734372093023 0.400770834375
0 0.7469109372093022 0.381554165625 0.7359859372093023 0.385891665625 0.7150640627906977 0.393020834375 0.7171562488372093 0.403870834375 0.7371484372093023 0.39643125 0.749932811627907 0.391470834375 0.7469109372093022 0.381554165625
2 0.738775 0.32235208437499996 0.7192484372093024 0.327620834375 0.6997203116279069 0.335060415625 0.6999531255813953 0.342189584375 0.7018125000000001 0.349627084375 0.7411 0.330720834375 0.738775 0.32235208437499996