9 0.3274625 0.469914584375 0.32771406279069765 0.4628875 0.3226937488372093 0.46121458437499996 0.298345311627907 0.46087916562500003 0.28731562558139534 0.46378541562500003 0.28654843720930234 0.474597915625 0.3008562511627907 0.471920834375 0.3274625 0.469914584375
8 0.3247015627906977 0.4916625 0.3189281255813953 0.48898541562500003 0.3048718744186047 0.49065833437500006 0.2928234372093023 0.491329165625 0.29257187441860466 0.502370834375 0.325454688372093 0.500697915625 0.3247015627906977 0.4916625
3 0.31951562558139535 0.544089584375 0.32725156279069767 0.5454104156249999 0.327054688372093 0.53271875 0.3203093744186047 0.531925 0.30245468837209305 0.533245834375 0.294482811627907 0.535397915625 0.29511562558139537 0.54990625 0.31396093720930235 0.548320834375 0.31951562558139535 0.544089584375
9 0.7814890627906977 0.695175 0.7823890627906976 0.68606875 0.7543437488372093 0.6848687499999999 0.7428046883720931 0.680754165625 0.7428374999999999 0.689183334375 0.7521859372093024 0.6927770843750001 0.7814890627906977 0.695175
8 0.7786125 0.657070834375 0.7557812488372092 0.654435415625 0.7475109372093024 0.65395625 0.7473312511627908 0.665697915625 0.762792188372093 0.665697915625 0.7786125 0.666895834375 0.7786125 0.657070834375
3 0.7807703116279069 0.623520834375 0.7820281255813953 0.611777084375 0.767107811627907 0.612735415625 0.749992188372093 0.607385415625 0.7480515627906976 0.618966665625 0.760275 0.620883334375 0.7807703116279069 0.623520834375
9 0.8988171883720931 0.253364584375 0.8980984372093023 0.24353958437499998 0.8772437511627906 0.24497708437500001 0.8648390627906977 0.24881250000000002 0.8589062511627906 0.252645834375 0.8587265627906977 0.26295 0.8817390627906977 0.25504166562499997 0.8988171883720931 0.253364584375
8 0.8968390627906977 0.28547708437499997 0.897020311627907 0.27349583437499997 0.876525 0.276610415625 0.8640906255813954 0.279464584375 0.8641203116279069 0.28859375 0.8801203116279069 0.285716665625 0.8968390627906977 0.28547708437499997
3 0.9018734372093024 0.331010415625 0.9022328116279069 0.31711041562500003 0.894682811627907 0.316870834375 0.8761656255813953 0.3187875 0.868254688372093 0.32214375 0.869154688372093 0.33676249999999996 0.8865921883720931 0.33268749999999997 0.9018734372093024 0.331010415625
0 0.31246874883720926 0.515164584375 0.29496562558139533 0.516029165625 0.2962625 0.5255375 0.326082811627907 0.52035 0.32349062558139535 0.5143 0.31246874883720926 0.515164584375
2 0.30857968837209304 0.573941665625 0.29431718837209303 0.57480625 0.29431718837209303 0.586041665625 0.3332140627906977 0.577397915625 0.32024843720930235 0.570483334375 0.30857968837209304 0.573941665625
0 0.7669109372093024 0.635310415625 0.7513531255813953 0.631854165625 0.7500562488372092 0.6413625 0.7811734372093023 0.6439541656250001 0.7811734372093023 0.637039584375 0.7669109372093024 0.635310415625
2 0.7669109372093024 0.576533334375 0.7500562488372092 0.571347915625 0.7474625 0.5791270843749999 0.7883046883720931 0.5843145843750001 0.7863593744186046 0.5782625 0.7669109372093024 0.576533334375
2 0.886854688372093 0.3565375 0.881379688372093 0.36271458437500004 0.8700093744186047 0.36215416562499997 0.8700093744186047 0.372820834375 0.9112781255813954 0.36215416562499997 0.9100156255813954 0.354854165625 0.886854688372093 0.3565375
0 0.900329688372093 0.29814375000000004 0.8830640627906977 0.300389584375 0.867904688372093 0.301514584375 0.867482811627907 0.311620834375 0.8822218744186047 0.306566665625 0.9011718744186046 0.30600625 0.900329688372093 0.29814375000000004