9 0.4728 0.5011812499999999 0.48802968837209304 0.511335415625 0.4901062511627907 0.5011812499999999 0.45618593720930234 0.482260415625 0.45341718837209305 0.479954165625 0.450995311627907 0.49056875 0.4728 0.5011812499999999
8 0.4804156255813954 0.526564584375 0.4506484372093023 0.5104124999999999 0.447879688372093 0.5214875 0.4783390627906977 0.53625625 0.4804156255813954 0.526564584375
3 0.47037812558139536 0.567175 0.43922656279069766 0.552408334375 0.436457811627907 0.563945834375 0.46657031162790696 0.5810208343750001 0.47037812558139536 0.567175
3 0.48573281162790694 0.829366665625 0.49413437441860464 0.8297812499999999 0.495379688372093 0.8202395843750001 0.4642625 0.8069625 0.46395156279069766 0.8165041656250001 0.4695531255813954 0.8231437500000001 0.48573281162790694 0.829366665625
8 0.4704859372093023 0.8708562499999999 0.4851109372093023 0.873345834375 0.48791093720930234 0.8633875 0.4707968744186046 0.860483334375 0.45803906279069767 0.8526 0.45492812558139534 0.8501104156249999 0.4511937511627907 0.8588250000000001 0.4704859372093023 0.8708562499999999
9 0.46364062558139535 0.8986541656249999 0.482 0.901558334375 0.4844890627906977 0.8916000000000001 0.46488593720930227 0.8886958343750001 0.44745937441860467 0.878739584375 0.44465937441860465 0.87749375 0.44310312558139536 0.8866208343749999 0.46364062558139535 0.8986541656249999
9 0.6332265627906977 0.843472915625 0.6481625 0.8459625000000001 0.6612328116279069 0.843472915625 0.6624765627906977 0.83393125 0.6363390627906976 0.8360041656250001 0.626070311627907 0.8285375 0.6235812488372092 0.82770625 0.623270311627907 0.836835415625 0.6332265627906977 0.843472915625
8 0.6562531255813954 0.870441665625 0.6568765627906977 0.860483334375 0.6388281255813953 0.860897915625 0.626070311627907 0.8567500000000001 0.6248250000000001 0.865877084375 0.6447406255813953 0.8721 0.6562531255813954 0.870441665625
3 0.6413171883720931 0.917322915625 0.6528312511627907 0.917322915625 0.6528312511627907 0.902802084375 0.6500296883720931 0.90570625 0.6329156255813954 0.9069520843750001 0.6245140627906977 0.9007270843749999 0.6223359372093022 0.89906875 0.622025 0.911514584375 0.6413171883720931 0.917322915625
0 0.474457811627907 0.5461166656249999 0.4633937488372093 0.539745834375 0.44503906279069766 0.53069375 0.44202187441860463 0.5410874999999999 0.456604688372093 0.548797915625 0.471942188372093 0.55785 0.474457811627907 0.5461166656249999
2 0.461382811627907 0.615177084375 0.46540625116279066 0.603108334375 0.4473015627906977 0.59875 0.42517656279069765 0.584333334375 0.4226609372093023 0.5876875 0.42341562558139534 0.594391665625 0.4402625 0.60511875 0.461382811627907 0.615177084375
2 0.505132811627907 0.796545834375 0.5061375 0.786822915625 0.485017188372093 0.779447915625 0.46817187441860464 0.76871875 0.46615937441860467 0.7784416656250001 0.4772234372093023 0.787158334375 0.49331406279069767 0.793527084375 0.505132811627907 0.796545834375
2 0.654232811627907 0.95276875 0.6567468744186047 0.944722915625 0.6552390627906977 0.9407 0.6426671883720931 0.9420416656249999 0.6316031255813953 0.9423770843750001 0.6157640627906977 0.931983334375 0.6157640627906977 0.946735415625 0.6288375 0.9500875000000001 0.6421640627906976 0.951764584375 0.654232811627907 0.95276875
0 0.6562437488372094 0.8810270843750001 0.6381406255813953 0.88236875 0.6230546883720931 0.87666875 0.6233062488372093 0.888066665625 0.6409062511627908 0.892425 0.6554906255813954 0.893095834375 0.6562437488372094 0.8810270843750001
0 0.49029687441860464 0.85051875 0.49105156279069767 0.8401270843749999 0.47621718837209304 0.8394562499999999 0.4611312511627907 0.8270520843750001 0.4578625 0.837779165625 0.4646515627906977 0.84415 0.48250312558139535 0.850183334375 0.49029687441860464 0.85051875