3 0.3753109372093023 0.8934354156250001 0.37184843720930233 0.8799812499999999 0.36002031162790693 0.889975 0.351075 0.8949729156249999 0.3411062488372093 0.899004165625 0.34357343720930233 0.910735415625 0.35597968837209304 0.906120834375 0.3689640627906977 0.8984333343750001 0.3753109372093023 0.8934354156250001
3 0.5755468744186046 0.830775 0.5758343744186046 0.8173187499999999 0.5544843744186047 0.8169354156249999 0.5438468744186046 0.8139749999999999 0.5435203116279069 0.8276979156250001 0.5579468744186047 0.830004165625 0.5683328116279069 0.830775 0.5755468744186046 0.830775
3 0.6514281255813954 0.866141665625 0.656045311627907 0.8634499999999999 0.6557562511627907 0.8492270843749999 0.6442156255813953 0.853070834375 0.6346937511627907 0.852302084375 0.6247515627906977 0.8512020843749999 0.6254609372093023 0.8646041656250001 0.6361359372093023 0.866141665625 0.6450812488372093 0.866910415625 0.6514281255813954 0.866141665625
8 0.6502734372093023 0.910735415625 0.656332811627907 0.9088125 0.655467188372093 0.8984333343750001 0.6445031255813953 0.901122915625 0.6320968744186046 0.8999708343749999 0.6245953116279069 0.896510415625 0.6240187488372093 0.9072749999999999 0.6329625 0.91035 0.6436375 0.91111875 0.6502734372093023 0.910735415625
8 0.5712187488372094 0.8761354156250001 0.571795311627907 0.8657562499999999 0.5518875 0.8657562499999999 0.5406734372093023 0.863045834375 0.540057811627907 0.8730604156249999 0.550445311627907 0.874214584375 0.5605437488372094 0.874983334375 0.5712187488372094 0.8761354156250001
8 0.38656406279069766 0.934954165625 0.38367812558139536 0.9241895843749999 0.37098281162790697 0.9341854156249999 0.362904688372093 0.93995 0.3545375 0.9422583343750001 0.356557811627907 0.953020834375 0.36925312558139534 0.947254165625 0.37934999999999997 0.9414875 0.38656406279069766 0.934954165625
9 0.39695 0.9591729156250001 0.39435312558139535 0.949177084375 0.3738687511627907 0.966477084375 0.3646359372093023 0.969935415625 0.35633593720930234 0.97388125 0.36002031162790693 0.983775 0.37415781162790696 0.977625 0.38887187441860466 0.9653229156249999 0.39695 0.9591729156250001
9 0.574392188372093 0.905352084375 0.574970311627907 0.89381875 0.5565046883720931 0.894589584375 0.5426546883720931 0.8915124999999999 0.5336937511627907 0.888852084375 0.5331343744186047 0.901122915625 0.5527531255813953 0.903814584375 0.5616968744186046 0.9057375000000001 0.574392188372093 0.905352084375
9 0.656045311627907 0.9380291656249999 0.6600843744186046 0.935722915625 0.6600843744186046 0.923420834375 0.6488312488372093 0.9288020843749999 0.637579688372093 0.92995625 0.6274812488372092 0.928033334375 0.6177718744186047 0.92565625 0.618825 0.936491665625 0.6329625 0.940335415625 0.6453687488372093 0.9407187499999999 0.656045311627907 0.9380291656249999
0 0.3794031255813954 0.9047124999999999 0.3671640627906977 0.9143125 0.3477265627906977 0.9205500000000001 0.34988593720930233 0.93255 0.3642843744186046 0.924870834375 0.38012343720930236 0.915270834375 0.3794031255813954 0.9047124999999999
0 0.5741437488372093 0.8418374999999999 0.5593859372093023 0.843279165625 0.543907811627907 0.8360791656250001 0.542107811627907 0.84951875 0.5601062511627907 0.851916665625 0.5734250000000001 0.852877084375 0.5741437488372093 0.8418374999999999
0 0.6547765627906976 0.8768750000000001 0.6382187488372093 0.8807145843749999 0.6259796883720931 0.875914584375 0.6252593744186047 0.885514584375 0.6410984372093023 0.8864750000000001 0.6569359372093023 0.8859937499999999 0.6547765627906976 0.8768750000000001
2 0.6619765627906977 0.81688125 0.6436171883720929 0.8188000000000001 0.6216593744186046 0.815441665625 0.622379688372093 0.8284 0.6364187488372093 0.8269604156250001 0.6594562511627907 0.827920834375 0.6619765627906977 0.81688125
2 0.5824234372093023 0.786164584375 0.568025 0.784725 0.543907811627907 0.7789645843749999 0.543907811627907 0.790004165625 0.5565062488372093 0.790004165625 0.5817031255813954 0.795283334375 0.5824234372093023 0.786164584375
2 0.3488062488372093 0.8610374999999999 0.3300875 0.86775625 0.3315281255813954 0.877354165625 0.3700437488372093 0.856716665625 0.36788437441860466 0.848077084375 0.3488062488372093 0.8610374999999999