2 0.3578109372093023 0.500570834375 0.3562218744186047 0.518927084375 0.3972312511627907 0.522539584375 0.39885624883720927 0.505920834375 0.3578109372093023 0.500570834375
2 0.45922343720930237 0.628860415625 0.46078593720930233 0.643391665625 0.5028796883720931 0.6465229156250001 0.5012531255813953 0.632554165625 0.45922343720930237 0.628860415625
2 0.5841062488372093 0.653633334375 0.586454688372093 0.67025 0.6262000000000001 0.6678416656249999 0.6265609372093023 0.6517062499999999 0.5841062488372093 0.653633334375
2 0.7022515627906977 0.543335415625 0.703857811627907 0.562041665625 0.7439640627906976 0.561560415625 0.7423390627906977 0.54229375 0.7022515627906977 0.543335415625
0 0.7053031255813954 0.578660415625 0.7053031255813954 0.589739584375 0.7389062511627907 0.592389584375 0.740170311627907 0.576975 0.7053031255813954 0.578660415625
0 0.7072906255813953 0.60081875 0.706929688372093 0.6138250000000001 0.7389062511627907 0.61165625 0.7389062511627907 0.602022915625 0.7072906255813953 0.60081875
0 0.585932811627907 0.593627084375 0.5865906255813954 0.608229165625 0.6210968744186047 0.605097915625 0.6207359372093023 0.5908875 0.585932811627907 0.593627084375
0 0.5880359372093024 0.619066665625 0.587854688372093 0.6337583343750001 0.6214578116279069 0.6308666656249999 0.6200125 0.6185854156249999 0.5880359372093024 0.619066665625
0 0.46667656279069764 0.569535415625 0.46521406279069766 0.581127084375 0.5002625 0.5845 0.49972031162790703 0.573902084375 0.46667656279069764 0.569535415625
0 0.464870311627907 0.595735415625 0.4659375 0.60834375 0.4986375 0.6088250000000001 0.498817188372093 0.5979875 0.464870311627907 0.595735415625
0 0.35894062558139533 0.5343 0.358925 0.548127084375 0.3912640627906977 0.54933125 0.3912640627906977 0.538010415625 0.35894062558139533 0.5343
0 0.3591656255813953 0.5592958343750001 0.3573 0.574620834375 0.3925281255813953 0.574860415625 0.39307031162790695 0.560410415625 0.3591656255813953 0.5592958343750001
8 0.3582625 0.57826875 0.35657656279069766 0.5912375 0.3914437488372093 0.593645834375 0.3927093744186046 0.57991875 0.3582625 0.57826875
8 0.466225 0.544839584375 0.4660265627906977 0.5608375 0.5007125 0.56035625 0.501254688372093 0.5507208343750001 0.466225 0.544839584375
8 0.5847843744186046 0.572458334375 0.5856875 0.58401875 0.6196515627906977 0.5845 0.6196515627906977 0.569566665625 0.5847843744186046 0.572458334375
8 0.7060718744186046 0.6187104156250001 0.7053484372093023 0.6331625 0.7393125 0.632920834375 0.7387703116279071 0.6189520843749999 0.7060718744186046 0.6187104156250001
9 0.7015734372093023 0.646929165625 0.7011937488372093 0.656522915625 0.7440093744186047 0.65796875 0.7440093744186047 0.645927084375 0.7015734372093023 0.646929165625
9 0.6230890627906976 0.54163125 0.5806343744186047 0.545725 0.5815375 0.558008334375 0.6142375 0.556564584375 0.6230890627906976 0.553433334375 0.6230890627906976 0.54163125
9 0.504779688372093 0.5218791656249999 0.463967188372093 0.517435415625 0.462325 0.531272915625 0.481475 0.5329583343750001 0.5058640627906976 0.532477084375 0.504779688372093 0.5218791656249999
9 0.35261562558139536 0.605370834375 0.35242968837209304 0.6178541656250001 0.39542656279069766 0.618335415625 0.39452343720930233 0.609183334375 0.35261562558139536 0.605370834375