3 0.4563312511627907 0.723472915625 0.42581874883720927 0.741635415625 0.4283437488372093 0.753075 0.446232811627907 0.7434645843750001 0.45892812558139534 0.733854165625 0.4563312511627907 0.723472915625
3 0.480567188372093 0.598920834375 0.448979688372093 0.60245625 0.4491171883720931 0.614297915625 0.46787187441860467 0.61160625 0.48143281162790696 0.610452084375 0.480567188372093 0.598920834375
3 0.5434656255813953 0.6135291656249999 0.5120156255813954 0.61621875 0.5120156255813954 0.6300583343749999 0.5258656255813954 0.6300583343749999 0.5446187488372093 0.627366665625 0.5434656255813953 0.6135291656249999
8 0.5382718744186047 0.5670124999999999 0.5064078116279069 0.572420834375 0.5068218744186046 0.581620834375 0.526442188372093 0.5785458343750001 0.5397140627906977 0.577391665625 0.5382718744186047 0.5670124999999999
8 0.4834515627906977 0.646204165625 0.4704687511627907 0.650433334375 0.4515187488372093 0.65068125 0.4514265627906977 0.66004375 0.46902656279069765 0.660429165625 0.48402968837209304 0.657352084375 0.4834515627906977 0.646204165625
8 0.44479062558139537 0.6804187500000001 0.41376250000000003 0.6955250000000001 0.4168031255813954 0.705789584375 0.4352687488372093 0.696179165625 0.44680937441860463 0.690029165625 0.44479062558139537 0.6804187500000001
9 0.5402906255813954 0.549329165625 0.5388484372093023 0.538564584375 0.5163437488372093 0.543947915625 0.498792188372093 0.5449229156250001 0.49932031162790697 0.5566333343750001 0.5140359372093023 0.554327084375 0.5281734372093023 0.5524041656249999 0.5402906255813954 0.549329165625
9 0.48922187441860465 0.682725 0.48893437441860466 0.673114584375 0.469892188372093 0.67734375 0.45892812558139534 0.676958334375 0.4480281255813954 0.6764875 0.448829688372093 0.6881062499999999 0.46412031162790696 0.687722915625 0.47854687441860466 0.6842625 0.48922187441860465 0.682725
9 0.44421249999999995 0.66235 0.44132812558139534 0.653508334375 0.4297875 0.658120834375 0.41622656279069764 0.6661937499999999 0.4026578116279069 0.6735270843750001 0.40382031162790694 0.680033334375 0.40583906279069765 0.68349375 0.4297875 0.670808334375 0.44421249999999995 0.66235
2 0.467467188372093 0.758264584375 0.45285156279069766 0.7671479156250001 0.4292093744186047 0.778895834375 0.4328640627906977 0.7892125 0.45220781162790696 0.778895834375 0.4706906255813954 0.7674333343749999 0.467467188372093 0.758264584375
2 0.48229687441860464 0.5619625 0.4627390627906977 0.5662625 0.44167500000000004 0.567120834375 0.44189062558139536 0.579158334375 0.46058906279069767 0.577152084375 0.4831562511627907 0.573139584375 0.48229687441860464 0.5619625
2 0.5495687488372093 0.6490812499999999 0.528292188372093 0.654239584375 0.5102375 0.657677084375 0.5110968744186046 0.667420834375 0.5325906255813954 0.665414584375 0.5512890627906977 0.66054375 0.5495687488372093 0.6490812499999999
0 0.5091625 0.595491665625 0.5104531255813953 0.607527084375 0.5422625 0.601510415625 0.5414015627906977 0.589760415625 0.5091625 0.595491665625
0 0.450057811627907 0.626729165625 0.45070312558139536 0.637904165625 0.48229687441860464 0.632172915625 0.482942188372093 0.6224291656250001 0.450057811627907 0.626729165625
0 0.421257811627907 0.719289584375 0.42491093720930234 0.7304666656250001 0.45306718837209303 0.713272915625 0.4496281255813953 0.704675 0.421257811627907 0.719289584375