3 0.33675937441860465 0.623702084375 0.33843437441860463 0.6353187499999999 0.37160781162790696 0.6187875 0.36792187441860463 0.607170834375 0.33675937441860465 0.623702084375
3 0.5394843744186046 0.54149375 0.5388140627906977 0.553558334375 0.5723218744186047 0.556685415625 0.572657811627907 0.544622915625 0.5394843744186046 0.54149375
3 0.6202390627906976 0.5772375000000001 0.620575 0.591533334375 0.6530781255813953 0.5924270843749999 0.6530781255813953 0.57634375 0.6202390627906976 0.5772375000000001
8 0.620575 0.622360415625 0.620575 0.635764584375 0.6520718744186046 0.637104165625 0.6520718744186046 0.623702084375 0.620575 0.622360415625
8 0.5368031255813953 0.587066665625 0.5357984372093023 0.6013625 0.5693062488372093 0.6049375 0.5699765627906976 0.59198125 0.5368031255813953 0.587066665625
8 0.34781718837209297 0.6674854156250001 0.350832811627907 0.67865625 0.382329688372093 0.6616770843750001 0.3793140627906977 0.6491687500000001 0.34781718837209297 0.6674854156250001
9 0.35150312558139535 0.696527084375 0.354182811627907 0.70635625 0.3930531255813953 0.684910415625 0.389367188372093 0.6741875 0.35150312558139535 0.696527084375
9 0.5301015627906976 0.61253125 0.5294312511627907 0.6277229156249999 0.5686359372093023 0.63353125 0.5703125 0.62146875 0.5301015627906976 0.61253125
9 0.615882811627907 0.652741665625 0.615882811627907 0.66480625 0.6564281255813953 0.6652520843749999 0.6560937511627907 0.652295834375 0.615882811627907 0.652741665625
0 0.342917188372093 0.6429083343750001 0.3444140627906977 0.655385415625 0.3747375 0.6379166656249999 0.3743640627906977 0.629929165625 0.342917188372093 0.6429083343750001
0 0.539832811627907 0.565039584375 0.5379609372093024 0.576520834375 0.569032811627907 0.578516665625 0.5697812511627907 0.571529165625 0.539832811627907 0.565039584375
0 0.651392188372093 0.603972915625 0.6360437488372093 0.60646875 0.622192188372093 0.59948125 0.6210687488372094 0.613458334375 0.6371671883720931 0.6124583343750001 0.6532640627906977 0.613458334375 0.651392188372093 0.603972915625
2 0.539832811627907 0.505641665625 0.539832811627907 0.514127084375 0.5787656255813953 0.520116665625 0.5787656255813953 0.514127084375 0.539832811627907 0.505641665625
2 0.3466609372093023 0.5815125 0.3249484372093023 0.5914937499999999 0.3275687511627907 0.598483334375 0.363132811627907 0.5805125 0.36200937441860465 0.5730270843749999 0.3466609372093023 0.5815125
2 0.6573828116279069 0.54806875 0.6345468744186047 0.542577084375 0.6188234372093023 0.542577084375 0.6158281255813953 0.5520625 0.6360437488372093 0.556054165625 0.6581312511627907 0.553060415625 0.6573828116279069 0.54806875