9 0.43396562558139534 0.502610415625 0.437292188372093 0.49180416562499996 0.42648281162790697 0.48875833437500005 0.41421875116279067 0.4826625 0.4052812511627907 0.47656666562499994 0.39823281162790697 0.472052084375 0.3959265627906977 0.483216665625 0.40673593720930235 0.49014166562500006 0.42107812558139535 0.49762291562499994 0.43396562558139534 0.502610415625
8 0.42461249999999995 0.525327084375 0.42731406279069767 0.515077084375 0.41505 0.51230625 0.4069437511627907 0.507041665625 0.3961281255813953 0.501358334375 0.39447187441860465 0.511475 0.40299531162790697 0.517016665625 0.4154656255813953 0.5247729156250001 0.42461249999999995 0.525327084375
3 0.4144265627906977 0.569654165625 0.41858437441860463 0.557464584375 0.4069437511627907 0.556079165625 0.396967188372093 0.550260415625 0.391354688372093 0.54776875 0.3884437488372093 0.5397333343749999 0.38553437441860466 0.54195 0.384495311627907 0.553308334375 0.3915625 0.559404165625 0.4011234372093023 0.565775 0.4144265627906977 0.569654165625
9 0.49195937441860466 0.5233875 0.49466249999999995 0.513691665625 0.4859312488372093 0.512583334375 0.4753312488372093 0.507595834375 0.4641062511627907 0.502333334375 0.4541281255813953 0.49762291562499994 0.4516343744186046 0.50731875 0.46348281162790694 0.5131375 0.487179688372093 0.522833334375 0.49195937441860466 0.5233875
8 0.49362343720930235 0.49568333437499995 0.49487031162790696 0.483770834375 0.4745 0.47767499999999996 0.463067188372093 0.471027084375 0.4601562511627907 0.484047915625 0.4713812511627907 0.48765000000000003 0.48302187441860467 0.49124999999999996 0.49362343720930235 0.49568333437499995
3 0.5006109372093023 0.45386249999999995 0.5028968744186046 0.44195 0.48543749999999997 0.43530208437500006 0.470470311627907 0.428097915625 0.468392188372093 0.43834999999999996 0.476082811627907 0.440841665625 0.48793125116279074 0.44555208437499993 0.5006109372093023 0.45386249999999995
9 0.6326453116279069 0.3664125 0.6345156255813954 0.36585833437500004 0.6324375 0.35588333437499997 0.6195499999999999 0.35893125000000003 0.610195311627907 0.361425 0.5966843744186047 0.3630875 0.5918406255813954 0.363245834375 0.5933593744186046 0.37306041562500003 0.6056234372093022 0.37222916562499997 0.6195499999999999 0.370566665625 0.6326453116279069 0.3664125
8 0.6320218744186047 0.3968875 0.630775 0.38525 0.6189265627906977 0.387466665625 0.605 0.389129165625 0.5979203116279069 0.389122915625 0.5983484372093023 0.401595834375 0.6091562488372093 0.39855 0.6245390627906977 0.3968875 0.6320218744186047 0.3968875
3 0.6347234372093024 0.4273625 0.6243312511627908 0.429854165625 0.6081171883720929 0.43290208437500005 0.6007265627906977 0.432145834375 0.6016734372093023 0.4426 0.6106109372093024 0.44398333437500004 0.6365937511627907 0.442322915625 0.6347234372093024 0.4273625
0 0.4073562511627907 0.5347125 0.3923812511627907 0.52273125 0.3903843744186047 0.5333812499999999 0.4193375 0.547579165625 0.421667188372093 0.5360437499999999 0.4073562511627907 0.5347125
0 0.49788125116279075 0.4619375 0.48223906279069767 0.4575 0.46826093720930234 0.45084375000000004 0.4662640627906977 0.459275 0.4792437511627907 0.46238124999999997 0.4972156255813953 0.47169999999999995 0.49788125116279075 0.4619375
0 0.618357811627907 0.41312499999999996 0.6003859372093023 0.4122375 0.6010515627906977 0.42421875 0.6336671883720931 0.41845 0.6330015627906976 0.41046250000000006 0.618357811627907 0.41312499999999996
2 0.618357811627907 0.47125625 0.6027156255813952 0.47081249999999997 0.6020500000000001 0.48190625000000004 0.640654688372093 0.47791249999999996 0.640654688372093 0.4672625 0.618357811627907 0.47125625
2 0.4955515627906977 0.40380625 0.4765812488372093 0.391825 0.4735859372093023 0.402475 0.512857811627907 0.416675 0.5131906255813953 0.40735625000000003 0.4955515627906977 0.40380625
2 0.40003593720930236 0.592841665625 0.396042188372093 0.586629165625 0.38406093720930234 0.5888479156249999 0.3757406255813953 0.578641665625 0.3740765627906977 0.5870729156250001 0.4100187488372093 0.607041665625 0.411682811627907 0.597279165625 0.40003593720930236 0.592841665625