3 0.15788906279069767 0.421797915625 0.1516312488372093 0.41269375 0.133707811627907 0.431660415625 0.12545781162790698 0.438108334375 0.12944062558139535 0.44797083437499996 0.14565625116279068 0.435072915625 0.15788906279069767 0.421797915625
8 0.17695 0.45897083437499997 0.171829688372093 0.45176249999999996 0.14594062558139534 0.47603958437499994 0.15077812558139533 0.487797915625 0.16528593720930232 0.47528125 0.17695 0.45897083437499997
9 0.191175 0.48362499999999997 0.1874765627906977 0.476797915625 0.16585468837209302 0.496902084375 0.15561406279069767 0.5079020843750001 0.15760468837209302 0.5143500000000001 0.17524375116279067 0.49766041562499996 0.191175 0.48362499999999997
9 0.5094687488372093 0.490727084375 0.47705937441860463 0.464864584375 0.4733765627906977 0.471739584375 0.5062765627906977 0.49825625 0.5094687488372093 0.490727084375
8 0.5124156255813953 0.459954165625 0.5060312511627907 0.45831666562500006 0.48982656279069764 0.44293125 0.48663437441860463 0.448822915625 0.48737187441860463 0.45111458437499996 0.49694687441860463 0.4593 0.5141343744186047 0.47403125 0.5180625 0.463883334375 0.5124156255813953 0.459954165625
3 0.5222359372093023 0.4160875 0.5055406255813953 0.40168333437500003 0.5030859372093023 0.41052083437500003 0.511925 0.41805000000000003 0.5288656255813954 0.4334375 0.5318125 0.424270834375 0.5222359372093023 0.4160875
3 0.6774093744186046 0.488108334375 0.688457811627907 0.49301874999999995 0.6899312488372092 0.48221458437500003 0.6813374999999999 0.47697708437499997 0.670779688372093 0.472066665625 0.6597312511627907 0.470758334375 0.6575218744186045 0.480252084375 0.6675890627906976 0.48417916562499996 0.6774093744186046 0.488108334375
8 0.6700437488372093 0.533285415625 0.6793734372093023 0.537214584375 0.681829688372093 0.526083334375 0.6724984372093024 0.5215 0.661695311627907 0.516589584375 0.6506468744186047 0.513314584375 0.6489281255813953 0.5254291656250001 0.6602234372093023 0.528047915625 0.6700437488372093 0.533285415625
9 0.6666062511627907 0.5594750000000001 0.6774093744186046 0.5627479156249999 0.6796187511627907 0.554891665625 0.6558031255813953 0.5440875000000001 0.6430359372093023 0.54146875 0.6403343744186046 0.549327084375 0.6513843744186046 0.5522729156249999 0.6666062511627907 0.5594750000000001
2 0.14409062558139535 0.378764584375 0.12668437441860464 0.392625 0.10540937441860465 0.410997915625 0.1119375 0.419702084375 0.12499218837209301 0.408097915625 0.14747656279069768 0.387145834375 0.14409062558139535 0.378764584375
0 0.1361125 0.45773958437499995 0.14022343720930233 0.466120834375 0.1680265627906977 0.441622915625 0.16319062558139535 0.432595834375 0.1361125 0.45773958437499995
0 0.497067188372093 0.420025 0.49295625116279074 0.43195208437500004 0.5231781255813953 0.45226041562499997 0.5260781255813953 0.4429125 0.497067188372093 0.420025
0 0.6554218744186047 0.48900833437499996 0.6527625 0.503191665625 0.6858843744186046 0.5144729156250001 0.6861265627906977 0.501902084375 0.6554218744186047 0.48900833437499996
2 0.66195 0.431629165625 0.6600156255813954 0.44355625 0.7008734372093024 0.45806250000000004 0.7011156255813953 0.44677916562500003 0.66195 0.431629165625
2 0.515682811627907 0.36458124999999997 0.5089140627906976 0.37521875 0.546870311627907 0.403585415625 0.550254688372093 0.39488124999999996 0.515682811627907 0.36458124999999997