0 0.335154688372093 0.74625625 0.33495 0.758727084375 0.3662140627906977 0.758727084375 0.36758281162790696 0.744920834375 0.335154688372093 0.74625625
0 0.48588749999999997 0.74059375 0.4534593744186046 0.7420312499999999 0.45251562558139535 0.75548125 0.47127343720930237 0.754008334375 0.4872937511627907 0.7525937500000001 0.48588749999999997 0.74059375
0 0.45123437441860464 0.7212854156249999 0.45064531162790694 0.736214584375 0.48294062558139533 0.7335208343749999 0.48483593720930235 0.721047915625 0.45123437441860464 0.7212854156249999
0 0.576942188372093 0.771620834375 0.5429093744186047 0.7699125 0.5429375 0.7796624999999999 0.5541 0.776727084375 0.5751906255813953 0.781991665625 0.576942188372093 0.771620834375
2 0.6550984372093023 0.779560415625 0.6554187488372093 0.792552084375 0.689875 0.79356875 0.688892188372093 0.78095625 0.6550984372093023 0.779560415625
2 0.5371609372093024 0.801414584375 0.538020311627907 0.8152125 0.5809359372093024 0.8155791656250001 0.5812156255813954 0.803245834375 0.5371609372093024 0.801414584375
2 0.5415609372093023 0.725029165625 0.5419515627906977 0.73623125 0.5752781255813953 0.737920834375 0.5762312511627907 0.724970834375 0.5415609372093023 0.725029165625
2 0.6499625 0.701204165625 0.6492125000000001 0.716341665625 0.690367188372093 0.715341665625 0.6914796883720931 0.701622915625 0.6499625 0.701204165625
2 0.454557811627907 0.7661749999999999 0.45493593720930237 0.7802875 0.48750468837209304 0.776266665625 0.48722343720930233 0.76351875 0.454557811627907 0.7661749999999999
2 0.4431265627906977 0.690329165625 0.44437812558139533 0.704089584375 0.48584687441860464 0.702539584375 0.48500312558139536 0.685666665625 0.4431265627906977 0.690329165625
2 0.334017188372093 0.7218916656250001 0.33235624883720927 0.7349187500000001 0.3673531255813954 0.735766665625 0.3678875 0.723764584375 0.334017188372093 0.7218916656250001
4 0.451725 0.797235415625 0.4507656255813953 0.809433334375 0.49372187441860466 0.806875 0.494 0.7927854156249999 0.451725 0.797235415625
0 0.33435156279069767 0.766016665625 0.335132811627907 0.7772166656249999 0.3685468744186046 0.777477084375 0.3673734372093023 0.766277084375 0.33435156279069767 0.766016665625
4 0.329517188372093 0.69206875 0.32872500000000004 0.70755625 0.3723 0.706254165625 0.3727 0.692491665625 0.329517188372093 0.69206875
2 0.3294359372093023 0.798885415625 0.3300125 0.81596875 0.3720234372093023 0.810760415625 0.37260937441860464 0.797475 0.3294359372093023 0.798885415625
0 0.542332811627907 0.74648125 0.541632811627907 0.758625 0.5764156255813954 0.759666665625 0.5760234372093024 0.746641665625 0.542332811627907 0.74648125
0 0.6537921883720931 0.734645834375 0.6537218744186047 0.747125 0.6855718744186047 0.7480375 0.6858500000000001 0.735060415625 0.6537921883720931 0.734645834375
4 0.5381296883720931 0.693822915625 0.5377031255813953 0.706995834375 0.5810859372093024 0.707025 0.5791234372093024 0.6946895843750001 0.5381296883720931 0.693822915625
0 0.6880890627906976 0.756904165625 0.6552609372093023 0.756122915625 0.654675 0.769929165625 0.6755484372093024 0.7681458343750001 0.6882843744186047 0.77123125 0.6880890627906976 0.756904165625
4 0.6945218744186047 0.808985415625 0.6520312511627907 0.810145834375 0.6530093744186047 0.8244729156249999 0.6721578116279069 0.8242125 0.692575 0.820108334375 0.6945218744186047 0.808985415625