4 0.36419375116279074 0.4174375 0.33876562558139534 0.417958334375 0.33876562558139534 0.431520834375 0.3759312511627907 0.42786875 0.37827812558139534 0.41378541562500004 0.36419375116279074 0.4174375
4 0.490545311627907 0.52185625 0.47607031162790703 0.5229 0.4596390627906977 0.523941665625 0.46042187441860466 0.538025 0.496804688372093 0.529679165625 0.49719687441860466 0.51611875 0.490545311627907 0.52185625
4 0.5457546883720931 0.42270624999999995 0.546145311627907 0.433139584375 0.584092188372093 0.43053125000000003 0.584875 0.419577084375 0.5457546883720931 0.42270624999999995
4 0.6596281255813953 0.539083334375 0.6596281255813953 0.553689584375 0.6991406255813953 0.5458645843750001 0.69875 0.534910415625 0.6596281255813953 0.539083334375
0 0.6610984372093024 0.484110415625 0.6622718744186047 0.49506249999999996 0.6939593744186047 0.49245625000000004 0.6939593744186047 0.48358749999999995 0.6610984372093024 0.484110415625
0 0.6611312511627906 0.467620834375 0.6607390627906977 0.477010415625 0.6936015627906976 0.47179583437500006 0.6920359372093022 0.46292708437499996 0.6611312511627906 0.467620834375
0 0.5500406255813953 0.475425 0.54965 0.48585625 0.581729688372093 0.485335415625 0.5813375 0.475425 0.5500406255813953 0.475425
0 0.5520234372093024 0.49621250000000006 0.5500687488372094 0.505079165625 0.5817562511627907 0.504035415625 0.5809734372093023 0.49725416562499997 0.5520234372093024 0.49621250000000006
0 0.45976093720930233 0.452410415625 0.45976093720930233 0.461277084375 0.49027656279069765 0.4597125 0.49027656279069765 0.447714584375 0.45976093720930233 0.452410415625
0 0.46123124883720934 0.471177084375 0.4616234372093023 0.48056666562499994 0.491354688372093 0.475872915625 0.49096406279069765 0.466483334375 0.46123124883720934 0.471177084375
0 0.34340156279069767 0.47266041562499994 0.34340156279069767 0.48205 0.3723515627906977 0.47996458437499995 0.3723515627906977 0.470054165625 0.34340156279069767 0.47266041562499994
0 0.34380937441860465 0.49366041562499996 0.34380937441860465 0.504614584375 0.373932811627907 0.50200625 0.37315 0.492095834375 0.34380937441860465 0.49366041562499996
2 0.3618125 0.525947915625 0.3379484372093023 0.525947915625 0.3375562511627907 0.5369020843750001 0.37863437441860465 0.53429375 0.37863437441860465 0.521252084375 0.3618125 0.525947915625
2 0.34141875116279075 0.44870625000000003 0.34102812558139534 0.46018125000000004 0.373107811627907 0.458095834375 0.373107811627907 0.44609791562499995 0.34141875116279075 0.44870625000000003
2 0.4708218744186047 0.41479375 0.453607811627907 0.418966665625 0.453217188372093 0.430964584375 0.4935109372093023 0.42626875000000003 0.492729688372093 0.41114166562500004 0.4708218744186047 0.41479375
2 0.462375 0.495725 0.463157811627907 0.508766665625 0.49406406279069764 0.5014645843750001 0.4909343744186046 0.488422915625 0.462375 0.495725
2 0.584420311627907 0.5270083343749999 0.5640781255813954 0.52753125 0.5460812511627907 0.5264875 0.5456906255813954 0.543179165625 0.561729688372093 0.5426562500000001 0.584420311627907 0.538483334375 0.584420311627907 0.5270083343749999
2 0.5664890627906977 0.45295625 0.5492750000000001 0.45295625 0.5496656255813954 0.46599791562500004 0.5793984372093023 0.461825 0.581354688372093 0.451914584375 0.5664890627906977 0.45295625
2 0.6645375 0.50874375 0.6633640627906977 0.521264584375 0.6954437511627908 0.516047915625 0.6954437511627908 0.506658334375 0.6645375 0.50874375
2 0.6575703116279069 0.42830625 0.6567875000000001 0.443433334375 0.6982562511627907 0.436652084375 0.6978656255813954 0.423089584375 0.6575703116279069 0.42830625