0 0.31307812558139536 0.584075 0.3128734372093023 0.596545834375 0.34413750000000004 0.596545834375 0.3455062511627907 0.582739584375 0.31307812558139536 0.584075
0 0.44479687441860466 0.464485415625 0.41236874883720925 0.46592291562500004 0.411425 0.47937291562500006 0.430182811627907 0.4779 0.44620312558139535 0.476485415625 0.44479687441860466 0.464485415625
0 0.41177187441860463 0.44608333437500003 0.41118281162790693 0.4610125 0.4434781255813953 0.45831875 0.44537343720930234 0.445845834375 0.41177187441860463 0.44608333437500003
0 0.5188156255813954 0.5663 0.5188437488372093 0.5760500000000001 0.5510968744186047 0.578379165625 0.5528484372093023 0.568008334375 0.5188156255813954 0.5663
2 0.5167406255813953 0.607172915625 0.5170609372093024 0.620164584375 0.551517188372093 0.62118125 0.5505343744186046 0.60856875 0.5167406255813953 0.607172915625
2 0.5149484372093024 0.5281041656250001 0.515807811627907 0.541902084375 0.5587234372093023 0.5422687500000001 0.5590031255813953 0.529935415625 0.5149484372093024 0.5281041656250001
2 0.6079031255813954 0.46564583437499996 0.6082937488372092 0.47684791562499995 0.6454734372093024 0.479395834375 0.6425734372093024 0.4655875 0.6079031255813954 0.46564583437499996
2 0.6094109372093023 0.386714584375 0.6086609372093023 0.40185208437500003 0.6498156255813954 0.40085208437500003 0.6509281255813953 0.38713333437499997 0.6094109372093023 0.386714584375
2 0.40985937441860465 0.42482708437500005 0.41023750000000003 0.438939584375 0.4428062511627907 0.43491875 0.442525 0.42217083437499997 0.40985937441860465 0.42482708437500005
2 0.408792188372093 0.4993625 0.41004375116279074 0.513122915625 0.4515125 0.511572915625 0.4506687511627907 0.49470000000000003 0.408792188372093 0.4993625
2 0.31220468837209303 0.559985415625 0.3105437488372093 0.5730125 0.34554062558139537 0.573860415625 0.346075 0.561858334375 0.31220468837209303 0.559985415625
4 0.40377968837209305 0.394635415625 0.402820311627907 0.406833334375 0.44577656279069766 0.404275 0.446054688372093 0.39018541562500003 0.40377968837209305 0.394635415625
4 0.6461812488372093 0.493589584375 0.6036906255813954 0.49474999999999997 0.6046687511627907 0.509077084375 0.6238171883720931 0.508816665625 0.6442343744186046 0.5047125 0.6461812488372093 0.493589584375
0 0.3103375 0.60474375 0.3111187511627907 0.61594375 0.344532811627907 0.616204165625 0.34335937441860465 0.605004165625 0.3103375 0.60474375
4 0.3078640627906977 0.5294 0.3070718744186047 0.5448875 0.35064687441860465 0.543585415625 0.35104687441860466 0.529822915625 0.3078640627906977 0.5294
2 0.30720000000000003 0.63768125 0.30777656279069765 0.654764584375 0.34978750000000003 0.6495562500000001 0.3503734372093023 0.636270834375 0.30720000000000003 0.63768125
0 0.610917188372093 0.41948749999999996 0.610217188372093 0.43163125 0.645 0.432672915625 0.6446078116279069 0.419647915625 0.610917188372093 0.41948749999999996
0 0.5194124999999999 0.5835625 0.519342188372093 0.5960416656249999 0.551192188372093 0.5969541656249999 0.551470311627907 0.5839770843750001 0.5194124999999999 0.5835625
4 0.51205 0.636122915625 0.5116234372093023 0.6492958343749999 0.5550062511627907 0.6493249999999999 0.5530437488372093 0.636989584375 0.51205 0.636122915625
0 0.6435125 0.44108749999999997 0.6106843744186047 0.44030625 0.6100984372093023 0.45411250000000003 0.6309718744186046 0.452329165625 0.6437078116279069 0.455414584375 0.6435125 0.44108749999999997