4 0.38942187441860465 0.5629125 0.34600312558139534 0.5626875 0.3468625 0.57541875 0.3571109372093023 0.57588125 0.3892484372093023 0.574260415625 0.38942187441860465 0.5629125
4 0.4736343744186046 0.57535625 0.43090156279069763 0.573041665625 0.4319437511627907 0.5867041656249999 0.45053124883720935 0.586935415625 0.47328749999999997 0.586935415625 0.4736343744186046 0.57535625
4 0.5267156255813954 0.689416665625 0.5263671883720931 0.70285 0.536095311627907 0.70308125 0.5685796883720929 0.7012270843749999 0.5689265627906976 0.688954165625 0.5267156255813954 0.689416665625
4 0.6535359372093023 0.672975 0.6125406255813953 0.6722812499999999 0.6132343744186047 0.687102084375 0.6248734372093023 0.686175 0.6542312488372093 0.6836270843750001 0.6535359372093023 0.672975
2 0.6491937488372094 0.6398583343750001 0.6300843744186047 0.642175 0.6172562488372093 0.639422915625 0.6165359372093023 0.65606875 0.6278265627906976 0.6565333343749999 0.650582811627907 0.653058334375 0.6491937488372094 0.6398583343750001
2 0.612192188372093 0.565289584375 0.6127140627906976 0.579879165625 0.654057811627907 0.57779375 0.652667188372093 0.562047915625 0.612192188372093 0.565289584375
2 0.5266937511627907 0.58295625 0.526420311627907 0.594989584375 0.5681109372093023 0.5942937500000001 0.5670687488372093 0.581325 0.5266937511627907 0.58295625
2 0.5300687511627907 0.657516665625 0.530242188372093 0.673033334375 0.5637687511627907 0.67164375 0.5648109372093023 0.657747915625 0.5300687511627907 0.657516665625
2 0.43547968837209305 0.6023583343750001 0.43493906279069766 0.61739375 0.4689875 0.619247915625 0.467945311627907 0.6039625 0.43547968837209305 0.6023583343750001
2 0.4333765627906977 0.6762166656249999 0.43198593720930234 0.691964584375 0.47332968837209305 0.6954374999999999 0.472982811627907 0.6778375 0.4333765627906977 0.6762166656249999
2 0.3507812511627907 0.5922229156250001 0.35076718837209303 0.60586875 0.38533437441860463 0.6070249999999999 0.38585625116279065 0.5935937499999999 0.3507812511627907 0.5922229156250001
2 0.3464234372093023 0.668627084375 0.3479875 0.686227084375 0.39002499999999996 0.6848375 0.39002499999999996 0.669785415625 0.3464234372093023 0.668627084375
0 0.35143281162790696 0.616545834375 0.3516343744186046 0.6301833343750001 0.38568281162790696 0.629489584375 0.386029688372093 0.6149 0.35143281162790696 0.616545834375
0 0.35208437441860463 0.6362375 0.35198281162790696 0.6482479156250001 0.386029688372093 0.64940625 0.386029688372093 0.6369 0.35208437441860463 0.6362375
0 0.4369265627906977 0.624625 0.43588437441860467 0.638289584375 0.4694109372093023 0.6408375000000001 0.4688906255813954 0.62879375 0.4369265627906977 0.624625
0 0.4355375 0.6452375 0.43536406279069767 0.6593625000000001 0.4692375 0.65820625 0.46871718837209303 0.644541665625 0.4355375 0.6452375
0 0.5301687488372093 0.61625625 0.5292875 0.6290250000000001 0.564029688372093 0.62925625 0.5628140627906977 0.615825 0.5301687488372093 0.61625625
0 0.5638562511627907 0.634814584375 0.531254688372093 0.635079165625 0.5313718744186047 0.635279165625 0.529982811627907 0.6496354156249999 0.5638562511627907 0.648941665625 0.5638562511627907 0.634814584375
0 0.6166312488372093 0.599325 0.6162843744186046 0.610208334375 0.648942188372093 0.609977084375 0.6494624999999999 0.5997874999999999 0.6166312488372093 0.599325
0 0.6171531255813952 0.6190083343749999 0.6174999999999999 0.632441665625 0.6506781255813953 0.6326729156249999 0.650157811627907 0.619239584375 0.6171531255813952 0.6190083343749999