4 0.36095468837209305 0.505979165625 0.33552656279069765 0.5065000000000001 0.33552656279069765 0.5200625 0.37269218837209306 0.516410415625 0.37503906279069765 0.502327084375 0.36095468837209305 0.505979165625
4 0.4881156255813954 0.6082375 0.47364062558139536 0.60928125 0.45720937441860465 0.6103229156250001 0.45799218837209305 0.62440625 0.494375 0.616060415625 0.494767188372093 0.6025 0.4881156255813954 0.6082375
4 0.542920311627907 0.509629165625 0.5433109372093023 0.5200625 0.5812578116279069 0.517454165625 0.5820406255813954 0.5065000000000001 0.542920311627907 0.509629165625
4 0.6563875 0.624385415625 0.6563875 0.638991665625 0.6959000000000001 0.631166665625 0.6955093744186046 0.6202124999999999 0.6563875 0.624385415625
0 0.6586687488372093 0.5721125 0.6598421883720931 0.583064584375 0.691529688372093 0.580458334375 0.691529688372093 0.5715895843750001 0.6586687488372093 0.5721125
0 0.6587031255813953 0.5529229156250001 0.6583109372093023 0.5623125 0.6911734372093024 0.557097915625 0.689607811627907 0.548229165625 0.6587031255813953 0.5529229156250001
0 0.5472062488372093 0.5607249999999999 0.5468156255813953 0.57115625 0.578895311627907 0.570635415625 0.5785031255813954 0.5607249999999999 0.5472062488372093 0.5607249999999999
0 0.548379688372093 0.583133334375 0.546425 0.592 0.5781125 0.59095625 0.5773296883720931 0.584175 0.548379688372093 0.583133334375
0 0.4557125 0.53825 0.4557125 0.547116665625 0.48622812558139533 0.5455520843749999 0.48622812558139533 0.533554165625 0.4557125 0.53825
0 0.45799218837209305 0.5586375 0.45838437441860463 0.5680270843749999 0.4881156255813954 0.563333334375 0.48772499999999996 0.55394375 0.45799218837209305 0.5586375
0 0.34137656279069767 0.5612 0.34137656279069767 0.570589584375 0.37032656279069764 0.5685041656250001 0.37032656279069764 0.55859375 0.34137656279069767 0.5612
0 0.34178593720930234 0.579502084375 0.34178593720930234 0.59045625 0.37190937441860467 0.587847915625 0.37112656279069767 0.5779375 0.34178593720930234 0.579502084375
2 0.36059843720930235 0.6134083343750001 0.33673437441860465 0.6134083343750001 0.336342188372093 0.6243624999999999 0.37742031162790696 0.621754165625 0.37742031162790696 0.6087125 0.36059843720930235 0.6134083343750001
2 0.3402031255813953 0.536708334375 0.33981249999999996 0.548183334375 0.37189218837209304 0.546097915625 0.37189218837209304 0.5341 0.3402031255813953 0.536708334375
2 0.4651531255813953 0.5017145843749999 0.4479390627906977 0.5058874999999999 0.4475484372093023 0.517885415625 0.48784218837209303 0.513189584375 0.4870609372093023 0.49806249999999996 0.4651531255813953 0.5017145843749999
2 0.45954062558139536 0.581566665625 0.4603234372093023 0.5946083343749999 0.491229688372093 0.5873062499999999 0.48810000000000003 0.574264584375 0.45954062558139536 0.581566665625
2 0.5819906255813954 0.613929165625 0.5616484372093024 0.614452084375 0.5436515627906977 0.6134083343750001 0.5432609372093024 0.6301 0.5593 0.6295770843749999 0.5819906255813954 0.625404165625 0.5819906255813954 0.613929165625
2 0.5636546883720931 0.5393375 0.5464406255813954 0.5393375 0.5468312488372093 0.552379165625 0.5765640627906977 0.54820625 0.578520311627907 0.5382958343750001 0.5636546883720931 0.5393375
2 0.6625125000000001 0.594583334375 0.6613390627906977 0.607104165625 0.6934187511627907 0.6018875 0.6934187511627907 0.592497915625 0.6625125000000001 0.594583334375
2 0.6543312488372093 0.517385415625 0.6535484372093023 0.5325124999999999 0.695017188372093 0.52573125 0.6946265627906977 0.5121687500000001 0.6543312488372093 0.517385415625