0 0.33520312558139537 0.7960166656250001 0.33499843720930234 0.8084875 0.3662625 0.8084875 0.36763124883720927 0.79468125 0.33520312558139537 0.7960166656250001
0 0.45153437441860467 0.77274375 0.4505906255813954 0.78619375 0.4853687511627907 0.78330625 0.48396249999999996 0.7713062500000001 0.45153437441860467 0.77274375
0 0.451217188372093 0.791791665625 0.45062812558139537 0.806720834375 0.48292343720930236 0.8040270843749999 0.48481874883720927 0.791554165625 0.451217188372093 0.791791665625
0 0.5416578116279069 0.796283334375 0.5410718744186047 0.8100895843749999 0.5746812488372093 0.811391665625 0.5744859372093023 0.7970645843749999 0.5416578116279069 0.796283334375
0 0.652192188372093 0.788491665625 0.652220311627907 0.798241665625 0.6853515627906976 0.7969708343749999 0.6864640627906977 0.785847915625 0.652192188372093 0.788491665625
2 0.6546031255813954 0.8310375000000001 0.6549234372093024 0.8440291656250001 0.6869515627906976 0.8393333343749999 0.687229688372093 0.825985415625 0.6546031255813954 0.8310375000000001
2 0.6477765627906977 0.7524875 0.6486359372093023 0.766285415625 0.6886890627906977 0.76434375 0.689475 0.749352084375 0.6477765627906977 0.7524875
2 0.541095311627907 0.775472915625 0.5414859372093024 0.786675 0.5745171883720931 0.7854062500000001 0.5739609372093023 0.773541665625 0.541095311627907 0.775472915625
2 0.537167188372093 0.8509020843749999 0.5364171883720931 0.8660395843750001 0.5775718744186047 0.865039584375 0.5786843744186047 0.851320834375 0.537167188372093 0.8509020843749999
2 0.4528156255813954 0.8166854156250001 0.4531937488372093 0.8307979156249999 0.4857625 0.826777084375 0.4854812511627907 0.8140291656249999 0.4528156255813954 0.8166854156250001
2 0.44348437441860467 0.739460415625 0.4447359372093024 0.753220834375 0.486204688372093 0.751670834375 0.48536093720930235 0.734797915625 0.44348437441860467 0.739460415625
2 0.33375 0.7715395843749999 0.332957811627907 0.788385415625 0.3670859372093024 0.785414584375 0.367642188372093 0.7694708343750001 0.33375 0.7715395843749999
4 0.4506609372093023 0.846666665625 0.4497015627906977 0.8588645843749999 0.492657811627907 0.8563062499999999 0.49293593720930234 0.8422166656250001 0.4506609372093023 0.846666665625
4 0.5795187488372093 0.7441687499999999 0.5370281255813953 0.7453291656250001 0.5380062511627908 0.75965625 0.557154688372093 0.759395834375 0.5775718744186047 0.7552916656249999 0.5795187488372093 0.7441687499999999
0 0.333767188372093 0.814891665625 0.33454843720930233 0.826091665625 0.36796249999999997 0.826352084375 0.36678906279069773 0.815152084375 0.333767188372093 0.814891665625
4 0.3278156255813954 0.7428312499999999 0.3270234372093023 0.75831875 0.3705984372093023 0.7570166656249999 0.370145311627907 0.7398104156249999 0.3278156255813954 0.7428312499999999
2 0.330982811627907 0.848047915625 0.3315593744186046 0.8651312499999999 0.373570311627907 0.8599229156250001 0.3741562511627907 0.8466374999999999 0.330982811627907 0.848047915625
0 0.5399281255813954 0.8175041656250001 0.5392281255813954 0.829647915625 0.5740109372093023 0.8306895843750001 0.5736187488372093 0.817664584375 0.5399281255813954 0.8175041656250001
0 0.6543374999999999 0.8062895843750001 0.6542671883720931 0.8187687499999999 0.686117188372093 0.81968125 0.686395311627907 0.806704165625 0.6543374999999999 0.8062895843750001
4 0.6516062511627908 0.861091665625 0.6511796883720931 0.8742645843749999 0.693582811627907 0.8729625000000001 0.6916843744186046 0.8583020843750001 0.6516062511627908 0.861091665625