0 0.36542968837209305 0.877045834375 0.3318375 0.878514584375 0.33182656279069767 0.8910145843749999 0.34393125116279066 0.892460415625 0.364345311627907 0.8910145843749999 0.36542968837209305 0.877045834375
0 0.36705468837209304 0.89751875 0.3327406255813954 0.900497915625 0.33272968837209305 0.9131729156249999 0.349892188372093 0.914377084375 0.366875 0.910283334375 0.36705468837209304 0.89751875
0 0.48043906279069765 0.8532562499999999 0.4474781255813953 0.8577354156249999 0.4477406255813953 0.8701166656250001 0.46201250000000005 0.8708375 0.4809812488372093 0.8677083343750001 0.48043906279069765 0.8532562499999999
0 0.48188437441860466 0.8715604156250001 0.44996250000000004 0.87971875 0.45062968837209305 0.888902084375 0.4638187488372093 0.888902084375 0.48296875116279064 0.8852895843749999 0.48188437441860466 0.8715604156250001
0 0.572395311627907 0.880954165625 0.5384312511627907 0.8780645843749999 0.5393343744186047 0.894922915625 0.5507156255813953 0.8932375 0.5713109372093024 0.894441665625 0.572395311627907 0.880954165625
0 0.5716718744186047 0.9031125 0.5391781255813953 0.9010999999999999 0.5384312511627907 0.9149125 0.550354688372093 0.91443125 0.5720343744186047 0.91346875 0.5716718744186047 0.9031125
0 0.6844328116279069 0.869091665625 0.65065 0.87101875 0.6513734372093023 0.883541665625 0.6634765627906977 0.8833020843750001 0.684795311627907 0.8816145843750001 0.6844328116279069 0.869091665625
0 0.6846140627906977 0.8886 0.6503031255813952 0.890860415625 0.6513734372093023 0.904254165625 0.6638390627906977 0.9057000000000001 0.6846140627906977 0.900160415625 0.6846140627906977 0.8886
2 0.6846140627906977 0.9119624999999999 0.6530125 0.914652084375 0.6522765627906977 0.926172915625 0.6701609372093023 0.927858334375 0.6855171883720931 0.9228 0.6846140627906977 0.9119624999999999
2 0.686420311627907 0.8341687500000001 0.6446562488372093 0.8360520843750001 0.6457718744186047 0.852233334375 0.6636578116279069 0.8519916656250001 0.6880468744186047 0.847897915625 0.686420311627907 0.8341687500000001
2 0.573132811627907 0.8568187500000001 0.5388078116279069 0.857539584375 0.53935 0.872472915625 0.5527187488372093 0.87391875 0.5724109372093024 0.8700645843749999 0.573132811627907 0.8568187500000001
2 0.5768312511627908 0.93406875 0.5342093744186046 0.934227084375 0.5347375 0.9502062499999999 0.5455765627906977 0.9533375 0.5743015627906977 0.9504458343750001 0.5768312511627908 0.93406875
2 0.48341874883720926 0.817191665625 0.440782811627907 0.82369375 0.44168593720930227 0.8388666656250001 0.45740312558139534 0.8403124999999999 0.48360000000000003 0.8340500000000001 0.48341874883720926 0.817191665625
2 0.48360000000000003 0.8945020843749999 0.4513187488372093 0.9007999999999999 0.4509 0.9149749999999999 0.46246250000000005 0.9154562500000001 0.48360000000000003 0.910639584375 0.48360000000000003 0.8945020843749999
4 0.488657811627907 0.923645834375 0.448370311627907 0.932797915625 0.44873124883720933 0.943154165625 0.4597515627906977 0.9429125 0.48992187441860463 0.939541665625 0.488657811627907 0.923645834375
4 0.5761531255813953 0.8267562500000001 0.5351125 0.8309333343749999 0.535325 0.84193125 0.5486937488372093 0.843135415625 0.5765156255813954 0.84024375 0.5761531255813953 0.8267562500000001
4 0.6893031255813954 0.939427084375 0.6482937511627908 0.944725 0.649017188372093 0.957489584375 0.6576890627906976 0.9594166656249999 0.6903875 0.9536374999999999 0.6893031255813954 0.939427084375
2 0.36409687441860467 0.869060415625 0.36433906279069767 0.8526208343749999 0.3556343744186046 0.8548770843750001 0.34354687441860465 0.8571333343750001 0.330975 0.85745625 0.330732811627907 0.871639584375 0.34209687441860465 0.8726062499999999 0.3541843744186047 0.8709958343749999 0.36409687441860467 0.869060415625
2 0.36965781162790695 0.9428791656250001 0.36941562558139535 0.92901875 0.354667188372093 0.9322416656250001 0.34016250000000003 0.933208334375 0.32879843720930235 0.933208334375 0.32879843720930235 0.948360415625 0.3428218744186047 0.9496499999999999 0.36071250000000005 0.947070834375 0.36965781162790695 0.9428791656250001
4 0.35805312558139535 0.841983334375 0.3684484372093023 0.837147915625 0.3682062511627907 0.822964584375 0.351042188372093 0.828122915625 0.33822812558139537 0.8294124999999999 0.3261390627906977 0.8261875 0.3263812488372093 0.835214584375 0.3280734372093023 0.8426291656249999 0.34402968837209297 0.8442395843750001 0.35805312558139535 0.841983334375