7 0.42363437441860463 0.779083334375 0.4225687511627907 0.76653125 0.40604375116279073 0.769847915625 0.38116875116279064 0.769847915625 0.3809906255813953 0.779320834375 0.40017968837209306 0.783345834375 0.419725 0.781214584375 0.42363437441860463 0.779083334375
7 0.41741562558139533 0.79731875 0.401779688372093 0.7996875 0.385582811627907 0.79606875 0.3849 0.8101062499999999 0.39964687441860464 0.8127125 0.41919218837209304 0.8129479156249999 0.41741562558139533 0.79731875
7 0.480757811627907 0.890252084375 0.44646562558139535 0.887172915625 0.4452218744186046 0.903039584375 0.45552656279069764 0.90635625 0.4800468744186046 0.905645834375 0.480757811627907 0.890252084375
7 0.48324531162790696 0.93240625 0.4837781255813954 0.9186708343750001 0.4415484372093023 0.915460415625 0.4413125 0.928854165625 0.45446093720930236 0.931458334375 0.4695640627906976 0.933352084375 0.48324531162790696 0.93240625
7 0.545967188372093 0.895697915625 0.5136296883720931 0.8942770843750001 0.5118515627906977 0.911564584375 0.5234015627906976 0.913222915625 0.5466781255813954 0.909197915625 0.545967188372093 0.895697915625
7 0.5505875 0.9376145843750001 0.551475 0.9248270843749999 0.531042188372093 0.9300375000000001 0.5065218744186046 0.9238791656249999 0.5090093744186046 0.937141665625 0.5232234372093023 0.9418791656250001 0.5376156255813954 0.940220834375 0.5505875 0.9376145843750001
7 0.6055484372093023 0.9241791656249999 0.571967188372093 0.9208624999999999 0.5709015627906977 0.9345979156249999 0.5806734372093023 0.9379145843750001 0.6046609372093024 0.9379145843750001 0.6055484372093023 0.9241791656249999
7 0.6092796883720931 0.9521124999999999 0.5876031255813954 0.9535333343750001 0.566270311627907 0.947441665625 0.5669921883720931 0.96324375 0.5812062488372093 0.966558334375 0.608925 0.96703125 0.6092796883720931 0.9521124999999999
0 0.6063515627906977 0.899347915625 0.5905375 0.8998229156249999 0.572770311627907 0.897216665625 0.5718812511627908 0.9126104156249999 0.5843187488372092 0.9154520843749999 0.6065296883720931 0.9140312500000001 0.6063515627906977 0.899347915625
0 0.48198125116279067 0.864910415625 0.4473437488372093 0.86269375 0.44733281162790695 0.8786458343750001 0.46154687441860465 0.881014584375 0.48269062558139536 0.8807770843749999 0.48198125116279067 0.864910415625
0 0.5464968744186046 0.870239584375 0.5315718744186047 0.8728458343750001 0.513625 0.8704770843749999 0.512204688372093 0.887527084375 0.5289062511627907 0.8896583343750001 0.5463187511627907 0.888475 0.5464968744186046 0.870239584375
0 0.417304688372093 0.834125 0.41783750000000003 0.81896875 0.4036234372093023 0.8215729156249999 0.38336718837209305 0.8175479156250001 0.38372187441860467 0.8336520843749999 0.391895311627907 0.8353083343750001 0.4119734372093023 0.8362562499999999 0.417304688372093 0.834125
3 0.418325 0.8446624999999999 0.38438281162790694 0.8464375000000001 0.3852765627906977 0.8572124999999999 0.3952265627906976 0.8593437500000001 0.4186812511627907 0.85745 0.418325 0.8446624999999999
3 0.4828437488372093 0.841645834375 0.44854374883720927 0.838175 0.44872968837209304 0.8532500000000001 0.45814687441860463 0.8541979156249999 0.482667188372093 0.854908334375 0.4828437488372093 0.841645834375
3 0.5466312488372093 0.846383334375 0.5132281255813954 0.8466208343750001 0.5116281255813954 0.860829165625 0.5215781255813954 0.8622500000000001 0.547342188372093 0.858935415625 0.5466312488372093 0.846383334375
3 0.6056218744186047 0.8710125 0.5917625 0.8740916656250001 0.5736390627906977 0.867695834375 0.572395311627907 0.884275 0.5898093744186047 0.89043125 0.6072218744186046 0.8866416656249999 0.6056218744186047 0.8710125
2 0.6118406255813954 0.8494624999999999 0.611307811627907 0.8319375000000001 0.5962046883720931 0.8364375000000001 0.5716671883720931 0.830447915625 0.568842188372093 0.8437791656250001 0.5823453116279069 0.8487520843749999 0.596382811627907 0.8504083343750001 0.6118406255813954 0.8494624999999999
2 0.5512515627906976 0.806125 0.5324171883720931 0.809439584375 0.5089062511627908 0.8048624999999999 0.5082531255813953 0.821754165625 0.5254875 0.8236479156250001 0.5526734372093023 0.8219916656249999 0.5512515627906976 0.806125
2 0.48893749999999997 0.801385415625 0.44664843720930236 0.799727084375 0.44487187441860465 0.812041665625 0.4608625 0.8165416656250001 0.490357811627907 0.81606875 0.48893749999999997 0.801385415625
2 0.4009843744186047 0.8885354156249999 0.3796625 0.882377084375 0.3809062511627907 0.8994291656250001 0.419107811627907 0.9017958343749999 0.42212812558139534 0.8835625 0.4009843744186047 0.8885354156249999