3 0.367645311627907 0.914916665625 0.33601406279069773 0.9064 0.3335312511627907 0.921545834375 0.35112187441860465 0.9260458343750001 0.36657968837209304 0.9279416656249999 0.367645311627907 0.914916665625
3 0.47964531162790697 0.86831875 0.4458859372093023 0.86595 0.4464187511627907 0.8785020843750001 0.459745311627907 0.8818166656249999 0.4784015627906977 0.880395834375 0.47964531162790697 0.86831875
3 0.6036359372093023 0.8225187500000001 0.5709421883720931 0.825122915625 0.5727187511627907 0.839095834375 0.5867562488372092 0.839095834375 0.6061234372093024 0.833885415625 0.6036359372093023 0.8225187500000001
3 0.7076390627906978 0.910445834375 0.674945311627907 0.9116312499999999 0.6760125 0.9263125000000001 0.6872062511627908 0.9267875 0.7090609372093024 0.923470834375 0.7076390627906978 0.910445834375
0 0.707995311627907 0.884395834375 0.672204688372093 0.885879165625 0.6733468744186046 0.9014479156249999 0.6886265627906977 0.9005000000000001 0.707995311627907 0.899316665625 0.707995311627907 0.884395834375
0 0.6056625 0.84360625 0.5716671883720931 0.84936875 0.5743906255813953 0.8663395843749999 0.5934015627906977 0.8634979156249999 0.6076171883720931 0.8594729156250001 0.6056625 0.84360625
0 0.4819375 0.8402 0.4477437488372093 0.83764375 0.447467188372093 0.8546458343750001 0.45954843720930233 0.8529875 0.4815812488372093 0.8532249999999999 0.4819375 0.8402
0 0.3734687511627907 0.8853249999999999 0.35658906279069763 0.8860354156250001 0.3388125 0.87895 0.3374 0.894322915625 0.35250312558139535 0.899295834375 0.37027187441860465 0.903322915625 0.3734687511627907 0.8853249999999999
2 0.3684937511627907 0.9542375 0.34610625116279076 0.9544750000000001 0.32638437441860463 0.9445291656249999 0.3260281255813953 0.9582645843750001 0.34557343720930234 0.966789584375 0.36529687441860464 0.9675 0.3684937511627907 0.9542375
2 0.4845125 0.90788125 0.462479688372093 0.908354165625 0.44174843720930235 0.9048020843750001 0.44151250000000003 0.9187749999999999 0.455904688372093 0.9223270843750001 0.4832687488372093 0.92114375 0.4845125 0.90788125
2 0.6041906255813954 0.781539584375 0.5634718744186046 0.785941665625 0.5643890627906977 0.8016687499999999 0.577182811627907 0.8016687499999999 0.6056109372093024 0.794089584375 0.6041906255813954 0.781539584375
2 0.7154812511627907 0.952370834375 0.672404688372093 0.9538375 0.675325 0.9663437500000001 0.6918484372093023 0.9661062499999999 0.7137031255813953 0.9646854156250001 0.7154812511627907 0.952370834375
7 0.7115718744186047 0.8334875 0.666207811627907 0.833645834375 0.6664406255813954 0.8481708343750001 0.676745311627907 0.8486437499999999 0.7105062488372094 0.8467499999999999 0.7115718744186047 0.8334875
7 0.7060640627906977 0.858589584375 0.6874062488372092 0.86166875 0.673004688372093 0.8610958343749999 0.6728375000000001 0.8775354156249999 0.684742188372093 0.876589584375 0.7060640627906977 0.8723270843750001 0.7060640627906977 0.858589584375
7 0.608367188372093 0.8662166656249999 0.5752656255813954 0.870422915625 0.5756734372093023 0.888477084375 0.5872234372093024 0.88681875 0.6090781255813953 0.88255625 0.608367188372093 0.8662166656249999
7 0.6163624999999999 0.910975 0.6156531255813953 0.896291665625 0.5978843744186046 0.902922915625 0.573720311627907 0.9048166656250001 0.5751406255813953 0.9180791656249999 0.5868687511627907 0.9168958343750001 0.6014375000000001 0.915 0.6163624999999999 0.910975
7 0.38017031162790693 0.85123125 0.38230312558139534 0.8393916656249999 0.33981093720930233 0.829114584375 0.337882811627907 0.8429437500000001 0.35476250000000004 0.8472062499999999 0.3684437511627907 0.8507583343749999 0.38017031162790693 0.85123125
7 0.372707811627907 0.878702084375 0.376617188372093 0.8654416656249999 0.3412109372093023 0.857097915625 0.33894843720930234 0.870414584375 0.3490765627906977 0.87515 0.362757811627907 0.878466665625 0.372707811627907 0.878702084375
7 0.487442188372093 0.7873479156250001 0.44374687441860466 0.786208334375 0.444620311627907 0.8017937500000001 0.46274531162790694 0.8017937500000001 0.48619843720930234 0.802504165625 0.487442188372093 0.7873479156250001
7 0.481045311627907 0.815291665625 0.4479437511627907 0.8157895843749999 0.448529688372093 0.829264584375 0.4607906255813954 0.8299749999999999 0.48122343720930233 0.830210415625 0.481045311627907 0.815291665625