7 0.35465 0.362729165625 0.3536640627906977 0.37761875 0.387670311627907 0.381339584375 0.38783437441860463 0.36491875 0.35465 0.362729165625
7 0.3518734372093023 0.335125 0.3510359372093023 0.348497915625 0.3935843744186046 0.353752084375 0.394404688372093 0.341929165625 0.3518734372093023 0.335125
7 0.444345311627907 0.35594166562499996 0.4450031255813954 0.369516665625 0.488207811627907 0.37017500000000003 0.48639999999999994 0.35681875 0.444345311627907 0.35594166562499996
7 0.448957811627907 0.38435625 0.4492859372093023 0.400995834375 0.483454688372093 0.399025 0.48214062558139537 0.38435625 0.448957811627907 0.38435625
7 0.5292781255813953 0.43663958437500006 0.5289593744186046 0.453325 0.564279688372093 0.449385415625 0.5636218744186047 0.43668541562499996 0.5292781255813953 0.43663958437500006
7 0.5276140627906977 0.46941041562499997 0.527645311627907 0.485072915625 0.5701937488372093 0.48113333437500005 0.5697 0.4669 0.5276140627906977 0.46941041562499997
7 0.6087906255813953 0.35994375 0.609282811627907 0.37264375 0.6516671883720929 0.37527083437500003 0.6500234372093023 0.362133334375 0.6087906255813953 0.35994375
7 0.6460812488372093 0.38709375 0.6133906255813953 0.38687499999999997 0.6119109372093023 0.40373333437500003 0.6243968744186047 0.402858334375 0.6478875000000001 0.40132500000000004 0.6460812488372093 0.38709375
0 0.6125687488372094 0.411397915625 0.6138828116279069 0.42825625 0.6467375 0.42738125 0.6465734372093023 0.412710415625 0.6125687488372094 0.411397915625
0 0.5295156255813953 0.41607916562499997 0.5300093744186046 0.43162500000000004 0.5646718744186047 0.428997915625 0.563357811627907 0.41213958437500003 0.5295156255813953 0.41607916562499997
0 0.4470437511627907 0.4078125 0.447320311627907 0.424152084375 0.48280468837209306 0.423933334375 0.48362656279069766 0.409920834375 0.4470437511627907 0.4078125
0 0.35261250000000005 0.38514375 0.35142812558139536 0.401133334375 0.38674843720930235 0.4063875 0.3877343744186047 0.39215625 0.35261250000000005 0.38514375
3 0.3496562511627907 0.41249375 0.3501140627906977 0.42675 0.3841187511627907 0.431566665625 0.38428437441860464 0.41799166562499995 0.3496562511627907 0.41249375
3 0.4477312511627907 0.434591665625 0.44740312558139533 0.44838541562499995 0.481079688372093 0.44904374999999996 0.482229688372093 0.43568749999999995 0.4477312511627907 0.434591665625
3 0.5277906255813953 0.391697915625 0.527954688372093 0.40549166562499994 0.563275 0.40352083437499997 0.5627812488372093 0.390602084375 0.5277906255813953 0.391697915625
3 0.6136 0.43856041562500003 0.6131078116279071 0.45235416562499997 0.6474406255813954 0.45191666562500005 0.6461265627906977 0.43921666562499995 0.6136 0.43856041562500003
2 0.6081859372093023 0.4777875 0.6104781255813952 0.493297915625 0.652532811627907 0.49132708437500006 0.652204688372093 0.478191665625 0.6081859372093023 0.4777875
2 0.5217718744186046 0.351077084375 0.5222656255813953 0.36815625 0.5651421883720931 0.363777084375 0.561692188372093 0.34954583437500003 0.5217718744186046 0.351077084375
2 0.44116093720930233 0.47225833437500003 0.44313281162790696 0.48780416562499995 0.48666562558139537 0.48780416562499995 0.48436562558139534 0.474229165625 0.44116093720930233 0.47225833437500003
2 0.34485781162790696 0.45185833437499995 0.3440359372093023 0.46609166562500004 0.3870765627906977 0.47068958437499997 0.387404688372093 0.458864584375 0.34485781162790696 0.45185833437499995