9 0.34666406279069767 0.52599375 0.34666406279069767 0.5089937499999999 0.3198187511627907 0.513695834375 0.3076156255813954 0.51441875 0.3070734372093023 0.526716665625 0.33907031162790696 0.52599375 0.34666406279069767 0.52599375
9 0.4535031255813954 0.6457229156250001 0.4521468744186047 0.6330625000000001 0.423675 0.6377645843749999 0.4136406255813953 0.639575 0.41662343720930234 0.65368125 0.4402156255813954 0.6507875000000001 0.4535031255813954 0.6457229156250001
9 0.564679688372093 0.6417437500000001 0.563595311627907 0.632339584375 0.5419015627906977 0.6341479156250001 0.526892188372093 0.635172915625 0.525632811627907 0.6478937499999999 0.5568156255813954 0.645 0.564679688372093 0.6417437500000001
9 0.6514531255813953 0.550229165625 0.6509109372093024 0.539739584375 0.6278609372093024 0.542270834375 0.6126625000000001 0.541154165625 0.612404688372093 0.5524 0.6365390627906976 0.5524 0.6514531255813953 0.550229165625
8 0.3450359372093023 0.540825 0.31060312558139536 0.541154165625 0.310870311627907 0.550229165625 0.34449375116279074 0.550229165625 0.3450359372093023 0.540825
8 0.4486218744186047 0.619679165625 0.4486218744186047 0.6091895843749999 0.4290968744186046 0.6109979156249999 0.4160359372093023 0.613929165625 0.416895311627907 0.62474375 0.42882656279069764 0.623295834375 0.4486218744186047 0.619679165625
8 0.5595281255813953 0.617870834375 0.5587140627906977 0.6066583343749999 0.5465125 0.60738125 0.5272312511627907 0.6089562500000001 0.5305124999999999 0.619316665625 0.5456984372093023 0.617870834375 0.5595281255813953 0.617870834375
8 0.6476562511627907 0.5657833343750001 0.6167437511627907 0.567954165625 0.6183703116279069 0.5791666656250001 0.6479281255813955 0.578804165625 0.6476562511627907 0.5657833343750001
0 0.34286718837209307 0.565420834375 0.328767188372093 0.5657833343750001 0.3119593744186046 0.566014584375 0.3114125 0.574464584375 0.3431390627906977 0.574464584375 0.34286718837209307 0.565420834375
0 0.4475359372093023 0.597252084375 0.4461812488372093 0.587847915625 0.4136625 0.5881624999999999 0.41445468837209304 0.599422915625 0.430182811627907 0.5987 0.4475359372093023 0.597252084375
0 0.5587140627906977 0.591104165625 0.5589859372093023 0.583508334375 0.5492234372093023 0.582422915625 0.5462406255813953 0.585677084375 0.5280718744186047 0.585316665625 0.527529688372093 0.595083334375 0.5419015627906977 0.595083334375 0.5587140627906977 0.591104165625
0 0.6503671883720931 0.592189584375 0.6184265627906977 0.5935875 0.6175562511627908 0.601954165625 0.6495546883720931 0.602679165625 0.6503671883720931 0.592189584375
3 0.3436812511627907 0.589295834375 0.32713906279069765 0.590379165625 0.31168281162790695 0.59001875 0.3114125 0.6015937499999999 0.34259531162790696 0.6015937499999999 0.3436812511627907 0.589295834375
3 0.44536718837209305 0.573741665625 0.44455312558139537 0.559272915625 0.4375031255813953 0.558910415625 0.4147265627906977 0.561804165625 0.41499687441860467 0.57844375 0.42991093720930235 0.576995834375 0.44536718837209305 0.573741665625
3 0.557357811627907 0.557825 0.5265531255813953 0.559235415625 0.526717188372093 0.5722937499999999 0.5579 0.57193125 0.557357811627907 0.557825
3 0.6495546883720931 0.612445834375 0.6425046883720931 0.614614584375 0.6184265627906977 0.615735415625 0.6191843744186046 0.628360415625 0.6495546883720931 0.629083334375 0.6495546883720931 0.612445834375
2 0.349917188372093 0.623295834375 0.3219875 0.6254666656250001 0.3075515627906977 0.625229165625 0.30680156279069765 0.635233334375 0.3485609372093023 0.63631875 0.349917188372093 0.623295834375
2 0.41852187441860467 0.527441665625 0.40794687441860467 0.529610415625 0.40713281162790693 0.538654165625 0.4456390627906977 0.536483334375 0.4456390627906977 0.525270834375 0.41852187441860467 0.527441665625
2 0.5595281255813953 0.533952084375 0.5592562488372093 0.5231 0.5207906255813953 0.523072915625 0.5212937488372094 0.535397915625 0.537020311627907 0.535397915625 0.5595281255813953 0.533952084375
2 0.6547062488372093 0.6623625 0.6547062488372093 0.65115 0.635725 0.654404165625 0.616392188372093 0.6550625 0.6175562511627908 0.664533334375 0.6346406255813953 0.664533334375 0.6547062488372093 0.6623625