9 0.36472812558139533 0.3455625 0.36557187441860467 0.33429375 0.35599843720930235 0.330914584375 0.3422031255813954 0.331289584375 0.32673437441860465 0.33098125 0.3255906255813954 0.343683334375 0.34276562558139534 0.344060415625 0.36472812558139533 0.3455625
9 0.46130312558139536 0.465 0.46214687441860464 0.45222916562500004 0.4362437511627907 0.45222916562500004 0.422832811627907 0.45535833437499995 0.42385468837209306 0.468004165625 0.4382140627906977 0.46575 0.46130312558139536 0.465
9 0.5584562488372093 0.478520834375 0.5593015627906976 0.471385415625 0.5440968744186047 0.471010415625 0.523825 0.46950624999999996 0.5224171883720929 0.483404165625 0.5353687511627907 0.48528125 0.5584562488372093 0.478520834375
9 0.6446140627906978 0.368097915625 0.6058765627906977 0.368529165625 0.6071656255813953 0.379741665625 0.6446140627906978 0.379741665625 0.6446140627906978 0.368097915625
8 0.35829531162790695 0.3701375 0.35917499999999997 0.359572915625 0.3480296883720931 0.3611375 0.3277937511627907 0.358791665625 0.326032811627907 0.368572915625 0.3398187488372093 0.369745834375 0.35829531162790695 0.3701375
8 0.45860156279069764 0.42843125000000004 0.42633906279069766 0.42843125000000004 0.426045311627907 0.441733334375 0.458895311627907 0.4382125 0.45860156279069764 0.42843125000000004
8 0.5559734372093024 0.44564583437499994 0.5389625 0.4448625 0.5254718744186047 0.4448625 0.5257656255813954 0.45386249999999995 0.5562671883720931 0.455035415625 0.5559734372093024 0.44564583437499994
8 0.6419078116279069 0.394002084375 0.6234312488372094 0.395566665625 0.6099390627906977 0.39713125 0.6114062511627908 0.405739584375 0.6419078116279069 0.406522915625 0.6419078116279069 0.394002084375
0 0.3592031255813954 0.395375 0.35893281162790697 0.38705625 0.3445609372093023 0.38452291562499996 0.32585781162790695 0.3834 0.32612187441860463 0.393204165625 0.3383234372093023 0.393204165625 0.3592031255813954 0.395375
0 0.455467188372093 0.411652084375 0.4557375 0.40477916562500005 0.43729843720930234 0.40188541562499996 0.42485 0.40328958437500007 0.4256390627906977 0.41382291562500007 0.4465187488372093 0.414185415625 0.455467188372093 0.411652084375
0 0.5557984372093023 0.42829166562500004 0.5557984372093023 0.4188875 0.5392562511627907 0.420333334375 0.524857811627907 0.42091666562499996 0.5240718744186047 0.429377084375 0.5419687511627906 0.429377084375 0.5557984372093023 0.42829166562500004
0 0.6423000000000001 0.420333334375 0.6290125 0.420333334375 0.6119843744186046 0.42136874999999996 0.6113859372093023 0.429377084375 0.6420281255813953 0.43010000000000004 0.6423000000000001 0.420333334375
3 0.35622031162790696 0.409120834375 0.3372390627906977 0.40622708437500005 0.32517968837209305 0.40599999999999997 0.32557968837209306 0.41816250000000005 0.35432187441860463 0.420333334375 0.35622031162790696 0.409120834375
3 0.4538406255813953 0.378735415625 0.439870311627907 0.37765 0.42387187441860463 0.378735415625 0.4240125 0.39284375 0.45465312558139537 0.39139583437500003 0.4538406255813953 0.378735415625
3 0.554845311627907 0.405864584375 0.554845311627907 0.394652084375 0.5358640627906976 0.394289584375 0.5250171883720931 0.394289584375 0.524475 0.40695 0.5407437511627907 0.408397915625 0.554845311627907 0.405864584375
3 0.643245311627907 0.45650625 0.6427015627906977 0.441314584375 0.6283312488372093 0.44348333437500004 0.612995311627907 0.44306666562499997 0.6123312488372094 0.45759166562500003 0.624804688372093 0.45614375 0.643245311627907 0.45650625
2 0.35879218837209303 0.45650625 0.36014843720930234 0.444208334375 0.3357437488372093 0.440952084375 0.3190718744186047 0.44125833437499995 0.3194734372093023 0.45325 0.33330312558139535 0.45361250000000003 0.35879218837209303 0.45650625
2 0.457767188372093 0.342202084375 0.43471875116279074 0.341839584375 0.4184484372093023 0.34292500000000004 0.4176359372093023 0.3545 0.4409562488372093 0.35196875 0.4583109372093023 0.353054165625 0.457767188372093 0.342202084375
2 0.559454688372093 0.359927084375 0.5429140627906976 0.35811875 0.5204062488372093 0.359202084375 0.520445311627907 0.37119583437500003 0.5399312488372093 0.370054165625 0.5586406255813954 0.36969375000000004 0.559454688372093 0.359927084375
2 0.648667188372093 0.49086875 0.6489390627906977 0.477485415625 0.627245311627907 0.480016665625 0.6104343744186047 0.481827084375 0.6112468744186047 0.4937625 0.633482811627907 0.491954165625 0.648667188372093 0.49086875