9 0.45612187441860463 0.515320834375 0.45737343720930235 0.5033000000000001 0.4370984372093023 0.5009625 0.4190812488372093 0.500779165625 0.41707343720930234 0.5113125000000001 0.4295890627906977 0.5136499999999999 0.45612187441860463 0.515320834375
9 0.536970311627907 0.62650625 0.536720311627907 0.6144875 0.49981875116279073 0.618025 0.499925 0.629845834375 0.5154437511627907 0.629845834375 0.536970311627907 0.62650625
9 0.616317188372093 0.49562083437500004 0.616067188372093 0.478925 0.5927890627906977 0.48560416562500003 0.578270311627907 0.487272915625 0.577520311627907 0.496620834375 0.5967937488372093 0.495285415625 0.616317188372093 0.49562083437500004
9 0.7046749999999999 0.612816665625 0.7046749999999999 0.59879375 0.6763906255813953 0.5994625 0.6650484372093023 0.597579165625 0.6661281255813953 0.609479165625 0.6909078116279069 0.614820834375 0.7046749999999999 0.612816665625
8 0.452367188372093 0.538025 0.452117188372093 0.528675 0.42064687441860465 0.526647915625 0.4208281255813954 0.536689584375 0.43484531162790696 0.538025 0.452367188372093 0.538025
8 0.5324640627906977 0.5884437499999999 0.514442188372093 0.593452084375 0.5004437488372093 0.593825 0.5006765627906976 0.60113125 0.5322140627906977 0.6001291656250001 0.5324640627906977 0.5884437499999999
8 0.6135640627906976 0.51899375 0.6133140627906977 0.509977084375 0.5957921883720931 0.51198125 0.5814937511627907 0.513295834375 0.5837781255813954 0.5223312499999999 0.5917875 0.5216645843750001 0.6135640627906976 0.51899375
8 0.7006703116279069 0.581764584375 0.7024218744186046 0.574754165625 0.6849015627906977 0.572416665625 0.6709937488372093 0.570458334375 0.6711343744186047 0.584102084375 0.6833984372093024 0.584102084375 0.7006703116279069 0.581764584375
0 0.45136562558139537 0.55305 0.42064687441860465 0.552933334375 0.418575 0.563066665625 0.45161562558139534 0.56173125 0.45136562558139537 0.55305
0 0.5307125 0.5624 0.5154437511627907 0.5670729156250001 0.499425 0.56874375 0.4991734372093023 0.5767562500000001 0.5299609372093024 0.576089584375 0.5307125 0.5624
0 0.6153156255813953 0.53335 0.5836843744186047 0.537079165625 0.5840281255813954 0.546372915625 0.6150656255813954 0.542364584375 0.6153156255813953 0.53335
0 0.7021718744186046 0.5507125 0.6713062511627907 0.5475104156249999 0.6716343744186046 0.5583916656250001 0.7019218744186047 0.559727084375 0.7021718744186046 0.5507125
3 0.45136562558139537 0.58610625 0.45186562558139537 0.577089584375 0.41876874883720927 0.575047915625 0.41957656279069766 0.586772915625 0.43209218837209307 0.585772915625 0.45136562558139537 0.58610625
3 0.5287093744186047 0.55371875 0.5289609372093024 0.543033334375 0.49606406279069765 0.5450062499999999 0.4981734372093023 0.558058334375 0.5179468744186047 0.5553874999999999 0.5287093744186047 0.55371875
3 0.616317188372093 0.556054165625 0.5865015627906977 0.558358334375 0.586029688372093 0.5704125 0.616317188372093 0.5694104156249999 0.616317188372093 0.556054165625
3 0.688154688372093 0.521329165625 0.6721359372093024 0.51999375 0.6716187511627907 0.53624375 0.7026718744186047 0.538025 0.7026718744186047 0.522664584375 0.688154688372093 0.521329165625
2 0.452867188372093 0.624170834375 0.453117188372093 0.613485415625 0.41376093720930235 0.6121833343749999 0.414320311627907 0.6224999999999999 0.4283375 0.6248375 0.452867188372093 0.624170834375
2 0.49191562558139534 0.510310415625 0.4911640627906977 0.51999375 0.5307125 0.514985415625 0.5299609372093024 0.50496875 0.49191562558139534 0.510310415625
2 0.6223249999999999 0.60346875 0.6223249999999999 0.59245 0.596042188372093 0.593785415625 0.5843109372093024 0.5954937499999999 0.5847781255813953 0.607808334375 0.6015484372093023 0.6051375 0.6223249999999999 0.60346875
2 0.7084296883720931 0.489275 0.6691156255813954 0.48659166562499995 0.667379688372093 0.499627084375 0.7074281255813953 0.49996041562500004 0.7084296883720931 0.489275