9 0.45100156279069764 0.139733334375 0.41932968837209306 0.138514584375 0.41019374883720927 0.14013958437500001 0.41050624883720926 0.153916665625 0.42877031162790696 0.15110625 0.4500875 0.1498875 0.45100156279069764 0.139733334375
9 0.5518031255813953 0.262820834375 0.5514984372093024 0.24982291562499997 0.5222625000000001 0.253072915625 0.5125421883720931 0.255445834375 0.5128218744186046 0.267289584375 0.5402296883720931 0.262820834375 0.5518031255813953 0.262820834375
9 0.6230640627906977 0.245760415625 0.622454688372093 0.233166665625 0.6017468744186046 0.233166665625 0.585642188372093 0.230064584375 0.5856062511627907 0.243322915625 0.607532811627907 0.24494791562499998 0.6230640627906977 0.245760415625
9 0.7330015627906977 0.17548125 0.7348281255813953 0.1661375 0.715032811627907 0.16329375 0.6967609372093024 0.16410625 0.6967609372093024 0.17385625 0.7065062488372092 0.17466874999999998 0.7330015627906977 0.17548125
2 0.4525234372093023 0.262414584375 0.4540468744186047 0.25104166562499997 0.42633437441860467 0.251447915625 0.4141531255813954 0.253479165625 0.41476093720930235 0.26403958437499997 0.4376015627906976 0.260789584375 0.4525234372093023 0.262414584375
8 0.4473359372093023 0.17720625 0.44764062558139533 0.16908125000000002 0.428454688372093 0.16908125000000002 0.415454688372093 0.169145834375 0.41535937441860465 0.1792375 0.4330234372093023 0.17558125 0.4473359372093023 0.17720625
8 0.5457015627906977 0.22717291562500003 0.535042188372093 0.22879791562500001 0.5146375 0.22879791562500001 0.5148265627906976 0.240216665625 0.5365640627906977 0.237735415625 0.5463093744186046 0.23692291562499998 0.5457015627906977 0.22717291562500003
8 0.6203125 0.217829165625 0.6197031255813954 0.20767291562499998 0.6087390627906977 0.20483125000000002 0.590592188372093 0.205189584375 0.5892499999999999 0.215797915625 0.6038671883720931 0.215797915625 0.6203125 0.217829165625
8 0.7278125000000001 0.19305 0.7098453116279069 0.1898 0.698882811627907 0.1898 0.6975781255813953 0.20163541562499998 0.7147171883720931 0.20239375 0.728117188372093 0.20605 0.7278125000000001 0.19305
0 0.717154688372093 0.216610415625 0.6961406255813953 0.21539166562499998 0.6952937511627907 0.226002084375 0.7262906255813955 0.230422915625 0.7259859372093023 0.21945416562500003 0.717154688372093 0.216610415625
0 0.6209203116279071 0.1833 0.6069125 0.17964375 0.5919906255813954 0.18045625 0.5917343744186047 0.19046875000000002 0.6029531255813952 0.1898 0.6203125 0.19305 0.6209203116279071 0.1833
0 0.5426546883720931 0.21173541562499998 0.5420468744186047 0.20320624999999998 0.5198156255813954 0.2028 0.5122015627906976 0.207266665625 0.5143343744186046 0.215797915625 0.5347375 0.212141665625 0.5426546883720931 0.21173541562499998
0 0.44946718837209304 0.20117500000000002 0.44764062558139533 0.19264375 0.42723593720930236 0.1938625 0.41735937441860466 0.1950375 0.416882811627907 0.20483125000000002 0.434545311627907 0.2019875 0.44946718837209304 0.20117500000000002
3 0.448554688372093 0.22676666562499997 0.448554688372093 0.21701666562500002 0.44124531162790703 0.21132916562499998 0.421754688372093 0.214172915625 0.4165968744186046 0.218895834375 0.4190140627906977 0.227579165625 0.435154688372093 0.224329165625 0.448554688372093 0.22676666562499997
3 0.5423515627906977 0.19020625 0.5414375 0.17639375 0.5256015627906977 0.1768 0.5117796883720931 0.180314584375 0.5112890627906976 0.19508125 0.5304734372093023 0.19061250000000002 0.5423515627906977 0.19020625
3 0.6218343744186047 0.17151875 0.6224437488372092 0.15689375 0.6056937488372093 0.15526875 0.593207811627907 0.15405 0.5926 0.1678625 0.6081312511627908 0.16826875 0.6218343744186047 0.17151875
3 0.7256812488372093 0.239360415625 0.7052765627906976 0.237329165625 0.693770311627907 0.239202084375 0.6949234372093023 0.253172915625 0.7241578116279069 0.253579165625 0.7256812488372093 0.239360415625
2 0.544482811627907 0.143895834375 0.5353468744186046 0.141052084375 0.517379688372093 0.143083334375 0.507329688372093 0.145114584375 0.5060687511627907 0.155439584375 0.5313875 0.15201875 0.5441781255813953 0.15201875 0.544482811627907 0.143895834375
2 0.6312749999999999 0.131708334375 0.6297531255813953 0.123177084375 0.6011265627906976 0.119114584375 0.5901625 0.119114584375 0.5909734372093024 0.12955 0.6130031255813954 0.132114584375 0.6303609372093023 0.134145834375 0.6312749999999999 0.131708334375
2 0.728117188372093 0.28973333437500004 0.7287265627906977 0.276733334375 0.7025359372093024 0.274702084375 0.6899625 0.27473749999999997 0.689442188372093 0.287702084375 0.7174593744186046 0.288514584375 0.728117188372093 0.28973333437500004