2 0.4537562488372093 0.6668645843750001 0.4537562488372093 0.654704165625 0.43760781162790696 0.657979165625 0.4281312511627907 0.657979165625 0.41341249999999996 0.657727084375 0.41268437441860467 0.669204165625 0.42567343720930234 0.67060625 0.43901249999999997 0.670139584375 0.4537562488372093 0.6668645843750001
2 0.5136359372093023 0.6604125 0.5132843744186046 0.649185415625 0.49608437441860465 0.651525 0.47387031162790694 0.648464584375 0.47396874883720935 0.6604125 0.482745311627907 0.661814584375 0.49397812558139537 0.661814584375 0.5136359372093023 0.6604125
2 0.5937828116279069 0.646883334375 0.5937828116279069 0.636125 0.5727203116279069 0.637529165625 0.5530531255813954 0.634502084375 0.5537640627906977 0.648285415625 0.5664015627906976 0.649220834375 0.5762312511627907 0.648754165625 0.5937828116279069 0.646883334375
2 0.4566937488372093 0.7738270843749999 0.455992188372093 0.758860415625 0.4419515627906977 0.763070834375 0.41476093720930235 0.75950625 0.41421875116279067 0.7738270843749999 0.43317500000000003 0.776166665625 0.4461640627906977 0.776166665625 0.4566937488372093 0.7738270843749999
2 0.5156031255813953 0.7634125 0.5152515627906977 0.751720834375 0.4903281255813953 0.754058334375 0.4737281255813953 0.751147915625 0.47382968837209305 0.7643500000000001 0.4913812488372093 0.76715625 0.5015609372093023 0.76715625 0.5156031255813953 0.7634125
2 0.587329688372093 0.75435 0.5961046883720931 0.75154375 0.5954031255813954 0.739852084375 0.578904688372093 0.7421895843749999 0.5551296883720931 0.7388541656250001 0.5553859372093023 0.751077084375 0.5645125 0.752947915625 0.575745311627907 0.75435 0.587329688372093 0.75435
0 0.45 0.7294375 0.43876562558139537 0.731308334375 0.41915312558139534 0.72998125 0.4194593744186047 0.7439375 0.4380640627906977 0.74440625 0.4496484372093023 0.7439375 0.45 0.7294375
0 0.44915937441860465 0.704035415625 0.41920312558139533 0.704564584375 0.41862031162790697 0.718535415625 0.4351187511627907 0.71713125 0.44951093720930235 0.71713125 0.44915937441860465 0.704035415625
0 0.5078906255813953 0.705177084375 0.478942188372093 0.703085415625 0.47875468837209306 0.715935415625 0.4920937511627907 0.7173375 0.5078906255813953 0.7164020843750001 0.5078906255813953 0.705177084375
0 0.5907593744186047 0.708164584375 0.5592781255813953 0.707522915625 0.5591656255813954 0.724066665625 0.5703984372093024 0.724533334375 0.5914609372093024 0.723597915625 0.5907593744186047 0.708164584375
0 0.4791812488372093 0.677352084375 0.478129688372093 0.692454165625 0.5093718744186047 0.692922915625 0.5093718744186047 0.679358334375 0.4791812488372093 0.677352084375
0 0.590717188372093 0.696989584375 0.5900140627906977 0.68389375 0.557879688372093 0.681983334375 0.5584218744186047 0.695585415625 0.5671968744186047 0.698391665625 0.5773765627906976 0.698391665625 0.590717188372093 0.696989584375
6 0.4178984372093023 0.683529165625 0.418975 0.696045834375 0.4509187511627907 0.696045834375 0.4509187511627907 0.6829500000000001 0.4178984372093023 0.683529165625
6 0.478745311627907 0.7250875 0.4793265627906977 0.736285415625 0.5077609372093023 0.736285415625 0.5088140627906976 0.72693125 0.478745311627907 0.7250875
6 0.5903968744186047 0.67459375 0.5907468744186046 0.662433334375 0.5788125 0.665708334375 0.5588437511627906 0.66300625 0.559154688372093 0.673658334375 0.5679312511627908 0.6750625 0.577407811627907 0.675529165625 0.5903968744186047 0.67459375