2 0.3285515627906977 0.8314937499999999 0.3045656255813954 0.832679165625 0.28773906279069766 0.828464584375 0.2881312488372093 0.8421479156249999 0.302345311627907 0.8445145843749999 0.3285515627906977 0.8445145843749999 0.3285515627906977 0.8314937499999999
2 0.32623906279069764 0.9486895843750001 0.32623906279069764 0.9362625 0.30713906279069764 0.938629165625 0.283342188372093 0.9326625 0.28359843720930233 0.94750625 0.29559062558139537 0.94928125 0.309804688372093 0.9504645843749999 0.32623906279069764 0.9486895843750001
2 0.418657811627907 0.946029165625 0.418657811627907 0.932416665625 0.39289687441860466 0.932416665625 0.3780984372093023 0.928104165625 0.3777937511627907 0.943660415625 0.39156406279069766 0.9466208343750001 0.40755312558139534 0.9466208343750001 0.418657811627907 0.946029165625
2 0.41910156279069766 0.841279165625 0.42043437441860465 0.828258334375 0.40666562558139535 0.82944375 0.37761093720930233 0.8271625 0.37868281162790696 0.840095834375 0.3924515627906977 0.841870834375 0.40666562558139535 0.841870834375 0.41910156279069766 0.841279165625
2 0.5128218744186046 0.8247083343750001 0.49327812558139533 0.827075 0.47285468837209305 0.8219520843750001 0.4728468744186046 0.8335854156250001 0.48617187441860465 0.8359520843749999 0.511932811627907 0.83476875 0.5128218744186046 0.8247083343750001
2 0.5135734372093024 0.927889584375 0.49447343720930237 0.929664584375 0.4723656255813954 0.926802084375 0.47359687441860465 0.9397249999999999 0.49358437441860464 0.942091665625 0.5135734372093024 0.940316665625 0.5135734372093024 0.927889584375
0 0.32275 0.9042729156249999 0.308092188372093 0.9060499999999999 0.2906687488372093 0.9027062499999999 0.290325 0.91729375 0.30453906279069765 0.919660415625 0.32230468837209303 0.918477084375 0.32275 0.9042729156249999
0 0.3226875 0.8795375 0.30536406279069767 0.880720834375 0.29164531162790697 0.8779583343749999 0.2907062488372093 0.890189584375 0.3058093744186046 0.8931479156250001 0.3226875 0.8931479156250001 0.3226875 0.8795375
0 0.412667188372093 0.9022062500000001 0.38249531162790695 0.9007520843749999 0.38335156279069765 0.9170020843750001 0.3975656255813953 0.9170020843750001 0.413554688372093 0.9170020843750001 0.412667188372093 0.9022062500000001
0 0.47676250000000003 0.8773083343750001 0.4775937511627907 0.89125625 0.5086859372093023 0.89125625 0.509129688372093 0.8794208343750001 0.47676250000000003 0.8773083343750001
0 0.41407812558139534 0.8776458343750001 0.382982811627907 0.875354165625 0.38298593720930235 0.8865229156250001 0.3945343744186046 0.890072915625 0.41452187441860466 0.88948125 0.41407812558139534 0.8776458343750001
0 0.47725 0.851258334375 0.4772718744186047 0.8659854156250001 0.5083640627906977 0.86716875 0.5083640627906977 0.8535562499999999 0.47725 0.851258334375
6 0.32361406279069765 0.857345834375 0.3156187488372093 0.8597125 0.3058468744186047 0.8614875 0.29164531162790697 0.855816665625 0.29163281162790694 0.869772915625 0.3022937488372093 0.871547915625 0.32405781162790703 0.870364584375 0.32361406279069765 0.857345834375
6 0.4139406255813954 0.8559833343750001 0.3975062488372093 0.8571666656250001 0.38249531162790695 0.8519083343749999 0.383292188372093 0.865452084375 0.39306406279069767 0.86781875 0.4148281255813953 0.8672270843750001 0.4139406255813954 0.8559833343750001
6 0.4762734372093023 0.9001020843750001 0.4774859372093023 0.9128020843750001 0.5085765627906976 0.9122104156249999 0.5090218744186046 0.900375 0.4762734372093023 0.9001020843750001