2 0.3404875 0.292677084375 0.299742188372093 0.288408334375 0.29930937441860467 0.299422915625 0.31584843720930234 0.299872915625 0.3404875 0.302570834375 0.3404875 0.292677084375
2 0.39042031162790697 0.288683334375 0.3898468744186046 0.30005833437499996 0.4306875 0.30095625 0.4306875 0.287914584375 0.39042031162790697 0.288683334375
2 0.4810593744186047 0.284341665625 0.481204688372093 0.29819375 0.5210328116279069 0.29819375 0.520695311627907 0.28605 0.4810593744186047 0.284341665625
2 0.48228437441860467 0.388845834375 0.48367343720930234 0.40131249999999996 0.5231640627906976 0.40131249999999996 0.5238390627906977 0.389620834375 0.48228437441860467 0.388845834375
2 0.38964375116279065 0.38995625 0.38873593720930233 0.404272915625 0.4305890627906977 0.406070834375 0.4312640627906977 0.39347916562499996 0.38964375116279065 0.38995625
2 0.3386234372093023 0.395804165625 0.2969718744186047 0.39174375 0.2960937488372093 0.40524791562500007 0.31432031162790697 0.40704791562500003 0.3386234372093023 0.407947915625 0.3386234372093023 0.395804165625
0 0.30316249999999995 0.336766665625 0.3030656255813953 0.349741665625 0.33546875116279073 0.352441665625 0.33614374883720927 0.339847915625 0.30316249999999995 0.336766665625
0 0.3020656255813953 0.361908334375 0.30234687441860464 0.37727499999999997 0.3348062511627907 0.379447915625 0.3341312488372093 0.363258334375 0.3020656255813953 0.361908334375
0 0.39516562558139534 0.33732916562500004 0.3947687511627907 0.347733334375 0.4258812511627907 0.350820834375 0.4258812511627907 0.338677084375 0.39516562558139534 0.33732916562500004
0 0.3947484372093023 0.36193749999999997 0.39435156279069766 0.3763125 0.4258015627906977 0.37722916562500003 0.42546406279069765 0.36283750000000003 0.3947484372093023 0.36193749999999997
0 0.4863531255813954 0.314733334375 0.485804688372093 0.328327084375 0.5184187511627907 0.33137500000000003 0.5184187511627907 0.316533334375 0.4863531255813954 0.314733334375
0 0.4870406255813954 0.339777084375 0.4869312511627907 0.352075 0.5177562488372093 0.35326875 0.5174187511627907 0.340675 0.4870406255813954 0.339777084375
6 0.4854968744186046 0.36243125 0.48651093720930233 0.373675 0.5172249999999999 0.375922915625 0.5172249999999999 0.36243125 0.4854968744186046 0.36243125
6 0.4135140627906977 0.316595834375 0.39461250000000003 0.313895834375 0.3940062488372093 0.325375 0.4256656255813953 0.32963749999999997 0.42600312558139536 0.31749375 0.4135140627906977 0.316595834375
6 0.31911093720930234 0.319291665625 0.3039218744186047 0.31569375 0.30315000000000003 0.32699375 0.33632500000000004 0.332333334375 0.33565 0.31839375 0.31911093720930234 0.319291665625