2 0.396275 0.579872915625 0.35562656279069765 0.57505625 0.3536390627906977 0.587579165625 0.3698984372093023 0.5897479156250001 0.3966359372093023 0.590229165625 0.396275 0.579872915625
2 0.39085468837209303 0.6834374999999999 0.34984531162790694 0.6764520843749999 0.34948437441860464 0.6906625 0.36212968837209303 0.694033334375 0.390675 0.6952375 0.39085468837209303 0.6834374999999999
2 0.5335515627906977 0.375639584375 0.492542188372093 0.374916665625 0.4932640627906977 0.38671875 0.5131375 0.38575624999999997 0.5340937511627907 0.3872 0.5335515627906977 0.375639584375
2 0.533732811627907 0.47823958437499997 0.49218124883720926 0.47944375 0.492542188372093 0.49245 0.513679688372093 0.49245 0.5330093744186046 0.492208334375 0.533732811627907 0.47823958437499997
2 0.6596734372093024 0.566035415625 0.6186828116279071 0.562908334375 0.6186640627906977 0.574464584375 0.6358265627906976 0.575910415625 0.6602156255813953 0.5751875 0.6596734372093024 0.566035415625
2 0.6613 0.66478125 0.6199296883720931 0.669597915625 0.6215546883720929 0.680195834375 0.6419687488372093 0.680195834375 0.6629265627906977 0.67875 0.6613 0.66478125
0 0.6559515627906977 0.612233334375 0.62295 0.61064375 0.6225515627906977 0.623364584375 0.6343484372093023 0.623189584375 0.6563484372093024 0.624425 0.6559515627906977 0.612233334375
0 0.656879688372093 0.6334375 0.6236125 0.635733334375 0.625732811627907 0.650929165625 0.6384562511627907 0.650752084375 0.657542188372093 0.6491625 0.656879688372093 0.6334375
0 0.5293218744186047 0.4060625 0.496982811627907 0.40182083437499994 0.4956562511627907 0.419314584375 0.5093078116279071 0.419314584375 0.5286593744186047 0.42055208437499997 0.5293218744186047 0.4060625
0 0.5291890627906977 0.43150625 0.49663281162790696 0.427989584375 0.495525 0.443166665625 0.5095734372093024 0.442108334375 0.5293218744186047 0.443520834375 0.5291890627906977 0.43150625
0 0.3906968744186046 0.625214584375 0.35595468837209304 0.62329375 0.356370311627907 0.634402084375 0.368695311627907 0.6367 0.388975 0.6405875 0.3906968744186046 0.625214584375
0 0.3883109372093023 0.649597915625 0.35517656279069765 0.645358334375 0.354117188372093 0.66355625 0.371479688372093 0.665322915625 0.3877812488372093 0.666560415625 0.3883109372093023 0.649597915625
6 0.39054687441860464 0.6056083343750001 0.356632811627907 0.59789375 0.35714687441860465 0.612172915625 0.3739125 0.614122915625 0.3904140627906977 0.61785 0.39054687441860464 0.6056083343750001
6 0.5283781255813954 0.45386875 0.4960218744186047 0.451164584375 0.49665312558139535 0.46369375 0.5093109372093023 0.46326666562499996 0.5286984372093023 0.463479165625 0.5283781255813954 0.45386875
6 0.6561281255813953 0.591152084375 0.6234421883720931 0.589441665625 0.625204688372093 0.60183125 0.6413859372093024 0.6033270843749999 0.6572484372093024 0.602472915625 0.6561281255813953 0.591152084375