2 0.39340781162790694 0.71701875 0.393157811627907 0.706 0.37213124883720927 0.706333334375 0.35492968837209304 0.702308334375 0.35185624883720934 0.714345834375 0.370379688372093 0.7180187499999999 0.39340781162790694 0.71701875
2 0.3879015627906977 0.822529165625 0.3884015627906977 0.80716875 0.36412187441860466 0.808170834375 0.3477328116279069 0.8024479156250001 0.34710156279069765 0.8185229156249999 0.36762656279069766 0.8228624999999999 0.3879015627906977 0.822529165625
2 0.5228156255813954 0.7233625 0.5225656255813953 0.712677084375 0.5005390627906977 0.71568125 0.48260781162790695 0.7139916656249999 0.48351718837209307 0.7243625 0.5087984372093024 0.7253645843750001 0.5228156255813954 0.7233625
2 0.5245687488372093 0.82686875 0.523817188372093 0.813847915625 0.5007890627906977 0.8181875 0.48448437441860465 0.81705 0.48677187441860464 0.8295395843750001 0.514054688372093 0.830541665625 0.5245687488372093 0.82686875
2 0.6572296883720931 0.7009916656249999 0.659732811627907 0.6886375 0.6509718744186047 0.6893041656250001 0.6174812488372092 0.688120834375 0.6196843744186047 0.698654165625 0.6216875000000001 0.699989584375 0.6572296883720931 0.7009916656249999
2 0.6457156255813953 0.8078375 0.659732811627907 0.802495834375 0.6592328116279069 0.78980625 0.6271937488372092 0.794814584375 0.6199859372093023 0.790764584375 0.6189328116279069 0.802160415625 0.6236890627906977 0.8055 0.6457156255813953 0.8078375
6 0.38715 0.731375 0.36429531162790696 0.72929375 0.3555359372093023 0.728291665625 0.3561125 0.741058334375 0.3861484372093023 0.7440625 0.38715 0.731375
6 0.5194859372093024 0.80108125 0.5187343744186046 0.787725 0.511225 0.7890604156250001 0.48855312558139535 0.790345834375 0.4874468744186047 0.8007479156249999 0.5059687511627907 0.8017479156249999 0.5194859372093024 0.80108125
6 0.6526078116279069 0.728375 0.6541093744186046 0.71501875 0.6408437511627907 0.718358334375 0.6205687488372092 0.715354165625 0.6220703116279069 0.72670625 0.6410937511627908 0.727708334375 0.6526078116279069 0.728375
0 0.6232593744186047 0.7480749999999999 0.6536093744186047 0.7504125 0.6551109372093024 0.7360541656249999 0.6380281255813954 0.738725 0.6230093744186046 0.7367229156249999 0.6232593744186047 0.7480749999999999
0 0.6542968744186046 0.773452084375 0.6547984372093023 0.7594270843750001 0.6410312511627907 0.762097915625 0.6228015627906976 0.76155625 0.6230093744186046 0.775120834375 0.6405296883720931 0.777122915625 0.6542968744186046 0.773452084375
0 0.5181312488372093 0.755754165625 0.517629688372093 0.742064584375 0.48730156279069764 0.7411125000000001 0.48709218837209306 0.755754165625 0.5018609372093024 0.75675625 0.5181312488372093 0.755754165625
0 0.519882811627907 0.77879375 0.5188812511627907 0.767775 0.4876140627906977 0.7686499999999999 0.48659218837209306 0.7804625 0.5026125 0.780795834375 0.519882811627907 0.77879375
0 0.386329688372093 0.7651875 0.386329688372093 0.753166665625 0.3539906255813953 0.7519604156249999 0.35379062558139535 0.762183334375 0.37181250000000005 0.764854165625 0.386329688372093 0.7651875
0 0.38457812558139537 0.79356875 0.385329688372093 0.778210415625 0.3643031255813953 0.777541665625 0.35336562558139534 0.774908334375 0.35379062558139535 0.785889584375 0.36455312558139535 0.792566665625 0.38457812558139537 0.79356875