2 0.3108984372093023 0.5507 0.30950937441860465 0.568764584375 0.35188749999999996 0.575247915625 0.35397187441860467 0.5590375 0.3108984372093023 0.5507
2 0.3188875 0.45019375000000006 0.31784531162790697 0.46408958437500003 0.360225 0.47011041562500006 0.36230937441860467 0.457604165625 0.3188875 0.45019375000000006
2 0.46547968837209297 0.645185415625 0.4644375 0.6590812500000001 0.5057734372093023 0.666491665625 0.5064687488372093 0.653985415625 0.46547968837209297 0.645185415625
2 0.45714218837209303 0.749397915625 0.45644687441860465 0.7619041656250001 0.4974375 0.76885 0.49882656279069765 0.75541875 0.45714218837209303 0.749397915625
2 0.5933125 0.8174833343750001 0.590879688372093 0.832304165625 0.6329125 0.8443458343750001 0.6332593744186047 0.8313770843749999 0.5933125 0.8174833343750001
2 0.5808062511627907 0.92123125 0.579417188372093 0.9379062499999999 0.618670311627907 0.94763125 0.6211015627906976 0.9346625 0.5808062511627907 0.92123125
0 0.32006874883720926 0.501552084375 0.31930781162790695 0.51238125 0.352557811627907 0.5184729156250001 0.3528125 0.50358125 0.32006874883720926 0.501552084375
0 0.3184906255813953 0.524314584375 0.31755 0.53904375 0.34881249999999997 0.544372915625 0.34951718837209306 0.531210415625 0.3184906255813953 0.524314584375
0 0.46836249999999996 0.6759625 0.467307811627907 0.690870834375 0.498954688372093 0.695652084375 0.5006421883720931 0.68130625 0.46836249999999996 0.6759625
0 0.4668859372093023 0.700435415625 0.4654093744186047 0.71534375 0.49684531162790696 0.71928125 0.4979 0.707747915625 0.4668859372093023 0.700435415625
0 0.5913609372093023 0.864995834375 0.5896734372093023 0.880747915625 0.6215312488372093 0.8914375 0.623007811627907 0.878216665625 0.5913609372093023 0.864995834375
0 0.5875640627906976 0.8914375 0.586720311627907 0.907470834375 0.6187874999999999 0.9159104156250001 0.6208984372093024 0.900439584375 0.5875640627906976 0.8914375
6 0.46421093720930234 0.721770834375 0.4634562511627907 0.7365062499999999 0.4958609372093023 0.741195834375 0.49686562558139535 0.7274645843750001 0.46421093720930234 0.721770834375
6 0.5945812488372093 0.846029165625 0.592320311627907 0.8600958343749999 0.6239718744186047 0.8688041656250001 0.626482811627907 0.85775 0.5945812488372093 0.846029165625
6 0.321782811627907 0.475597915625 0.321279688372093 0.49167500000000003 0.3546890627906977 0.4980375 0.3546890627906977 0.48263125 0.321782811627907 0.475597915625