0 0.32614062558139534 0.8212645843749999 0.31196406279069766 0.8226125 0.2934 0.8185666656249999 0.29238593720930234 0.83250625 0.3042 0.8347562500000001 0.32614062558139534 0.8347562500000001 0.32614062558139534 0.8212645843749999
0 0.4160187511627907 0.8192875000000001 0.399817188372093 0.8201875 0.38457031162790695 0.8166333343750001 0.38462812558139536 0.8332291656249999 0.39644218837209305 0.833679165625 0.4156812511627907 0.832779165625 0.4160187511627907 0.8192875000000001
0 0.5079843744186047 0.79658125 0.49515937441860464 0.79658125 0.47773437441860467 0.794858334375 0.4776062511627907 0.809172915625 0.48874531162790696 0.8100729156250001 0.5076468744186046 0.809172915625 0.5079843744186047 0.79658125
0 0.3258843744186046 0.7967187499999999 0.30934531162790696 0.7962687500000001 0.29400468837209304 0.794364584375 0.2938187511627907 0.8075104156249999 0.31137031162790696 0.8084104156249999 0.32554687441860464 0.809310415625 0.3258843744186046 0.7967187499999999
0 0.4168343744186046 0.794964584375 0.38568437441860465 0.792383334375 0.3857812511627907 0.805308334375 0.399620311627907 0.805308334375 0.41649687441860467 0.80620625 0.4168343744186046 0.794964584375
0 0.5087968744186047 0.7705875 0.47662031162790697 0.7691250000000001 0.4767312511627907 0.784977084375 0.490570311627907 0.784977084375 0.5091343744186047 0.784529165625 0.5087968744186047 0.7705875
6 0.32693124883720925 0.786602084375 0.327270311627907 0.774908334375 0.3130937511627907 0.7771583343749999 0.29474687441860464 0.773083334375 0.294192188372093 0.784802084375 0.30836718837209304 0.787052084375 0.3151187488372093 0.787052084375 0.32693124883720925 0.786602084375
6 0.41741406279069765 0.7725770843750001 0.40200156279069765 0.7732625 0.38568593720930233 0.769429165625 0.3850109372093023 0.782920834375 0.3985125 0.784270834375 0.4177515627906977 0.7847208343750001 0.41741406279069765 0.7725770843750001
6 0.509492188372093 0.8181062499999999 0.4922781255813954 0.81855625 0.476992188372093 0.8166333343750001 0.4770890627906977 0.8289 0.48924062558139536 0.830697915625 0.5091546883720931 0.82935 0.509492188372093 0.8181062499999999
2 0.328620311627907 0.8659541656249999 0.328620311627907 0.853360415625 0.30836718837209304 0.854260415625 0.2880656255813953 0.8502875 0.28811562558139536 0.86280625 0.298917188372093 0.865054165625 0.3141062488372093 0.866852084375 0.328620311627907 0.8659541656249999
2 0.3326234372093023 0.761664584375 0.3329609372093023 0.749972915625 0.30460937441860464 0.750422915625 0.2910359372093023 0.7443791656250001 0.29077031162790695 0.757616665625 0.299882811627907 0.760316665625 0.3113593744186047 0.761214584375 0.3326234372093023 0.761664584375
2 0.4144687511627907 0.758516665625 0.42155624883720927 0.758066665625 0.4218937488372093 0.745475 0.398604688372093 0.747272915625 0.38011562558139533 0.7448750000000001 0.38037812558139533 0.7571687500000001 0.39151718837209304 0.758516665625 0.40467968837209306 0.758516665625 0.4144687511627907 0.758516665625
2 0.5137968744186047 0.75204375 0.5131218744186047 0.739452084375 0.49759531162790693 0.74215 0.48882031162790696 0.74305 0.47290781162790696 0.739925 0.47396874883720935 0.75294375 0.490170311627907 0.7538437499999999 0.5053593744186047 0.75249375 0.5137968744186047 0.75204375
2 0.5139 0.8571687499999999 0.514575 0.8441270843750001 0.4946609372093023 0.845927084375 0.4725375 0.843854165625 0.47305937441860463 0.85761875 0.4899359372093023 0.8589687500000001 0.49972343720930235 0.8589687500000001 0.5139 0.8571687499999999
2 0.42046875116279064 0.862970834375 0.4211437488372093 0.8508270843749999 0.39920468837209305 0.853077084375 0.38011562558139533 0.8478125000000001 0.37962812558139536 0.861170834375 0.39549218837209305 0.8634208343750001 0.41169374883720933 0.8634208343750001 0.42046875116279064 0.862970834375