6 0.38899062558139536 0.669625 0.3567687488372093 0.6644895843749999 0.35543593720930233 0.677325 0.36743125116279074 0.67874375 0.3883843744186046 0.6819875 0.38899062558139536 0.669625
6 0.526642188372093 0.5173875 0.4953625 0.51495625 0.494907811627907 0.529345834375 0.5072062511627907 0.5287375 0.5277046883720931 0.5285354156250001 0.526642188372093 0.5173875
6 0.6546781255813954 0.6652520843749999 0.6548312488372092 0.6534958343749999 0.6217296883720931 0.6537 0.6226406255813954 0.66565625 0.6372171883720931 0.666466665625 0.6508828116279071 0.666466665625 0.6546781255813954 0.6652520843749999
2 0.3888156255813954 0.745639584375 0.3470593744186047 0.739560415625 0.34766718837209304 0.7531395843750001 0.36209218837209306 0.757191665625 0.38835937441860463 0.760233334375 0.3888156255813954 0.745639584375
2 0.5309812488372093 0.438795834375 0.4908484372093023 0.438377084375 0.490745311627907 0.44994166562500004 0.5012218744186047 0.44973958437499995 0.531132811627907 0.45054999999999995 0.5309812488372093 0.438795834375
2 0.5317406255813953 0.5413479156250001 0.4905937511627907 0.543172915625 0.492567188372093 0.555535415625 0.509117188372093 0.557360415625 0.5326515627906977 0.5565479156250001 0.5317406255813953 0.5413479156250001
2 0.659375 0.639139584375 0.6584640627906977 0.6275875 0.6169937488372094 0.625783334375 0.6168609372093024 0.6377208343749999 0.632045311627907 0.6377208343749999 0.6464687488372093 0.6389375 0.659375 0.639139584375
2 0.6604375 0.745341665625 0.6608937488372092 0.7301416656249999 0.6399406255813953 0.73075 0.6186640627906977 0.727979165625 0.6192906255813952 0.7431125 0.6284 0.7449375 0.6447984372093023 0.745139584375 0.6604375 0.745341665625
0 0.6545171883720929 0.69710625 0.621567188372093 0.6995375 0.6236937488372093 0.714941665625 0.6359921883720929 0.7147375 0.655275 0.714535415625 0.6545171883720929 0.69710625
0 0.655579688372093 0.6750145843750001 0.6214156255813953 0.673391665625 0.6224781255813954 0.6877833343749999 0.6381187511627906 0.6883895843750001 0.6560343744186047 0.68859375 0.655579688372093 0.6750145843750001
0 0.5269750000000001 0.468327084375 0.49524062558139537 0.46690833437499996 0.496 0.48291874999999995 0.50845 0.48291874999999995 0.5271265627906977 0.48271666562500004 0.5269750000000001 0.468327084375
0 0.5272781255813953 0.495079165625 0.49463281162790695 0.493458334375 0.49493750000000003 0.507645834375 0.507995311627907 0.50744375 0.5277343744186046 0.5072395843749999 0.5272781255813953 0.495079165625
2 0.3948890627906977 0.64268125 0.35313281162790694 0.639033334375 0.352375 0.652410415625 0.36588750000000003 0.654233334375 0.3942812511627907 0.654435415625 0.3948890627906977 0.64268125
0 0.3868156255813953 0.690579165625 0.35508125116279066 0.68693125 0.354475 0.697877084375 0.374517188372093 0.70111875 0.38696718837209304 0.70213125 0.3868156255813953 0.690579165625
0 0.3863609372093023 0.713279165625 0.35432343720930237 0.711860415625 0.353867188372093 0.725641665625 0.3819562488372093 0.731114584375 0.3860562511627907 0.7276687500000001 0.3863609372093023 0.713279165625