0 0.531157811627907 0.5276562499999999 0.5314437511627907 0.542552084375 0.5643828116279069 0.54216875 0.5638109372093023 0.526129165625 0.531157811627907 0.5276562499999999
0 0.5332625 0.55323125 0.5329765627906977 0.5685083343749999 0.5650562511627907 0.5658333343749999 0.5650562511627907 0.552466665625 0.5332625 0.55323125
0 0.6117984372093024 0.557022915625 0.612370311627907 0.573827084375 0.6453109372093023 0.574589584375 0.6453109372093023 0.558933334375 0.6117984372093024 0.557022915625
0 0.611142188372093 0.5337229156250001 0.6117140627906976 0.5493812499999999 0.6432218744186046 0.548997915625 0.6437953116279069 0.5360125 0.611142188372093 0.5337229156250001
0 0.44508437441860466 0.547579165625 0.44451250000000003 0.5674375 0.47716562558139536 0.5674375 0.476592188372093 0.5510145843750001 0.44508437441860466 0.547579165625
0 0.44545 0.575060415625 0.44430312558139534 0.590335415625 0.47724374883720927 0.5911 0.47695625116279067 0.577352084375 0.44545 0.575060415625
2 0.44079062558139537 0.5194708343750001 0.440504688372093 0.5362750000000001 0.4820375 0.537420834375 0.4814640627906977 0.522527084375 0.44079062558139537 0.5194708343750001
2 0.5263218744186047 0.497179165625 0.5263218744186047 0.512454165625 0.5681406255813953 0.510545834375 0.567854688372093 0.498325 0.5263218744186047 0.497179165625
2 0.606045311627907 0.48715416562499997 0.6063312511627907 0.501283334375 0.6458593744186046 0.49975625 0.6458593744186046 0.486008334375 0.606045311627907 0.48715416562499997
2 0.6082906255813953 0.587860415625 0.6080046883720931 0.605045834375 0.6501093744186046 0.6031375 0.6486781255813954 0.58900625 0.6082906255813953 0.587860415625
2 0.5310312511627907 0.6015020843750001 0.531604688372093 0.614485415625 0.57285 0.613722915625 0.5725640627906977 0.6022645843750001 0.5310312511627907 0.6015020843750001
2 0.43896562558139535 0.624835415625 0.43867812558139535 0.6385854156249999 0.48049843720930235 0.6385854156249999 0.48078437441860467 0.624835415625 0.43896562558139535 0.624835415625
6 0.533945311627907 0.573308334375 0.5345187511627907 0.5874375 0.567457811627907 0.585529165625 0.566025 0.5736895843750001 0.533945311627907 0.573308334375
6 0.610804688372093 0.513929165625 0.6113781255813953 0.525766665625 0.6443171883720931 0.525766665625 0.6443171883720931 0.51201875 0.610804688372093 0.513929165625
6 0.4443812488372093 0.5969875 0.4443812488372093 0.6118833343750001 0.47617499999999996 0.613410415625 0.47588906279069765 0.5996625 0.4443812488372093 0.5969875