2 0.48515156279069765 0.480402084375 0.48484218837209303 0.49279375 0.5257359372093023 0.49279375 0.525117188372093 0.48164166562500005 0.48515156279069765 0.480402084375
2 0.48360312558139534 0.58284375 0.4832937488372093 0.598539584375 0.5241875 0.597714584375 0.525117188372093 0.584083334375 0.48360312558139534 0.58284375
2 0.35534374883720926 0.391179165625 0.35379531162790695 0.40604791562500003 0.39747812558139534 0.41348333437499996 0.398407811627907 0.398614584375 0.35534374883720926 0.391179165625
2 0.359992188372093 0.290802084375 0.359992188372093 0.30360624999999997 0.4024343744186047 0.3077375 0.4033640627906977 0.295345834375 0.359992188372093 0.290802084375
2 0.6239437511627908 0.278822915625 0.6242531255813955 0.290802084375 0.6660765627906976 0.2895625 0.6666968744186047 0.278822915625 0.6239437511627908 0.278822915625
2 0.6273515627906976 0.38374375 0.6270421883720931 0.3982 0.6685562488372093 0.3977875 0.668245311627907 0.385395834375 0.6273515627906976 0.38374375
0 0.362779688372093 0.33954375 0.362470311627907 0.351110415625 0.3953093744186047 0.354827084375 0.39468906279069765 0.34285 0.362779688372093 0.33954375
0 0.362779688372093 0.363089584375 0.3621593744186047 0.3796125 0.39345 0.38415625000000003 0.39345 0.367633334375 0.362779688372093 0.363089584375
0 0.6298296883720931 0.3527625 0.6298296883720931 0.367633334375 0.6632890627906977 0.36680625 0.6629796883720931 0.351110415625 0.6298296883720931 0.3527625
0 0.6301406255813953 0.326327084375 0.629520311627907 0.339958334375 0.6629796883720931 0.340370834375 0.6623593744186046 0.327564584375 0.6301406255813953 0.326327084375
0 0.48855937441860464 0.51014375 0.489179688372093 0.523360415625 0.51985 0.5246000000000001 0.51985 0.51096875 0.48855937441860464 0.51014375
0 0.48855937441860464 0.534927084375 0.48824999999999996 0.54731875 0.5213984372093023 0.54731875 0.5207796883720931 0.5361666656249999 0.48855937441860464 0.534927084375
6 0.48855937441860464 0.55558125 0.48855937441860464 0.5704520843750001 0.5207796883720931 0.571277084375 0.520470311627907 0.559297915625 0.48855937441860464 0.55558125
6 0.3630890627906977 0.31558541562500003 0.362779688372093 0.33004375 0.3959281255813954 0.3345875 0.397167188372093 0.32136875 0.3630890627906977 0.31558541562500003
6 0.6289015627906976 0.30691250000000003 0.6292109372093023 0.319304165625 0.661120311627907 0.319716665625 0.6617406255813953 0.30732499999999996 0.6289015627906976 0.30691250000000003