6 0.3376812511627907 0.252772915625 0.3052375 0.249527084375 0.3051890627906977 0.262014584375 0.3176015627906977 0.26298750000000004 0.33695156279069766 0.263960415625 0.3376812511627907 0.252772915625
6 0.4271 0.25246875 0.3954781255813954 0.24849375 0.39570468837209305 0.26171041562499997 0.4084812511627907 0.262197915625 0.4271 0.26365625000000004 0.4271 0.25246875
6 0.5176203116279069 0.296495834375 0.48663749999999995 0.295552084375 0.48695312558139536 0.30865624999999997 0.4990015627906977 0.307197915625 0.51835 0.30865624999999997 0.5176203116279069 0.296495834375
2 0.5234187511627907 0.323908334375 0.5040703116279069 0.323908334375 0.482545311627907 0.32409374999999996 0.48362656279069766 0.33655625 0.5051656255813953 0.33606875 0.5234187511627907 0.33606875 0.5234187511627907 0.323908334375
2 0.43079218837209304 0.327916665625 0.39071406279069765 0.325914584375 0.39063437441860466 0.33813125 0.4129031255813953 0.33813125 0.4304265627906977 0.339104165625 0.43079218837209304 0.327916665625
2 0.29817187441860465 0.326283334375 0.297729688372093 0.340691665625 0.3400781255813954 0.342152084375 0.3400781255813954 0.33144999999999997 0.29817187441860465 0.326283334375
2 0.30088906279069766 0.220416665625 0.3013234372093023 0.232727084375 0.34330781162790697 0.23759166562499998 0.342942188372093 0.225916665625 0.30088906279069766 0.220416665625
2 0.391595311627907 0.22197499999999998 0.391895311627907 0.23374791562500002 0.4316890627906977 0.23472083437500002 0.43205312558139536 0.22304791562499998 0.391595311627907 0.22197499999999998
2 0.482945311627907 0.218910415625 0.4832859372093023 0.2304375 0.5245390627906976 0.231410415625 0.5245390627906976 0.220710415625 0.482945311627907 0.218910415625
0 0.48683437441860467 0.248122915625 0.48729531162790696 0.263072915625 0.5189609372093023 0.262714584375 0.5185968744186047 0.25006875 0.48683437441860467 0.248122915625
0 0.48660312558139535 0.275091665625 0.48713593720930237 0.285185415625 0.5183640627906977 0.288225 0.5176343744186047 0.275577084375 0.48660312558139535 0.275091665625
0 0.3958687488372093 0.29664999999999997 0.3959437488372093 0.3090875 0.4283609372093023 0.31124375 0.42726562558139536 0.297622915625 0.3958687488372093 0.29664999999999997
0 0.3034062488372093 0.295377084375 0.3037125 0.3105875 0.33516718837209303 0.31288958437500003 0.335532811627907 0.297322915625 0.3034062488372093 0.295377084375
0 0.39473281162790697 0.27008125 0.3950109372093023 0.282214584375 0.42758906279069764 0.28662083437499997 0.42758906279069764 0.272027084375 0.39473281162790697 0.27008125
0 0.3052437488372093 0.2712 0.30476562558139536 0.283577084375 0.337004688372093 0.288225 0.337370311627907 0.27411875 0.3052437488372093 0.2712