6 0.331942188372093 0.565679165625 0.298320311627907 0.563460415625 0.29758124883720927 0.5755416656250001 0.3132843744186046 0.57726875 0.331942188372093 0.578254165625 0.331942188372093 0.565679165625
6 0.42135312558139537 0.562472915625 0.3895781255813954 0.558775 0.38994843720930233 0.572583334375 0.40731249999999997 0.574802084375 0.42190781162790697 0.57628125 0.42135312558139537 0.562472915625
6 0.5131656255813953 0.609077084375 0.48065156279069765 0.6066125 0.48157656279069766 0.618941665625 0.49672343720930234 0.61968125 0.5126109372093024 0.61968125 0.5131656255813953 0.609077084375
2 0.3373 0.539541665625 0.29610468837209303 0.535347915625 0.2942562511627907 0.547185415625 0.31587031162790696 0.5501437499999999 0.33711406279069767 0.5491583343750001 0.3373 0.539541665625
2 0.4259718744186046 0.535841665625 0.3845156255813954 0.5336916656249999 0.38514531162790694 0.54743125 0.40380312558139536 0.547185415625 0.4261562488372093 0.5466916656249999 0.4259718744186046 0.535841665625
2 0.517045311627907 0.532389584375 0.47624374883720927 0.531320834375 0.47695781162790696 0.5425 0.49302968837209304 0.543485415625 0.516675 0.54299375 0.517045311627907 0.532389584375
2 0.3337890627906977 0.644585415625 0.29240937441860465 0.6371875 0.29185468837209305 0.6517375000000001 0.3081109372093023 0.654941665625 0.333975 0.656175 0.3337890627906977 0.644585415625
2 0.4267109372093023 0.64138125 0.3840375 0.639408334375 0.3857 0.652229165625 0.4014015627906977 0.652970834375 0.4267109372093023 0.652229165625 0.4267109372093023 0.64138125
2 0.5174140627906977 0.637435415625 0.4743718744186047 0.6354625 0.4760343744186047 0.648285415625 0.504482811627907 0.648777084375 0.518892188372093 0.647297915625 0.5174140627906977 0.637435415625
0 0.33125937441860465 0.58430625 0.2972687511627907 0.5855375 0.2972687511627907 0.5963875 0.31057031162790694 0.5988541656249999 0.3307062511627907 0.600827084375 0.33125937441860465 0.58430625
0 0.33089062558139537 0.612416665625 0.29634531162790695 0.6079770843750001 0.2985625 0.626470834375 0.3098312511627907 0.626225 0.3303359372093023 0.625979165625 0.33089062558139537 0.612416665625
0 0.42069062558139536 0.583016665625 0.3879937488372093 0.582522915625 0.39002499999999996 0.595345834375 0.40147812558139534 0.595345834375 0.4218 0.598304165625 0.42069062558139536 0.583016665625
0 0.4201375 0.609402084375 0.388917188372093 0.60718125 0.388917188372093 0.6229625000000001 0.40314218837209304 0.62345625 0.4205062511627907 0.623702084375 0.4201375 0.609402084375
0 0.513242188372093 0.560822915625 0.4799906255813954 0.558852084375 0.4799906255813954 0.575125 0.4966156255813953 0.574879165625 0.513242188372093 0.575125 0.513242188372093 0.560822915625
0 0.5136125 0.5886875 0.48017499999999996 0.584741665625 0.48165312558139534 0.60175625 0.49827812558139534 0.601016665625 0.5145359372093024 0.6002770843749999 0.5136125 0.5886875