2 0.43529531162790697 0.523583334375 0.41596093720930233 0.521625 0.4166937511627907 0.531414584375 0.4541406255813954 0.531741665625 0.454875 0.521297915625 0.43529531162790697 0.523583334375
2 0.514607811627907 0.5148125 0.49625156279069765 0.515464584375 0.47814062558139536 0.5118750000000001 0.478875 0.5216645843750001 0.497475 0.525254165625 0.5155859372093023 0.521991665625 0.514607811627907 0.5148125
2 0.5955781255813953 0.5015375 0.5733062488372093 0.502516665625 0.556907811627907 0.498927084375 0.556907811627907 0.508716665625 0.5786906255813954 0.512958334375 0.5972906255813953 0.508064584375 0.5955781255813953 0.5015375
2 0.5166781255813954 0.617085415625 0.4975875 0.6210020843749999 0.4788687511627907 0.617610415625 0.4784984372093023 0.626222915625 0.49636406279069767 0.6317708343749999 0.5161890627906977 0.628833334375 0.5166781255813954 0.617085415625
2 0.45863906279069766 0.62505625 0.437592188372093 0.62799375 0.42021562558139536 0.624404165625 0.42045937441860465 0.634845834375 0.4380812511627907 0.638435415625 0.45815 0.636152084375 0.45863906279069766 0.62505625
6 0.5131875 0.589504165625 0.49532187441860465 0.5917875 0.48308437441860463 0.588525 0.4828390627906977 0.5999458343749999 0.4992375 0.6012500000000001 0.5136765627906976 0.6002708343750001 0.5131875 0.589504165625
6 0.5921500000000001 0.527195834375 0.577954688372093 0.5311104156249999 0.561067188372093 0.52686875 0.561067188372093 0.536333334375 0.577220311627907 0.53926875 0.5921500000000001 0.53600625 0.5921500000000001 0.527195834375
6 0.451867188372093 0.5490729156249999 0.43497968837209305 0.549397915625 0.42127499999999996 0.546135415625 0.42127499999999996 0.555597915625 0.4347359372093023 0.558208334375 0.45137812558139534 0.558535415625 0.451867188372093 0.5490729156249999
0 0.5112265627906977 0.5445854156250001 0.48210312558139534 0.5426270843750001 0.48210312558139534 0.5553541656250001 0.4975218744186046 0.556985415625 0.5119609372093024 0.55600625 0.5112265627906977 0.5445854156250001
0 0.42272187441860465 0.568995834375 0.4224765627906977 0.579439584375 0.4511109372093023 0.581397915625 0.45209062558139534 0.570629165625 0.42272187441860465 0.568995834375
0 0.4829218744186047 0.56870625 0.4824312488372093 0.579475 0.5110671883720931 0.581758334375 0.5110671883720931 0.570989584375 0.4829218744186047 0.56870625
0 0.5916437511627907 0.547772915625 0.576470311627907 0.551035415625 0.5620312511627907 0.547772915625 0.5625203116279069 0.557889584375 0.5784281255813953 0.56213125 0.5928687488372093 0.559520834375 0.5916437511627907 0.547772915625
0 0.5940890627906976 0.571829165625 0.579404688372093 0.575091665625 0.563742188372093 0.57215625 0.5632515627906977 0.5861875000000001 0.5823421883720931 0.5878187500000001 0.5948234372093023 0.583577084375 0.5940890627906976 0.571829165625
0 0.42387500000000006 0.593535415625 0.424120311627907 0.606914584375 0.45202031162790696 0.60789375 0.4525093744186046 0.594841665625 0.42387500000000006 0.593535415625
2 0.5981968744186046 0.6030895843749999 0.576170311627907 0.607658334375 0.5607515627906977 0.601458334375 0.5595281255813953 0.614185415625 0.5793515627906977 0.618752084375 0.5981968744186046 0.6135312500000001 0.5981968744186046 0.6030895843749999