2 0.3939140627906977 0.63070625 0.39365312558139537 0.620289584375 0.384282811627907 0.620289584375 0.36423750000000005 0.619247915625 0.3535640627906977 0.61646875 0.35512656279069765 0.628970834375 0.37491093720930235 0.631747915625 0.3939140627906977 0.63070625
2 0.389354688372093 0.737135415625 0.39039687441860466 0.7211624999999999 0.369570311627907 0.7211624999999999 0.3496 0.718683334375 0.3495265627906977 0.731579165625 0.36748906279069765 0.734010415625 0.389354688372093 0.737135415625
2 0.5234187511627907 0.639210415625 0.5231593744186046 0.62705625 0.518732811627907 0.62705625 0.48433750000000003 0.627991665625 0.483329688372093 0.63816875 0.5130062511627907 0.639210415625 0.5234187511627907 0.639210415625
2 0.5260218744186046 0.742691665625 0.5257625 0.7277604156249999 0.5075390627906976 0.7333166656250001 0.48824218837209304 0.733870834375 0.4880156255813954 0.7433854156249999 0.5051968744186046 0.7433854156249999 0.5260218744186046 0.742691665625
2 0.6468093744186048 0.614208334375 0.6585234372093023 0.612125 0.659304688372093 0.603791665625 0.634054688372093 0.605527084375 0.617654688372093 0.6034437500000001 0.6207781255813953 0.612125 0.6291078116279071 0.6149041656249999 0.6468093744186048 0.614208334375
2 0.6603468744186047 0.708314584375 0.643425 0.709008334375 0.6233812511627908 0.70761875 0.6220796883720929 0.7201208343750001 0.6611265627906977 0.719772915625 0.6603468744186047 0.708314584375
6 0.3880531255813953 0.6579625 0.38883437441860463 0.646504165625 0.36905 0.645460415625 0.3570859372093023 0.642310415625 0.3573359372093023 0.654141665625 0.37425624883720926 0.65553125 0.3880531255813953 0.6579625
6 0.5218578116279069 0.702758334375 0.4895437488372093 0.704364584375 0.4890562488372093 0.71560625 0.5208156255813954 0.7163 0.5218578116279069 0.702758334375
6 0.6538390627906977 0.6402520843749999 0.6546187511627907 0.6291395843750001 0.6436859372093022 0.630877084375 0.6356156255813954 0.62879375 0.623304688372093 0.628425 0.6241625000000001 0.641641665625 0.6449875 0.644766665625 0.6538390627906977 0.6402520843749999
0 0.38649218837209304 0.679839584375 0.38701250000000004 0.668379165625 0.35526250000000004 0.665310415625 0.3552531255813954 0.676714584375 0.3739968744186047 0.6787979156249999 0.38649218837209304 0.679839584375
0 0.38623124883720933 0.70935625 0.38727187441860467 0.691297915625 0.37607968837209305 0.691297915625 0.354807811627907 0.688741665625 0.3552531255813954 0.7034520843750001 0.36384375116279066 0.707966665625 0.38623124883720933 0.70935625
0 0.519254688372093 0.65726875 0.4885687511627907 0.657933334375 0.4900984372093023 0.6722 0.519254688372093 0.671158334375 0.519254688372093 0.65726875
0 0.6556609372093024 0.674283334375 0.6353562511627907 0.67463125 0.6239562488372093 0.67485625 0.6244218744186046 0.689910415625 0.6556609372093024 0.6916458343749999 0.6556609372093024 0.674283334375
0 0.6551406255813953 0.664908334375 0.6561812511627907 0.650322915625 0.6418640627906977 0.6517125 0.6239015627906976 0.651016665625 0.6233812511627908 0.661435415625 0.6356156255813954 0.6624770843750001 0.6551406255813953 0.664908334375
0 0.5200343744186047 0.693035415625 0.5195140627906977 0.682616665625 0.490520311627907 0.68396875 0.4906187488372093 0.6954666656249999 0.5046765627906976 0.6954666656249999 0.5200343744186047 0.693035415625