0 0.5304468744186046 0.5923166656250001 0.5307343744186046 0.607210415625 0.5636734372093023 0.606829165625 0.5631 0.5907895843750001 0.5304468744186046 0.5923166656250001
0 0.532079688372093 0.618520834375 0.5317937488372093 0.633797915625 0.5638734372093023 0.631125 0.5638734372093023 0.617758334375 0.532079688372093 0.618520834375
0 0.609195311627907 0.6223124999999999 0.6097687488372093 0.639116665625 0.6427078116279069 0.63988125 0.6427078116279069 0.624222915625 0.609195311627907 0.6223124999999999
0 0.6097218744186047 0.598695834375 0.610295311627907 0.614354165625 0.6418031255813954 0.613972915625 0.642375 0.6009875 0.6097218744186047 0.598695834375
0 0.44390156279069765 0.6134999999999999 0.443329688372093 0.633358334375 0.47598281162790695 0.633358334375 0.47540937441860465 0.616935415625 0.44390156279069765 0.6134999999999999
0 0.44284687441860465 0.64035 0.44170156279069767 0.6556270843750001 0.47464062558139536 0.6563895843750001 0.47435468837209305 0.642641665625 0.44284687441860465 0.64035
2 0.439607811627907 0.585708334375 0.4393218744186047 0.6025104156250001 0.480854688372093 0.60365625 0.4802812511627907 0.5887625 0.439607811627907 0.585708334375
2 0.5241937488372093 0.5624687500000001 0.5241937488372093 0.577745834375 0.5660125 0.5758354156250001 0.5657265627906977 0.563614584375 0.5241937488372093 0.5624687500000001
2 0.6043890627906976 0.552129165625 0.604675 0.566258334375 0.6442031255813954 0.56473125 0.6442031255813954 0.5509833343749999 0.6043890627906976 0.552129165625
2 0.6063984372093023 0.654095834375 0.6061125 0.671283334375 0.648217188372093 0.669372915625 0.6467843744186046 0.655241665625 0.6063984372093023 0.654095834375
2 0.5286656255813954 0.666791665625 0.5292390627906977 0.6797770843750001 0.5704843744186047 0.6790125 0.5701984372093023 0.66755625 0.5286656255813954 0.666791665625
2 0.4370734372093023 0.690758334375 0.4367859372093023 0.70450625 0.478604688372093 0.70450625 0.478892188372093 0.690758334375 0.4370734372093023 0.690758334375
6 0.531817188372093 0.639229165625 0.5323890627906976 0.653358334375 0.5653281255813953 0.65145 0.5638968744186046 0.639610415625 0.531817188372093 0.639229165625
6 0.6091500000000001 0.57921875 0.6097218744186047 0.591058334375 0.6426625 0.591058334375 0.6426625 0.577308334375 0.6091500000000001 0.57921875
6 0.44225312558139535 0.662908334375 0.44225312558139535 0.677804165625 0.47404687441860466 0.6793312499999999 0.47375937441860466 0.6655833343750001 0.44225312558139535 0.662908334375