2 0.400542188372093 0.366258334375 0.36002968837209304 0.362639584375 0.36062187441860466 0.374554165625 0.4001406255813954 0.3775 0.400542188372093 0.366258334375
2 0.39432343720930235 0.468235415625 0.3560156255813953 0.46498958437500004 0.35400156279069767 0.477335415625 0.3941218744186047 0.482154165625 0.39432343720930235 0.468235415625
6 0.3929187488372093 0.393291665625 0.37787343720930233 0.39034583437500003 0.363229688372093 0.386866665625 0.3620375 0.39943125 0.3794781255813953 0.400785415625 0.3929187488372093 0.40533541562500003 0.3929187488372093 0.393291665625
0 0.39231718837209306 0.437989584375 0.360782811627907 0.434216665625 0.36082187441860464 0.447627084375 0.3921156255813954 0.45297916562499996 0.39231718837209306 0.437989584375
0 0.3929187488372093 0.41256250000000005 0.361032811627907 0.4098 0.36202656279069767 0.42166249999999994 0.39352031162790696 0.42728333437500005 0.3929187488372093 0.41256250000000005
2 0.48953281162790696 0.37363124999999997 0.4895437488372093 0.382170834375 0.5289218744186046 0.383689584375 0.5285437488372093 0.372625 0.48953281162790696 0.37363124999999997
2 0.532125 0.476729165625 0.49166562558139537 0.477697915625 0.49085156279069764 0.48980625 0.5304281255813953 0.489554165625 0.532125 0.476729165625
6 0.49522187441860466 0.450839584375 0.4961437488372093 0.46041458437499994 0.5260937511627907 0.46164166562500003 0.526282811627907 0.449822915625 0.49522187441860466 0.450839584375
0 0.526882811627907 0.428208334375 0.495907811627907 0.4283625 0.4954093744186046 0.442289584375 0.5261296883720931 0.442541665625 0.526882811627907 0.428208334375
0 0.49425781162790694 0.40322500000000006 0.4948437511627907 0.417395834375 0.5255640627906977 0.416891665625 0.525375 0.402558334375 0.49425781162790694 0.40322500000000006
2 0.6259312511627907 0.349127084375 0.6257437511627907 0.357677084375 0.6643781255813953 0.359185415625 0.6658859372093023 0.348625 0.6259312511627907 0.349127084375
2 0.6668281255813953 0.462535415625 0.6666390627906976 0.45298125 0.6274140627906977 0.4531875 0.6281937488372094 0.463291665625 0.6506203116279069 0.46555416562499996 0.6668281255813953 0.462535415625
6 0.6615515627906977 0.37553125 0.6304781255813954 0.375885415625 0.6298890627906977 0.387852084375 0.6619281255813954 0.387097915625 0.6615515627906977 0.37553125
0 0.6300062511627907 0.396310415625 0.6300781255813954 0.40822083437499995 0.6621171883720931 0.409477084375 0.6613625 0.396654165625 0.6300062511627907 0.396310415625
0 0.6624937488372094 0.42079374999999997 0.630242188372093 0.42113541562499995 0.631020311627907 0.43588125 0.6623046883720931 0.434875 0.6624937488372094 0.42079374999999997