2 0.2036562488372093 0.8365770843749999 0.21392343720930232 0.8300124999999999 0.21145937441860466 0.819616665625 0.1925687511627907 0.8300124999999999 0.18230156279069767 0.829464584375 0.17029531162790698 0.8327958343749999 0.16998281162790696 0.839860415625 0.17203593720930233 0.8497104156249999 0.18681874883720928 0.843691665625 0.2036562488372093 0.8365770843749999
2 0.23897343720930234 0.93451875 0.2373312488372093 0.9263104156249999 0.2233687488372093 0.932877084375 0.21022656279069768 0.941085415625 0.19513124883720928 0.9471979156250001 0.19831718837209303 0.956404165625 0.21926093720930231 0.94765 0.22993906279069767 0.9405374999999999 0.23897343720930234 0.93451875
2 0.36997343720930237 0.629752084375 0.36586718837209303 0.62428125 0.3498515627906977 0.6357708343749999 0.32654218837209303 0.64855 0.33178281162790696 0.66039375 0.35313593720930236 0.64835625 0.3720265627906976 0.6357708343749999 0.36997343720930237 0.629752084375
2 0.39789843720930235 0.72769375 0.3822937511627907 0.7386375000000001 0.35860468837209303 0.7527145843749999 0.36381406279069767 0.76380625 0.3822937511627907 0.75176875 0.40159374883720933 0.737541665625 0.39789843720930235 0.72769375
2 0.6602468744186046 0.8115062500000001 0.6590156255813953 0.8005625000000001 0.6405359372093024 0.807677084375 0.6178140627906977 0.811722915625 0.6191812511627907 0.821902084375 0.6331437488372093 0.819714584375 0.6466953116279069 0.8164312499999999 0.6602468744186046 0.8115062500000001
2 0.6688718744186047 0.9258625 0.6762625 0.922579165625 0.6762625 0.9154666656250001 0.6750312511627907 0.9078062499999999 0.6639437488372093 0.914372915625 0.6528562488372093 0.9198437500000001 0.6340718744186047 0.9195 0.6347859372093023 0.92805 0.636429688372093 0.9357104156249999 0.6557296883720931 0.9313333343749999 0.6688718744186047 0.9258625
0 0.6590156255813953 0.832297915625 0.6466953116279069 0.836129165625 0.6417671883720931 0.8394125000000001 0.63725 0.841052084375 0.6268468744186046 0.840020834375 0.6290375 0.85473125 0.647517188372093 0.8514479156249999 0.6610687511627907 0.844335415625 0.6590156255813953 0.832297915625
0 0.663532811627907 0.864033334375 0.661479688372093 0.8509020843749999 0.6516234372093024 0.855827084375 0.6442312488372093 0.859108334375 0.6304593744186047 0.8610958343749999 0.632732811627907 0.8744291656250001 0.6487484372093024 0.8711458343749999 0.663532811627907 0.864033334375
0 0.6647640627906977 0.876070834375 0.6345234372093024 0.8851791656250001 0.6356078116279069 0.89795625 0.645875 0.8968624999999999 0.6668171883720929 0.887014584375 0.6647640627906977 0.876070834375
0 0.3423484372093023 0.6792583343749999 0.34714218837209304 0.691908334375 0.3767109372093023 0.672758334375 0.373425 0.661266665625 0.3423484372093023 0.6792583343749999
0 0.35002500000000003 0.701535415625 0.35371406279069767 0.71379375 0.38328124883720927 0.69464375 0.379995311627907 0.68260625 0.35002500000000003 0.701535415625
0 0.3554437488372093 0.7208041656249999 0.35864062558139537 0.7329458343749999 0.38944062558139536 0.712154165625 0.38533437441860463 0.700116665625 0.3554437488372093 0.7208041656249999
0 0.1829390627906977 0.868320834375 0.18532500000000002 0.880854165625 0.21776718837209302 0.86608125 0.2144812511627907 0.8534958343750001 0.1829390627906977 0.868320834375
0 0.21982031162790697 0.876477084375 0.1879062511627907 0.89240625 0.19107343720930234 0.906570834375 0.19189531162790696 0.906570834375 0.22310468837209305 0.889608334375 0.21982031162790697 0.876477084375
0 0.226742188372093 0.9080604156250001 0.22392656279069767 0.896722915625 0.1935375 0.9131375 0.19559062558139537 0.924079165625 0.226742188372093 0.9080604156250001