2 0.31241875116279066 0.313008334375 0.3093093744186046 0.3027625 0.289375 0.31520416562500003 0.27237812558139535 0.323535415625 0.273645311627907 0.339602084375 0.289557811627907 0.32520833437499996 0.31241875116279066 0.313008334375
2 0.3258312511627907 0.425320834375 0.3482015627906977 0.41181666562499997 0.34557812558139533 0.40431458437499995 0.32245625116279064 0.414983334375 0.30758437441860464 0.42748749999999996 0.30658437441860464 0.42982083437499996 0.31158281162790696 0.44032499999999997 0.3258312511627907 0.425320834375
0 0.30258437441860464 0.356966665625 0.3190812488372093 0.349964584375 0.31620781162790695 0.338460415625 0.2990859372093023 0.3464625 0.2878437511627907 0.35629166562500003 0.28583749999999997 0.357966665625 0.2902109372093023 0.3681375 0.30258437441860464 0.356966665625
0 0.3274562488372093 0.37080416562499996 0.3235812511627907 0.3608 0.31933125116279065 0.3608 0.30733437441860467 0.367302084375 0.293625 0.378375 0.2975859372093023 0.389977084375 0.311832811627907 0.378639584375 0.3274562488372093 0.37080416562499996
0 0.333954688372093 0.387975 0.33032968837209303 0.37780625 0.312957811627907 0.38497499999999996 0.30065624883720926 0.394416665625 0.30508437441860464 0.40714791562499997 0.31708281162790697 0.395477084375 0.333954688372093 0.387975
2 0.501179688372093 0.180427084375 0.5194265627906977 0.1645875 0.5121765627906977 0.152585415625 0.497804688372093 0.16675625 0.481557811627907 0.183760415625 0.48030781162790703 0.187429165625 0.48580624883720924 0.196597915625 0.501179688372093 0.180427084375
2 0.5615437488372093 0.256447915625 0.558545311627907 0.24877916562500002 0.5405468744186047 0.265452084375 0.5233125 0.278791665625 0.52755 0.290097915625 0.5437968744186046 0.275120834375 0.5615437488372093 0.256447915625
0 0.529425 0.20090625 0.5247999999999999 0.187735415625 0.5089281255813953 0.20240624999999998 0.49755468837209305 0.214741665625 0.5033031255813953 0.22457916562500002 0.5149265627906977 0.21124166562500002 0.529425 0.20090625
0 0.5135515627906977 0.24541875000000002 0.5386734372093024 0.219577084375 0.5334234372093023 0.20723958437499998 0.5060531255813954 0.232414584375 0.5135515627906977 0.24541875000000002
0 0.5469218744186046 0.23658333437499998 0.5416718744186046 0.225579165625 0.52455 0.238916665625 0.5156765627906977 0.24825208437500002 0.521675 0.259922915625 0.5332984372093024 0.247752084375 0.5469218744186046 0.23658333437499998
2 0.733745311627907 0.102925 0.7181218744186048 0.12543125 0.7223718744186047 0.1341 0.733370311627907 0.117929165625 0.7551156255813953 0.09825625 0.749367188372093 0.0890875 0.733745311627907 0.102925
2 0.8011093744186046 0.18948541562500001 0.7951109372093023 0.180483334375 0.7771140627906976 0.1979875 0.7629999999999999 0.213791665625 0.7712390627906976 0.224329165625 0.7861125 0.20482291562500002 0.8011093744186046 0.18948541562500001
0 0.7739890627906977 0.14413958437500002 0.7679906255813954 0.134135415625 0.753867188372093 0.14730625 0.7419953116279069 0.16114375 0.7484937488372093 0.172814584375 0.7611171883720931 0.155975 0.7739890627906977 0.14413958437500002
0 0.7654906255813954 0.127966665625 0.760867188372093 0.11913125 0.7448687511627907 0.13396875 0.7342500000000001 0.147125 0.7406203116279069 0.15664166562499998 0.7564921883720931 0.1376375 0.7654906255813954 0.127966665625
0 0.7844875 0.165145834375 0.7789890627906977 0.15464166562499998 0.7679906255813954 0.16431041562499998 0.7534921883720931 0.18115 0.7582421883720931 0.19131875 0.7703656255813954 0.176314584375 0.7844875 0.165145834375