2 0.3370781255813953 0.772947915625 0.34681406279069765 0.774245834375 0.3549281255813953 0.774677084375 0.3559015627906976 0.763435415625 0.3490859372093023 0.763002084375 0.33999843720930234 0.75954375 0.3318843744186047 0.756083334375 0.3158875 0.748108334375 0.31370937441860464 0.75305625 0.31370937441860464 0.763435415625 0.3218234372093023 0.7681916656250001 0.3370781255813953 0.772947915625
2 0.335454688372093 0.882785415625 0.3403234372093023 0.8832166656249999 0.3412968744186046 0.873270834375 0.33123593720930233 0.8745687500000001 0.317929688372093 0.871972915625 0.30786718837209304 0.86808125 0.2994718744186047 0.864216665625 0.2987812488372093 0.875 0.308192188372093 0.879325 0.32279687441860466 0.882785415625 0.335454688372093 0.882785415625
2 0.4740375 0.68603125 0.4857218744186047 0.6812750000000001 0.48507187441860466 0.6739229156250001 0.48345 0.66786875 0.470142188372093 0.672625 0.459107811627907 0.6769499999999999 0.4432984372093023 0.6810125 0.443204688372093 0.6890583343750001 0.4445031255813954 0.6951125 0.45456406279069766 0.69295 0.4740375 0.68603125
2 0.4967562488372093 0.7924083343749999 0.5019484372093024 0.78938125 0.5003265627906976 0.7781374999999999 0.48929062558139536 0.784191665625 0.47598437441860464 0.788947915625 0.471117188372093 0.7902458343750001 0.45935937441860464 0.7923625000000001 0.46040625116279066 0.79889375 0.46235312558139535 0.8045145843749999 0.4766343744186046 0.80105625 0.4967562488372093 0.7924083343749999
2 0.6359875 0.79889375 0.6515656255813954 0.797595834375 0.6561093744186046 0.795866665625 0.6561093744186046 0.78073125 0.6499437511627907 0.784622915625 0.6382593744186046 0.78765 0.630145311627907 0.78721875 0.6142515627906977 0.7847500000000001 0.6152171883720929 0.792839584375 0.6161906255813954 0.799327084375 0.6226812511627906 0.799758334375 0.6359875 0.79889375
2 0.647995311627907 0.683004165625 0.6531890627906978 0.682139584375 0.6528640627906976 0.672625 0.6314437511627906 0.6734895843750001 0.6194359372093023 0.674354165625 0.610325 0.674827084375 0.6113218744186046 0.684733334375 0.6226812511627906 0.684733334375 0.6382593744186046 0.68386875 0.647995311627907 0.683004165625
0 0.6499437511627907 0.716733334375 0.6496187488372094 0.704191665625 0.6372859372093024 0.706354165625 0.6291718744186047 0.7067875 0.61675 0.70528125 0.6171640627906976 0.7184625 0.6291718744186047 0.718895834375 0.642154688372093 0.7175979156250001 0.6499437511627907 0.716733334375
0 0.650917188372093 0.73705625 0.650592188372093 0.72321875 0.6398828116279069 0.7245166656250001 0.626575 0.7253812500000001 0.6171062488372093 0.724791665625 0.6178125 0.738354165625 0.6278734372093022 0.738354165625 0.6424781255813954 0.7387875 0.650917188372093 0.73705625
0 0.6518906255813953 0.760839584375 0.651242188372093 0.7483 0.638907811627907 0.749164584375 0.6188906255813954 0.748583334375 0.6197593744186046 0.763435415625 0.627225 0.763002084375 0.639557811627907 0.761272915625 0.6518906255813953 0.760839584375
0 0.48929062558139536 0.76473125 0.4935109372093023 0.7621374999999999 0.49026562558139536 0.747435415625 0.479879688372093 0.751760415625 0.45900312558139533 0.759529165625 0.4600812488372093 0.77165 0.47176562558139534 0.769489584375 0.479879688372093 0.767327084375 0.48929062558139536 0.76473125
0 0.486695311627907 0.7184625 0.4857218744186047 0.706354165625 0.46916874883720927 0.7115437499999999 0.4525781255813954 0.716225 0.4542390627906977 0.727975 0.467870311627907 0.7253812500000001 0.47825625116279075 0.721922915625 0.486695311627907 0.7184625
0 0.4879937488372093 0.728408334375 0.468845311627907 0.734029165625 0.45650468837209307 0.738591665625 0.458782811627907 0.752625 0.4724140627906977 0.749164584375 0.48994062558139534 0.742679165625 0.4879937488372093 0.728408334375
0 0.34521406279069766 0.809116665625 0.3481781255813953 0.797570834375 0.3301640627906977 0.7948375000000001 0.31521718837209306 0.7883958343749999 0.31329062558139537 0.800610415625 0.3251468744186046 0.8042562500000001 0.3358640627906977 0.80729375 0.34521406279069766 0.809116665625
0 0.34293281162790695 0.8340291656250001 0.3449859372093023 0.8203583343749999 0.33039218837209305 0.81914375 0.3242359372093024 0.817320834375 0.31220781162790695 0.8128020843750001 0.309870311627907 0.826435415625 0.32309531162790694 0.8300791656250001 0.3322156255813954 0.8328145843750001 0.34293281162790695 0.8340291656250001
0 0.3414125 0.850454165625 0.342325 0.8398187500000001 0.3304687488372093 0.8395166656249999 0.317242188372093 0.836477084375 0.3092 0.8325270843749999 0.3076656255813954 0.8434645843749999 0.3220312488372093 0.847414584375 0.33069531162790694 0.8486312500000001 0.3414125 0.850454165625