2 0.5096375 0.651847915625 0.5211859372093023 0.655539584375 0.523957811627907 0.6444625 0.516567188372093 0.642 0.5087140627906976 0.637077084375 0.5022468744186047 0.6315375000000001 0.4957796883720931 0.62784375 0.48415 0.621841665625 0.4819218744186046 0.629075 0.4805359372093023 0.633997915625 0.4916218744186046 0.64323125 0.5096375 0.651847915625
2 0.4971656255813953 0.760170834375 0.49993750000000003 0.752170834375 0.483307811627907 0.746014584375 0.4717593744186046 0.7404770843749999 0.45925937441860465 0.7315625 0.4574390627906977 0.742322915625 0.4671406255813954 0.7484770843749999 0.47776406279069766 0.75463125 0.4971656255813953 0.760170834375
2 0.723975 0.7854041656249999 0.7332125 0.78725 0.7332125 0.7730937499999999 0.719817188372093 0.770016665625 0.706420311627907 0.765708334375 0.6914015627906976 0.75933125 0.6907156255813953 0.768785415625 0.6897906255813953 0.7743249999999999 0.7096546883720931 0.781710415625 0.723975 0.7854041656249999
2 0.9443171883720931 0.7078541656249999 0.9429312511627908 0.696160415625 0.9299968744186047 0.6980062499999999 0.9152156255813952 0.6992375 0.9011937488372093 0.699729165625 0.9008953116279069 0.7121625 0.9166015627906976 0.71093125 0.931382811627907 0.7103145843750001 0.9443171883720931 0.7078541656249999
2 0.9332312511627907 0.8247937500000001 0.9503234372093022 0.8211020843749999 0.9493984372093024 0.805097915625 0.9401609372093024 0.8106375 0.9299968744186047 0.813714584375 0.9230687488372092 0.81186875 0.9156781255813954 0.81186875 0.9067812511627906 0.811483334375 0.907825 0.8204854156250001 0.9096718744186046 0.8272562499999999 0.9202968744186047 0.825410415625 0.9332312511627907 0.8247937500000001
2 0.7050359372093024 0.8937270843749999 0.7151984372093023 0.896189584375 0.717507811627907 0.885110415625 0.7013390627906977 0.8814187499999999 0.6897906255813953 0.878339584375 0.6746390627906977 0.8710854156250001 0.6731609372093024 0.882647915625 0.6814765627906977 0.8863416656249999 0.6934875 0.890035415625 0.7050359372093024 0.8937270843749999
0 0.9410843744186047 0.728164584375 0.9299968744186047 0.730010415625 0.9198343744186046 0.731241665625 0.9077968744186047 0.730885415625 0.9087484372093023 0.744166665625 0.9258406255813953 0.744166665625 0.9420078116279069 0.7404729156250001 0.9410843744186047 0.728164584375
0 0.9098281255813954 0.74985 0.9101343744186047 0.7638625 0.9433937511627907 0.7620145843749999 0.942470311627907 0.746629165625 0.9098281255813954 0.74985
0 0.9103375 0.776264584375 0.9115203116279069 0.78848125 0.9438562488372093 0.784172915625 0.9438562488372093 0.7730937499999999 0.9103375 0.776264584375
0 0.7216234372093022 0.8200270843749999 0.7234718744186047 0.80833125 0.7086890627906977 0.804639584375 0.6919093744186047 0.7979375 0.68975 0.8095625 0.703607811627907 0.8151020843750001 0.7165421883720929 0.8187958343749999 0.7216234372093022 0.8200270843749999
0 0.7183906255813953 0.8446458343750001 0.7202375000000001 0.829872915625 0.710075 0.82864375 0.6980640627906977 0.824335415625 0.6879015627906976 0.820641665625 0.6863218744186046 0.8345104156250001 0.6976031255813953 0.83910625 0.7063796883720931 0.842183334375 0.7183906255813953 0.8446458343750001
0 0.7151562488372093 0.8643395843749999 0.716079688372093 0.8495687500000001 0.7031453116279069 0.8483375000000001 0.6846687488372093 0.842183334375 0.6827656255813954 0.854152084375 0.6925218744186046 0.8575708343749999 0.7031453116279069 0.86249375 0.7151562488372093 0.8643395843749999
0 0.5089734372093023 0.687620834375 0.512207811627907 0.6765416656250001 0.4988109372093023 0.67161875 0.4872625 0.6654625000000001 0.48110156279069766 0.65976875 0.4784859372093023 0.67161875 0.4904968744186047 0.6783875 0.501582811627907 0.6833125 0.5089734372093023 0.687620834375
0 0.5034312511627906 0.711625 0.50805 0.6980833343749999 0.49095937441860465 0.6919291656250001 0.4760218744186046 0.682120834375 0.4729437511627907 0.695620834375 0.483567188372093 0.700545834375 0.49142031162790695 0.704854165625 0.5034312511627906 0.711625
0 0.5011218744186047 0.7171624999999999 0.49696406279069766 0.7140854156249999 0.4872625 0.711625 0.4720187511627907 0.703622915625 0.4694187511627907 0.714629165625 0.4831062488372093 0.719625 0.5011218744186047 0.7282416656249999 0.5011218744186047 0.7171624999999999