0 0.32116562558139533 0.413054165625 0.31915781162790696 0.42732916562499995 0.35261250000000005 0.435804165625 0.3542859372093023 0.423314584375 0.32116562558139533 0.413054165625
0 0.31782031162790697 0.437141665625 0.3154781255813954 0.4518625 0.34826406279069766 0.461229165625 0.351275 0.448739584375 0.31782031162790697 0.437141665625
0 0.3141390627906977 0.45855208437500006 0.31213281162790696 0.469258334375 0.34525312558139537 0.477733334375 0.346925 0.46435208437500003 0.3141390627906977 0.45855208437500006
0 0.4586640627906977 0.342577084375 0.4613406255813953 0.359972915625 0.493457811627907 0.347929165625 0.49078125116279064 0.334102084375 0.4586640627906977 0.342577084375
0 0.4630125 0.365770834375 0.46468593720930235 0.382722915625 0.49747187441860463 0.372016665625 0.4944609372093023 0.356404165625 0.4630125 0.365770834375
0 0.46502031162790697 0.38584375 0.46702812558139534 0.40011875 0.49847499999999995 0.392535415625 0.4968031255813954 0.37603125 0.46502031162790697 0.38584375
0 0.6245999999999999 0.33097916562499996 0.623929688372093 0.345252084375 0.65705 0.34346875 0.6567156255813954 0.32919375 0.6245999999999999 0.33097916562499996
0 0.6242656255813953 0.348375 0.6242656255813953 0.368447915625 0.659057811627907 0.36443333437500003 0.6577203116279069 0.349266665625 0.6242656255813953 0.348375
0 0.6256031255813953 0.376477084375 0.6252687511627907 0.39164374999999996 0.6583890627906978 0.387629165625 0.6587234372093024 0.3738 0.6256031255813953 0.376477084375
2 0.6182437488372092 0.299754165625 0.6195812511627907 0.312689584375 0.659057811627907 0.308675 0.659057811627907 0.297077084375 0.6182437488372092 0.299754165625
2 0.6222578116279069 0.41260833437500005 0.6229265627906977 0.42688125 0.663742188372093 0.425097915625 0.6630718744186046 0.409039584375 0.6222578116279069 0.41260833437500005
2 0.507507811627907 0.408147915625 0.4660234372093023 0.41929999999999995 0.4683656255813954 0.43268125 0.50985 0.41929999999999995 0.507507811627907 0.408147915625
2 0.44762343720930237 0.30421458437500004 0.45063437441860466 0.322058334375 0.4921187511627907 0.312689584375 0.49044687441860463 0.297522915625 0.44762343720930237 0.30421458437500004
2 0.32016093720930233 0.37290833437500004 0.31882343720930234 0.389858334375 0.3613109372093023 0.40457916562499996 0.361645311627907 0.387629165625 0.32016093720930233 0.37290833437500004
2 0.30477187441860465 0.488885415625 0.30477187441860465 0.4929 0.3057765627906977 0.5027125 0.34592187441860467 0.512079165625 0.34659062558139536 0.5018208343749999 0.30477187441860465 0.488885415625