2 0.4618343744186047 0.279416665625 0.4611312511627907 0.29443541562500003 0.5043109372093023 0.296625 0.5043109372093023 0.28098125 0.4618343744186047 0.279416665625
2 0.5859765627906977 0.279729165625 0.5862109372093024 0.29881666562500003 0.6282171883720931 0.299129165625 0.6282171883720931 0.28098125 0.5859765627906977 0.279729165625
2 0.6889984372093023 0.272220834375 0.687825 0.288177084375 0.7312390627906976 0.287239584375 0.7310046883720931 0.27190625 0.6889984372093023 0.272220834375
2 0.6892328116279071 0.372660415625 0.689467188372093 0.38830416562500003 0.731707811627907 0.386427084375 0.7298312488372093 0.372345834375 0.6892328116279071 0.372660415625
2 0.5831609372093024 0.391433334375 0.5841000000000001 0.40864375 0.6256359372093023 0.41020625 0.6256359372093023 0.391745834375 0.5831609372093024 0.391433334375
2 0.45925312558139536 0.386739584375 0.45878437441860465 0.405514584375 0.5021984372093024 0.406764584375 0.5031375 0.386739584375 0.45925312558139536 0.386739584375
0 0.4641812511627907 0.33073125000000003 0.46488593720930227 0.348254165625 0.49774062558139537 0.348254165625 0.49774062558139537 0.331670834375 0.4641812511627907 0.33073125000000003
0 0.588557811627907 0.338241665625 0.5890281255813954 0.352947915625 0.6225859372093023 0.354197915625 0.6225859372093023 0.339179165625 0.588557811627907 0.338241665625
0 0.6925187488372092 0.323847915625 0.6934562511627907 0.33792916562499997 0.72725 0.336364584375 0.726545311627907 0.323222915625 0.6925187488372092 0.323847915625
0 0.6927531255813953 0.300066665625 0.6929875 0.313522915625 0.72725 0.31133125 0.7277187488372093 0.299754165625 0.6927531255813953 0.300066665625
0 0.5843343744186046 0.372345834375 0.5838640627906977 0.386427084375 0.6261062488372093 0.3854875 0.6246984372093023 0.372972915625 0.5843343744186046 0.372345834375
0 0.46300781162790694 0.30163125 0.4637125 0.313522915625 0.501025 0.313522915625 0.5007906255813953 0.302258334375 0.46300781162790694 0.30163125
7 0.464417188372093 0.3551375 0.4641812511627907 0.36796666562499997 0.496567188372093 0.367339584375 0.4968015627906977 0.354825 0.464417188372093 0.3551375
7 0.5897312511627907 0.317277084375 0.5894968744186047 0.33354791562499997 0.6230546883720931 0.333860415625 0.6225859372093023 0.316652084375 0.5897312511627907 0.317277084375
7 0.6939265627906976 0.349191665625 0.6941609372093023 0.363585415625 0.7284234372093024 0.361708334375 0.7274843744186047 0.348566665625 0.6939265627906976 0.349191665625