0 0.4998125 0.15268125 0.487 0.15097291562499998 0.45983437441860464 0.15224375 0.463082811627907 0.160647915625 0.4840109372093023 0.162354165625 0.4968234372093023 0.164060415625 0.4998125 0.15268125
0 0.49511406279069764 0.18340833437499998 0.4780312511627907 0.182270834375 0.4618015627906977 0.182270834375 0.462182811627907 0.19670416562499998 0.47888593720930234 0.197066665625 0.4955421883720931 0.199341665625 0.49511406279069764 0.18340833437499998
0 0.6206593744186046 0.20548958437499998 0.6198062488372093 0.19012500000000002 0.6104093744186045 0.18841875 0.6014406255813953 0.18841875 0.5864937488372093 0.19069375 0.5871093744186047 0.202966665625 0.598025 0.198660415625 0.6078468744186047 0.19922916562499998 0.6206593744186046 0.20548958437499998
0 0.6211687488372093 0.235485415625 0.6220234372093023 0.22694999999999999 0.613054688372093 0.223535415625 0.602804688372093 0.223535415625 0.5833515627906977 0.2273875 0.5835859372093024 0.237191665625 0.5968249999999999 0.234345834375 0.6045125 0.23207083437499998 0.6211687488372093 0.235485415625
0 0.7237312488372093 0.15221875 0.7156171883720931 0.15165 0.6918406255813954 0.15161875 0.6929812511627907 0.160754165625 0.7100656255813953 0.15961666562500001 0.7237312488372093 0.160185415625 0.7237312488372093 0.15221875
0 0.7245859372093023 0.174979165625 0.720742188372093 0.173841665625 0.7062218744186046 0.172704165625 0.6921265627906976 0.1766875 0.692779688372093 0.186058334375 0.7126281255813953 0.184085415625 0.7254406255813953 0.18863749999999999 0.7245859372093023 0.174979165625
7 0.7245859372093023 0.199447915625 0.7049406255813953 0.199447915625 0.6917 0.20115625 0.6923093744186047 0.2142375 0.7130546883720931 0.209691665625 0.7254406255813953 0.2125375 0.7245859372093023 0.199447915625
7 0.5880484372093023 0.166645834375 0.5882921883720931 0.180327084375 0.6203234372093024 0.17918958437500002 0.6203234372093024 0.167239584375 0.5880484372093023 0.166645834375
7 0.4866 0.20502083437500002 0.4801937511627907 0.20445000000000002 0.46265156279069763 0.20735 0.4635375 0.21867708437500002 0.49471562558139537 0.217539584375 0.49471562558139537 0.20672708437499998 0.4866 0.20502083437500002
2 0.485067188372093 0.254308334375 0.497879688372093 0.256583334375 0.49873437441860463 0.24975624999999999 0.49830624883720925 0.2372375 0.48720312558139534 0.236097915625 0.47567187441860465 0.236097915625 0.4574859372093023 0.236154165625 0.45687968837209303 0.243495834375 0.45645156279069765 0.255445834375 0.4701187488372093 0.254877084375 0.485067188372093 0.254308334375
2 0.4893375 0.1416375 0.503004688372093 0.145052084375 0.5017234372093023 0.134239584375 0.49958749999999996 0.12911875 0.48848437441860465 0.12855 0.47823437441860467 0.12684166562500002 0.4603031255813953 0.127822915625 0.4590140627906977 0.135947915625 0.459442188372093 0.145052084375 0.4714 0.1416375 0.4893375 0.1416375
2 0.6064031255813954 0.145010415625 0.6247687488372092 0.14899374999999998 0.6264765627906977 0.134766665625 0.6166531255813953 0.130783334375 0.6068312488372093 0.130214584375 0.5828812488372093 0.131579165625 0.5837671883720931 0.13874999999999998 0.5859031255813953 0.15013125 0.5965796883720931 0.14671666562500002 0.6064031255813954 0.145010415625
2 0.5984156255813953 0.256508334375 0.6061031255813953 0.262197915625 0.6142171883720929 0.262197915625 0.6223312511627908 0.259352084375 0.6231859372093023 0.24398749999999997 0.6142171883720929 0.24285 0.6031124999999999 0.24114375 0.5800640627906977 0.24178958437500003 0.5817593744186047 0.248541665625 0.5830406255813954 0.257077084375 0.5924359372093023 0.2548 0.5984156255813953 0.256508334375
2 0.7296234372093022 0.235897915625 0.7274875 0.224516665625 0.7155296883720931 0.22223958437500002 0.6909 0.221752084375 0.6873406255813953 0.234760415625 0.7022890627906977 0.234189584375 0.7151015627906977 0.234189584375 0.7296234372093022 0.235897915625
2 0.7227890627906978 0.135745834375 0.7287687511627907 0.138591665625 0.7274875 0.123795834375 0.718945311627907 0.122658334375 0.7104031255813953 0.12151875000000001 0.6871437488372093 0.12281249999999999 0.6873406255813953 0.1329 0.688195311627907 0.13972916562499998 0.7027156255813953 0.136314584375 0.7227890627906978 0.135745834375