0 0.43149531162790694 0.25968125 0.4168375 0.25613125000000003 0.3927515627906977 0.25341458437500003 0.39418437441860465 0.264416665625 0.40528906279069765 0.265008334375 0.4283859372093023 0.26915 0.43149531162790694 0.25968125
0 0.41283906279069765 0.287495834375 0.3928515627906977 0.285720834375 0.391775 0.29965416562499997 0.42572031162790697 0.304658334375 0.4261640627906977 0.289270834375 0.41283906279069765 0.287495834375
0 0.5209390627906977 0.301935415625 0.52005 0.28773125 0.5120562511627907 0.28773125 0.5009515627906977 0.288322915625 0.48718281162790694 0.28950624999999997 0.4879968744186046 0.3042125 0.5053937488372093 0.300158334375 0.5142765627906977 0.30134375 0.5209390627906977 0.301935415625
0 0.498117188372093 0.332964584375 0.5065437488372093 0.32963749999999997 0.525579688372093 0.33130208437499997 0.523395311627907 0.322985415625 0.516529688372093 0.319658334375 0.5121609372093023 0.319658334375 0.5062312511627907 0.32090625 0.5012390627906976 0.324647915625 0.48904843720930236 0.3258375 0.48469843720930234 0.32880625 0.4831390627906977 0.338785415625 0.49125156279069765 0.3375375 0.498117188372093 0.332964584375
0 0.6470468744186048 0.276654165625 0.6379968744186046 0.2729125 0.6283218744186047 0.27166458437499996 0.6136187511627907 0.2713875 0.6133437511627907 0.28330625 0.6270749999999999 0.28330625 0.6467343744186046 0.285385415625 0.6470468744186048 0.276654165625
0 0.6139671883720931 0.25170625 0.6149031255813954 0.26085416562499997 0.6230171883720931 0.258360415625 0.6339390627906977 0.25794375 0.639557811627907 0.25877500000000003 0.6467343744186046 0.26210208437500004 0.6472484372093023 0.252170834375 0.6420531255813954 0.250458334375 0.62645 0.2492125 0.6139671883720931 0.25170625
7 0.6461109372093022 0.29910625 0.6361249999999999 0.2966125 0.6280109372093023 0.29578125 0.611782811627907 0.2966125 0.6115593744186046 0.30845 0.6373718744186047 0.309502084375 0.6461109372093022 0.31158125000000003 0.6461109372093022 0.29910625
7 0.518870311627907 0.264460415625 0.509195311627907 0.264460415625 0.48698906279069765 0.26635416562500003 0.48672656279069765 0.281922915625 0.5057625 0.2790125 0.5198062488372093 0.2790125 0.518870311627907 0.264460415625
7 0.405470311627907 0.308739584375 0.39111562558139534 0.309570834375 0.39193281162790694 0.319889584375 0.42512968837209303 0.3257875 0.425442188372093 0.310402084375 0.405470311627907 0.308739584375
2 0.4188890627906977 0.248864584375 0.435117188372093 0.25260625000000003 0.435117188372093 0.24553958437499998 0.434804688372093 0.23888541562499999 0.4223218744186047 0.23556041562500002 0.3953640627906977 0.231122915625 0.39236406279069763 0.238470834375 0.3920515627906977 0.24845 0.40671874883720927 0.246785415625 0.4188890627906977 0.248864584375
2 0.42700312558139536 0.34990416562500004 0.42700312558139536 0.34283541562500003 0.405470311627907 0.341170834375 0.38768281162790696 0.33826041562500003 0.38518593720930233 0.346991665625 0.38438281162790694 0.35649375 0.4114 0.360297915625 0.42731406279069767 0.361960415625 0.42700312558139536 0.34990416562500004
2 0.5024515627906977 0.357595834375 0.5080687488372093 0.36050625 0.5180562488372092 0.36050625 0.5246093744186047 0.360091665625 0.5261687488372093 0.35219166562500004 0.5264812488372093 0.342627084375 0.5146234372093024 0.34138125 0.48355781162790695 0.345054165625 0.4837281255813954 0.35219166562500004 0.4868484372093023 0.359260415625 0.495275 0.356347915625 0.5024515627906977 0.357595834375
2 0.6493937511627906 0.330029165625 0.6472093744186046 0.324622915625 0.6250531255813954 0.32254375 0.6103859372093023 0.32171249999999996 0.6078890627906977 0.32711875 0.6070984372093023 0.334072915625 0.6347265627906976 0.33585 0.6490812511627907 0.337097915625 0.6493937511627906 0.330029165625
2 0.641904688372093 0.236889584375 0.6534515627906977 0.239802084375 0.6531390627906978 0.23106875 0.6522031255813954 0.22483333437500003 0.6341031255813954 0.219427084375 0.6119031255813953 0.2206 0.6106968744186047 0.226495834375 0.6110093744186047 0.236058334375 0.6259890627906977 0.232733334375 0.641904688372093 0.236889584375
2 0.504325 0.246910415625 0.5177437488372093 0.246079165625 0.5227359372093023 0.24649583437499997 0.5242968744186046 0.231527084375 0.513375 0.23111041562499998 0.5068218744186046 0.230695834375 0.48218593720930236 0.23020833437500002 0.48029531162790695 0.234854165625 0.4818562488372093 0.24940625 0.489345311627907 0.248158334375 0.504325 0.246910415625