0 0.4124437488372093 0.199427084375 0.42802343720930236 0.20211666562500002 0.43090937441860466 0.19635 0.4314859372093023 0.192122915625 0.4193687511627907 0.18943125 0.40638437441860464 0.188277084375 0.3921875 0.185766665625 0.39340156279069766 0.19404375000000001 0.3948437511627907 0.19788958437499998 0.4037875 0.197504165625 0.4124437488372093 0.199427084375
0 0.4257156255813953 0.22210833437500002 0.41561718837209305 0.219416665625 0.39368906279069765 0.214035415625 0.39311250000000003 0.2324875 0.4040765627906977 0.23287083437499997 0.42485 0.23633125000000002 0.4257156255813953 0.22210833437500002
0 0.520925 0.22018749999999998 0.5108265627906976 0.219802084375 0.4865906255813954 0.22249375 0.48774375116279073 0.235564584375 0.4992859372093023 0.232872915625 0.5206359372093023 0.232872915625 0.520925 0.22018749999999998
0 0.6458390627906977 0.208041665625 0.6360281255813953 0.204966665625 0.6136468744186047 0.203533334375 0.6135234372093024 0.21726874999999998 0.6241984372093023 0.21457708437499998 0.64555 0.21803750000000002 0.6458390627906977 0.208041665625
0 0.6467031255813953 0.183822915625 0.6351625 0.182285415625 0.6126953116279069 0.181535415625 0.6135234372093024 0.190741665625 0.62795 0.189589584375 0.6464156255813953 0.19381874999999998 0.6467031255813953 0.183822915625
7 0.6453406255813954 0.233035415625 0.6369734372093023 0.229191665625 0.6260093744186047 0.22726875 0.6126953116279069 0.229760415625 0.6127375 0.24149375 0.6274515627906977 0.23995625 0.6450515627906976 0.24341458437500002 0.6453406255813954 0.233035415625
7 0.5036875 0.19905 0.48578437441860467 0.19930208437500002 0.4863765627906977 0.21327500000000002 0.5201328116279069 0.210197915625 0.5189796883720931 0.1975125 0.5036875 0.19905
7 0.42453437441860464 0.242916665625 0.414725 0.24061041562500002 0.3921875 0.23906875 0.3916437511627907 0.254064584375 0.40895468837209303 0.252527084375 0.4236687511627907 0.25521875 0.42453437441860464 0.242916665625
2 0.41068593720930235 0.290202084375 0.42626562558139536 0.293660415625 0.4271312488372093 0.28481875 0.4256890627906977 0.275208334375 0.412417188372093 0.273670834375 0.388379688372093 0.270795834375 0.3855843744186046 0.274439584375 0.3838531255813954 0.28635625 0.39856718837209304 0.287510415625 0.41068593720930235 0.290202084375
2 0.41645624883720933 0.1794875 0.434632811627907 0.18486875 0.43434375116279067 0.177564584375 0.43319062558139537 0.17102916562499998 0.4225156255813953 0.1668 0.413282811627907 0.1652625 0.39567812558139537 0.16334375 0.39222031162790694 0.1668 0.3919312511627907 0.178333334375 0.4052031255813954 0.178333334375 0.41645624883720933 0.1794875
2 0.508129688372093 0.177529165625 0.522845311627907 0.179452084375 0.5234218744186047 0.17406875 0.5225562488372093 0.163689584375 0.5098609372093024 0.16138333437500002 0.49889687441860464 0.1625375 0.48043125116279073 0.164458334375 0.48072031162790696 0.17061041562499998 0.48187500000000005 0.182141665625 0.4916843744186047 0.179066665625 0.508129688372093 0.177529165625
2 0.500942188372093 0.288179165625 0.5081562511627907 0.29279375 0.5179656255813954 0.29163958437500004 0.5269093744186046 0.29163958437500004 0.5271984372093023 0.28202916562499997 0.5260437511627907 0.272033334375 0.5090218744186046 0.272802084375 0.4838812511627907 0.274604165625 0.484207811627907 0.28164375 0.4859390627906977 0.290870834375 0.4934406255813954 0.28933333437500003 0.500942188372093 0.288179165625
2 0.6312984372093023 0.26403958437499997 0.6379359372093023 0.26749999999999996 0.6480328116279069 0.267114584375 0.6465906255813954 0.25596666562500003 0.6327421883720931 0.25327708437499996 0.6111093744186047 0.251758334375 0.6070625000000001 0.25596666562500003 0.6073515627906977 0.264425 0.6209125 0.26365625000000004 0.6312984372093023 0.26403958437499997
0 0.49586718837209304 0.26663541562500004 0.506542188372093 0.263560415625 0.5258734372093024 0.263175 0.5229875 0.25356458437499996 0.5131781255813953 0.252795834375 0.5048109372093024 0.255102084375 0.49615468837209303 0.257025 0.48895781162790697 0.256835415625 0.48547968837209304 0.2616375 0.484325 0.267404165625 0.48807656279069767 0.269327084375 0.49586718837209304 0.26663541562500004