2 0.5304859372093024 0.305747915625 0.5046812488372093 0.30400625 0.4916140627906977 0.304441665625 0.49096093720930234 0.318379165625 0.5301593744186047 0.320120834375 0.5304859372093024 0.305747915625
2 0.5255875 0.431183334375 0.5288531255813954 0.41463333437500005 0.489654688372093 0.41245624999999997 0.48736874883720926 0.412020834375 0.4883484372093023 0.428135415625 0.5255875 0.431183334375
2 0.6173765627906976 0.429877084375 0.6248890627906977 0.42900625000000003 0.635995311627907 0.42682916562499995 0.6366484372093023 0.40940624999999997 0.5967968744186046 0.411585415625 0.5994109372093024 0.42595625000000004 0.6124765627906976 0.425085415625 0.6173765627906976 0.429877084375
2 0.6363218744186047 0.301829165625 0.593857811627907 0.302264584375 0.5961437511627907 0.317072915625 0.6350156255813953 0.315766665625 0.6363218744186047 0.301829165625
2 0.7400656255813954 0.314454165625 0.7410093744186046 0.302504165625 0.7216703116279071 0.300616665625 0.7018593744186047 0.3037625 0.7004437488372093 0.318227084375 0.7178968744186046 0.313195834375 0.7400656255813954 0.314454165625
2 0.7424234372093023 0.399985415625 0.7042171883720931 0.40187083437500004 0.7018593744186047 0.413191665625 0.7428953116279069 0.411304165625 0.7424234372093023 0.399985415625
0 0.7391218744186047 0.3521875 0.7075203116279071 0.35281666562499997 0.7075203116279071 0.3641375 0.73865 0.361620834375 0.7391218744186047 0.3521875
0 0.737707811627907 0.328289584375 0.7061046883720931 0.32954791562499997 0.7075203116279071 0.338352084375 0.7367640627906976 0.33583541562499997 0.737707811627907 0.328289584375
0 0.6339374999999999 0.35784791562499996 0.5999765627906977 0.359735415625 0.6004484372093024 0.370425 0.6320515627906976 0.368539584375 0.6339374999999999 0.35784791562499996
0 0.636295311627907 0.39746875 0.636767188372093 0.39180833437499996 0.6230890627906976 0.38992291562500003 0.6141265627906978 0.393695834375 0.5999765627906977 0.396839584375 0.596675 0.405016665625 0.624504688372093 0.39621041562500003 0.636295311627907 0.39746875
0 0.5273375 0.358477084375 0.4933765627906977 0.35784791562499996 0.494792188372093 0.371683334375 0.5254515627906977 0.373570834375 0.5273375 0.358477084375
0 0.5273375 0.32891875000000004 0.494320311627907 0.327660415625 0.494792188372093 0.33520625000000004 0.526395311627907 0.338352084375 0.5273375 0.32891875000000004
7 0.5259234372093023 0.37923125 0.4933765627906977 0.3804875 0.49149062558139534 0.39055 0.523092188372093 0.39180833437499996 0.5259234372093023 0.37923125
7 0.6164859372093023 0.344641665625 0.6320515627906976 0.346527084375 0.6315796883720931 0.33395 0.601392188372093 0.338352084375 0.601392188372093 0.35281666562499997 0.6051656255813954 0.35281666562499997 0.6164859372093023 0.344641665625
7 0.7372359372093024 0.376714584375 0.7075203116279071 0.377972915625 0.7061046883720931 0.388035415625 0.736292188372093 0.38740625 0.7372359372093024 0.376714584375