2 0.40538281162790696 0.42010625 0.40538281162790696 0.43800416562500005 0.44784843720930234 0.43963125 0.44736093720930237 0.422710415625 0.40538281162790696 0.42010625
2 0.497392188372093 0.418154165625 0.4976375 0.430845834375 0.5379062511627907 0.43117083437500003 0.5371750000000001 0.41880625 0.497392188372093 0.418154165625
2 0.5745156255813954 0.396677084375 0.5740265627906976 0.418154165625 0.6162500000000001 0.41620208437499995 0.6147859372093023 0.400583334375 0.5745156255813954 0.396677084375
2 0.401232811627907 0.530095834375 0.4019656255813953 0.545064584375 0.4437 0.5466916656249999 0.4446765627906977 0.531072915625 0.401232811627907 0.530095834375
2 0.4956843744186047 0.5157791656249999 0.4959281255813954 0.53335 0.535954688372093 0.531397915625 0.5371750000000001 0.51838125 0.4956843744186047 0.5157791656249999
2 0.5750031255813953 0.50861875 0.5752468744186047 0.5261916656250001 0.6164937488372093 0.526841665625 0.6160046883720931 0.509595834375 0.5750031255813953 0.50861875
0 0.4039187488372093 0.509595834375 0.4041625 0.5232625 0.4439437511627907 0.524564584375 0.44272343720930235 0.513175 0.4039187488372093 0.509595834375
0 0.40757812558139533 0.476729165625 0.40733437441860465 0.49462708437499997 0.4415031255813953 0.49592916562499995 0.44174687441860466 0.47998333437499996 0.40757812558139533 0.476729165625
0 0.5005656255813954 0.494302084375 0.5000765627906977 0.505039584375 0.5347343744186046 0.504714584375 0.5344890627906976 0.494302084375 0.5005656255813954 0.494302084375
0 0.5003218744186047 0.466641665625 0.5005656255813954 0.480308334375 0.533025 0.482260415625 0.5335140627906977 0.46566458437499997 0.5003218744186047 0.466641665625
0 0.578907811627907 0.45557708437500005 0.578907811627907 0.470870834375 0.6113687511627907 0.46891875 0.6113687511627907 0.45557708437500005 0.578907811627907 0.45557708437500005
0 0.577932811627907 0.42531458437499997 0.578420311627907 0.43800416562500005 0.6128328116279069 0.435402084375 0.613320311627907 0.420433334375 0.577932811627907 0.42531458437499997
7 0.408554688372093 0.45883124999999997 0.4090437511627907 0.472172915625 0.442479688372093 0.472825 0.44272343720930235 0.45883124999999997 0.408554688372093 0.45883124999999997
7 0.5000765627906977 0.4432125 0.499832811627907 0.45492708437499996 0.5340015627906977 0.45492708437499996 0.5340015627906977 0.4438625 0.5000765627906977 0.4432125
7 0.5796406255813954 0.479333334375 0.5796406255813954 0.49267500000000003 0.6125890627906977 0.490070834375 0.6130765627906977 0.475102084375 0.5796406255813954 0.479333334375