2 0.378267188372093 0.354539584375 0.37650312558139537 0.37336458437500003 0.41679999999999995 0.37885625 0.4185656255813953 0.36316875 0.378267188372093 0.354539584375
2 0.46504062558139536 0.37924791562500004 0.46504062558139536 0.39297499999999996 0.5059265627906977 0.393758334375 0.5053375 0.382777084375 0.46504062558139536 0.37924791562500004
2 0.5697546883720931 0.337677084375 0.5688718744186047 0.35650208437500003 0.611817188372093 0.357285415625 0.6106406255813953 0.338460415625 0.5697546883720931 0.337677084375
2 0.5665187488372093 0.44788125 0.5659312511627906 0.46553125 0.6082875 0.467883334375 0.6079937488372094 0.44945 0.5665187488372093 0.44788125
2 0.466804688372093 0.478472915625 0.4665109372093023 0.49376875 0.5065140627906977 0.494160415625 0.5073968744186047 0.47808124999999996 0.466804688372093 0.478472915625
2 0.36767812558139534 0.46396249999999994 0.3650312488372093 0.47768750000000004 0.4065062488372093 0.48749374999999995 0.4094468744186046 0.47298125 0.36767812558139534 0.46396249999999994
7 0.5726968744186046 0.41532916562500005 0.571520311627907 0.432585415625 0.6050515627906976 0.431802084375 0.6041703116279069 0.414545834375 0.5726968744186046 0.41532916562500005
7 0.3785625 0.39101458437500003 0.3773859372093023 0.406702084375 0.4094468744186046 0.41062291562500003 0.410917188372093 0.395329165625 0.3785625 0.39101458437500003
7 0.4688640627906977 0.406702084375 0.46857031162790697 0.42121250000000005 0.5023968744186046 0.420035415625 0.5023968744186046 0.40356458437500003 0.4688640627906977 0.406702084375
0 0.37709062558139533 0.41180000000000005 0.37503281162790697 0.42944791562500007 0.40827031162790695 0.4337625 0.4094468744186046 0.41925208437499994 0.37709062558139533 0.41180000000000005
0 0.372679688372093 0.44670416562500004 0.37091406279069766 0.458470834375 0.4073875 0.46592291562500004 0.40827031162790695 0.45611666562500003 0.372679688372093 0.44670416562500004
0 0.4688640627906977 0.455333334375 0.46974687441860463 0.4671 0.5026906255813953 0.46631458437499995 0.5023968744186046 0.45690208437499996 0.4688640627906977 0.455333334375
0 0.46974687441860463 0.42944791562500007 0.47004062558139537 0.443960415625 0.501807811627907 0.443960415625 0.501807811627907 0.430233334375 0.46974687441860463 0.42944791562500007
0 0.571520311627907 0.396897915625 0.5703437488372093 0.40983958437499995 0.6044640627906978 0.41023125 0.6044640627906978 0.396897915625 0.571520311627907 0.396897915625
0 0.5703437488372093 0.36356041562499997 0.5706375 0.373758334375 0.6071109372093023 0.374541665625 0.6071109372093023 0.364345834375 0.5703437488372093 0.36356041562499997