0 0.5066281255813954 0.42967500000000003 0.47176406279069766 0.4271625 0.4727062488372093 0.435958334375 0.5038015627906977 0.440145834375 0.5066281255813954 0.42967500000000003
0 0.5016031255813954 0.459410415625 0.4711359372093023 0.45773541562500003 0.4711359372093023 0.47029791562499995 0.5000328116279069 0.473229165625 0.5016031255813954 0.459410415625
0 0.5653625 0.47867499999999996 0.5656765627906977 0.46862291562499997 0.5374093744186046 0.46694791562500004 0.5342687511627907 0.46862291562499997 0.5336406255813954 0.47783749999999997 0.5653625 0.47867499999999996
0 0.5688187488372093 0.504639584375 0.5603374999999999 0.499614584375 0.5418062488372093 0.507152084375 0.5352109372093024 0.502545834375 0.529870311627907 0.515108334375 0.5581390627906977 0.508408334375 0.5688187488372093 0.504639584375
0 0.6363484372093022 0.46066666562499997 0.6052531255813953 0.460247915625 0.6039968744186047 0.472810415625 0.6357187488372092 0.47029791562499995 0.6363484372093022 0.46066666562499997
0 0.6369765627906977 0.43805208437500004 0.604625 0.438470834375 0.6039968744186047 0.44684583437500003 0.6360328116279069 0.446008334375 0.6369765627906977 0.43805208437500004
7 0.4997187511627907 0.49249375000000006 0.5006609372093023 0.47993125000000003 0.47145 0.47951249999999995 0.4689375 0.4811875 0.4692515627906977 0.48998125000000003 0.4997187511627907 0.49249375000000006
7 0.5659906255813953 0.44726458437499994 0.533954688372093 0.448102084375 0.533954688372093 0.46150416562499996 0.5653625 0.456060415625 0.5659906255813953 0.44726458437499994
7 0.6360328116279069 0.48705 0.604625 0.4878875 0.604625 0.4971 0.6322640627906976 0.49793750000000003 0.6360328116279069 0.48705
2 0.6388609372093023 0.510083334375 0.6011687511627907 0.510083334375 0.5992843744186046 0.517620834375 0.6366625 0.523066665625 0.6388609372093023 0.510083334375
2 0.5531140627906976 0.541072915625 0.5634781255813953 0.541072915625 0.5694468744186046 0.523485415625 0.529870311627907 0.522645834375 0.5314406255813953 0.535629165625 0.5443187488372093 0.534791665625 0.5531140627906976 0.541072915625
2 0.5009750000000001 0.515108334375 0.46516875116279066 0.510920834375 0.46171249999999997 0.525997915625 0.5006609372093023 0.531441665625 0.5009750000000001 0.515108334375
2 0.511025 0.4087375 0.47176406279069766 0.40538541562499997 0.46987968837209304 0.4187875 0.5088265627906977 0.4213 0.511025 0.4087375
2 0.5707031255813954 0.4137625 0.529870311627907 0.40957499999999997 0.5304984372093023 0.42590625 0.570075 0.426325 0.5707031255813954 0.4137625
2 0.6413734372093023 0.4120875 0.6024265627906977 0.41125 0.6014843744186047 0.42339374999999996 0.6410593744186046 0.42506875 0.6413734372093023 0.4120875