2 0.40209843720930233 0.8393124999999999 0.4024203116279069 0.86029375 0.4448140627906977 0.861152084375 0.44513437441860465 0.843166665625 0.40209843720930233 0.8393124999999999
2 0.4939515627906977 0.8375999999999999 0.4936312488372093 0.8543 0.5340984372093023 0.8525874999999999 0.5350609372093023 0.8410249999999999 0.4939515627906977 0.8375999999999999
2 0.5707109372093023 0.8170437500000001 0.5700687488372093 0.8367416656250001 0.6127828116279069 0.8375999999999999 0.6124625 0.8187583343749999 0.5707109372093023 0.8170437500000001
2 0.39985 0.9523624999999999 0.39792343720930234 0.96735 0.43903281162790697 0.967777084375 0.440317188372093 0.951933334375 0.39985 0.9523624999999999
2 0.4929890627906977 0.9356625 0.4933093744186046 0.9532187499999999 0.5350609372093023 0.9532187499999999 0.5334562488372093 0.934804165625 0.4929890627906977 0.9356625
2 0.5713531255813954 0.927954165625 0.5716734372093023 0.947652084375 0.6140687511627907 0.947652084375 0.6143890627906977 0.9275249999999999 0.5713531255813954 0.927954165625
7 0.40531093720930234 0.877422915625 0.4062734372093023 0.893695834375 0.43774843720930234 0.8924104156249999 0.4380687488372093 0.879135415625 0.40531093720930234 0.877422915625
7 0.49748437441860466 0.861152084375 0.49748437441860466 0.874854165625 0.5308859372093023 0.8752833343749999 0.531207811627907 0.862008334375 0.49748437441860466 0.861152084375
7 0.576170311627907 0.8975500000000001 0.57585 0.91168125 0.608607811627907 0.9112520843749999 0.608607811627907 0.893695834375 0.576170311627907 0.8975500000000001
0 0.57585 0.8744249999999999 0.5755281255813953 0.8889854156249999 0.609892188372093 0.889414584375 0.6095718744186046 0.873141665625 0.57585 0.8744249999999999
0 0.4971640627906977 0.8859875 0.49748437441860466 0.901404165625 0.5305656255813953 0.902260415625 0.529279688372093 0.8847041656249999 0.4971640627906977 0.8859875
0 0.4046687511627907 0.8975500000000001 0.4046687511627907 0.91510625 0.43839062558139535 0.9159625 0.43839062558139535 0.900547915625 0.4046687511627907 0.8975500000000001
0 0.4004937488372093 0.930522915625 0.4011359372093023 0.945083334375 0.44063906279069764 0.947652084375 0.44063906279069764 0.9326645843750001 0.4004937488372093 0.930522915625
0 0.49620000000000003 0.9112520843749999 0.4965218744186046 0.9249562499999999 0.5308859372093023 0.9240999999999999 0.5305656255813953 0.910825 0.49620000000000003 0.9112520843749999
0 0.5739218744186046 0.841452084375 0.5742437511627907 0.85686875 0.6114984372093023 0.8555833343750001 0.6124625 0.8410249999999999 0.5739218744186046 0.841452084375