0 0.4073234372093023 0.551745834375 0.40670624883720935 0.569039584375 0.4409843744186046 0.5706854156250001 0.44191093720930236 0.5546270843750001 0.4073234372093023 0.551745834375
0 0.4042359372093023 0.5822145843750001 0.4036187488372093 0.5978625 0.44407343720930237 0.60033125 0.4431468744186047 0.589214584375 0.4042359372093023 0.5822145843750001
0 0.60095 0.558745834375 0.6021843744186046 0.571097915625 0.6352281255813954 0.569039584375 0.6343015627906976 0.5566875 0.60095 0.558745834375
0 0.5997140627906977 0.5319812500000001 0.6006406255813953 0.546804165625 0.633992188372093 0.54598125 0.633375 0.5319812500000001 0.5997140627906977 0.5319812500000001
0 0.7624593744186047 0.519629165625 0.7624593744186047 0.5336291656250001 0.7961187511627906 0.534452084375 0.7958109372093024 0.5221 0.7624593744186047 0.519629165625
0 0.7606062511627908 0.48710000000000003 0.7593703116279069 0.500277084375 0.8041484372093024 0.5011 0.8029124999999999 0.48833541562500005 0.7606062511627908 0.48710000000000003
7 0.4085593744186047 0.530745834375 0.4088687488372093 0.544745834375 0.44191093720930236 0.547627084375 0.44160156279069773 0.53239375 0.4085593744186047 0.530745834375
7 0.6003312488372092 0.5076875000000001 0.6003312488372092 0.5229229156249999 0.633375 0.520041665625 0.6330656255813953 0.5068645843749999 0.6003312488372092 0.5076875000000001
7 0.7636937488372093 0.542275 0.762767188372093 0.558745834375 0.7964281255813953 0.557097915625 0.797045311627907 0.5418624999999999 0.7636937488372093 0.542275
2 0.40083906279069764 0.60445 0.40083906279069764 0.620095834375 0.44283750000000005 0.622154165625 0.44345468837209306 0.606095834375 0.40083906279069764 0.60445
2 0.40392656279069766 0.49162916562500003 0.4036187488372093 0.512629165625 0.4468515627906977 0.5151 0.447470311627907 0.49821875000000004 0.40392656279069766 0.49162916562500003
2 0.5960093744186047 0.484629165625 0.5957 0.498629165625 0.636154688372093 0.49739374999999997 0.6349187488372093 0.484629165625 0.5960093744186047 0.484629165625
2 0.598170311627907 0.581804165625 0.5984796883720931 0.5978625 0.6404781255813954 0.596627084375 0.6398593744186046 0.581804165625 0.598170311627907 0.581804165625
2 0.7581359372093023 0.57356875 0.7569 0.592508334375 0.800442188372093 0.592920834375 0.8001343744186046 0.5760395843749999 0.7581359372093023 0.57356875
2 0.7593703116279069 0.462395834375 0.7599875 0.481747915625 0.802295311627907 0.48298333437499996 0.8013687488372093 0.46321874999999996 0.7593703116279069 0.462395834375