2 0.5101562511627907 0.62925625 0.47041406279069764 0.627727084375 0.4696484372093023 0.6384270843750001 0.5074812511627907 0.642504165625 0.5101562511627907 0.62925625
2 0.5686234372093023 0.63333125 0.5277343744186046 0.6323125 0.5307921883720931 0.6465791656250001 0.5674765627906977 0.646070834375 0.5686234372093023 0.63333125
2 0.6393187488372093 0.645560415625 0.6416125 0.6323125 0.6037796883720931 0.63129375 0.6007234372093023 0.631804165625 0.6007234372093023 0.643522915625 0.6393187488372093 0.645560415625
2 0.499404688372093 0.753397915625 0.501917188372093 0.737066665625 0.47835937441860465 0.735391665625 0.4642265627906977 0.733716665625 0.46139843720930235 0.732041665625 0.460770311627907 0.7462791656250001 0.499404688372093 0.753397915625
2 0.5499734372093023 0.76135625 0.5615937511627906 0.7609375 0.5672484372093024 0.7420916656250001 0.5264156255813953 0.742929165625 0.5295562488372093 0.754654165625 0.5433765627906977 0.755072915625 0.5499734372093023 0.76135625
2 0.6350906255813954 0.742510415625 0.6366625 0.7316208343749999 0.6212718744186047 0.733716665625 0.6011687511627907 0.731202084375 0.5980281255813953 0.729527084375 0.5980281255813953 0.740416665625 0.6350906255813954 0.742510415625
0 0.5518578116279069 0.728689584375 0.5672484372093024 0.7282708343750001 0.5641062511627907 0.7224083343750001 0.551229688372093 0.724083334375 0.5399218744186046 0.729108334375 0.532070311627907 0.7219895843749999 0.5289281255813953 0.7358104156249999 0.5477734372093023 0.733297915625 0.5518578116279069 0.728689584375
0 0.499404688372093 0.696025 0.5016031255813954 0.680947915625 0.4840140627906977 0.680110415625 0.4701937488372093 0.678435415625 0.46956562558139536 0.69225625 0.4840140627906977 0.69560625 0.499404688372093 0.696025
0 0.5647343744186046 0.6889062499999999 0.533954688372093 0.689325 0.5342687511627907 0.69979375 0.5647343744186046 0.6993750000000001 0.5647343744186046 0.6889062499999999
0 0.6350906255813954 0.682204165625 0.6039968744186047 0.680529165625 0.6039968744186047 0.69141875 0.6338343744186047 0.6910000000000001 0.6350906255813954 0.682204165625
0 0.6357187488372092 0.659589584375 0.603682811627907 0.658752084375 0.6027406255813954 0.667129165625 0.6347765627906976 0.668385415625 0.6357187488372092 0.659589584375
0 0.4858984372093023 0.660008334375 0.5016031255813954 0.659589584375 0.5022312511627907 0.6499583343750001 0.48558437441860464 0.650377084375 0.472392188372093 0.645770834375 0.4676812488372093 0.645770834375 0.47050781162790695 0.654145834375 0.4858984372093023 0.660008334375
7 0.49877656279069765 0.70063125 0.4689375 0.69979375 0.4676812488372093 0.710683334375 0.4981484372093023 0.713195834375 0.49877656279069765 0.70063125
7 0.5631640627906976 0.6763416656250001 0.5641062511627907 0.6675479156249999 0.5355249999999999 0.667129165625 0.5330125 0.6675479156249999 0.533954688372093 0.682204165625 0.5631640627906976 0.6763416656250001
7 0.6316359372093023 0.716127084375 0.6332062488372093 0.7069124999999999 0.6024265627906977 0.706075 0.6005406255813953 0.716127084375 0.6121624999999999 0.716127084375 0.6316359372093023 0.716127084375