2 0.31862812558139536 0.780414584375 0.31862812558139536 0.7993833343750001 0.3603187488372093 0.801589584375 0.36097968837209304 0.785708334375 0.31862812558139536 0.780414584375
2 0.3136656255813953 0.890704165625 0.3133343744186046 0.9092333343749999 0.35502500000000003 0.91055625 0.35667812558139533 0.894675 0.3136656255813953 0.890704165625
2 0.5035859372093023 0.8867333343749999 0.5035859372093023 0.9034979156249999 0.5439515627906977 0.902614584375 0.5442828116279069 0.883645834375 0.5035859372093023 0.8867333343749999
2 0.5012687511627907 0.78703125 0.5015999999999999 0.802472915625 0.5409734372093024 0.801589584375 0.5409734372093024 0.7865895843749999 0.5012687511627907 0.78703125
2 0.659425 0.765414584375 0.6597562511627907 0.78703125 0.7017765627906977 0.784825 0.7014468744186046 0.764972915625 0.659425 0.765414584375
2 0.6627343744186046 0.8765875 0.6630656255813954 0.8955562499999999 0.7034312488372093 0.8942333343750001 0.7044234372093023 0.876145834375 0.6627343744186046 0.8765875
7 0.6657124999999999 0.842177084375 0.6657124999999999 0.8602645843750001 0.697475 0.858941665625 0.697475 0.839529165625 0.6657124999999999 0.842177084375
0 0.6657124999999999 0.822325 0.6657124999999999 0.8373229156249999 0.6978062511627907 0.8373229156249999 0.697145311627907 0.821441665625 0.6657124999999999 0.822325
0 0.5062328116279069 0.836883334375 0.5059015627906976 0.8514416656250001 0.5386578116279069 0.8505583343750001 0.5386578116279069 0.83511875 0.5062328116279069 0.836883334375
0 0.507225 0.863352084375 0.507225 0.8743812500000001 0.5393187488372093 0.872175 0.5389890627906977 0.8615875000000001 0.507225 0.863352084375
0 0.3163125 0.872616665625 0.3159812511627907 0.88496875 0.355354688372093 0.8867333343749999 0.3543625 0.8752645843750001 0.3163125 0.872616665625
0 0.32061406279069765 0.8377645843750001 0.3199515627906977 0.8558520843749999 0.35237812558139536 0.8562937500000001 0.35370156279069764 0.839970834375 0.32061406279069765 0.8377645843750001
7 0.32259843720930237 0.818354165625 0.3219375 0.831147915625 0.3546937511627907 0.832470834375 0.3546937511627907 0.8179125 0.32259843720930237 0.818354165625
7 0.5045781255813954 0.8117354156250001 0.5045781255813954 0.8262937499999999 0.5389890627906977 0.824529165625 0.5389890627906977 0.8099708343750001 0.5045781255813954 0.8117354156250001
0 0.6643890627906976 0.7927666656250001 0.6647187511627908 0.8042374999999999 0.6978062511627907 0.803795834375 0.697475 0.791883334375 0.6643890627906976 0.7927666656250001