2 0.403720311627907 0.7437083343750001 0.4044562488372093 0.7608666656249999 0.446004688372093 0.762827084375 0.4452687488372093 0.744689584375 0.403720311627907 0.7437083343750001
2 0.4000437511627907 0.854504165625 0.40114687441860464 0.870191665625 0.44195937441860467 0.870191665625 0.442695311627907 0.8559749999999999 0.4000437511627907 0.854504165625
2 0.5960203116279069 0.8295020843750001 0.5974921883720931 0.8476416656250001 0.6383046883720931 0.8446999999999999 0.6379375 0.8290124999999999 0.5960203116279069 0.8295020843750001
2 0.7574359372093024 0.819697915625 0.7559640627906977 0.8397979156250001 0.800454688372093 0.8427395843750001 0.7986156255813953 0.825579165625 0.7574359372093024 0.819697915625
2 0.758170311627907 0.711841665625 0.7578031255813954 0.7304708343749999 0.7997187488372093 0.7304708343749999 0.7986156255813953 0.711841665625 0.758170311627907 0.711841665625
2 0.5952859372093023 0.7309625 0.5960203116279069 0.745179165625 0.6349953116279069 0.744689584375 0.6360984372093024 0.7334125 0.5952859372093023 0.7309625
0 0.4056312488372093 0.799172915625 0.4061281255813954 0.8154020843750001 0.43916406279069764 0.816395834375 0.4396609372093023 0.800166665625 0.4056312488372093 0.799172915625
0 0.4021531255813954 0.8329541656250001 0.40240156279069766 0.846202084375 0.44189687441860465 0.8478583343749999 0.44189687441860465 0.836266665625 0.4021531255813954 0.8329541656250001
0 0.5996281255813954 0.806460415625 0.6003734372093023 0.817389584375 0.634154688372093 0.8157333343750001 0.6334109372093023 0.804804165625 0.5996281255813954 0.806460415625
0 0.5996281255813954 0.778970834375 0.5996281255813954 0.79354375 0.6334109372093023 0.7925500000000001 0.633907811627907 0.778639584375 0.5996281255813954 0.778970834375
7 0.40687343720930236 0.779302084375 0.407867188372093 0.79486875 0.43916406279069764 0.79288125 0.44015781162790696 0.778308334375 0.40687343720930236 0.779302084375
7 0.5983859372093023 0.7557875000000001 0.5983859372093023 0.769697915625 0.632417188372093 0.768704165625 0.631920311627907 0.7551249999999999 0.5983859372093023 0.7557875000000001
7 0.761582811627907 0.7912250000000001 0.761582811627907 0.8054666656249999 0.7958609372093024 0.804472915625 0.7953640627906977 0.78956875 0.761582811627907 0.7912250000000001
0 0.7613343744186046 0.765722915625 0.7613343744186046 0.782614584375 0.7951156255813954 0.7832749999999999 0.7953640627906977 0.768704165625 0.7613343744186046 0.765722915625
0 0.759595311627907 0.737902084375 0.7605031255813953 0.751579165625 0.7989562488372094 0.748920834375 0.7983859372093023 0.736008334375 0.759595311627907 0.737902084375