7 0.492470311627907 0.815239584375 0.49210468837209304 0.8025916656250001 0.48005781162790695 0.803564584375 0.459307811627907 0.8024458343750001 0.45924843720930236 0.8157249999999999 0.4698359372093023 0.8166979156249999 0.48261249999999994 0.8162125 0.492470311627907 0.815239584375
7 0.6176906255813953 0.766110415625 0.600167188372093 0.766597915625 0.5837593744186046 0.762835415625 0.5837390627906976 0.778270834375 0.6067375 0.778270834375 0.617325 0.778270834375 0.6176906255813953 0.766110415625
7 0.6881390627906976 0.797627084375 0.6889593744186046 0.8114604156249999 0.7210859372093024 0.810002084375 0.7207218744186047 0.79686875 0.6881390627906976 0.797627084375
2 0.7261968744186047 0.83335 0.725832811627907 0.8216749999999999 0.7119593744186047 0.8226479156250001 0.6849265627906976 0.8227854156250001 0.6860390627906977 0.8357812499999999 0.7064843744186046 0.8357812499999999 0.7178015627906977 0.834808334375 0.7261968744186047 0.83335
2 0.7247375 0.736552084375 0.725832811627907 0.72293125 0.7075781255813954 0.72293125 0.6834843744186047 0.7209875 0.6834843744186047 0.7292562499999999 0.6849437488372092 0.736552084375 0.7068484372093022 0.736552084375 0.7247375 0.736552084375
2 0.6206390627906977 0.747591665625 0.6224656255813953 0.742239584375 0.6224656255813953 0.7325125 0.6012906255813955 0.7320249999999999 0.5813515627906977 0.7291125 0.580117188372093 0.736889584375 0.5834015627906977 0.7471041656249999 0.6034812511627907 0.7471041656249999 0.6206390627906977 0.747591665625
2 0.4995265627906977 0.7362062500000001 0.49806562558139533 0.7274499999999999 0.47908281162790695 0.7284229156250001 0.45569531162790694 0.72750625 0.45535312558139535 0.743016665625 0.4710515627906977 0.744475 0.49879687441860465 0.743016665625 0.4995265627906977 0.7362062500000001
2 0.4843015627906977 0.8544729156249999 0.4937937511627907 0.853985415625 0.49598437441860466 0.8447437499999999 0.49598437441860466 0.834529165625 0.4773656255813954 0.836960415625 0.45368749999999997 0.834027084375 0.454 0.8427979156250001 0.454 0.852039584375 0.4664125 0.853985415625 0.4843015627906977 0.8544729156249999
2 0.5965374999999999 0.857102084375 0.6016484372093023 0.8609937499999999 0.6122359372093024 0.860020834375 0.6177109372093024 0.8561291656250001 0.6206328116279071 0.8410500000000001 0.606029688372093 0.842508334375 0.5781390627906977 0.839914584375 0.5779187511627907 0.8473729156250001 0.5801093744186047 0.8541833343749999 0.5885062511627908 0.8556416656250001 0.5965374999999999 0.857102084375
0 0.49195 0.78048125 0.459307811627907 0.780497915625 0.4594593744186047 0.7945875 0.472967188372093 0.79750625 0.491220311627907 0.796045834375 0.49195 0.78048125
0 0.4963312511627907 0.75178125 0.478807811627907 0.753241665625 0.45690000000000003 0.7510583343749999 0.46165 0.761510415625 0.47333125116279073 0.7605375000000001 0.4926812488372093 0.761995834375 0.4963312511627907 0.75178125
0 0.5844421883720929 0.78651875 0.5845625 0.799233334375 0.6169343744186047 0.800139584375 0.6169343744186047 0.78700625 0.5844421883720929 0.78651875
0 0.6005062511627908 0.83224375 0.619125 0.83224375 0.6183937488372093 0.8230020843749999 0.609267188372093 0.82056875 0.6037906255813954 0.82105625 0.5939343744186046 0.825433334375 0.582957811627907 0.82064375 0.5789656255813953 0.8259187499999999 0.5793312488372093 0.833702084375 0.5913781255813954 0.8351625 0.6005062511627908 0.83224375
0 0.6881390627906976 0.748916665625 0.6882140627906977 0.7619 0.7210703116279069 0.759466665625 0.719975 0.751683334375 0.6881390627906976 0.748916665625
0 0.687482811627907 0.774545834375 0.6877375 0.784245834375 0.7218000000000001 0.784760415625 0.7203406255813953 0.7730875 0.687482811627907 0.774545834375