2 0.5065234372093024 0.77263125 0.506179688372093 0.78823125 0.5464390627906976 0.786854165625 0.5464390627906976 0.771714584375 0.5065234372093024 0.77263125
2 0.3179531255813953 0.666189584375 0.3179531255813953 0.6849999999999999 0.357525 0.685458334375 0.357525 0.6707770843749999 0.3179531255813953 0.666189584375
2 0.31279218837209305 0.775385415625 0.31210312558139536 0.794195834375 0.3537406255813954 0.7951125 0.3547734372093024 0.779514584375 0.31279218837209305 0.775385415625
2 0.663092188372093 0.7625375 0.6637796883720931 0.7799729156249999 0.7047281255813954 0.7790541656250001 0.7043843744186047 0.761620834375 0.663092188372093 0.7625375
2 0.6620593744186047 0.651047915625 0.6624031255813954 0.6707770843749999 0.7040406255813952 0.6694 0.703007811627907 0.651964584375 0.6620593744186047 0.651047915625
2 0.5048031255813954 0.674447915625 0.5054906255813953 0.687752084375 0.5457515627906977 0.686377084375 0.545407811627907 0.673529165625 0.5048031255813954 0.674447915625
7 0.32105 0.701975 0.3203625 0.718491665625 0.35408437441860463 0.719410415625 0.35546093720930233 0.702433334375 0.32105 0.701975
7 0.5103093744186047 0.6955520843749999 0.5089328116279069 0.7116104156249999 0.5426546883720931 0.7097749999999999 0.5429984372093023 0.696010415625 0.5103093744186047 0.6955520843749999
7 0.666532811627907 0.731797915625 0.666532811627907 0.746939584375 0.6995671883720931 0.7455625 0.700254688372093 0.728127084375 0.666532811627907 0.731797915625
0 0.6668765627906976 0.707939584375 0.6668765627906976 0.723539584375 0.6995671883720931 0.7217041656250001 0.6995671883720931 0.7051875 0.6668765627906976 0.707939584375
0 0.6661890627906977 0.676283334375 0.666532811627907 0.6895875 0.6988781255813953 0.689129165625 0.6992234372093024 0.676741665625 0.6661890627906977 0.676283334375
0 0.5106531255813954 0.748314584375 0.5109968744186046 0.759785415625 0.5429984372093023 0.75795 0.5436875 0.74785625 0.5106531255813954 0.748314584375
0 0.5092765627906977 0.7226229156249999 0.5085875 0.736385415625 0.541967188372093 0.736385415625 0.5423109372093023 0.7217041656250001 0.5092765627906977 0.7226229156249999
0 0.31451250000000003 0.759785415625 0.31451250000000003 0.7703375 0.35546093720930233 0.77125625 0.35546093720930233 0.7611625 0.31451250000000003 0.759785415625
0 0.318642188372093 0.7226229156249999 0.318642188372093 0.7409749999999999 0.35270781162790693 0.741433334375 0.3530531255813954 0.724916665625 0.318642188372093 0.7226229156249999