0 0.6190359372093023 0.7660812499999999 0.6325437488372093 0.765108334375 0.632179688372093 0.76024375 0.629257811627907 0.755379165625 0.6212265627906978 0.7519750000000001 0.6142906255813954 0.756352084375 0.6099093744186047 0.759270834375 0.5946 0.755875 0.5916562511627906 0.762189584375 0.5905609372093024 0.7670541656250001 0.60845 0.768027084375 0.6190359372093023 0.7660812499999999
0 0.7326265627906977 0.71588125 0.7005843744186047 0.714125 0.7004999999999999 0.726583334375 0.7187546883720931 0.726583334375 0.732992188372093 0.7256104156250001 0.7326265627906977 0.71588125
0 0.5205421883720931 0.7372375 0.520907811627907 0.7207 0.506670311627907 0.7207 0.48781250000000004 0.7184062499999999 0.48732187441860464 0.733345834375 0.49900312558139537 0.735779165625 0.5095906255813953 0.7372375 0.5205421883720931 0.7372375
0 0.520907811627907 0.702216665625 0.5220031255813954 0.698325 0.5245593744186047 0.691514584375 0.510320311627907 0.6924875 0.48700937441860465 0.691108334375 0.4887812511627907 0.695891665625 0.48951093720930233 0.700270834375 0.5052093744186046 0.7012437499999999 0.520907811627907 0.702216665625
0 0.610732811627907 0.722304165625 0.5957640627906976 0.72133125 0.5958031255813953 0.7333937500000001 0.6286218744186047 0.73251875 0.6275265627906977 0.720358334375 0.610732811627907 0.722304165625
0 0.732029688372093 0.69170625 0.7254593744186048 0.693652084375 0.700182811627907 0.690572915625 0.7006343744186047 0.701433334375 0.7119515627906976 0.701433334375 0.732029688372093 0.701433334375 0.732029688372093 0.69170625
7 0.7172093744186047 0.74040625 0.7011453116279069 0.741379165625 0.7013875 0.7499875 0.734367188372093 0.74965 0.7332718744186048 0.739435415625 0.7172093744186047 0.74040625
7 0.6283390627906976 0.698866665625 0.6108156255813953 0.699839584375 0.5950015627906977 0.6980666656250001 0.5940218744186047 0.7115125 0.6144656255813953 0.710539584375 0.6287046883720929 0.710054165625 0.6283390627906976 0.698866665625
7 0.5053156255813953 0.7437125 0.4885218744186046 0.7437125 0.4882140627906977 0.756945834375 0.5195531255813953 0.7529541656250001 0.5191875 0.742739584375 0.5053156255813953 0.7437125
2 0.522432811627907 0.794895834375 0.5246234372093023 0.7875979156249999 0.5246234372093023 0.776410415625 0.5005281255813954 0.775925 0.4829937488372093 0.774610415625 0.481179688372093 0.783220834375 0.48190937441860465 0.79295 0.49979843720930234 0.793922915625 0.522432811627907 0.794895834375
2 0.5173218744186047 0.684477084375 0.5279093744186046 0.683991665625 0.528275 0.6757208343750001 0.5279093744186046 0.667939584375 0.512942188372093 0.6689125 0.5038140627906977 0.6689125 0.48700937441860465 0.666485415625 0.48519531162790697 0.672316665625 0.4855609372093023 0.68253125 0.5008937488372093 0.6835041656249999 0.5173218744186047 0.684477084375
2 0.6235406255813954 0.681020834375 0.6304781255813954 0.6785895843749999 0.6319374999999999 0.6708062499999999 0.6308421883720929 0.66496875 0.6114937511627907 0.66496875 0.5905843744186047 0.663808334375 0.590320311627907 0.673239584375 0.592145311627907 0.68248125 0.6118593744186047 0.680047915625 0.6235406255813954 0.681020834375
2 0.6063359372093022 0.7887187499999999 0.6096218744186046 0.79406875 0.6238593744186046 0.79406875 0.627145311627907 0.7930958343750001 0.6307968744186047 0.787745834375 0.6329874999999999 0.7736395843749999 0.6132734372093024 0.774125 0.5905843744186047 0.7751458343750001 0.591732811627907 0.784339584375 0.5931937511627907 0.789204165625 0.5994 0.78823125 0.6063359372093022 0.7887187499999999
2 0.7357234372093023 0.6789625 0.7364531255813954 0.6648562499999999 0.722945311627907 0.6648562499999999 0.693357811627907 0.663272915625 0.6937406255813954 0.671666665625 0.6948343744186046 0.6813958343750001 0.7160093744186047 0.6799354156249999 0.7357234372093023 0.6789625
2 0.7387890627906977 0.7767000000000001 0.7391546883720931 0.768916665625 0.7384249999999999 0.765025 0.7168843744186048 0.764539584375 0.6993796883720931 0.761764584375 0.6975359372093023 0.766970834375 0.6982656255813953 0.7767000000000001 0.7157906255813953 0.778645834375 0.7387890627906977 0.7767000000000001