2 0.3186093744186046 0.09718541562500001 0.31785781162790694 0.11321666562499999 0.36144062558139534 0.11872708437499999 0.3629437488372093 0.103197915625 0.3186093744186046 0.09718541562500001
2 0.31447656279069763 0.20789791562499998 0.313725 0.223927084375 0.3561812511627907 0.2284375 0.35768281162790694 0.21090208437500002 0.31447656279069763 0.20789791562499998
2 0.5090984372093024 0.20739583437500003 0.5090984372093024 0.223427084375 0.5515546883720931 0.222425 0.549675 0.204891665625 0.5090984372093024 0.20739583437500003
2 0.5072187488372093 0.1052 0.5075953116279069 0.11872708437499999 0.5489234372093024 0.119729165625 0.5504265627906977 0.1042 0.5072187488372093 0.1052
2 0.667275 0.19637500000000002 0.667275 0.21240625 0.7097312511627907 0.21240625 0.7093562511627907 0.194370834375 0.667275 0.19637500000000002
2 0.6653968744186046 0.08215625 0.6642687488372093 0.1042 0.7078531255813953 0.099689584375 0.706725 0.08215625 0.6653968744186046 0.08215625
7 0.32289062558139536 0.134720834375 0.3219140627906977 0.149689584375 0.35510624883720926 0.15229375 0.3563265627906977 0.139277084375 0.32289062558139536 0.134720834375
7 0.5103281255813953 0.13114166562500001 0.5108156255813954 0.146110415625 0.545717188372093 0.145458334375 0.5447406255813954 0.12951458437500002 0.5103281255813953 0.13114166562500001
7 0.669942188372093 0.164658334375 0.6701859372093023 0.18060416562499998 0.7041109372093023 0.178652084375 0.7038671883720931 0.160102084375 0.669942188372093 0.164658334375
0 0.6711625 0.142204165625 0.6716515627906977 0.156847915625 0.7033781255813953 0.155220834375 0.7038671883720931 0.14090416562500002 0.6711625 0.142204165625
0 0.5108156255813954 0.158475 0.5110593744186046 0.170841665625 0.5454718744186047 0.169539584375 0.5452281255813953 0.154245834375 0.5108156255813954 0.158475
0 0.512525 0.18255625 0.5117921883720931 0.193945834375 0.546204688372093 0.193295834375 0.5452281255813953 0.181579165625 0.512525 0.18255625
0 0.3214265627906977 0.15619791562500002 0.3206937511627907 0.17377083437500002 0.35583906279069766 0.175397915625 0.35559375116279074 0.158475 0.3214265627906977 0.15619791562500002
0 0.31922968837209303 0.188414584375 0.3187406255813954 0.20240624999999998 0.35510624883720926 0.204683334375 0.35510624883720926 0.193295834375 0.31922968837209303 0.188414584375
0 0.6660375 0.1086875 0.666770311627907 0.12202916562499999 0.7065515627906978 0.117472915625 0.7070390627906976 0.106085415625 0.6660375 0.1086875