2 0.5277343744186046 0.5344854156250001 0.508245311627907 0.535504165625 0.4891390627906977 0.53295625 0.48760937441860464 0.546714584375 0.5258234372093022 0.5477333343749999 0.5277343744186046 0.5344854156250001
2 0.5223843744186046 0.6414854156249999 0.4834062511627907 0.640975 0.48187812558139537 0.654222915625 0.520092188372093 0.659316665625 0.5223843744186046 0.6414854156249999
2 0.6129515627906976 0.656770834375 0.6297656255813954 0.655752084375 0.6309125 0.63791875 0.5923156255813954 0.640975 0.5949906255813954 0.6532041656249999 0.6060734372093023 0.651675 0.6129515627906976 0.656770834375
2 0.6301484372093022 0.528370834375 0.5915515627906976 0.530408334375 0.5949906255813954 0.545695834375 0.629382811627907 0.5411083343749999 0.6301484372093022 0.528370834375
2 0.7352359372093024 0.530408334375 0.6939656255813953 0.5299 0.6977859372093024 0.545185415625 0.7356187488372092 0.544675 0.7352359372093024 0.530408334375
2 0.739057811627907 0.6297645843749999 0.7008437511627907 0.6297645843749999 0.7008437511627907 0.640464584375 0.7367640627906976 0.640464584375 0.739057811627907 0.6297645843749999
0 0.7337078116279069 0.590533334375 0.7337078116279069 0.5793229156249999 0.7023718744186046 0.581870834375 0.7023718744186046 0.58238125 0.7023718744186046 0.5910416656249999 0.7337078116279069 0.590533334375
0 0.7340890627906976 0.5563958343750001 0.7004609372093022 0.5579229156250001 0.701607811627907 0.56505625 0.7329437511627908 0.565566665625 0.7340890627906976 0.5563958343750001
0 0.6282375 0.58441875 0.5980484372093022 0.58645625 0.5965187488372093 0.597666665625 0.6274734372093024 0.5966458343750001 0.6282375 0.58441875
0 0.6167734372093023 0.62925625 0.6297656255813954 0.624160415625 0.6255625 0.619066665625 0.6175375000000001 0.621104165625 0.6014875000000001 0.62721875 0.5934625 0.622633334375 0.593079688372093 0.633841665625 0.6056906255813954 0.6323125 0.6167734372093023 0.62925625
0 0.525442188372093 0.5563958343750001 0.48990312558139537 0.554866665625 0.4902843744186047 0.56301875 0.5212375 0.566585415625 0.525442188372093 0.5563958343750001
0 0.5223843744186046 0.586966665625 0.4891390627906977 0.58645625 0.492195311627907 0.601741665625 0.5204734372093023 0.601741665625 0.5223843744186046 0.586966665625
7 0.520092188372093 0.60785625 0.487992188372093 0.60785625 0.48952031162790693 0.619066665625 0.5181812511627907 0.619066665625 0.520092188372093 0.60785625
7 0.627854688372093 0.563527084375 0.595754688372093 0.5645479156250001 0.5980484372093022 0.5798333343750001 0.6286187488372093 0.5747375 0.627854688372093 0.563527084375
7 0.7348531255813954 0.603779165625 0.7046656255813953 0.60581875 0.7050468744186047 0.6155 0.7340890627906976 0.6144791656249999 0.7348531255813954 0.603779165625