2 0.4998375 0.5533375 0.47767343720930233 0.553847915625 0.46009531162790696 0.553847915625 0.4593312488372093 0.56709375 0.501367188372093 0.56709375 0.4998375 0.5533375
2 0.6228875 0.557414584375 0.5846734372093023 0.5558854156249999 0.585820311627907 0.570152084375 0.6225046883720929 0.569133334375 0.6228875 0.557414584375
2 0.7253000000000001 0.547222915625 0.6870859372093023 0.5477333343749999 0.686704688372093 0.560470834375 0.7249187488372093 0.5599624999999999 0.7253000000000001 0.547222915625
2 0.4963984372093023 0.6766416656249999 0.49754531162790694 0.660845834375 0.46047812558139534 0.660845834375 0.4566562511627907 0.660845834375 0.457420311627907 0.674604165625 0.4963984372093023 0.6766416656249999
2 0.601104688372093 0.683775 0.609129688372093 0.686322915625 0.6183015627906976 0.683264584375 0.6213578116279069 0.6644125 0.5800875 0.66645 0.5827625 0.679697915625 0.5926984372093024 0.677660415625 0.601104688372093 0.683775
2 0.7260640627906976 0.647597915625 0.6889968744186047 0.6465791656250001 0.6870859372093023 0.657279165625 0.7256828116279069 0.659316665625 0.7260640627906976 0.647597915625
0 0.4960171883720931 0.60581875 0.4856984372093023 0.6068374999999999 0.463917188372093 0.6063270843749999 0.46238906279069764 0.6185562499999999 0.49257812558139535 0.622633334375 0.4960171883720931 0.60581875
0 0.6198296883720931 0.6114229156250001 0.588495311627907 0.6109125 0.585820311627907 0.624160415625 0.6179187488372093 0.624670834375 0.6198296883720931 0.6114229156250001
0 0.5980484372093022 0.655752084375 0.6217406255813954 0.65269375 0.6186828116279071 0.647089584375 0.6083656255813953 0.647089584375 0.5926984372093024 0.651164584375 0.5827625 0.647597915625 0.5793234372093023 0.646070834375 0.5789406255813954 0.657279165625 0.5980484372093022 0.655752084375
0 0.49869218837209306 0.5762666656250001 0.46277031162790694 0.575247915625 0.463917188372093 0.5849270843750001 0.4937234372093023 0.58645625 0.49869218837209306 0.5762666656250001
0 0.7222437511627907 0.5966458343750001 0.6920546883720929 0.5997041656250001 0.6924359372093023 0.60785625 0.7210968744186047 0.608875 0.7222437511627907 0.5966458343750001
0 0.723007811627907 0.5747375 0.6909078116279069 0.5762666656250001 0.6905249999999999 0.583908334375 0.7210968744186047 0.5813604156250001 0.723007811627907 0.5747375
7 0.4937234372093023 0.627727084375 0.4631531255813954 0.6267083343750001 0.463917188372093 0.63995625 0.4918140627906977 0.6389375 0.4937234372093023 0.627727084375
7 0.6163906255813955 0.5910416656249999 0.5892593744186047 0.5915520843750001 0.588495311627907 0.6048 0.617154688372093 0.6002125 0.6163906255813955 0.5910416656249999
7 0.720332811627907 0.636389584375 0.7218609372093022 0.622633334375 0.6943468744186047 0.624160415625 0.6905249999999999 0.623652084375 0.6916718744186047 0.632822915625 0.720332811627907 0.636389584375