2 0.3408125 0.501283334375 0.3785484372093023 0.47336875 0.373342188372093 0.4633 0.33620781162790697 0.491164584375 0.3408125 0.501283334375
2 0.4135906255813953 0.5705458343750001 0.4102218744186047 0.5625041656249999 0.3955093744186046 0.578347915625 0.37193125116279074 0.592064584375 0.377957811627907 0.604597915625 0.4070312511627907 0.581895834375 0.4135906255813953 0.5705458343750001
0 0.3802625 0.493216665625 0.34977187441860463 0.5163916656249999 0.35455781162790695 0.530816665625 0.38504999999999995 0.506222915625 0.3802625 0.493216665625
0 0.387 0.5173375 0.35952968837209304 0.5408375000000001 0.36218124883720926 0.55068125 0.39231718837209306 0.5279791656249999 0.387 0.5173375
3 0.3955093744186046 0.5390937499999999 0.3668437511627907 0.562114584375 0.37069062558139537 0.57385625 0.39958593720930236 0.5492625 0.3955093744186046 0.5390937499999999
3 0.5471453116279069 0.465322915625 0.5290625 0.47454583437500003 0.5187812488372093 0.48376875 0.5219718744186046 0.495829165625 0.5519312488372092 0.47761875 0.5471453116279069 0.465322915625
2 0.5733812488372093 0.550927084375 0.5795859372093024 0.5398125 0.5746218744186046 0.5341375 0.538457811627907 0.557075 0.539167188372093 0.5639333343749999 0.5425359372093024 0.570791665625 0.5733812488372093 0.550927084375
2 0.5457265627906976 0.44711458437499996 0.54165 0.43221666562500005 0.5297718744186046 0.43931041562499995 0.5272906255813954 0.43765625 0.504067188372093 0.457283334375 0.5083218744186047 0.46934375 0.5363312511627907 0.45184375 0.5457265627906976 0.44711458437499996
0 0.5546109372093023 0.48639374999999996 0.52425 0.505875 0.5279906255813953 0.517904165625 0.5582359372093023 0.49973124999999996 0.5546109372093023 0.48639374999999996
0 0.5611109372093024 0.5060666656249999 0.5309687511627907 0.525458334375 0.5358640627906976 0.5395770843750001 0.5654843744186047 0.518570834375 0.5611109372093024 0.5060666656249999
0 0.6508890627906977 0.435222915625 0.6203437511627907 0.452125 0.6225187511627908 0.46373125000000004 0.6523890627906976 0.44872708437500003 0.6508890627906977 0.435222915625
0 0.6563875 0.4555625 0.62675 0.47191666562499995 0.628517188372093 0.48457083437500004 0.6606375 0.467566665625 0.6563875 0.4555625
3 0.6655109372093024 0.49189999999999995 0.6617625 0.479895834375 0.631892188372093 0.496235415625 0.635392188372093 0.506070834375 0.6486390627906977 0.504070834375 0.6655109372093024 0.49189999999999995
2 0.6470437511627907 0.417185415625 0.6495437488372093 0.41151666562500006 0.6459187488372093 0.402514584375 0.6084687511627908 0.4215 0.60805 0.42885625000000005 0.612175 0.43585833437500004 0.6470437511627907 0.417185415625
2 0.6755437488372094 0.5218166656250001 0.6760437511627906 0.510314584375 0.6737937511627907 0.5058125 0.6549218744186046 0.518316665625 0.6347187511627906 0.5269166656250001 0.63555 0.5324875 0.641425 0.541822915625 0.6755437488372094 0.5218166656250001