2 0.39827968837209304 0.5540166656250001 0.3996484372093023 0.5390645843749999 0.37858437441860465 0.536510415625 0.35834218837209303 0.535416665625 0.3567015627906977 0.550735415625 0.3733875 0.552558334375 0.39827968837209304 0.5540166656250001
0 0.39171562558139533 0.587572915625 0.39444999999999997 0.575535415625 0.38706406279069766 0.574077084375 0.3750281255813953 0.572254165625 0.36217187441860466 0.57261875 0.3591625 0.58283125 0.3750281255813953 0.583195834375 0.39171562558139533 0.587572915625
0 0.390620311627907 0.610185415625 0.39253593720930235 0.596689584375 0.3733875 0.595960415625 0.3605312488372093 0.59304375 0.3580687488372093 0.604714584375 0.3755765627906976 0.607997915625 0.390620311627907 0.610185415625
4 0.3892531255813953 0.62805625 0.39171562558139533 0.618208334375 0.37967968837209304 0.616385415625 0.3698312511627907 0.615291665625 0.3597109372093023 0.615291665625 0.3580687488372093 0.624045834375 0.37612343720930236 0.625504165625 0.3892531255813953 0.62805625
2 0.38014843720930236 0.657027084375 0.3939859372093023 0.656258334375 0.39475468837209304 0.636014584375 0.38706718837209303 0.6378083343750001 0.3826468744186046 0.637552084375 0.37572812558139534 0.636014584375 0.3678484372093023 0.636014584375 0.3632359372093023 0.636527084375 0.3540109372093023 0.634220834375 0.3520890627906977 0.633195834375 0.3520890627906977 0.653695834375 0.38014843720930236 0.657027084375
2 0.493154688372093 0.653183334375 0.5110281255813953 0.651902084375 0.5114125 0.639089584375 0.48431406279069766 0.6411395843750001 0.4720140627906977 0.6406270843749999 0.47047656279069766 0.640114584375 0.47086093720930233 0.651133334375 0.493154688372093 0.653183334375
0 0.49257812558139535 0.6852145843749999 0.5075687488372093 0.683933334375 0.508145311627907 0.671377084375 0.49104062558139533 0.6741958343750001 0.4770109372093023 0.6736833343749999 0.4754734372093023 0.673170834375 0.4756656255813953 0.682652084375 0.49257812558139535 0.6852145843749999
0 0.49170625116279065 0.711752084375 0.507425 0.710716665625 0.5080062511627907 0.698039584375 0.499079688372093 0.700885415625 0.49015468837209303 0.700110415625 0.47657187441860466 0.6995916656250001 0.4750187488372093 0.6995916656250001 0.47560156279069765 0.711235415625 0.49170625116279065 0.711752084375
4 0.5076187488372093 0.729345834375 0.508782811627907 0.7174437499999999 0.49811093720930233 0.7195145843749999 0.48666093720930237 0.718995834375 0.47676562558139535 0.71925625 0.4763781255813953 0.7264999999999999 0.494229688372093 0.729604165625 0.5076187488372093 0.729345834375
2 0.5130515627906976 0.756252084375 0.5126640627906976 0.738660415625 0.4988859372093023 0.74228125 0.4827812511627907 0.74150625 0.472107811627907 0.74150625 0.4723031255813953 0.757545834375 0.502379688372093 0.758839584375 0.5130515627906976 0.756252084375
2 0.7667937511627907 0.72080625 0.771004688372093 0.722945834375 0.7786234372093024 0.7234812500000001 0.7894531255813955 0.725085415625 0.7898531255813953 0.7071708343750001 0.7798265627906977 0.708241665625 0.7746140627906977 0.709310415625 0.7631843744186046 0.7101124999999999 0.7555640627906977 0.7133208343749999 0.7493484372093023 0.7101124999999999 0.7489468744186046 0.718133334375 0.761379688372093 0.719470834375 0.7667937511627907 0.72080625
0 0.7653890627906977 0.6876541656249999 0.7740125 0.6876541656249999 0.785442188372093 0.68605 0.7860437488372093 0.67535625 0.7734109372093023 0.675889584375 0.7623812488372093 0.676691665625 0.7543609372093023 0.678295834375 0.7543609372093023 0.68498125 0.759975 0.68605 0.7653890627906977 0.6876541656249999
0 0.7560937511627908 0.663958334375 0.7589062488372093 0.668958334375 0.7646875000000001 0.668958334375 0.7690625 0.665208334375 0.7725000000000001 0.6647916656249999 0.7765625 0.665625 0.7860937488372093 0.666041665625 0.786875 0.650416665625 0.7803125000000001 0.651041665625 0.7723437511627907 0.65 0.7625 0.650416665625 0.7526562488372093 0.65125 0.7534375 0.663125 0.754375 0.662708334375 0.7560937511627908 0.663958334375
4 0.7615625 0.6433333343750001 0.765 0.6433333343750001 0.775 0.6433333343750001 0.7859375 0.644166665625 0.7864062511627907 0.634166665625 0.7826562511627907 0.633958334375 0.7775 0.631041665625 0.7729687488372092 0.630833334375 0.7620312488372093 0.631458334375 0.7535937511627907 0.631458334375 0.7528125000000001 0.638958334375 0.7598437511627908 0.642708334375 0.7615625 0.6433333343750001
2 0.7915625 0.604375 0.7684375000000001 0.604583334375 0.75 0.602916665625 0.7510937488372093 0.619791665625 0.761875 0.620833334375 0.7789062511627907 0.620416665625 0.7918750000000001 0.61875 0.7915625 0.604375