4 0.302132811627907 0.1538 0.3060437511627907 0.164227084375 0.338229688372093 0.157810415625 0.3367265627906976 0.14577916562499998 0.302132811627907 0.1538
4 0.519620311627907 0.094047915625 0.5108968744186047 0.09284375 0.4867187488372093 0.08484375 0.48472499999999996 0.10046458437500001 0.5033765627906976 0.10206875 0.518417188372093 0.1100875 0.519620311627907 0.094047915625
4 0.6540734372093023 0.237279165625 0.6528796883720931 0.250447915625 0.688075 0.25125000000000003 0.6868718744186048 0.23841666562500002 0.6540734372093023 0.237279165625
2 0.3370265627906977 0.11650416562499999 0.2960484372093023 0.12546041562500002 0.30062968837209303 0.147785415625 0.31536875116279073 0.139764584375 0.3403359372093023 0.135352084375 0.3370265627906977 0.11650416562499999
2 0.3514656255813954 0.22117291562500002 0.312595311627907 0.23226458437500003 0.3135640627906977 0.248441665625 0.3475562488372093 0.238016665625 0.3538718744186047 0.233604165625 0.3514656255813954 0.22117291562500002
2 0.5265390627906977 0.067579165625 0.4856281255813954 0.056752084375 0.482620311627907 0.0808125 0.49435156279069764 0.0804125 0.5241328116279069 0.08803125 0.5265390627906977 0.067579165625
2 0.5181156255813953 0.170241665625 0.4761890627906977 0.161060415625 0.4747984372093023 0.177060415625 0.48803437441860464 0.179866665625 0.5163109372093023 0.189089584375 0.5181156255813953 0.170241665625
2 0.689879688372093 0.16141875 0.6484328116279069 0.15705 0.6495703116279069 0.179866665625 0.6694234372093023 0.17304999999999998 0.691082811627907 0.172247915625 0.689879688372093 0.16141875
2 0.6484328116279069 0.260847915625 0.6489687488372092 0.279320834375 0.6913828116279069 0.27771666562499997 0.6907812488372093 0.26047291562499997 0.6484328116279069 0.260847915625
0 0.5175140627906977 0.1145 0.48483906279069766 0.103395834375 0.484425 0.1197125 0.5024734372093024 0.120514584375 0.5163109372093023 0.12893749999999998 0.5175140627906977 0.1145
0 0.3406375 0.163022915625 0.3058265627906977 0.169585415625 0.3075468744186047 0.185883334375 0.32830312558139535 0.17786249999999998 0.34184062558139533 0.1782625 0.3406375 0.163022915625
0 0.34364531162790696 0.191495834375 0.3092109372093023 0.19666250000000002 0.31266093720930227 0.21234999999999998 0.32619843720930236 0.20473124999999998 0.34454687441860465 0.20352708437499997 0.34364531162790696 0.191495834375
0 0.48412343720930234 0.129739584375 0.48201875116279075 0.14618124999999998 0.5160093744186046 0.15059166562499998 0.515107811627907 0.137758334375 0.48412343720930234 0.129739584375
0 0.653654688372093 0.215764584375 0.65215 0.23260625 0.687345311627907 0.234210415625 0.6876468744186046 0.21536249999999998 0.653654688372093 0.215764584375
0 0.687345311627907 0.19290625 0.6530531255813953 0.1957125 0.6539562511627907 0.20814375 0.6810281255813952 0.2053375 0.687345311627907 0.203733334375 0.687345311627907 0.19290625