2 0.6883718744186047 0.46664374999999997 0.684575 0.45065416562499994 0.6749812511627907 0.45411875 0.6599906255813954 0.4613125 0.6461984372093023 0.46877500000000005 0.6501968744186046 0.485297915625 0.6731812511627907 0.473839584375 0.6883718744186047 0.46664374999999997
4 0.6883718744186047 0.4895625 0.6867734372093023 0.48156666562500006 0.6783781255813953 0.485297915625 0.6679859372093023 0.48822916562499996 0.655992188372093 0.493027084375 0.6583906255813954 0.503420834375 0.676779688372093 0.495158334375 0.6883718744186047 0.4895625
0 0.6927703116279069 0.50875 0.6891718744186046 0.497025 0.672782811627907 0.5036875000000001 0.6609890627906977 0.509816665625 0.6629875000000001 0.5207437500000001 0.6779796883720931 0.51408125 0.6927703116279069 0.50875
0 0.684575 0.537 0.6991656255813953 0.53406875 0.697367188372093 0.524741665625 0.6883718744186047 0.524741665625 0.677379688372093 0.5303375 0.6657859372093023 0.535666665625 0.6695843744186047 0.547127084375 0.6755796883720929 0.5444625000000001 0.684575 0.537
2 0.7099593744186047 0.560985415625 0.7065609372093024 0.551922915625 0.692370311627907 0.558320834375 0.6827765627906978 0.5623166656249999 0.670982811627907 0.568979165625 0.6743812488372094 0.579639584375 0.6949687488372094 0.5695125 0.7099593744186047 0.560985415625
2 0.8378687511627907 0.48798125 0.8341921883720931 0.46771666562499997 0.8104140627906977 0.47915625000000006 0.7952156255813954 0.48405833437499995 0.7986484372093023 0.503341665625 0.8214453116279069 0.494191665625 0.8378687511627907 0.48798125
4 0.8361531255813953 0.5085729156250001 0.8349281255813953 0.495497915625 0.8261031255813953 0.502035415625 0.8172781255813953 0.5062833343750001 0.8057562511627907 0.510533334375 0.8091890627906977 0.520339584375 0.8243875 0.513475 0.8361531255813953 0.5085729156250001
0 0.8265937511627908 0.533739584375 0.829779688372093 0.530470834375 0.8422812488372092 0.525895834375 0.838604688372093 0.51249375 0.8209546883720931 0.522627084375 0.8099234372093024 0.5252416656250001 0.8118843744186046 0.5370083343750001 0.8229156255813954 0.536027084375 0.8265937511627908 0.533739584375
0 0.8344375 0.5582520843750001 0.8479203116279069 0.55335 0.8466937511627907 0.545179165625 0.8408109372093023 0.548775 0.8354171883720931 0.5481208343749999 0.8263484372093024 0.547139584375 0.8140906255813953 0.549754165625 0.8150718744186046 0.562175 0.822670311627907 0.5602145843749999 0.8344375 0.5582520843750001
2 0.8569890627906976 0.586035415625 0.8542937511627907 0.567404165625 0.8432624999999999 0.576883334375 0.830025 0.580479165625 0.8175234372093023 0.584072915625 0.8192390627906977 0.598454165625 0.8415468744186047 0.5919187499999999 0.8569890627906976 0.586035415625
2 0.9289015627906976 0.49893958437499997 0.9430062488372093 0.48924375 0.942125 0.48248541562499997 0.932207811627907 0.484835415625 0.923392188372093 0.48571666562500004 0.9132546883720931 0.48630625 0.9028968744186047 0.48983125000000005 0.9057624999999999 0.506875 0.9218500000000001 0.502466665625 0.9289015627906976 0.49893958437499997
0 0.9344109372093022 0.53038125 0.943667188372093 0.5236229156250001 0.944107811627907 0.5151020843749999 0.9341906255813954 0.5183333343750001 0.923832811627907 0.521272915625 0.9130343744186047 0.523916665625 0.9139156255813954 0.534495834375 0.925595311627907 0.53273125 0.9344109372093022 0.53038125
0 0.9368359372093024 0.554770834375 0.9478546883720931 0.54948125 0.945870311627907 0.5333187500000001 0.9383781255813953 0.534202084375 0.933970311627907 0.540370834375 0.9269187488372093 0.542135415625 0.9152374999999999 0.545072915625 0.9170015627906977 0.558883334375 0.9311062511627908 0.556533334375 0.9368359372093024 0.554770834375
4 0.9415468744186046 0.572391665625 0.9507843744186047 0.568527084375 0.9500593744186047 0.558866665625 0.9451687511627908 0.559347915625 0.9428140627906977 0.561764584375 0.939554688372093 0.5641791656249999 0.935025 0.564904165625 0.9272359372093023 0.565145834375 0.9189046883720929 0.5661104156250001 0.9183609372093022 0.5731145843750001 0.932307811627907 0.57408125 0.9415468744186046 0.572391665625
2 0.947704688372093 0.599439584375 0.9589359372093023 0.594127084375 0.9585734372093023 0.578429165625 0.9464374999999999 0.5837416656250001 0.9379234372093023 0.5866395843750001 0.9274171883720931 0.589779165625 0.917454688372093 0.5917125000000001 0.9181796883720931 0.6057187500000001 0.9348437488372093 0.603304165625 0.947704688372093 0.599439584375