2 0.3170531255813953 0.473683334375 0.32844375116279073 0.473683334375 0.32882343720930235 0.462554165625 0.32616562558139534 0.453954165625 0.3098390627906977 0.453447915625 0.28604218837209305 0.45154166562500003 0.28554062558139537 0.463564584375 0.28554062558139537 0.47216458437500003 0.3045234372093023 0.471660415625 0.3170531255813953 0.473683334375
2 0.326925 0.575364584375 0.32730468837209303 0.5622125 0.3098390627906977 0.56069375 0.2852062511627907 0.5595395843750001 0.28554062558139537 0.570810415625 0.285920311627907 0.576377084375 0.3124968744186047 0.574352084375 0.326925 0.575364584375
4 0.3227484372093023 0.495941665625 0.32312812558139536 0.4848125 0.3049031255813953 0.482789584375 0.2889640627906977 0.481045834375 0.29047656279069767 0.486835415625 0.2908562488372093 0.49290625 0.302625 0.494425 0.3227484372093023 0.495941665625
0 0.32312812558139536 0.503022915625 0.30794062558139534 0.50251875 0.29021718837209304 0.5022 0.29047656279069767 0.513141665625 0.3037640627906977 0.514658334375 0.3227484372093023 0.515164584375 0.32312812558139536 0.503022915625
0 0.3227484372093023 0.530341665625 0.30338437441860466 0.5278125 0.2906343744186046 0.5261375 0.29009687441860466 0.541470834375 0.3098390627906977 0.5399520843750001 0.3223687488372093 0.541470834375 0.3227484372093023 0.530341665625
0 0.616604688372093 0.69904375 0.6181234372093023 0.685891665625 0.6067328116279069 0.6833625 0.5991390627906976 0.680327084375 0.587904688372093 0.6769999999999999 0.5866093744186046 0.688420834375 0.5998984372093022 0.693479165625 0.6109093744186047 0.6970208343750001 0.616604688372093 0.69904375
0 0.6150859372093024 0.709666665625 0.6006578116279069 0.706127084375 0.5957218744186047 0.703595834375 0.5845640627906977 0.702052084375 0.5831937511627907 0.7182666656250001 0.5968609372093022 0.7192791656249999 0.6143265627906976 0.721808334375 0.6150859372093024 0.709666665625
0 0.8540906255813953 0.8584791656249999 0.855229688372093 0.8463375 0.8389031255813953 0.84583125 0.8225484372093024 0.8406666656249999 0.8225781255813953 0.853420834375 0.832829688372093 0.8564562499999999 0.843079688372093 0.8584791656249999 0.8540906255813953 0.8584791656249999
0 0.8529515627906977 0.884279165625 0.8537109372093024 0.8696083343750001 0.8449781255813954 0.8691020843749999 0.8339671883720929 0.868595834375 0.821295311627907 0.864047915625 0.8214390627906977 0.877702084375 0.8335890627906977 0.88225625 0.8427 0.883266665625 0.8529515627906977 0.884279165625
4 0.8537109372093024 0.901985415625 0.8529515627906977 0.89085625 0.8373843744186047 0.8913604156250001 0.829032811627907 0.88883125 0.820679688372093 0.8847854156249999 0.819207811627907 0.8929937499999999 0.832829688372093 0.89844375 0.8434593744186046 0.9009729156249999 0.8537109372093024 0.901985415625
4 0.618925 0.6778375 0.6208234372093023 0.6692375 0.6079156255813954 0.666202084375 0.6026 0.663166665625 0.589575 0.658072915625 0.5893109372093024 0.670247915625 0.6022203116279069 0.672272915625 0.6098140627906977 0.6758124999999999 0.618925 0.6778375
2 0.5960593744186046 0.755175 0.6036531255813954 0.757704165625 0.614282811627907 0.758210415625 0.6169406255813954 0.742020834375 0.6002359372093024 0.738985415625 0.5873265627906976 0.735445834375 0.5766312488372093 0.730441665625 0.574417188372093 0.73595 0.573657811627907 0.74606875 0.5850484372093023 0.751127084375 0.5960593744186046 0.755175
2 0.6103375000000001 0.655441665625 0.61945 0.658983334375 0.6274234372093024 0.65999375 0.6297015627906978 0.6503833343750001 0.6297015627906978 0.641277084375 0.6122359372093024 0.6382416656250001 0.6042625 0.63520625 0.589157811627907 0.62968125 0.587557811627907 0.6367229156249999 0.5871781255813954 0.6488645843749999 0.5962906255813953 0.6503833343750001 0.6103375000000001 0.655441665625
2 0.8447375 0.8268395843749999 0.8584062511627907 0.8288625 0.8614437488372093 0.8222854156249999 0.8614437488372093 0.816214584375 0.8458765627906977 0.813179165625 0.8363843744186047 0.8106500000000001 0.8204609372093024 0.8039249999999999 0.8204374999999999 0.8146979156249999 0.820817188372093 0.8238041656249999 0.8333468744186047 0.826333334375 0.8447375 0.8268395843749999
2 0.8392281255813954 0.9306208343750001 0.8483390627906977 0.932139584375 0.853654688372093 0.932139584375 0.8555531255813953 0.9159499999999999 0.8377093744186047 0.9144333343750001 0.8259390627906976 0.911904165625 0.8146156255813953 0.906354165625 0.8137890627906977 0.914939584375 0.8149281255813953 0.9255625000000001 0.8255593744186046 0.928091665625 0.8392281255813954 0.9306208343750001