2 0.45195312558139533 0.605664584375 0.46457187441860465 0.617516665625 0.4691593744186046 0.617516665625 0.470020311627907 0.625545834375 0.475182811627907 0.629370834375 0.4814906255813953 0.618664584375 0.4657187488372093 0.6026041656250001 0.451379688372093 0.5857812499999999 0.44937187441860466 0.5834875 0.445357811627907 0.5938104156249999 0.45195312558139533 0.605664584375
0 0.47977031162790695 0.5743104156250001 0.4674390627906977 0.559397915625 0.46199062558139536 0.569720834375 0.474895311627907 0.5861625 0.4889468744186046 0.597252084375 0.49181562558139535 0.588839584375 0.47977031162790695 0.5743104156250001
0 0.495829688372093 0.5582499999999999 0.47890937441860465 0.5387500000000001 0.4734609372093023 0.547927084375 0.474895311627907 0.550985415625 0.4834984372093023 0.56245625 0.49955781162790697 0.576985415625 0.5032859372093023 0.569720834375 0.495829688372093 0.5582499999999999
4 0.4889468744186046 0.541427084375 0.49755 0.550985415625 0.5018515627906978 0.552514584375 0.5081609372093023 0.560927084375 0.512175 0.55175 0.4955421883720931 0.537602084375 0.48665312558139534 0.527279165625 0.4852187511627907 0.524985415625 0.4823515627906977 0.533779165625 0.4889468744186046 0.541427084375
2 0.49468281162790695 0.52345625 0.5001312511627908 0.529191665625 0.5061531255813954 0.534927084375 0.512175 0.5406625 0.519345311627907 0.54754375 0.5270875 0.53225 0.5147562511627907 0.52345625 0.5113156255813954 0.51695625 0.5018515627906978 0.510454165625 0.4955421883720931 0.499747915625 0.48464531162790697 0.516189584375 0.4892343744186046 0.51925 0.49468281162790695 0.52345625
2 0.7005640627906977 0.538960415625 0.7145796883720931 0.532952084375 0.7108249999999999 0.515264584375 0.710075 0.518935415625 0.6973093744186046 0.52494375 0.6855468744186046 0.52828125 0.673782811627907 0.5312833343750001 0.6720312488372093 0.53095 0.6752843744186047 0.5476354156250001 0.7005640627906977 0.538960415625
0 0.7050687511627907 0.503252084375 0.7038171883720931 0.49524166562499994 0.6905515627906976 0.494908334375 0.6807906255813952 0.494908334375 0.671279688372093 0.49691041562500005 0.6727812488372092 0.51059375 0.6913031255813953 0.508591665625 0.7050687511627907 0.503252084375
0 0.6977062511627907 0.460627084375 0.6891109372093023 0.46623541562500004 0.6812468744186047 0.468672915625 0.6666156255813954 0.47379375 0.6702734372093023 0.48745000000000005 0.680332811627907 0.48306041562499996 0.691304688372093 0.47769583437499996 0.7009984372093023 0.47452500000000003 0.6977062511627907 0.460627084375
4 0.6955109372093023 0.45843125 0.6955109372093023 0.445264584375 0.676492188372093 0.45379791562499994 0.6644218744186047 0.45794375 0.6655187511627907 0.46842916562500003 0.6812468744186047 0.463308334375 0.6955109372093023 0.45843125
2 0.6966093744186047 0.43551041562500004 0.6933171883720931 0.41600208437499997 0.6836234372093023 0.42039166562499997 0.669907811627907 0.4264875 0.6549109372093023 0.431852084375 0.6576546883720931 0.45209166562499997 0.6821609372093024 0.44209375 0.6966093744186047 0.43551041562500004
2 0.8757687488372092 0.44001458437499996 0.8733125 0.423304165625 0.8487390627906978 0.4367375 0.835225 0.44132499999999997 0.8366984372093024 0.45639583437500003 0.8563562488372093 0.448860415625 0.8757687488372092 0.44001458437499996
4 0.8669234372093023 0.41511458437500004 0.8632375 0.40233541562499997 0.8494765627906977 0.410854165625 0.833995311627907 0.414458334375 0.835225 0.42396041562500003 0.8511968744186047 0.42133958437499996 0.8669234372093023 0.41511458437500004
0 0.8622546883720931 0.395129165625 0.8590593744186047 0.37972916562500003 0.852425 0.3807125 0.842842188372093 0.39086875 0.8280984372093023 0.39775 0.8303093744186046 0.410854165625 0.8482484372093023 0.40331875000000006 0.8622546883720931 0.395129165625
0 0.8561109372093023 0.37219375 0.8551281255813953 0.36138125 0.8384187488372092 0.37153749999999997 0.82515 0.375797915625 0.8258875 0.388247915625 0.84235 0.381366665625 0.8561109372093023 0.37219375
2 0.8403843744186046 0.346310415625 0.852670311627907 0.337791665625 0.852425 0.329602084375 0.8401390627906976 0.333533334375 0.834242188372093 0.334516665625 0.8276062511627906 0.339102084375 0.8116343744186048 0.34270625 0.8155656255813953 0.360727084375 0.835470311627907 0.352535415625 0.8403843744186046 0.346310415625