2 0.4938281255813953 0.6047041656250001 0.5171625 0.62275 0.5224046883720931 0.609666665625 0.5107375 0.59590625 0.490929688372093 0.575366665625 0.4841890627906977 0.584402084375 0.48351249999999996 0.591395834375 0.4938281255813953 0.6047041656250001
2 0.4731984372093023 0.7062083343750001 0.4787781255813954 0.696058334375 0.4633906255813954 0.678464584375 0.45055156279069764 0.663029165625 0.4424218744186047 0.670795834375 0.461529688372093 0.694029165625 0.4731984372093023 0.7062083343750001
0 0.47049218837209306 0.643502084375 0.4654187511627907 0.636960415625 0.4603468744186046 0.647110415625 0.4743812488372093 0.662222915625 0.4852031255813954 0.67485625 0.49146093720930234 0.666283334375 0.47049218837209306 0.643502084375
0 0.48131406279069766 0.623425 0.47522656279069764 0.617335415625 0.4701531255813953 0.626358334375 0.4819906255813953 0.64034375 0.4968718744186047 0.652297915625 0.5009296883720931 0.6421479156250001 0.48131406279069766 0.623425
4 0.5095531255813953 0.63019375 0.4912906255813953 0.614404165625 0.4822625 0.602708334375 0.4786093744186046 0.611470834375 0.489092188372093 0.62094375 0.504142188372093 0.636058334375 0.5095531255813953 0.63019375
2 0.67065 0.504404165625 0.6369984372093024 0.48229791562499996 0.6332781255813954 0.48793749999999997 0.63215 0.498977084375 0.6437625 0.5071104156249999 0.6660843744186047 0.5231250000000001 0.6713265627906976 0.5134270843750001 0.67065 0.504404165625
2 0.6398734372093023 0.6138041656250001 0.6432562511627907 0.598239584375 0.6204281255813953 0.585608334375 0.6082609372093024 0.5759291656250001 0.6048703116279069 0.581772915625 0.601995311627907 0.59011875 0.6398734372093023 0.6138041656250001
0 0.6446078116279069 0.579516665625 0.6493437488372092 0.566660415625 0.6292203116279069 0.553127084375 0.6197515627906978 0.54996875 0.6148468744186047 0.56508125 0.6255 0.572975 0.6446078116279069 0.579516665625
0 0.6265156255813954 0.523802084375 0.623270311627907 0.536466665625 0.638182811627907 0.547260415625 0.6522171883720931 0.556960415625 0.6557687511627908 0.544779165625 0.6265156255813954 0.523802084375
4 0.6571218744186047 0.5371104156250001 0.662025 0.528314584375 0.6517109372093023 0.524254165625 0.6417343744186047 0.514554165625 0.6319390627906977 0.510252084375 0.63125 0.5208708343749999 0.6430859372093023 0.529891665625 0.6571218744186047 0.5371104156250001
2 0.8405406255813954 0.416458334375 0.8232937511627908 0.41036666562499996 0.8234625 0.42953958437499995 0.8424015627906977 0.439691665625 0.8598187488372093 0.44217291562499994 0.8621859372093024 0.432925 0.8405406255813954 0.416458334375
2 0.837667188372093 0.5425500000000001 0.8424015627906977 0.5272125 0.8374968744186047 0.524504165625 0.8188968744186046 0.5170604156249999 0.802967188372093 0.511379165625 0.7994500000000001 0.526535415625 0.8183890627906978 0.53510625 0.837667188372093 0.5425500000000001
4 0.8126406255813954 0.490895834375 0.809257811627907 0.496308334375 0.8216015627906977 0.506685415625 0.839695311627907 0.515708334375 0.8402031255813954 0.503527084375 0.8199109372093024 0.494052084375 0.8126406255813954 0.490895834375
0 0.8224484372093023 0.472172915625 0.8141484372093023 0.470029165625 0.8152281255813953 0.48460208437499996 0.8303953116279069 0.49066875000000004 0.8444312511627907 0.496533334375 0.8464593744186046 0.476683334375 0.8224484372093023 0.472172915625
0 0.8488265627906977 0.472172915625 0.8517015627906976 0.462022915625 0.8366515627906977 0.45502916562499995 0.8209359372093024 0.44880416562500003 0.8204187488372092 0.46157083437499996 0.8309031255813953 0.466308334375 0.8488265627906977 0.472172915625