2 0.3754562511627907 0.712075 0.3629734372093023 0.712814584375 0.3340875 0.7110770843750001 0.3343984372093023 0.7209458343749999 0.347992188372093 0.7213166656250001 0.374070311627907 0.721685415625 0.3754562511627907 0.712075
2 0.369907811627907 0.739797915625 0.3389687511627907 0.740770834375 0.339392188372093 0.752366665625 0.35964375116279074 0.75310625 0.3701859372093024 0.7538437499999999 0.369907811627907 0.739797915625
2 0.37434687441860465 0.830729165625 0.37434687441860465 0.817052084375 0.3502109372093023 0.8200104156249999 0.332867188372093 0.81805625 0.3332875 0.8222270843749999 0.3332875 0.8296208343749999 0.347992188372093 0.83146875 0.37434687441860465 0.830729165625
2 0.456742188372093 0.809289584375 0.424695311627907 0.809514584375 0.42428437441860467 0.8222270843749999 0.4376 0.821858334375 0.4564656255813953 0.821858334375 0.456742188372093 0.809289584375
2 0.46035000000000004 0.858083334375 0.46090468837209303 0.8455145843749999 0.4437031255813954 0.8455145843749999 0.42072968837209307 0.844089584375 0.420954688372093 0.8492124999999999 0.4220640627906977 0.8584520843749999 0.4400968744186047 0.8584520843749999 0.46035000000000004 0.858083334375
2 0.5276718744186046 0.8413999999999999 0.5407109372093023 0.837704165625 0.5401562511627908 0.8251375 0.5221234372093023 0.8288333343750001 0.497607811627907 0.8278187499999999 0.497432811627907 0.8336375 0.498542188372093 0.8406604156249999 0.512692188372093 0.8413999999999999 0.5276718744186046 0.8413999999999999
2 0.5337765627906976 0.749360415625 0.517129688372093 0.7501 0.5009640627906977 0.74971875 0.5004843744186046 0.7626666656250001 0.516020311627907 0.763777084375 0.5343312488372093 0.761929165625 0.5337765627906976 0.749360415625
2 0.5276718744186046 0.734575 0.537104688372093 0.733466665625 0.537382811627907 0.72200625 0.5218468744186047 0.72385625 0.5068656255813954 0.7223770843749999 0.4948625 0.71961875 0.49465937441860464 0.724225 0.496045311627907 0.733095834375 0.5115812488372093 0.733466665625 0.5276718744186046 0.734575
2 0.46099687441860465 0.730627084375 0.43630624883720925 0.732104165625 0.42164374883720934 0.7314145843750001 0.42160156279069766 0.742454165625 0.4449062488372093 0.742085415625 0.4612734372093023 0.741345834375 0.46099687441860465 0.730627084375
0 0.3703187511627907 0.767529165625 0.3374437488372093 0.76843125 0.337582811627907 0.782314584375 0.3558937488372093 0.781945834375 0.37115156279069766 0.780466665625 0.3703187511627907 0.767529165625
0 0.3697640627906977 0.7922958343750001 0.338054688372093 0.7912104156249999 0.33869218837209303 0.8037541656249999 0.3550609372093023 0.80449375 0.3703187511627907 0.80449375 0.3697640627906977 0.7922958343750001
0 0.4566562511627907 0.7616875000000001 0.42317031162790697 0.760702084375 0.42392031162790694 0.772777084375 0.443895311627907 0.773145834375 0.4566562511627907 0.772777084375 0.4566562511627907 0.7616875000000001
0 0.42475312558139533 0.786454165625 0.42408437441860464 0.796497915625 0.457767188372093 0.796433334375 0.4574890627906976 0.786454165625 0.42475312558139533 0.786454165625
0 0.5331531255813954 0.778358334375 0.5015734372093024 0.776972915625 0.5012484372093023 0.789447915625 0.517617188372093 0.7901875 0.533707811627907 0.788708334375 0.5331531255813954 0.778358334375
0 0.52455 0.80184375 0.501245311627907 0.802583334375 0.5012687511627907 0.811954165625 0.5334265627906977 0.810716665625 0.5337046883720931 0.8011041656250001 0.52455 0.80184375