0 0.3734484372093023 0.659039584375 0.37274062558139537 0.646791665625 0.3540156255813954 0.6482041656249999 0.3427093744186046 0.647733334375 0.34023749999999997 0.648675 0.33988281162790696 0.659510415625 0.3734484372093023 0.659039584375
0 0.3723875 0.669875 0.34200312558139534 0.6703458343750001 0.3423562511627907 0.6830645843750001 0.3713281255813954 0.6830645843750001 0.3723875 0.669875
0 0.4589484372093023 0.637841665625 0.4264437488372093 0.6411395843750001 0.427504688372093 0.651972915625 0.459654688372093 0.6510312500000001 0.4589484372093023 0.637841665625
0 0.45930156279069767 0.664691665625 0.44305000000000005 0.66610625 0.42891718837209303 0.66610625 0.4299781255813953 0.67505625 0.45930156279069767 0.67364375 0.45930156279069767 0.664691665625
0 0.5363234372093023 0.655270834375 0.504879688372093 0.658097915625 0.5031125000000001 0.668460415625 0.5366765627906978 0.667047915625 0.5363234372093023 0.655270834375
0 0.5363234372093023 0.6778833343749999 0.5038187511627907 0.680708334375 0.5059390627906977 0.6901312500000001 0.535970311627907 0.6901312500000001 0.5363234372093023 0.6778833343749999
2 0.37874687441860466 0.592145834375 0.350129688372093 0.5935604156250001 0.3388234372093023 0.5907333343750001 0.3377640627906977 0.600625 0.3773343744186047 0.602039584375 0.37874687441860466 0.592145834375
2 0.373095311627907 0.63454375 0.37274062558139537 0.6208812499999999 0.343417188372093 0.620410415625 0.34094375116279074 0.6208812499999999 0.34200312558139534 0.6303041656249999 0.373095311627907 0.63454375
2 0.37662812558139536 0.70661875 0.3769812488372093 0.698139584375 0.3529562488372093 0.7009645843750001 0.33705781162790693 0.698139584375 0.33599687441860465 0.708502084375 0.362142188372093 0.708972915625 0.37662812558139536 0.70661875
2 0.463542188372093 0.61051875 0.439870311627907 0.6109895843750001 0.42361718837209306 0.6114604156250001 0.4239718744186047 0.619939584375 0.4631890627906977 0.618997915625 0.463542188372093 0.61051875
2 0.45930156279069767 0.688716665625 0.4299781255813953 0.688245834375 0.4299781255813953 0.700022915625 0.458242188372093 0.7004937499999999 0.45930156279069767 0.688716665625
2 0.4624812511627907 0.722635415625 0.441282811627907 0.724991665625 0.42503124883720933 0.726404165625 0.4267968744186047 0.736295834375 0.4610687511627907 0.7344125 0.4624812511627907 0.722635415625
2 0.5405625000000001 0.705677084375 0.5200718744186047 0.7103875000000001 0.5031125000000001 0.708972915625 0.5024062511627907 0.718395834375 0.5402093744186046 0.71698125 0.5405625000000001 0.705677084375
2 0.5359296883720931 0.6394416656249999 0.5351843744186047 0.627858334375 0.5170640627906977 0.6295124999999999 0.5041562511627906 0.6281875 0.503907811627907 0.6397729156249999 0.5232703116279069 0.641427084375 0.5359296883720931 0.6394416656249999
2 0.540645311627907 0.6010479156249999 0.5277375 0.603035415625 0.5140859372093023 0.603035415625 0.4981984372093023 0.602704165625 0.49943906279069766 0.611308334375 0.5396531255813953 0.611639584375 0.540645311627907 0.6010479156249999