2 0.37788906279069767 0.61848125 0.3625562511627907 0.617508334375 0.3364625 0.615633334375 0.33699999999999997 0.62675 0.3537937511627907 0.62675 0.37752343720930237 0.6272375 0.37788906279069767 0.61848125
2 0.34047812558139534 0.645072915625 0.3395562488372093 0.659339584375 0.3731437511627907 0.659827084375 0.3731437511627907 0.6457208343749999 0.34047812558139534 0.645072915625
2 0.42317812558139534 0.636510415625 0.423157811627907 0.647666665625 0.46331562558139533 0.6466937500000001 0.46331562558139533 0.6364791656250001 0.42317812558139534 0.636510415625
2 0.42719218837209305 0.7146604156249999 0.4275390627906977 0.7284125 0.45966562558139534 0.7269520843749999 0.45966562558139534 0.71430625 0.42719218837209305 0.7146604156249999
2 0.4636812488372093 0.7629479156250001 0.4644109372093024 0.7493291656250001 0.43958593720930234 0.7493291656250001 0.42317812558139534 0.7499875 0.423157811627907 0.7556520843750001 0.4257140627906977 0.7648937499999999 0.456745311627907 0.763435415625 0.4636812488372093 0.7629479156250001
2 0.3772156255813954 0.734589584375 0.37794531162790695 0.724375 0.35786562558139534 0.724375 0.33365312558139537 0.723225 0.3341359372093023 0.731183334375 0.3341359372093023 0.7350749999999999 0.35567656279069765 0.736047915625 0.3772156255813954 0.734589584375
2 0.5397437488372093 0.6384645843750001 0.5412031255813954 0.6326270843749999 0.5408390627906977 0.62825 0.5134578116279069 0.62825 0.49744687441860463 0.6263395843749999 0.4977593744186046 0.633114584375 0.498125 0.637491665625 0.5189343744186047 0.638952084375 0.5397437488372093 0.6384645843750001
2 0.5357281255813954 0.65403125 0.5222203116279069 0.654516665625 0.5030671883720931 0.6531020843750001 0.5032359372093024 0.669108334375 0.520395311627907 0.669595834375 0.5353625 0.668622915625 0.5357281255813954 0.65403125
2 0.5421484372093023 0.7443291656250001 0.541782811627907 0.733139584375 0.525720311627907 0.733627084375 0.49905312558139536 0.7333937500000001 0.4994343744186046 0.7404375 0.5001656255813954 0.7457874999999999 0.5231640627906976 0.746275 0.5421484372093023 0.7443291656250001
0 0.5359421883720931 0.6820666656250001 0.5213390627906976 0.683525 0.5042718744186047 0.6830791656249999 0.504545311627907 0.6952 0.5271812511627907 0.6947125 0.5366718744186046 0.694227084375 0.5359421883720931 0.6820666656250001
0 0.5359421883720931 0.704441665625 0.5034687511627908 0.704489584375 0.5038156255813954 0.717089584375 0.5187843744186047 0.7180625 0.536307811627907 0.7166020843750001 0.5359421883720931 0.704441665625
0 0.46013750000000003 0.664602084375 0.42638906279069766 0.66434375 0.4269156255813954 0.67919375 0.446995311627907 0.6777354156250001 0.459042188372093 0.678708334375 0.46013750000000003 0.664602084375
0 0.459042188372093 0.6918416656249999 0.42719218837209305 0.690572915625 0.42801093720930233 0.70254375 0.44955 0.70254375 0.45940781162790695 0.7020562499999999 0.459042188372093 0.6918416656249999
0 0.37288437441860467 0.694760415625 0.34127968837209305 0.696995834375 0.3411234372093023 0.7093520843750001 0.3604718744186046 0.708866665625 0.37252031162790694 0.708866665625 0.37288437441860467 0.694760415625
0 0.3392734372093023 0.672372915625 0.3400281255813954 0.686004165625 0.37288437441860467 0.6855187500000001 0.37325 0.674816665625 0.3392734372093023 0.672372915625