0 0.3747906255813953 0.519316665625 0.34392500000000004 0.519316665625 0.3428234372093023 0.53205625 0.3744234372093024 0.533035415625 0.3747906255813953 0.519316665625
0 0.3740562511627907 0.54234375 0.34319062558139535 0.54479375 0.3450281255813954 0.555570834375 0.37258593720930233 0.5545916656250001 0.3740562511627907 0.54234375
0 0.46113906279069766 0.5100083343749999 0.4302734372093023 0.512458334375 0.42880468837209307 0.5232375 0.4607718744186046 0.5222562500000001 0.46113906279069766 0.5100083343749999
0 0.4607718744186046 0.536464584375 0.43100937441860465 0.5384249999999999 0.42953906279069765 0.546754165625 0.46040468837209303 0.545772915625 0.4607718744186046 0.536464584375
0 0.5383015627906976 0.527645834375 0.5063343744186046 0.530095834375 0.505967188372093 0.53989375 0.5390375 0.538914584375 0.5383015627906976 0.527645834375
0 0.539404688372093 0.5511625 0.5070687488372093 0.554102084375 0.5092734372093024 0.5629208343750001 0.5390375 0.56243125 0.539404688372093 0.5511625
2 0.380670311627907 0.46395625 0.361929688372093 0.465427084375 0.3402515627906977 0.462977084375 0.3384140627906977 0.47179583437500006 0.3773625 0.47375416562500006 0.380670311627907 0.46395625
2 0.3740562511627907 0.494820834375 0.34576250000000003 0.49286250000000004 0.3424562511627907 0.502170834375 0.3744234372093024 0.504620834375 0.3740562511627907 0.494820834375
2 0.3780968744186047 0.571739584375 0.3406187488372093 0.572229165625 0.3391484372093024 0.578597915625 0.37772968837209303 0.5815375 0.3780968744186047 0.571739584375
2 0.46444687441860466 0.48306250000000006 0.42733437441860467 0.48355416562500003 0.4266 0.49286250000000004 0.46444687441860466 0.49286250000000004 0.46444687441860466 0.48306250000000006
2 0.46040468837209303 0.57271875 0.4596687488372093 0.560960415625 0.430642188372093 0.561941665625 0.430642188372093 0.565370834375 0.4317437488372093 0.57125 0.46040468837209303 0.57271875
2 0.4640781255813954 0.607014584375 0.46481406279069765 0.59525625 0.42990624883720935 0.595745834375 0.4266 0.599175 0.4266 0.607504165625 0.4640781255813954 0.607014584375
2 0.5434468744186046 0.587416665625 0.5434468744186046 0.5771291656249999 0.519929688372093 0.581047915625 0.504129688372093 0.5820270843750001 0.5048640627906976 0.5908458343749999 0.5228687511627907 0.59280625 0.5434468744186046 0.587416665625
2 0.536832811627907 0.502170834375 0.5048640627906976 0.5011895843749999 0.507804688372093 0.5129479156250001 0.5375671883720929 0.5119687500000001 0.536832811627907 0.502170834375
2 0.5408734372093024 0.48257291562500004 0.5419765627906977 0.471304165625 0.519929688372093 0.47424375 0.501557811627907 0.473264584375 0.4993531255813954 0.48257291562500004 0.5103765627906977 0.48404375 0.5408734372093024 0.48257291562500004