0 0.41195937441860464 0.68259375 0.3783937511627907 0.684477084375 0.38051406279069766 0.696254165625 0.411604688372093 0.694841665625 0.41195937441860464 0.68259375
0 0.41266562558139536 0.7075604156249999 0.3978265627906977 0.710858334375 0.381220311627907 0.711329165625 0.379454688372093 0.717454165625 0.4123125 0.718395834375 0.41266562558139536 0.7075604156249999
0 0.4896859372093023 0.704733334375 0.458595311627907 0.706147915625 0.4578890627906977 0.71698125 0.4896859372093023 0.717454165625 0.4896859372093023 0.704733334375
0 0.4896859372093023 0.727816665625 0.4600093744186047 0.7287583343749999 0.458595311627907 0.7405354156249999 0.4896859372093023 0.7405354156249999 0.4896859372093023 0.727816665625
0 0.5660015627906977 0.724047915625 0.549395311627907 0.727345834375 0.5345562488372093 0.7268749999999999 0.5345562488372093 0.73818125 0.5635281255813953 0.73818125 0.5660015627906977 0.724047915625
0 0.566707811627907 0.702379165625 0.5345562488372093 0.704733334375 0.5334968744186047 0.714627084375 0.5660015627906977 0.71415625 0.566707811627907 0.702379165625
2 0.41517812558139533 0.65505 0.39492499999999997 0.6554854156250001 0.37565312558139535 0.6554854156250001 0.37532499999999996 0.66506875 0.41517812558139533 0.663325 0.41517812558139533 0.65505
2 0.4115843744186046 0.73170625 0.39492499999999997 0.735625 0.3818593744186047 0.733447915625 0.3812062511627907 0.7443354156249999 0.410604688372093 0.7434645843750001 0.4115843744186046 0.73170625
2 0.41517812558139533 0.778308334375 0.4168109372093023 0.766547915625 0.3945984372093023 0.77046875 0.37695937441860466 0.77046875 0.376632811627907 0.7761312499999999 0.381532811627907 0.7804854156250001 0.41517812558139533 0.778308334375
2 0.49259531162790693 0.76480625 0.49390156279069763 0.755660415625 0.47201562558139537 0.757402084375 0.45437656279069766 0.7578375 0.4537234372093023 0.7661125 0.47724218837209303 0.766547915625 0.49259531162790693 0.76480625
2 0.4890015627906977 0.6768270843749999 0.4716890627906977 0.6803125 0.4579687511627907 0.677697915625 0.45862187441860464 0.6872812500000001 0.48769531162790697 0.68989375 0.4890015627906977 0.6768270843749999
2 0.49520781162790695 0.647645834375 0.4834484372093023 0.650695834375 0.46940156279069767 0.651566665625 0.45470312558139536 0.6493895843749999 0.4524156255813953 0.6585354156250001 0.49390156279069763 0.6585354156250001 0.49520781162790695 0.647645834375
2 0.5719718744186046 0.647645834375 0.5572718744186046 0.649825 0.5422468744186046 0.6493895843749999 0.5282 0.646775 0.5301593744186047 0.658970834375 0.567725 0.659841665625 0.5719718744186046 0.647645834375
2 0.5520453116279069 0.68989375 0.5654390627906977 0.688152084375 0.5660921883720931 0.67595625 0.5471453116279069 0.678133334375 0.5357125 0.6772625 0.5334265627906977 0.675520834375 0.5350593744186046 0.688152084375 0.5520453116279069 0.68989375
2 0.5706656255813953 0.7635 0.569357811627907 0.751739584375 0.5474718744186047 0.757402084375 0.5295062511627907 0.754789584375 0.529832811627907 0.76480625 0.5523718744186046 0.7661125 0.5706656255813953 0.7635