2 0.4151390627906977 0.698464584375 0.39101875116279067 0.699370834375 0.37437187441860464 0.7002770843749999 0.37539062558139535 0.710241665625 0.41411875116279073 0.707070834375 0.4151390627906977 0.698464584375
2 0.4117406255813954 0.7745625 0.3981531255813954 0.779091665625 0.38116562558139533 0.7777333343749999 0.379807811627907 0.788604165625 0.4107218744186047 0.7890583343750001 0.4117406255813954 0.7745625
2 0.4151390627906977 0.8203125 0.41649687441860467 0.8103458343750001 0.400529688372093 0.813516665625 0.37742968837209306 0.8130645843750001 0.3784484372093024 0.824841665625 0.400870311627907 0.823029165625 0.4151390627906977 0.8203125
2 0.49259531162790693 0.79856875 0.47051250000000006 0.8040041656250001 0.4535265627906977 0.7994749999999999 0.452507811627907 0.8103458343750001 0.49021718837209305 0.8103458343750001 0.49259531162790693 0.79856875
2 0.4874984372093023 0.720660415625 0.4701734372093023 0.7256437499999999 0.4576031255813953 0.720660415625 0.45692343720930234 0.7324375 0.4871593744186047 0.735154165625 0.4874984372093023 0.720660415625
2 0.49191562558139534 0.693483334375 0.46949375116279074 0.69529375 0.45284687441860466 0.6961999999999999 0.452167188372093 0.702541665625 0.4905562511627907 0.702089584375 0.49191562558139534 0.693483334375
2 0.5676734372093023 0.702995834375 0.5690312488372093 0.692577084375 0.555782811627907 0.693483334375 0.5384562511627907 0.694389584375 0.527925 0.6903125 0.5286046883720931 0.701635415625 0.54695 0.703447915625 0.5676734372093023 0.702995834375
2 0.5639359372093024 0.7306250000000001 0.5646156255813953 0.720208334375 0.54695 0.720208334375 0.5333609372093023 0.720208334375 0.534379688372093 0.731079165625 0.5483093744186046 0.732889584375 0.5639359372093024 0.7306250000000001
2 0.5690312488372093 0.809439584375 0.5690312488372093 0.796304165625 0.5649546883720931 0.7999291656249999 0.5489875 0.7994749999999999 0.5299640627906976 0.8012874999999999 0.5299640627906976 0.8089875 0.5530656255813954 0.8108000000000001 0.5690312488372093 0.809439584375
0 0.4107218744186047 0.7247375 0.37946718837209303 0.727454165625 0.37912812558139536 0.7401375 0.4107218744186047 0.737872915625 0.4107218744186047 0.7247375
0 0.4110625 0.752366665625 0.3808265627906977 0.753727084375 0.379807811627907 0.763691665625 0.4110625 0.762333334375 0.4110625 0.752366665625
0 0.48919687441860465 0.749195834375 0.456245311627907 0.751008334375 0.45828281162790696 0.760972915625 0.4885187511627907 0.7605208343750001 0.48919687441860465 0.749195834375
0 0.48817812558139534 0.77275 0.45828281162790696 0.7732041656249999 0.45828281162790696 0.78498125 0.48614062558139537 0.785433334375 0.48817812558139534 0.77275
0 0.5656343744186046 0.7591625 0.5666531255813954 0.7473854156249999 0.5320015627906977 0.7473854156249999 0.534379688372093 0.75825625 0.552725 0.7605208343750001 0.5656343744186046 0.7591625
0 0.5635968744186046 0.779545834375 0.565295311627907 0.770939584375 0.534720311627907 0.7713916656250001 0.534720311627907 0.7818104156250001 0.54695 0.7818104156250001 0.5635968744186046 0.779545834375