2 0.4184218744186046 0.389985415625 0.39122500000000004 0.389985415625 0.37870937441860464 0.390629165625 0.3776375 0.399939584375 0.4179406255813954 0.40058125 0.4184218744186046 0.389985415625
2 0.41934687441860463 0.51295 0.42064843720930234 0.50145625 0.37915000000000004 0.502552084375 0.3795125 0.514902084375 0.40536406279069764 0.514902084375 0.41934687441860463 0.51295
2 0.41398124883720927 0.4678375 0.3832156255813953 0.468672915625 0.3826015627906977 0.48019999999999996 0.415282811627907 0.479766665625 0.41398124883720927 0.4678375
2 0.5281234372093023 0.37675625 0.5260093744186046 0.363091665625 0.5068234372093023 0.376091665625 0.4879031255813953 0.383027084375 0.48812500000000003 0.391722915625 0.4908890627906977 0.39649375 0.5281234372093023 0.37675625
2 0.5328031255813953 0.408633334375 0.5292250000000001 0.39323541562500003 0.5141046883720931 0.401910415625 0.49849531162790695 0.40971875 0.5009343744186047 0.423166665625 0.5180062488372092 0.41470624999999994 0.5328031255813953 0.408633334375
2 0.5414656255813953 0.48388333437500003 0.5544734372093023 0.47781041562500004 0.5513843744186047 0.465445834375 0.5313859372093023 0.47759375000000004 0.5133125000000001 0.485747915625 0.5161015627906977 0.496029165625 0.5286218744186046 0.49277499999999996 0.5414656255813953 0.48388333437500003
0 0.5352874999999999 0.419683334375 0.5052218744186047 0.43642083437499996 0.5073218744186047 0.4483125 0.5395156255813953 0.43247916562500005 0.5352874999999999 0.419683334375
0 0.5413031255813954 0.4409375 0.510467188372093 0.456747915625 0.51415 0.469785415625 0.543904688372093 0.45243333437500005 0.5413031255813954 0.4409375
0 0.3819937511627907 0.42988125000000005 0.414995311627907 0.42988125000000005 0.414995311627907 0.417239584375 0.3815031255813954 0.416804165625 0.3819937511627907 0.42988125000000005
0 0.414995311627907 0.44382916562499997 0.3822015627906977 0.445058334375 0.381829688372093 0.45516249999999997 0.41450468837209303 0.455597915625 0.414995311627907 0.44382916562499997
2 0.668507811627907 0.39125416562500004 0.6698156255813953 0.381883334375 0.628154688372093 0.383189584375 0.6279906255813954 0.391035415625 0.668507811627907 0.39125416562500004
2 0.6727562511627907 0.498914584375 0.6727562511627907 0.488889584375 0.6318015627906977 0.490539584375 0.6317484372093024 0.49935 0.663279688372093 0.499785415625 0.6727562511627907 0.498914584375
2 0.6660578116279069 0.411522915625 0.6479234372093023 0.409995834375 0.6332312488372094 0.412377084375 0.6333828116279069 0.421764584375 0.6657312488372092 0.4226375 0.6660578116279069 0.411522915625
0 0.6673640627906977 0.43745625 0.6340484372093024 0.43906666562499996 0.6346890627906976 0.450095834375 0.6665484372093023 0.45053333437500004 0.6673640627906977 0.43745625
0 0.6663843744186047 0.45990416562499997 0.6358859372093023 0.46194375 0.635670311627907 0.47603125 0.6665484372093023 0.474722915625 0.6663843744186047 0.45990416562499997