2 0.36687031162790695 0.8309124999999999 0.3659437511627907 0.8465583343749999 0.39929531162790693 0.8502645843750001 0.400529688372093 0.8362645843750001 0.36687031162790695 0.8309124999999999
2 0.3613109372093023 0.860970834375 0.35915 0.87538125 0.40207499999999996 0.8794979156249999 0.4014562511627907 0.865910415625 0.3613109372093023 0.860970834375
2 0.36717812558139534 0.753504165625 0.3659437511627907 0.771208334375 0.4088687488372093 0.774914584375 0.4094859372093024 0.75885625 0.36717812558139534 0.753504165625
2 0.49070312558139534 0.75885625 0.49039531162790695 0.7703854156250001 0.5327015627906977 0.770795834375 0.5327015627906977 0.760091665625 0.49070312558139534 0.75885625
2 0.4953359372093023 0.8337937500000001 0.4959531255813953 0.848616665625 0.529304688372093 0.846970834375 0.5286875 0.83461875 0.4953359372093023 0.8337937500000001
2 0.49132187441860464 0.8654999999999999 0.49193906279069766 0.8794979156249999 0.534245311627907 0.877029165625 0.5348640627906976 0.8634395843749999 0.49132187441860464 0.8654999999999999
2 0.6262718744186045 0.86179375 0.6262718744186045 0.87579375 0.6679625 0.8745583343750001 0.6679625 0.862616665625 0.6262718744186045 0.86179375
2 0.6290515627906976 0.783560415625 0.6290515627906976 0.798383334375 0.6624031255813954 0.7967375 0.6624031255813954 0.783560415625 0.6290515627906976 0.783560415625
2 0.6234937488372093 0.7444437500000001 0.6247281255813955 0.764620834375 0.6664171883720931 0.7617375 0.6645656255813953 0.743210415625 0.6234937488372093 0.7444437500000001
0 0.3708843744186046 0.781502084375 0.369957811627907 0.7967375 0.40392656279069766 0.80003125 0.40330937441860465 0.787266665625 0.3708843744186046 0.781502084375
0 0.3690312488372093 0.8033250000000001 0.36841406279069766 0.819795834375 0.4014562511627907 0.8239124999999999 0.40269218837209303 0.810325 0.3690312488372093 0.8033250000000001
0 0.4947187488372093 0.805795834375 0.4956437488372093 0.821441665625 0.5286875 0.82020625 0.529304688372093 0.805795834375 0.4947187488372093 0.805795834375
0 0.4950265627906977 0.78315 0.4962625 0.7967375 0.529304688372093 0.797560415625 0.5286875 0.781914584375 0.4950265627906977 0.78315
0 0.6287421883720931 0.8066187499999999 0.6284343744186047 0.82020625 0.6624031255813954 0.8189708343750001 0.663020311627907 0.80703125 0.6287421883720931 0.8066187499999999
0 0.6287421883720931 0.8305 0.6302875 0.8465583343749999 0.6639468744186047 0.845322915625 0.663329688372093 0.829677084375 0.6287421883720931 0.8305