2 0.37029843720930233 0.6103 0.36921562558139537 0.6242708343750001 0.41076093720930235 0.63005 0.411482811627907 0.618008334375 0.37029843720930233 0.6103
2 0.493129688372093 0.6155999999999999 0.49349062558139534 0.6290875 0.5364812488372093 0.627641665625 0.5353984372093024 0.614154165625 0.493129688372093 0.6155999999999999
2 0.6267984372093023 0.603075 0.6275218744186046 0.618008334375 0.6687062488372092 0.61704375 0.6683437488372093 0.603075 0.6267984372093023 0.603075
2 0.6296890627906977 0.71964375 0.6296890627906977 0.7316874999999999 0.6708734372093023 0.730722915625 0.6708734372093023 0.71868125 0.6296890627906977 0.71964375
2 0.6296890627906977 0.63679375 0.6307718744186046 0.654135415625 0.665454688372093 0.653170834375 0.664370311627907 0.639683334375 0.6296890627906977 0.63679375
2 0.49927187441860466 0.689297915625 0.49963281162790696 0.703266665625 0.5314234372093023 0.702785415625 0.5317859372093023 0.69074375 0.49927187441860466 0.689297915625
2 0.4927687511627907 0.7206083343749999 0.49349062558139534 0.7336125 0.5353984372093024 0.7336125 0.5343140627906976 0.721089584375 0.4927687511627907 0.7206083343749999
2 0.361267188372093 0.714345834375 0.361267188372093 0.729760415625 0.4046187511627907 0.736985415625 0.4046187511627907 0.721089584375 0.361267188372093 0.714345834375
2 0.3688531255813953 0.685927084375 0.3681312488372093 0.700858334375 0.401729688372093 0.7047125000000001 0.40281249999999996 0.6921875 0.3688531255813953 0.685927084375
0 0.36993750000000003 0.661841665625 0.36957656279069767 0.676291665625 0.40389687441860467 0.679183334375 0.40425781162790697 0.667622915625 0.36993750000000003 0.661841665625
0 0.37210468837209304 0.63775625 0.371382811627907 0.651727084375 0.4046187511627907 0.657025 0.4057031255813954 0.644983334375 0.37210468837209304 0.63775625
0 0.4981875 0.661841665625 0.4981875 0.67821875 0.5317859372093023 0.675810415625 0.5310625 0.66425 0.4981875 0.661841665625
0 0.4978265627906977 0.639202084375 0.4981875 0.6550979156250001 0.5310625 0.652689584375 0.5314234372093023 0.640647915625 0.4978265627906977 0.639202084375
0 0.6307718744186046 0.661841665625 0.6307718744186046 0.676291665625 0.6658156255813954 0.675329165625 0.6650937511627907 0.662804165625 0.6307718744186046 0.661841665625
0 0.6304109372093023 0.687370834375 0.6307718744186046 0.702304165625 0.6658156255813954 0.700377084375 0.665454688372093 0.68544375 0.6304109372093023 0.687370834375