2 0.3705984372093023 0.54438125 0.369742188372093 0.555802084375 0.4125687488372093 0.5592291656249999 0.4131406255813953 0.545904165625 0.3705984372093023 0.54438125
2 0.4952375 0.5467854156249999 0.4955234372093023 0.5589666656250001 0.5369218744186046 0.558585415625 0.535495311627907 0.5460229156249999 0.4952375 0.5467854156249999
2 0.6272765627906977 0.5337229156250001 0.6272765627906977 0.550472915625 0.669532811627907 0.5481874999999999 0.668104688372093 0.534102084375 0.6272765627906977 0.5337229156250001
2 0.6324156255813953 0.57026875 0.632129688372093 0.584733334375 0.6655343744186046 0.58283125 0.6655343744186046 0.5676041656249999 0.6324156255813953 0.57026875
2 0.6301312488372093 0.647929165625 0.6301312488372093 0.66239375 0.671245311627907 0.6612520843749999 0.6703890627906977 0.6494500000000001 0.6301312488372093 0.647929165625
2 0.4942265627906977 0.652877084375 0.49508281162790696 0.665439584375 0.5359109372093023 0.663916665625 0.535625 0.652116665625 0.4942265627906977 0.652877084375
2 0.4985093744186046 0.622422915625 0.4985093744186046 0.634604165625 0.5327703116279069 0.63384375 0.5324843744186046 0.62051875 0.4985093744186046 0.622422915625
2 0.369170311627907 0.617472915625 0.369170311627907 0.63308125 0.40143437441860463 0.6372687499999999 0.4022906255813954 0.622422915625 0.369170311627907 0.617472915625
2 0.36374531162790696 0.648689584375 0.36260312558139535 0.659347915625 0.404575 0.667722915625 0.4054312511627907 0.652877084375 0.36374531162790696 0.648689584375
0 0.3717406255813953 0.57026875 0.371454688372093 0.58283125 0.4071437488372093 0.58701875 0.407429688372093 0.575597915625 0.3717406255813953 0.57026875
0 0.3705984372093023 0.5908249999999999 0.3700265627906977 0.606052084375 0.404575 0.609479165625 0.40514531162790696 0.596535415625 0.3705984372093023 0.5908249999999999
0 0.4985093744186046 0.592729165625 0.4982234372093023 0.609097915625 0.5327703116279069 0.60795625 0.5322 0.593108334375 0.4985093744186046 0.592729165625
0 0.4982234372093023 0.571029165625 0.4985093744186046 0.585495834375 0.5313437488372093 0.5832124999999999 0.5313437488372093 0.568745834375 0.4982234372093023 0.571029165625
0 0.632129688372093 0.5946312500000001 0.6324156255813953 0.609097915625 0.6655343744186046 0.606814584375 0.6658203116279069 0.593108334375 0.632129688372093 0.5946312500000001
0 0.6326999999999999 0.6178541656250001 0.6324156255813953 0.6327 0.6672484372093024 0.6334625 0.6655343744186046 0.6170916656250001 0.6326999999999999 0.6178541656250001