2 0.38210937441860465 0.8534750000000001 0.3817484372093023 0.8684312500000001 0.4251687511627907 0.866983334375 0.4251687511627907 0.8544395843749999 0.38210937441860465 0.8534750000000001
2 0.3878984372093023 0.8240437500000001 0.3875375 0.8385187500000001 0.42191249999999997 0.8380354156250001 0.4208265627906977 0.822114584375 0.3878984372093023 0.8240437500000001
2 0.3842812511627907 0.7444375 0.3842812511627907 0.76180625 0.4277015627906977 0.76180625 0.42806406279069764 0.7492625 0.3842812511627907 0.7444375
2 0.514182811627907 0.5972875 0.5156312511627907 0.610795834375 0.557967188372093 0.607902084375 0.556157811627907 0.594875 0.514182811627907 0.5972875
2 0.515992188372093 0.563033334375 0.5167156255813953 0.5818479156249999 0.5514531255813954 0.57750625 0.5503687488372093 0.561585415625 0.515992188372093 0.563033334375
2 0.6346781255813952 0.717902084375 0.6350406255813954 0.732858334375 0.6665203116279069 0.735754165625 0.6661593744186046 0.7207979156250001 0.6346781255813952 0.717902084375
2 0.6299750000000001 0.68413125 0.632507811627907 0.698604165625 0.6744812511627907 0.7015 0.6719484372093024 0.688472915625 0.6299750000000001 0.68413125
2 0.6281656255813953 0.797508334375 0.6281656255813953 0.81101875 0.668692188372093 0.81343125 0.6690531255813953 0.801852084375 0.6281656255813953 0.797508334375
2 0.507307811627907 0.491145834375 0.5087562488372093 0.50561875 0.5532625 0.49983125 0.5510921883720931 0.487285415625 0.507307811627907 0.491145834375
0 0.514545311627907 0.514304165625 0.5156312511627907 0.530225 0.5492828116279069 0.52974375 0.5485593744186046 0.510927084375 0.514545311627907 0.514304165625
0 0.5156312511627907 0.540839584375 0.516354688372093 0.554347915625 0.5496437488372093 0.551935415625 0.5496437488372093 0.5384270843750001 0.5156312511627907 0.540839584375
0 0.3878984372093023 0.77435 0.3889843744186047 0.789789584375 0.422275 0.788825 0.42191249999999997 0.77628125 0.3878984372093023 0.77435
0 0.3875375 0.797027084375 0.38645156279069764 0.81101875 0.42191249999999997 0.8100520843749999 0.42155156279069766 0.797508334375 0.3875375 0.797027084375
0 0.6328687488372092 0.740095834375 0.6328687488372092 0.75698125 0.6676062488372093 0.759877084375 0.6672437488372093 0.745885415625 0.6328687488372092 0.740095834375
0 0.632507811627907 0.765666665625 0.631782811627907 0.7844833343750001 0.6665203116279069 0.785447915625 0.666882811627907 0.768560415625 0.632507811627907 0.765666665625