0 0.42786718837209303 0.776233334375 0.4282390627906977 0.787360415625 0.4619937488372093 0.785877084375 0.4614375 0.772522915625 0.42786718837209303 0.776233334375
0 0.42731093720930236 0.752739584375 0.427125 0.7656 0.4603234372093023 0.7623854156250001 0.46087968837209303 0.74903125 0.42731093720930236 0.752739584375
2 0.41896562558139533 0.725785415625 0.41970781162790693 0.740129165625 0.4658875 0.73419375 0.4634765627906977 0.722325 0.41896562558139533 0.725785415625
2 0.42972187441860465 0.80491875 0.4302781255813954 0.8180249999999999 0.46273437441860465 0.812089584375 0.46273437441860465 0.79923125 0.42972187441860465 0.80491875
2 0.427125 0.83385 0.42768281162790694 0.845966665625 0.467557811627907 0.841020834375 0.4681140627906977 0.8298937499999999 0.427125 0.83385
2 0.47738749999999996 0.8316250000000001 0.477757811627907 0.84126875 0.5178187488372092 0.8395374999999999 0.517632811627907 0.8286583343749999 0.47738749999999996 0.8316250000000001
2 0.48165312558139534 0.79923125 0.481467188372093 0.809616665625 0.5128109372093023 0.808379165625 0.5131812488372093 0.7984875 0.48165312558139534 0.79923125
2 0.4716375 0.722077084375 0.47200781162790695 0.7339458343749999 0.5142937511627906 0.73196875 0.5146656255813954 0.719852084375 0.4716375 0.722077084375
2 0.54675 0.701552084375 0.547307811627907 0.7173791656249999 0.5892218744186046 0.71095 0.5881093744186047 0.697347915625 0.54675 0.701552084375
2 0.5539843744186046 0.735183334375 0.5539843744186046 0.7510104156249999 0.5875531255813954 0.74680625 0.5868109372093023 0.733452084375 0.5539843744186046 0.735183334375
2 0.5545406255813954 0.817529165625 0.5550968744186047 0.8298937499999999 0.5947859372093023 0.8259375 0.5947859372093023 0.8111 0.5545406255813954 0.817529165625
0 0.47811250000000005 0.7491 0.4786 0.761789584375 0.5113046883720931 0.7595125 0.5103281255813953 0.747472915625 0.47811250000000005 0.7491
0 0.47811250000000005 0.77025 0.4788437488372093 0.785220834375 0.5135000000000001 0.782941665625 0.5127687511627907 0.769275 0.47811250000000005 0.77025
0 0.5535265627906977 0.758860415625 0.5552343744186047 0.77448125 0.5889156255813953 0.7705770843749999 0.5879390627906976 0.7572354156250001 0.5535265627906977 0.758860415625
0 0.5545031255813954 0.783266665625 0.5547468744186047 0.8014895843750001 0.5918437488372092 0.798235415625 0.5901359372093024 0.7816395843749999 0.5545031255813954 0.783266665625