2 0.47456249999999994 0.6283624999999999 0.476207811627907 0.64340625 0.5171062488372092 0.6399583343749999 0.5154609372093023 0.6261687499999999 0.47456249999999994 0.6283624999999999
2 0.4214421883720931 0.633377084375 0.42167656279069765 0.6456000000000001 0.4668062488372093 0.642466665625 0.4656312511627907 0.629302084375 0.4214421883720931 0.633377084375
2 0.5486031255813953 0.611125 0.549307811627907 0.625541665625 0.591617188372093 0.620527084375 0.5899718744186047 0.6067375 0.5486031255813953 0.611125
2 0.555654688372093 0.644033334375 0.5558890627906977 0.658135415625 0.5897359372093023 0.653120834375 0.5887968744186046 0.63933125 0.555654688372093 0.644033334375
2 0.4308437488372093 0.7114125 0.43107812558139535 0.724889584375 0.4661015627906977 0.7201875 0.4656312511627907 0.7060854156249999 0.4308437488372093 0.7114125
2 0.4823187511627907 0.705772915625 0.48278906279069767 0.7201875 0.5156968744186046 0.71736875 0.5152265627906977 0.705145834375 0.4823187511627907 0.705772915625
2 0.556829688372093 0.72395 0.556829688372093 0.7371125000000001 0.5979625 0.7305312500000001 0.5974937511627907 0.718620834375 0.556829688372093 0.72395
2 0.42919843720930234 0.7415 0.42919843720930234 0.754347915625 0.4724468744186046 0.7487083343750001 0.47127187441860463 0.734604165625 0.42919843720930234 0.7415
2 0.4797343744186046 0.73523125 0.4794984372093023 0.7487083343750001 0.5222781255813953 0.744633334375 0.5222781255813953 0.73335 0.4797343744186046 0.73523125
0 0.4277875 0.6600166656249999 0.42802343720930236 0.672864584375 0.462575 0.66973125 0.462575 0.657508334375 0.4277875 0.6600166656249999
0 0.4294328116279069 0.682266665625 0.4303734372093023 0.697310415625 0.464220311627907 0.692922915625 0.4639859372093023 0.6807000000000001 0.4294328116279069 0.682266665625
0 0.48185 0.676939584375 0.4823187511627907 0.6922958343750001 0.5142859372093024 0.688847915625 0.5142859372093024 0.6763125 0.48185 0.676939584375
0 0.4794984372093023 0.654060415625 0.48114375116279073 0.670358334375 0.5140515627906976 0.6691041656250001 0.512875 0.653747915625 0.4794984372093023 0.654060415625
0 0.5570640627906976 0.6687916656249999 0.5582406255813953 0.682266665625 0.5899718744186047 0.6778791656250001 0.5897359372093023 0.66503125 0.5570640627906976 0.6687916656249999
0 0.5577703116279069 0.6919833343749999 0.558004688372093 0.706397915625 0.5918515627906977 0.702010415625 0.591617188372093 0.68696875 0.5577703116279069 0.6919833343749999