2 0.42748281162790697 0.838541665625 0.42650937441860465 0.825135415625 0.4157984372093023 0.8316229156249999 0.402817188372093 0.8342166656250001 0.3858390627906977 0.831383334375 0.3862656255813954 0.8432979156249999 0.39665000000000006 0.8458916656250001 0.40995781162790695 0.845027084375 0.42748281162790697 0.838541665625
2 0.49283750000000004 0.83573125 0.5084156255813953 0.8292458343750001 0.507767188372093 0.823191665625 0.5064687488372093 0.8149749999999999 0.4931625 0.818866665625 0.478882811627907 0.8218937499999999 0.46614062558139535 0.8213895843750001 0.4659 0.8292458343750001 0.46752343720930234 0.838758334375 0.48050468837209304 0.837460415625 0.49283750000000004 0.83573125
2 0.598432811627907 0.8175708343749999 0.607520311627907 0.815408334375 0.615957811627907 0.812814584375 0.6140109372093023 0.795516665625 0.607520311627907 0.8002750000000001 0.5981078116279069 0.8033020843750001 0.589670311627907 0.80286875 0.5728515627906977 0.803783334375 0.5727937511627906 0.810220834375 0.5740906255813953 0.8193020843750001 0.5844765627906976 0.81886875 0.598432811627907 0.8175708343749999
2 0.6052484372093023 0.926110415625 0.624720311627907 0.91789375 0.6240718744186047 0.905785415625 0.6114140627906977 0.9118395843749999 0.5974593744186046 0.9131375 0.5809062488372093 0.910975 0.5815562511627906 0.9187583343749999 0.5835031255813953 0.925245834375 0.5935640627906977 0.925677084375 0.6052484372093023 0.926110415625
2 0.5036859372093023 0.9430708343750001 0.5124484372093023 0.9396125 0.5192640627906977 0.936585415625 0.5182906255813954 0.922314584375 0.505957811627907 0.92836875 0.4887562488372093 0.9305312499999999 0.476132811627907 0.9322645843749999 0.4761 0.9422062499999999 0.47804687441860466 0.9473958343750001 0.4910281255813953 0.945233334375 0.5036859372093023 0.9430708343750001
2 0.435425 0.945839584375 0.4351 0.936327084375 0.42179374883720927 0.93805625 0.3940484372093023 0.9403541656250001 0.3951812488372093 0.953622915625 0.4101093744186046 0.9523250000000001 0.42374062558139536 0.9505958343750001 0.435425 0.945839584375
0 0.42633750000000004 0.8861645843750001 0.4156265627906977 0.8861645843750001 0.4130312488372093 0.8904895843749999 0.39476093720930233 0.890389584375 0.3951812488372093 0.9004354156250001 0.4068640627906977 0.899570834375 0.42633750000000004 0.8991374999999999 0.42633750000000004 0.8861645843750001
0 0.4276359372093023 0.907354165625 0.416925 0.911245834375 0.4068640627906977 0.911245834375 0.3971281255813954 0.909947915625 0.39761718837209303 0.922747915625 0.4153031255813953 0.9233541656250001 0.42860937441860464 0.9207583343750001 0.4276359372093023 0.907354165625
9 0.42601249999999996 0.8602187499999999 0.413679688372093 0.8654083343750001 0.39369062558139534 0.866120834375 0.39485624883720927 0.8775166656250001 0.4088125 0.8762187499999999 0.42633750000000004 0.8723270843750001 0.42601249999999996 0.8602187499999999
9 0.5051140627906977 0.8490270843750001 0.49050937441860465 0.854647915625 0.47399218837209306 0.8547 0.4746062488372093 0.8684854156249999 0.49050937441860465 0.865891665625 0.5057625 0.8619999999999999 0.5051140627906977 0.8490270843750001
9 0.6133031255813953 0.843491665625 0.612329688372093 0.831385415625 0.6029187511627907 0.8348437499999999 0.591882811627907 0.836141665625 0.5810593744186047 0.8342375000000001 0.5818218744186047 0.8465187500000001 0.5931812511627907 0.846952084375 0.6022687511627908 0.8465187500000001 0.6133031255813953 0.843491665625
0 0.509895311627907 0.88396875 0.5079484372093023 0.8705624999999999 0.49593906279069766 0.8766166656250001 0.49107187441860467 0.8779145843749999 0.4757765627906977 0.87849375 0.47711562558139536 0.891752084375 0.48912343720930235 0.892185415625 0.5014562511627907 0.888725 0.509895311627907 0.88396875
0 0.5105437488372093 0.896077084375 0.500482811627907 0.89996875 0.49139531162790695 0.902995834375 0.4793875 0.9025624999999999 0.4786312511627907 0.9141833343749999 0.4965890627906977 0.91164375 0.5111937488372092 0.9086166656250001 0.5105437488372093 0.896077084375
0 0.6154515627906977 0.86853125 0.6154515627906977 0.85469375 0.6011718744186045 0.85945 0.5832015627906977 0.859458334375 0.5823484372093023 0.871558334375 0.593382811627907 0.8732875 0.6050656255813954 0.8724229156250001 0.6154515627906977 0.86853125
0 0.6170749999999999 0.8901520843749999 0.6157765627906977 0.8780458343750001 0.6011718744186045 0.8819375 0.5953296883720931 0.883666665625 0.584620311627907 0.882802084375 0.5849859372093023 0.894195834375 0.598575 0.89404375 0.6070140627906977 0.8931791656250001 0.6170749999999999 0.8901520843749999