0 0.42755937441860464 0.44630625 0.41281562558139534 0.447241665625 0.39493437441860463 0.451445834375 0.39561562558139535 0.46267500000000006 0.4156234372093023 0.46173958437499996 0.4282609372093023 0.46127291562500006 0.42755937441860464 0.44630625
0 0.39807187441860464 0.4715625 0.39802343720930233 0.4849 0.4282609372093023 0.482320834375 0.4282609372093023 0.469691665625 0.39807187441860464 0.4715625
0 0.484307811627907 0.439710415625 0.4856484372093023 0.451445834375 0.5176562488372093 0.44625833437500007 0.5166031255813953 0.43363125 0.484307811627907 0.439710415625
0 0.4878187511627907 0.46309583437499996 0.48957343720930235 0.474789584375 0.5201140627906977 0.46964375 0.518357811627907 0.456547915625 0.4878187511627907 0.46309583437499996
0 0.6029734372093023 0.41913125000000007 0.5875281255813953 0.41913125000000007 0.5887156255813953 0.432916665625 0.620875 0.43035625 0.6198218744186047 0.41726041562500005 0.6029734372093023 0.41913125000000007
0 0.6085890627906976 0.44158125000000004 0.5889312488372093 0.44392083437499996 0.5898734372093023 0.45504791562499997 0.6226312488372093 0.45233958437500005 0.6219281255813954 0.44017916562500004 0.6085890627906976 0.44158125000000004
2 0.62895 0.46870833437500004 0.6156093744186047 0.47011250000000004 0.586825 0.47291875 0.5885812511627907 0.48507916562500003 0.609292188372093 0.4813375 0.6293 0.480402084375 0.62895 0.46870833437500004
2 0.528554688372093 0.49583750000000004 0.5264484372093023 0.486014584375 0.512054688372093 0.48554791562500005 0.504332811627907 0.487885415625 0.48526250000000004 0.492620834375 0.48502656279069767 0.49911041562499997 0.48748281162790696 0.506127084375 0.5050343744186047 0.501916665625 0.528554688372093 0.49583750000000004
2 0.43727812558139534 0.5082791656250001 0.43762968837209304 0.49845625 0.4225343744186047 0.49798958437499996 0.41059999999999997 0.49798958437499996 0.393004688372093 0.501885415625 0.39445156279069765 0.512020834375 0.40884375116279065 0.51015 0.430607811627907 0.5082791656250001 0.43727812558139534 0.5082791656250001
2 0.42674687441860465 0.390414584375 0.4148125 0.392285415625 0.3845125 0.392770834375 0.38532500000000003 0.40444791562500004 0.40077031162790694 0.40444791562500004 0.42709843720930235 0.401641665625 0.42674687441860465 0.390414584375
2 0.5164468744186047 0.39111875 0.5156765627906977 0.377791665625 0.5036218744186046 0.378475 0.47416875116279067 0.385527084375 0.47361250000000005 0.396245834375 0.47515156279069765 0.40137083437500004 0.49361874883720924 0.396245834375 0.5164468744186047 0.39111875
2 0.6057015627906976 0.3738 0.6169875 0.373116665625 0.6210906255813953 0.37277499999999997 0.6200656255813953 0.35910416562499997 0.6080093744186046 0.36012916562499997 0.5998015627906976 0.36012916562499997 0.5788125 0.364466665625 0.5774875 0.370725 0.5782562511627908 0.37926875 0.5913375 0.37585 0.6057015627906976 0.3738
9 0.42615 0.42192708437500004 0.408195311627907 0.422610415625 0.39265468837209305 0.42689583437499995 0.39408750000000003 0.43867291562500005 0.4097343744186046 0.43525625 0.42615 0.43423125 0.42615 0.42192708437500004
9 0.514895311627907 0.410552084375 0.49796562558139534 0.41192083437499993 0.48178437441860467 0.415989584375 0.4830890627906977 0.42695625000000004 0.49719687441860466 0.424564584375 0.5154078116279069 0.422514584375 0.514895311627907 0.410552084375
9 0.618529688372093 0.390629165625 0.5985234372093022 0.393704165625 0.5850187488372093 0.39568125 0.5862109372093024 0.40771666562500003 0.6054484372093023 0.40600625 0.6195562511627907 0.40429791562500006 0.618529688372093 0.390629165625