9 0.3427515627906977 0.791033334375 0.3419187488372093 0.7788354156249999 0.32416406279069765 0.7799437499999999 0.309042188372093 0.777814584375 0.30946093720930234 0.7899229156249999 0.3200031255813954 0.79325 0.33082187441860467 0.79325 0.3427515627906977 0.791033334375
9 0.4537062511627907 0.7455708343749999 0.4381703116279069 0.748897915625 0.42100468837209304 0.748345834375 0.42152500000000004 0.76035625 0.43789375116279067 0.76035625 0.4539843744186046 0.7581395843750001 0.4537062511627907 0.7455708343749999
9 0.582942188372093 0.7629083343749999 0.5815562511627906 0.752189584375 0.5662968744186047 0.756625 0.5505234372093023 0.7568875 0.5513156255813954 0.76993125 0.5640781255813954 0.76993125 0.5737875 0.766975 0.582942188372093 0.7629083343749999
0 0.5857890627906976 0.7871479156250001 0.584125 0.7753187500000001 0.5738593744186047 0.7797562499999999 0.563595311627907 0.78234375 0.552220311627907 0.78049375 0.5528734372093024 0.79315 0.5685890627906977 0.7930625 0.578575 0.7897354156249999 0.5857890627906976 0.7871479156250001
0 0.5865468744186046 0.795454165625 0.5682375000000001 0.803585415625 0.5532562511627908 0.803585415625 0.555267188372093 0.816620834375 0.5771140627906977 0.813195834375 0.5876562511627906 0.8083916656250001 0.5865468744186046 0.795454165625
0 0.42252968837209304 0.797339584375 0.42314062558139537 0.80951875 0.456432811627907 0.807302084375 0.456154688372093 0.793625 0.42252968837209304 0.797339584375
0 0.4215687488372093 0.77265 0.4216796883720931 0.7875375 0.4546937511627907 0.786797915625 0.45413906279069766 0.77164375 0.4215687488372093 0.77265
0 0.34271250000000003 0.8033875 0.32689843720930234 0.8059749999999999 0.3096062488372093 0.801225 0.30886562558139535 0.814845834375 0.324125 0.817804165625 0.341879688372093 0.816695834375 0.34271250000000003 0.8033875
0 0.3411781255813953 0.824283334375 0.3239781255813954 0.82798125 0.30788750000000004 0.8250229156250001 0.307075 0.836329165625 0.32702968837209306 0.8394395843750001 0.34006875116279073 0.8394395843750001 0.3411781255813953 0.824283334375
2 0.34601249999999995 0.8655687500000001 0.346567188372093 0.854479165625 0.32270937441860464 0.8570666656249999 0.30272812558139534 0.8504437499999999 0.3024562488372093 0.864829165625 0.3174375 0.8659375 0.3318640627906977 0.8670458343749999 0.34601249999999995 0.8655687500000001
2 0.348770311627907 0.76014375 0.348770311627907 0.74461875 0.33157031162790696 0.74646875 0.30681562558139536 0.744866665625 0.305492188372093 0.757927084375 0.31686718837209304 0.759404165625 0.3307375 0.759404165625 0.348770311627907 0.76014375
2 0.44364375116279076 0.7320249999999999 0.4575140627906977 0.7294375 0.45806874883720927 0.714652084375 0.4372625 0.7165 0.4160765627906977 0.716333334375 0.41479062558139534 0.723154165625 0.416454688372093 0.733135415625 0.4317140627906977 0.732395834375 0.44364375116279076 0.7320249999999999
2 0.45587812558139534 0.8397083343749999 0.46142656279069766 0.837860415625 0.46142656279069766 0.824183334375 0.4375687488372093 0.827510415625 0.41800000000000004 0.827033334375 0.41814843720930234 0.8337937500000001 0.4198125 0.8408187500000001 0.44089687441860465 0.8408187500000001 0.45587812558139534 0.8397083343749999
2 0.5846437511627908 0.843222915625 0.5974046883720929 0.8391562499999999 0.5957406255813954 0.82621875 0.5738234372093023 0.8328729156250001 0.553017188372093 0.834352084375 0.553017188372093 0.8421145843750001 0.5555140627906977 0.8480270843750001 0.5752109372093023 0.845439584375 0.5846437511627908 0.843222915625
2 0.5714031255813953 0.737972915625 0.5849984372093023 0.73316875 0.5849984372093023 0.726514584375 0.5825015627906976 0.716533334375 0.5716812488372093 0.72096875 0.5669656255813954 0.72540625 0.5580875 0.727254165625 0.548654688372093 0.7250354156250001 0.5406234372093023 0.724997915625 0.5408875 0.731689584375 0.5422734372093023 0.7413000000000001 0.5564234372093023 0.740929165625 0.5714031255813953 0.737972915625