2 0.41962812558139534 0.7977000000000001 0.4276734372093023 0.795483334375 0.42739687441860463 0.7829145843750001 0.4179640627906977 0.785872915625 0.4065890627906976 0.7888291656249999 0.38534062558139537 0.786735415625 0.38689218837209305 0.800658334375 0.394382811627907 0.8002874999999999 0.40547968837209303 0.801027084375 0.41962812558139534 0.7977000000000001
2 0.4932515627906977 0.791716665625 0.510729688372093 0.786170834375 0.508232811627907 0.771016665625 0.49047812558139536 0.776560415625 0.468320311627907 0.77900625 0.4685609372093023 0.7850625 0.469392188372093 0.793933334375 0.4804906255813954 0.793564584375 0.4932515627906977 0.791716665625
2 0.6016015627906977 0.772458334375 0.6174140627906977 0.768022915625 0.6160281255813953 0.756933334375 0.615195311627907 0.75065 0.6054859372093023 0.756564584375 0.5938328116279069 0.7584125 0.574792188372093 0.75948125 0.5744140627906977 0.766914584375 0.5749687511627907 0.7757854156249999 0.5896718744186047 0.7739375 0.6016015627906977 0.772458334375
2 0.6088109372093023 0.8783729156250001 0.6271218744186046 0.8743062500000001 0.6262890627906977 0.862479165625 0.6077015627906976 0.8687625000000001 0.5833343744186046 0.8680875 0.5835656255813954 0.8735666656250001 0.5843984372093023 0.8817 0.5974375 0.880591665625 0.6088109372093023 0.8783729156250001
2 0.5090484372093024 0.897410415625 0.521254688372093 0.892604165625 0.520145311627907 0.8807770843749999 0.49906093720930234 0.8866895843749999 0.47808281162790695 0.888833334375 0.47797656279069767 0.8940833343750001 0.479642188372093 0.902585415625 0.495454688372093 0.9003666656249999 0.5090484372093024 0.897410415625
2 0.43638437441860467 0.891908334375 0.41280312558139537 0.89634375 0.3935781255813954 0.8977812500000001 0.3950468744186047 0.908541665625 0.4155765627906977 0.90669375 0.4380484372093023 0.9018875 0.43638437441860467 0.891908334375
0 0.42806093720930233 0.8627062499999999 0.39723906279069765 0.867275 0.39837656279069766 0.879708334375 0.414745311627907 0.8774916656249999 0.42833906279069767 0.8763833343749999 0.42806093720930233 0.8627062499999999
0 0.39571249999999997 0.8457166656249999 0.3967125 0.8579000000000001 0.4288937511627907 0.8545729156249999 0.4286156255813954 0.841266665625 0.39571249999999997 0.8457166656249999
0 0.5100234372093023 0.8275499999999999 0.495875 0.8349416656249999 0.47869374883720933 0.8335125 0.478675 0.847879165625 0.496429688372093 0.845291665625 0.5108562488372093 0.8412270843749999 0.5100234372093023 0.8275499999999999
0 0.5119656255813954 0.852685415625 0.5055843744186047 0.852316665625 0.49476562558139536 0.858229165625 0.48033906279069766 0.859339584375 0.48021874883720933 0.8701229156249999 0.49726250000000005 0.86673125 0.5130750000000001 0.863035415625 0.5119656255813954 0.852685415625
0 0.616517188372093 0.811060415625 0.6043093744186047 0.8143854156250001 0.5842484372093023 0.8143958343750001 0.585167188372093 0.8284333343749999 0.6070843744186047 0.827322915625 0.616517188372093 0.8243666656249999 0.616517188372093 0.811060415625
0 0.6170718744186047 0.8328687499999999 0.5990390627906976 0.839891665625 0.586 0.8384124999999999 0.5857734372093023 0.850189584375 0.6076390627906977 0.8506104156250001 0.6181812511627908 0.845435415625 0.6170718744186047 0.8328687499999999
9 0.4260468744186046 0.816972915625 0.408292188372093 0.8225187500000001 0.3941875 0.8217166656250001 0.39414375116279066 0.8328687499999999 0.40995625116279066 0.8324979156250001 0.4260468744186046 0.8299104156249999 0.4260468744186046 0.816972915625
9 0.5072843744186046 0.8055354156250001 0.4917781255813954 0.8088770843749999 0.4761984372093023 0.8114645843750001 0.47695625116279067 0.8228520843749999 0.49018281162790694 0.821029165625 0.509107811627907 0.816775 0.5072843744186046 0.8055354156250001
9 0.6147140627906976 0.7880375 0.5820140627906977 0.7917395843749999 0.5825625 0.803227084375 0.6010312511627908 0.801708334375 0.614942188372093 0.8001895843750001 0.6147140627906976 0.7880375