0 0.37141406279069766 0.153979165625 0.372745311627907 0.166404165625 0.4033640627906977 0.167291665625 0.4043625 0.155754165625 0.37141406279069766 0.153979165625
0 0.3734109372093023 0.177497915625 0.372745311627907 0.188147915625 0.40136718837209306 0.18992291562500002 0.4017 0.179272915625 0.3734109372093023 0.177497915625
0 0.4476265627906977 0.239177084375 0.4472937488372093 0.25027083437500003 0.4779125 0.249383334375 0.478245311627907 0.237402084375 0.4476265627906977 0.239177084375
0 0.4476265627906977 0.260033334375 0.4472937488372093 0.27157083437499996 0.4779125 0.270239584375 0.4779125 0.263139584375 0.4476265627906977 0.260033334375
0 0.5371515627906976 0.297752084375 0.5364859372093023 0.31017708437499997 0.5667718744186047 0.311508334375 0.567104688372093 0.300858334375 0.5371515627906976 0.297752084375
0 0.5674374999999999 0.324377084375 0.535820311627907 0.32082708437499996 0.535820311627907 0.334583334375 0.5511296883720931 0.333252084375 0.5674374999999999 0.330145834375 0.5674374999999999 0.324377084375
2 0.40802187441860466 0.209891665625 0.3677531255813954 0.204122915625 0.3670875 0.214772915625 0.3870562511627907 0.214329165625 0.408354688372093 0.218322915625 0.40802187441860466 0.209891665625
2 0.48157343720930235 0.194360415625 0.48124062558139535 0.18060416562499998 0.44196875116279066 0.18060416562499998 0.44196875116279066 0.193916665625 0.45328437441860464 0.19214166562499999 0.46759531162790696 0.189479165625 0.48157343720930235 0.194360415625
2 0.5724296883720931 0.240064584375 0.532825 0.241839584375 0.532825 0.254264584375 0.5551234372093024 0.252045834375 0.5724296883720931 0.25470833437499996 0.5724296883720931 0.240064584375
2 0.442967188372093 0.292427084375 0.443632811627907 0.301302084375 0.483570311627907 0.301745834375 0.4832375 0.291983334375 0.442967188372093 0.292427084375
2 0.5710984372093023 0.351889584375 0.5311609372093024 0.350114584375 0.5294968744186047 0.362539584375 0.5438078116279069 0.360764584375 0.5714312511627907 0.360764584375 0.5710984372093023 0.351889584375
2 0.4096859372093023 0.11226666562500001 0.4096859372093023 0.09540416562500001 0.37207968837209304 0.095847915625 0.37041562558139535 0.106054165625 0.38372812558139535 0.10383541562500001 0.39404531162790696 0.10383541562500001 0.4096859372093023 0.11226666562500001
9 0.40469531162790695 0.13134791562499998 0.390717188372093 0.128685415625 0.3744093744186046 0.12912916562500001 0.3734109372093023 0.141997915625 0.38938593720930237 0.138004165625 0.404029688372093 0.142441665625 0.40469531162790695 0.13134791562499998
9 0.4762484372093024 0.212997915625 0.4619375 0.214329165625 0.44662812558139536 0.215660415625 0.44662812558139536 0.22497916562500003 0.4606062511627907 0.22187291562499997 0.4772468744186047 0.224091665625 0.4762484372093024 0.212997915625
9 0.567104688372093 0.276452084375 0.5507968744186047 0.275564584375 0.5361531255813953 0.27334583437500004 0.5371515627906976 0.284439584375 0.5514625 0.282664584375 0.567104688372093 0.284883334375 0.567104688372093 0.276452084375