9 0.3938312488372093 0.763702084375 0.39532812558139535 0.7721875 0.424154688372093 0.767695834375 0.424154688372093 0.758710415625 0.3938312488372093 0.763702084375
9 0.4784375 0.752720834375 0.481057811627907 0.762704165625 0.5087609372093023 0.7542187499999999 0.5080109372093023 0.748229165625 0.4784375 0.752720834375
9 0.5825093744186046 0.73225625 0.5843812511627907 0.7427374999999999 0.6143312511627907 0.738245834375 0.614704688372093 0.7262666656250001 0.5825093744186046 0.73225625
2 0.4264 0.725266665625 0.4054359372093024 0.730758334375 0.386717188372093 0.7272645843750001 0.3870921883720931 0.7397437499999999 0.4024406255813953 0.741739584375 0.4264 0.73575 0.4264 0.725266665625
2 0.5098828116279069 0.711291665625 0.490417188372093 0.718779165625 0.47095 0.719277084375 0.4728218744186046 0.733254165625 0.4941609372093023 0.73225625 0.510257811627907 0.7262666656250001 0.5098828116279069 0.711291665625
2 0.6169515627906977 0.6933208343749999 0.6016031255813954 0.6993125 0.5862531255813953 0.6993125 0.5772687488372092 0.6988125000000001 0.578017188372093 0.7137875 0.5993562488372093 0.7102937500000001 0.6195718744186046 0.7062999999999999 0.6169515627906977 0.6933208343749999
2 0.39607656279069764 0.8380750000000001 0.39532812558139535 0.8465604156250001 0.4342625 0.8420687499999999 0.4346359372093023 0.833583334375 0.39607656279069764 0.8380750000000001
2 0.5226125 0.8186083343749999 0.5012734372093023 0.8240999999999999 0.4818062488372093 0.8290916656249999 0.4821812511627907 0.839075 0.505017188372093 0.836579165625 0.5233609372093023 0.8310875 0.5226125 0.8186083343749999
2 0.6259359372093023 0.803633334375 0.606095311627907 0.80563125 0.5851312488372094 0.807129165625 0.585504688372093 0.8186083343749999 0.6045968744186047 0.8181104156250001 0.6263109372093023 0.81211875 0.6259359372093023 0.803633334375
0 0.41404687441860466 0.78366875 0.39607656279069764 0.7866625 0.3964515627906977 0.796645834375 0.4286468744186046 0.793652084375 0.42752343720930236 0.782170834375 0.41404687441860466 0.78366875
0 0.4278984372093023 0.8016375 0.41629218837209303 0.807129165625 0.3983234372093023 0.806629165625 0.3986968744186047 0.817610415625 0.41404687441860466 0.8186083343749999 0.42939531162790695 0.815614584375 0.4278984372093023 0.8016375
0 0.512129688372093 0.76819375 0.49378593720930236 0.7726875 0.480682811627907 0.7751833343750001 0.481057811627907 0.785664584375 0.49378593720930236 0.784666665625 0.5136265627906976 0.778677084375 0.512129688372093 0.76819375
0 0.5136265627906976 0.792154165625 0.503145311627907 0.795147915625 0.4844265627906977 0.79814375 0.4848015627906977 0.8086249999999999 0.500525 0.806129165625 0.5151249999999999 0.802635415625 0.5136265627906976 0.792154165625
0 0.6188234372093023 0.752720834375 0.585504688372093 0.755216665625 0.5862531255813953 0.7661979156250001 0.5993562488372093 0.7652 0.6195718744186046 0.762704165625 0.6188234372093023 0.752720834375
0 0.6199468744186046 0.7736854156249999 0.5888734372093023 0.7776791656250001 0.5877515627906976 0.7891583343749999 0.6045968744186047 0.787660415625 0.6199468744186046 0.7871625 0.6199468744186046 0.7736854156249999