2 0.406607811627907 0.366520834375 0.3902562511627907 0.368597915625 0.36767343720930235 0.36756041562499997 0.3672843744186046 0.376904165625 0.38792031162790697 0.38001874999999996 0.4089437488372093 0.38105625 0.406607811627907 0.366520834375
2 0.47838593720930234 0.44808541562500004 0.45268906279069765 0.452758334375 0.43867343720930235 0.45120208437500003 0.4390625 0.463660415625 0.4643687511627907 0.46469791562499996 0.47838593720930234 0.462102084375 0.47838593720930234 0.44808541562500004
2 0.5698046883720931 0.5117791656249999 0.5515062488372093 0.5128166656250001 0.530092188372093 0.5117791656249999 0.5293140627906977 0.52475625 0.549170311627907 0.52475625 0.5717515627906977 0.52268125 0.5698046883720931 0.5117791656249999
2 0.4826875 0.559891665625 0.45932656279069767 0.563525 0.44219687441860467 0.563525 0.4410281255813953 0.5723499999999999 0.459717188372093 0.5723499999999999 0.4830765627906977 0.570272915625 0.4826875 0.559891665625
2 0.5721875 0.6210375 0.5488281255813954 0.624154165625 0.5293609372093023 0.6189625000000001 0.5301390627906977 0.630902084375 0.551942188372093 0.6298625 0.5702421883720931 0.62934375 0.5721875 0.6210375
9 0.37046093720930234 0.399285415625 0.37084999999999996 0.41122500000000006 0.40199687441860465 0.41174375 0.40199687441860465 0.40084166562499995 0.37046093720930234 0.399285415625
9 0.45794999999999997 0.485527084375 0.44626875116279074 0.4844875 0.44549062558139535 0.494352084375 0.4766375 0.493833334375 0.4743015627906977 0.4824125 0.45794999999999997 0.485527084375
9 0.5496546883720931 0.546327084375 0.534470311627907 0.5421750000000001 0.5348593744186046 0.555672915625 0.568342188372093 0.555152084375 0.5652281255813953 0.546327084375 0.5496546883720931 0.546327084375
0 0.40223125116279074 0.42571250000000005 0.38860468837209305 0.427789584375 0.3722531255813954 0.42519375000000004 0.37108437441860465 0.438170834375 0.3819859372093023 0.440766665625 0.4030109372093023 0.439210415625 0.40223125116279074 0.42571250000000005
0 0.37080156279069765 0.448802084375 0.37080156279069765 0.461260415625 0.3992234372093023 0.461779165625 0.40039218837209306 0.45139583437499997 0.37080156279069765 0.448802084375
0 0.461032811627907 0.511370834375 0.4446812511627907 0.50825625 0.4462375 0.519675 0.47621718837209304 0.519675 0.4781640627906977 0.505141665625 0.461032811627907 0.511370834375
0 0.45858906279069767 0.5340499999999999 0.4449609372093023 0.531454165625 0.44690781162790694 0.5418375 0.47766562558139536 0.540797915625 0.47805468837209303 0.531972915625 0.45858906279069767 0.5340499999999999
0 0.5534640627906976 0.571377084375 0.5328281255813954 0.56878125 0.5343859372093024 0.580202084375 0.5663125 0.5827958343749999 0.5663125 0.571377084375 0.5534640627906976 0.571377084375
0 0.5646703116279069 0.594104165625 0.548317188372093 0.593585415625 0.5350796883720931 0.589433334375 0.5346906255813954 0.60345 0.5502640627906977 0.60345 0.5658375 0.600854165625 0.5646703116279069 0.594104165625
2 0.404817188372093 0.48088749999999997 0.38457187441860463 0.47933125 0.36549531162790694 0.47621458437499997 0.36588437441860466 0.486597915625 0.383404688372093 0.486597915625 0.404817188372093 0.486079165625 0.404817188372093 0.48088749999999997