2 0.439870311627907 0.8628520843749999 0.43914687441860467 0.847620834375 0.413995311627907 0.850897915625 0.400120311627907 0.8505125 0.39997499999999997 0.861889584375 0.41515312558139533 0.862660415625 0.439870311627907 0.8628520843749999
2 0.429895311627907 0.97004375 0.43929218837209305 0.9673458343749999 0.439725 0.958475 0.41428437441860466 0.961945834375 0.3985062488372093 0.961916665625 0.3989640627906977 0.9675375 0.40590156279069767 0.9688874999999999 0.429895311627907 0.97004375
2 0.5007718744186047 0.8042624999999999 0.501657811627907 0.789602084375 0.483929688372093 0.7898375 0.46125781162790697 0.790541665625 0.46301093720930236 0.8026083343750001 0.49066718837209305 0.805445834375 0.5007718744186047 0.8042624999999999
2 0.49846718837209303 0.912333334375 0.502367188372093 0.905475 0.500417188372093 0.896725 0.4747125 0.900508334375 0.45992812558139534 0.897516665625 0.46035312558139535 0.909022915625 0.4729390627906977 0.9120958343750001 0.49846718837209303 0.912333334375
2 0.5865718744186047 0.8314583343749999 0.5947265627906977 0.830985415625 0.5959687511627907 0.819160415625 0.5716812488372093 0.8234187500000001 0.5534562488372093 0.8200937500000001 0.5536 0.8286208343749999 0.5536 0.832404165625 0.5865718744186047 0.8314583343749999
2 0.590125 0.722297915625 0.5911890627906977 0.7064541656250001 0.549882811627907 0.71189375 0.5495281255813953 0.725135415625 0.5752343744186047 0.724427084375 0.590125 0.722297915625
9 0.5879968744186046 0.75233125 0.5883515627906977 0.74334375 0.5727515627906977 0.7452354156250001 0.5558937488372093 0.744739584375 0.5553781255813953 0.75493125 0.575942188372093 0.75493125 0.5879968744186046 0.75233125
9 0.4342375 0.89311875 0.43467187441860466 0.8818083343750001 0.40397187441860466 0.882566665625 0.4033640627906977 0.894279165625 0.421192188372093 0.89601875 0.4342375 0.89311875
9 0.4968531255813953 0.833085415625 0.49772187441860466 0.82119375 0.46576249999999997 0.8226437499999999 0.46576249999999997 0.833375 0.483807811627907 0.8354041656250001 0.4968531255813953 0.833085415625
0 0.42815000000000003 0.920670834375 0.4342375 0.9183520843749999 0.435542188372093 0.9053000000000001 0.41532187441860463 0.909070834375 0.40315624883720935 0.906122915625 0.40379843720930236 0.917770834375 0.41336562558139534 0.921541665625 0.42815000000000003 0.920670834375
0 0.43510625116279067 0.9412625 0.4366281255813953 0.9279229156250001 0.40379843720930236 0.9282125000000001 0.4033640627906977 0.940683334375 0.41227812558139537 0.942422915625 0.43510625116279067 0.9412625
0 0.48445937441860465 0.8603458343750001 0.49620000000000003 0.856866665625 0.49620000000000003 0.846425 0.4643156255813954 0.8466875 0.46380625116279073 0.856577084375 0.47489375116279076 0.859477084375 0.48445937441860465 0.8603458343750001
0 0.49032968837209306 0.88151875 0.49750468837209305 0.8783291656250001 0.49750468837209305 0.868466665625 0.4816343744186046 0.8704979156249999 0.46703281162790694 0.86770625 0.46641406279069764 0.8777479156249999 0.4738062488372093 0.8809374999999999 0.49032968837209306 0.88151875
0 0.5880765627906976 0.779027084375 0.5887281255813954 0.767714584375 0.555645311627907 0.768041665625 0.5569859372093023 0.779027084375 0.5754656255813954 0.780185415625 0.5880765627906976 0.779027084375
0 0.5891640627906977 0.7978770843749999 0.590032811627907 0.789466665625 0.5580906255813953 0.790875 0.5576375 0.803679165625 0.5774234372093023 0.80251875 0.5891640627906977 0.7978770843749999