2 0.440432811627907 0.649066665625 0.42047656279069767 0.651810415625 0.39949687441860465 0.6475500000000001 0.40031406279069764 0.66059375 0.44125468837209303 0.66004375 0.440432811627907 0.649066665625
2 0.5313656255813953 0.657847915625 0.49055 0.658525 0.4926890627906977 0.6691 0.5317781255813954 0.667727084375 0.5313656255813953 0.657847915625
2 0.6140703116279069 0.6696500000000001 0.572342188372093 0.668127084375 0.5727187511627907 0.677608334375 0.6132484372093023 0.681175 0.6140703116279069 0.6696500000000001
2 0.42747031162790694 0.7725625 0.44063749999999996 0.7709166656249999 0.44125468837209303 0.755822915625 0.413892188372093 0.75801875 0.397954688372093 0.7562625 0.40052031162790697 0.76433125 0.400725 0.770641665625 0.42747031162790694 0.7725625
2 0.5317781255813954 0.774758334375 0.533217188372093 0.762958334375 0.49235 0.7634645843750001 0.4931 0.779697915625 0.5251937511627907 0.777777084375 0.5317781255813954 0.774758334375
2 0.6109843744186046 0.7871083343749999 0.6109843744186046 0.7761312499999999 0.5945265627906977 0.776679165625 0.5737468744186046 0.773660415625 0.5721015627906977 0.78848125 0.5908234372093023 0.789579165625 0.6109843744186046 0.7871083343749999
0 0.43672968837209303 0.679529165625 0.40309843720930233 0.6797875 0.40381093720930233 0.689133334375 0.4361125 0.689133334375 0.43672968837209303 0.679529165625
0 0.4354937511627907 0.6998375 0.40381093720930233 0.6998375 0.40463437441860467 0.7113645843749999 0.4357 0.7121875 0.4354937511627907 0.6998375
0 0.5278687511627908 0.6877625 0.497420311627907 0.6880375 0.49700937441860465 0.697641665625 0.5276625 0.69709375 0.5278687511627908 0.6877625
0 0.5278687511627908 0.70889375 0.4961859372093023 0.70889375 0.4965968744186046 0.719047915625 0.5276625 0.719597915625 0.5278687511627908 0.70889375
0 0.6091328116279069 0.695995834375 0.5772281255813954 0.695904165625 0.5772453116279069 0.7077958343749999 0.6087218744186046 0.708070834375 0.6091328116279069 0.695995834375
0 0.6083109372093024 0.719870834375 0.576457811627907 0.7168249999999999 0.5764218744186046 0.728927084375 0.608104688372093 0.731122915625 0.6083109372093024 0.719870834375
9 0.6070765627906977 0.7536270843749999 0.6076937488372093 0.744022915625 0.576457811627907 0.743575 0.576832811627907 0.755 0.587120311627907 0.7560979156250001 0.6070765627906977 0.7536270843749999
9 0.5278687511627908 0.73359375 0.49646562558139534 0.7346583343749999 0.49639218837209304 0.7451187499999999 0.5278687511627908 0.743747915625 0.5278687511627908 0.73359375
9 0.4361125 0.725635415625 0.42068124883720925 0.726183334375 0.405045311627907 0.725085415625 0.4042234372093023 0.734691665625 0.4357 0.735239584375 0.4361125 0.725635415625