2 0.44970781162790696 0.499485415625 0.40916718837209304 0.499908334375 0.40885 0.510470834375 0.4487562511627907 0.5117375 0.44970781162790696 0.499485415625
2 0.4484406255813953 0.618204165625 0.45097343720930233 0.60933125 0.410295311627907 0.606191665625 0.40948437441860464 0.616935415625 0.41898593720930233 0.61778125 0.4484406255813953 0.618204165625
2 0.5067156255813954 0.438225 0.46652187441860465 0.43777499999999997 0.46554218837209305 0.450477084375 0.5048156255813954 0.45258958437499996 0.5067156255813954 0.438225
2 0.5054484372093023 0.547647915625 0.46554218837209305 0.548070834375 0.4664937488372093 0.557366665625 0.5029156255813954 0.561591665625 0.5054484372093023 0.547647915625
2 0.5953968744186046 0.373585415625 0.5960296883720929 0.35626250000000004 0.5798781255813953 0.357108334375 0.5551734372093023 0.36175625 0.5554906255813954 0.374429165625 0.570692188372093 0.3731625 0.5953968744186046 0.373585415625
2 0.6020484372093023 0.478783334375 0.6023640627906977 0.47033333437499997 0.588745311627907 0.46948958437500005 0.5599687511627907 0.471035415625 0.5611906255813953 0.48047291562499994 0.5805109372093022 0.48047291562499994 0.6020484372093023 0.478783334375
9 0.503232811627907 0.46906666562500005 0.47061093720930236 0.46906666562500005 0.4702937511627907 0.482164584375 0.502282811627907 0.480052084375 0.503232811627907 0.46906666562500005
9 0.44717343720930236 0.53075 0.4148687511627907 0.531172915625 0.41455156279069766 0.5430020843750001 0.4430562488372093 0.5455375 0.44717343720930236 0.53075
9 0.5925468744186047 0.40315833437500004 0.5944468744186047 0.39132916562500003 0.561507811627907 0.39132916562500003 0.560557811627907 0.40569375 0.5744937488372093 0.40400416562499997 0.5925468744186047 0.40315833437500004
0 0.4459062511627907 0.5569437500000001 0.4142343744186046 0.5569437500000001 0.41550156279069766 0.56835 0.4449562488372093 0.570039584375 0.4459062511627907 0.5569437500000001
0 0.44432343720930234 0.5789125 0.4146515627906977 0.577154165625 0.41455156279069766 0.590741665625 0.4449562488372093 0.5915874999999999 0.44432343720930234 0.5789125
0 0.5029156255813954 0.508358334375 0.5029156255813954 0.49526041562499995 0.47061093720930236 0.49610624999999997 0.46966093720930235 0.5075125 0.47789531162790694 0.507935415625 0.5029156255813954 0.508358334375
0 0.5025984372093023 0.518497915625 0.47246093720930227 0.518022915625 0.47061093720930236 0.529060415625 0.5016484372093023 0.5286375 0.5025984372093023 0.518497915625
0 0.5934968744186047 0.42935416562500006 0.5928625 0.417102084375 0.5619484372093023 0.417185415625 0.562775 0.430197915625 0.5729093744186047 0.430620834375 0.5934968744186047 0.42935416562500006
0 0.5925468744186047 0.44963333437499997 0.5947640627906977 0.43991458437500003 0.563725 0.43991458437500003 0.564675 0.4530125 0.5757609372093023 0.45427916562500004 0.5925468744186047 0.44963333437499997