2 0.4418437488372093 0.542327084375 0.40111406279069767 0.54201875 0.40065 0.551279165625 0.442075 0.5506624999999999 0.4418437488372093 0.542327084375
2 0.44161249999999996 0.6645749999999999 0.4413812488372093 0.647904165625 0.4196265627906977 0.6482125 0.40065 0.647904165625 0.4004187488372093 0.661795834375 0.40874999999999995 0.6642645843749999 0.44161249999999996 0.6645749999999999
2 0.5337187488372094 0.548191665625 0.491332811627907 0.548252084375 0.49298749999999997 0.561158334375 0.5330234372093023 0.559922915625 0.5337187488372094 0.548191665625
2 0.5341812488372093 0.6550041656250001 0.4950937511627907 0.6570375 0.49483906279069767 0.670747915625 0.5337187488372094 0.669204165625 0.5341812488372093 0.6550041656250001
2 0.6137906255813954 0.5627020843749999 0.572632811627907 0.559439584375 0.5735218744186047 0.569802084375 0.6128640627906976 0.572270834375 0.6137906255813954 0.5627020843749999
2 0.6128640627906976 0.667352084375 0.572632811627907 0.6666833343749999 0.5728281255813953 0.677847915625 0.6124015627906977 0.67815625 0.6128640627906976 0.667352084375
0 0.43652031162790694 0.571654165625 0.40540312558139535 0.57255625 0.4064359372093023 0.580914584375 0.4372156255813954 0.584002084375 0.43652031162790694 0.571654165625
0 0.43698437441860466 0.5923375 0.4055109372093023 0.5926458343750001 0.4064359372093023 0.602214584375 0.4362890627906977 0.60345 0.43698437441860466 0.5923375
0 0.5281640627906977 0.5793708343749999 0.49784687441860465 0.5793708343749999 0.49622812558139534 0.5901770843749999 0.5274703116279069 0.589558334375 0.5281640627906977 0.5793708343749999
0 0.6098562488372092 0.58770625 0.5775515627906976 0.58644375 0.577225 0.5985104156250001 0.6091609372093024 0.6003625 0.6098562488372092 0.58770625
0 0.6091609372093024 0.6228979156250001 0.608929688372093 0.610241665625 0.576104688372093 0.6076604156250001 0.5767625000000001 0.620429165625 0.586945311627907 0.622589584375 0.6091609372093024 0.6228979156250001
0 0.5286265627906978 0.601597915625 0.49831093720930236 0.600054165625 0.498079688372093 0.61209375 0.5290890627906977 0.612402084375 0.5286265627906978 0.601597915625
9 0.436057811627907 0.61765 0.40527812558139537 0.61765 0.40365937441860467 0.6281458343749999 0.43675156279069766 0.626604165625 0.436057811627907 0.61765
9 0.527932811627907 0.636172915625 0.528395311627907 0.625677084375 0.49856562558139533 0.6265625 0.49692187441860464 0.63648125 0.5034015627906977 0.6358645843749999 0.527932811627907 0.636172915625
9 0.608467188372093 0.6472875 0.6091609372093024 0.6355562499999999 0.5790765627906977 0.6358645843749999 0.5760687511627907 0.6358645843749999 0.5763 0.6454333343750001 0.608467188372093 0.6472875