2 0.3635625 0.282722915625 0.3648687511627907 0.297235415625 0.40971406279069766 0.286204165625 0.40753750000000005 0.273433334375 0.3635625 0.282722915625
2 0.37749531162790695 0.393604165625 0.3792359372093023 0.4075375 0.42408281162790695 0.395345834375 0.421470311627907 0.380833334375 0.37749531162790695 0.393604165625
2 0.47763750000000005 0.43482291562500003 0.4789437488372093 0.449916665625 0.5229187511627907 0.440629165625 0.520307811627907 0.42611458437499994 0.47763750000000005 0.43482291562500003
2 0.48895781162790697 0.538739584375 0.491570311627907 0.56021875 0.5351109372093024 0.548608334375 0.5320625 0.52945 0.48895781162790697 0.538739584375
2 0.574732811627907 0.49926250000000005 0.574732811627907 0.513195834375 0.6165312488372092 0.51435625 0.6160953116279069 0.501004165625 0.574732811627907 0.49926250000000005
2 0.5738624999999999 0.6037604156249999 0.5734265627906977 0.622916665625 0.6187078116279069 0.62175625 0.6187078116279069 0.608983334375 0.5738624999999999 0.6037604156249999
9 0.5786515627906977 0.572991665625 0.5790859372093023 0.588664584375 0.611742188372093 0.587504165625 0.611742188372093 0.573570834375 0.5786515627906977 0.572991665625
9 0.49113437441860464 0.510872915625 0.49200625116279073 0.5253875 0.5255312488372094 0.516679165625 0.5237906255813953 0.50390625 0.49113437441860464 0.510872915625
9 0.3792359372093023 0.359352084375 0.3796718744186046 0.37154375 0.41276250000000003 0.362835415625 0.411892188372093 0.348322915625 0.3792359372093023 0.359352084375
0 0.37662343720930236 0.333808334375 0.3770593744186046 0.347741665625 0.411020311627907 0.339033334375 0.4105859372093023 0.324520834375 0.37662343720930236 0.333808334375
0 0.3731406255813953 0.312329165625 0.37531718837209305 0.3262625 0.40753750000000005 0.31639375 0.4062312511627907 0.304783334375 0.3731406255813953 0.312329165625
0 0.4867812511627907 0.462108334375 0.48765156279069766 0.47778333437500003 0.520307811627907 0.469654165625 0.520307811627907 0.456302084375 0.4867812511627907 0.462108334375
0 0.48765156279069766 0.485910415625 0.48895781162790697 0.49984375 0.5233546883720931 0.492295834375 0.5224843744186046 0.477202084375 0.48765156279069766 0.485910415625
0 0.5782156255813954 0.5253875 0.5782156255813954 0.541060415625 0.6113062511627907 0.542222915625 0.6113062511627907 0.5282895843750001 0.5782156255813954 0.5253875
0 0.5795218744186046 0.549189584375 0.5795218744186046 0.563702084375 0.6108703116279071 0.564283334375 0.6108703116279071 0.5497687499999999 0.5795218744186046 0.549189584375