2 0.3987906255813954 0.8262395843749999 0.3990734372093023 0.84245625 0.44206249999999997 0.83378125 0.44206249999999997 0.819829165625 0.3987906255813954 0.8262395843749999
2 0.45450781162790693 0.8168124999999999 0.456770311627907 0.834535415625 0.498345311627907 0.8194520843750001 0.49664843720930235 0.802483334375 0.45450781162790693 0.8168124999999999
2 0.4709109372093023 0.920139584375 0.47345624883720927 0.9389958343749999 0.51475 0.9246645843750001 0.5124875 0.90845 0.4709109372093023 0.920139584375
2 0.40586093720930233 0.9295666656250001 0.4061437511627907 0.9488 0.4480031255813954 0.943520834375 0.44715312558139536 0.9254187500000001 0.40586093720930233 0.9295666656250001
2 0.5509531255813953 0.952947915625 0.5503875 0.9669000000000001 0.593942188372093 0.971425 0.594507811627907 0.9540791656250001 0.5509531255813953 0.952947915625
2 0.552367188372093 0.843210415625 0.5515187488372093 0.8594250000000001 0.5962046883720931 0.861310415625 0.5947906255813954 0.8435874999999999 0.552367188372093 0.843210415625
0 0.5577406255813954 0.872625 0.556892188372093 0.8884624999999999 0.5905484372093023 0.8888395843750001 0.5902656255813954 0.8737562499999999 0.5577406255813954 0.872625
0 0.5566093744186046 0.89411875 0.5563265627906977 0.9095812499999999 0.589417188372093 0.9095812499999999 0.5897 0.8948729156249999 0.5566093744186046 0.89411875
0 0.4669515627906977 0.865458334375 0.4678 0.8809208343750001 0.5014578116279069 0.871870834375 0.4997609372093023 0.8549 0.4669515627906977 0.865458334375
0 0.462992188372093 0.842079165625 0.46497187441860466 0.85829375 0.4980625 0.848866665625 0.49579999999999996 0.830764584375 0.462992188372093 0.842079165625
0 0.4050125 0.8537687500000001 0.40586093720930233 0.86960625 0.4398 0.865458334375 0.43866874883720935 0.848866665625 0.4050125 0.8537687500000001
0 0.406992188372093 0.8760187500000001 0.40642656279069767 0.891102084375 0.4412140627906977 0.8873312500000001 0.4406484372093023 0.870739584375 0.406992188372093 0.8760187500000001
9 0.40784062558139533 0.90090625 0.40755781162790694 0.9167458343750001 0.44347656279069764 0.9107125 0.44206249999999997 0.8960041656250001 0.40784062558139533 0.90090625
9 0.4714765627906977 0.891102084375 0.472607811627907 0.9020374999999999 0.503720311627907 0.8937416656250001 0.5023062511627907 0.8816750000000001 0.4714765627906977 0.891102084375
9 0.557175 0.9178770843749999 0.5563265627906977 0.93446875 0.5905484372093023 0.93446875 0.5902656255813954 0.91863125 0.557175 0.9178770843749999