2 0.3613531255813954 0.455052084375 0.40045000000000003 0.45420625000000003 0.40081406279069764 0.43912708437500003 0.36102187441860467 0.4405875 0.3613531255813954 0.455052084375
2 0.3664984372093023 0.47317708437499995 0.3664984372093023 0.48485208437500005 0.3971640627906977 0.48485208437500005 0.3971640627906977 0.472204165625 0.3664984372093023 0.47317708437499995
2 0.48660781162790695 0.560733334375 0.44806718837209303 0.5610354156249999 0.4475437511627907 0.573379165625 0.48660781162790695 0.5758125 0.48660781162790695 0.560733334375
2 0.4822265627906977 0.53933125 0.4811312488372093 0.532033334375 0.4528859372093023 0.531595834375 0.45155937441860466 0.540304165625 0.47163906279069767 0.539816665625 0.4822265627906977 0.53933125
2 0.536257811627907 0.5125770843749999 0.5369875000000001 0.522791665625 0.5672890627906977 0.5237645843750001 0.5672890627906977 0.5120916656250001 0.536257811627907 0.5125770843749999
2 0.5709390627906976 0.5417625 0.5534156255813953 0.5427354156249999 0.5311687488372093 0.542835415625 0.5315109372093023 0.557814584375 0.5709390627906976 0.557814584375 0.5709390627906976 0.5417625
2 0.6169390627906977 0.416752084375 0.617482811627907 0.43256875 0.6388437488372093 0.42939999999999995 0.6567312488372092 0.430372915625 0.6570968744186046 0.416266665625 0.6169390627906977 0.416752084375
2 0.6534468744186046 0.44934375 0.6214968744186046 0.450233334375 0.62205 0.4629625 0.6530812488372092 0.46150416562499996 0.6534468744186046 0.44934375
0 0.6214609372093023 0.4855625 0.6538109372093024 0.48631041562500005 0.6527156255813953 0.476583334375 0.621320311627907 0.47706875000000004 0.6214609372093023 0.4855625
0 0.5680187488372093 0.493120834375 0.5367890627906977 0.49198541562500003 0.535892188372093 0.498958334375 0.5676531255813954 0.49944375 0.5680187488372093 0.493120834375
0 0.48076562558139535 0.5082 0.452082811627907 0.5096499999999999 0.45155937441860466 0.517927084375 0.4811312488372093 0.5189 0.48076562558139535 0.5082
0 0.3989890627906976 0.498958334375 0.36832343720930233 0.49847083437500006 0.36795781162790697 0.5077125 0.3978937511627907 0.507227084375 0.3989890627906976 0.498958334375
7 0.367375 0.5310604156250001 0.39825937441860465 0.530575 0.39825937441860465 0.517927084375 0.36686250000000004 0.5193875 0.367375 0.5310604156250001
7 0.40190937441860464 0.549058334375 0.36255781162790696 0.5492604156249999 0.3632125 0.5617062500000001 0.40264062558139535 0.5617062500000001 0.40190937441860464 0.549058334375
7 0.447179688372093 0.46198958437500004 0.486242188372093 0.462477084375 0.48660781162790695 0.453720834375 0.4475437511627907 0.453233334375 0.447179688372093 0.46198958437500004
7 0.4522906255813954 0.48679791562499997 0.452082811627907 0.49412708437499997 0.4822265627906977 0.49360625 0.48149687441860467 0.48631041562500005 0.4522906255813954 0.48679791562499997
7 0.5669234372093023 0.46685416562500004 0.5371906255813954 0.4673625 0.5355265627906977 0.476583334375 0.5672890627906977 0.47706875000000004 0.5669234372093023 0.46685416562500004
7 0.5720343744186047 0.43523750000000005 0.5319718744186046 0.43524583437500003 0.532242188372093 0.44642499999999996 0.5720343744186047 0.44642499999999996 0.5720343744186047 0.43523750000000005
7 0.62205 0.496525 0.6214968744186046 0.510185415625 0.6527156255813953 0.5077125 0.6527156255813953 0.495066665625 0.62205 0.496525
7 0.6574625 0.5286291656250001 0.6194937511627907 0.5286291656250001 0.6173031255813953 0.539816665625 0.6570968744186046 0.538358334375 0.6574625 0.5286291656250001