2 0.3984140627906977 0.5936895843750001 0.3593312511627907 0.5959125000000001 0.35791093720930234 0.610779165625 0.3980765627906977 0.610779165625 0.3984140627906977 0.5936895843750001
2 0.39402656279069764 0.62786875 0.3645265627906977 0.627089584375 0.3646609372093023 0.6391125 0.39503906279069767 0.6386625 0.39402656279069764 0.62786875
2 0.4848234372093023 0.7164645843749999 0.4456687511627907 0.7164645843749999 0.4463437511627907 0.72860625 0.48414843720930234 0.7304062499999999 0.4848234372093023 0.7164645843749999
2 0.5688687511627907 0.698475 0.5300515627906977 0.698925 0.5290390627906977 0.712416665625 0.5678562511627907 0.713766665625 0.5688687511627907 0.698475
2 0.47874687441860464 0.68858125 0.4497187511627907 0.68813125 0.45005625116279074 0.695327084375 0.4784093744186046 0.695327084375 0.47874687441860464 0.68858125
2 0.5348937488372093 0.668660415625 0.5341031255813954 0.6786875 0.565492188372093 0.6782375 0.564817188372093 0.666545834375 0.5348937488372093 0.668660415625
2 0.6498750000000001 0.6040333343750001 0.6187781255813953 0.604325 0.6194984372093023 0.618425 0.65055 0.618425 0.6498750000000001 0.6040333343750001
2 0.6546015627906977 0.571654165625 0.6147718744186046 0.573002084375 0.6151093744186046 0.58739375 0.6542640627906977 0.586045834375 0.6546015627906977 0.571654165625
7 0.39638906279069763 0.674191665625 0.3653359372093023 0.6737416656249999 0.3656734372093023 0.685433334375 0.39638906279069763 0.684983334375 0.39638906279069763 0.674191665625
7 0.4004390627906977 0.715114584375 0.4011156255813953 0.703422915625 0.3606109372093023 0.705670834375 0.36128593720930235 0.7164645843749999 0.38322500000000004 0.7191625 0.4004390627906977 0.715114584375
7 0.4838093744186046 0.610779165625 0.46693281162790695 0.610779165625 0.4447 0.6082854156249999 0.4443187488372093 0.617975 0.48414843720930234 0.619325 0.4838093744186046 0.610779165625
7 0.4794218744186047 0.641360415625 0.44878281162790695 0.640947915625 0.4476937488372093 0.64810625 0.4797593744186046 0.64990625 0.4794218744186047 0.641360415625
7 0.5678562511627907 0.591441665625 0.5293265627906977 0.59046875 0.5297140627906977 0.600435415625 0.5681937511627907 0.600885415625 0.5678562511627907 0.591441665625
7 0.563467188372093 0.622472915625 0.5341031255813954 0.621572915625 0.5337640627906977 0.633266665625 0.563804688372093 0.632366665625 0.563467188372093 0.622472915625
7 0.6502125000000001 0.6512541656249999 0.6202624999999999 0.650845834375 0.6194984372093023 0.665195834375 0.6508875 0.6642958343750001 0.6502125000000001 0.6512541656249999
7 0.6542640627906977 0.692629165625 0.6546015627906977 0.6827354156250001 0.6150656255813954 0.6849937500000001 0.6147718744186046 0.6948770843750001 0.6353624999999999 0.695327084375 0.6542640627906977 0.692629165625
0 0.6498750000000001 0.630566665625 0.6191500000000001 0.630554165625 0.6194984372093023 0.6431604156249999 0.65055 0.643610415625 0.6498750000000001 0.630566665625
0 0.564817188372093 0.6485562500000001 0.5341515627906976 0.648370834375 0.5341031255813954 0.655752084375 0.563804688372093 0.655752084375 0.564817188372093 0.6485562500000001
0 0.4797593744186046 0.6642958343750001 0.4491531255813953 0.66420625 0.4483687511627907 0.674639584375 0.4794218744186047 0.674191665625 0.4797593744186046 0.6642958343750001
0 0.39537656279069766 0.653954165625 0.3648984372093023 0.6553 0.36364843720930234 0.662947915625 0.3957140627906977 0.662497915625 0.39537656279069766 0.653954165625