7 0.33791718837209306 0.5718 0.33910156279069764 0.562329165625 0.2961812511627907 0.558183334375 0.2964562488372093 0.56864375 0.3118562488372093 0.5702208343749999 0.32370156279069773 0.5707479156249999 0.33791718837209306 0.5718
7 0.301825 0.5911833343749999 0.3023781255813953 0.6012625 0.3335734372093023 0.6012625 0.33317812558139537 0.59284375 0.301825 0.5911833343749999
7 0.41819531162790696 0.641554165625 0.4183765627906977 0.65535 0.44996562558139536 0.6542979156250001 0.44917656279069773 0.643777084375 0.41819531162790696 0.641554165625
7 0.44285781162790694 0.685864584375 0.45351875116279067 0.6848124999999999 0.45272968837209304 0.673239584375 0.43456562558139533 0.673239584375 0.41037968837209304 0.6710791656249999 0.4108734372093023 0.676395834375 0.41284843720930237 0.683760415625 0.42903749999999996 0.6848124999999999 0.44285781162790694 0.685864584375
7 0.5237093744186047 0.6566062500000001 0.5243343744186046 0.66776875 0.5539499999999999 0.666189584375 0.5547390627906977 0.6540895843750001 0.5237093744186047 0.6566062500000001
7 0.559082811627907 0.696179165625 0.5586875 0.686708334375 0.5409187488372094 0.687760415625 0.5184984372093023 0.687291665625 0.5199906255813953 0.6946 0.521175 0.699335415625 0.538945311627907 0.698283334375 0.559082811627907 0.696179165625
7 0.6585718744186047 0.660141665625 0.6427781255813954 0.6632979156250001 0.6270531255813953 0.6612375 0.6273781255813954 0.6743458343750001 0.6447515627906977 0.674872915625 0.658967188372093 0.672766665625 0.6585718744186047 0.660141665625
7 0.6530437488372093 0.7059124999999999 0.6633109372093023 0.7032812500000001 0.6629156255813954 0.691708334375 0.6415937488372093 0.695916665625 0.623145311627907 0.69308125 0.6242187488372093 0.6996 0.6246140627906976 0.706964584375 0.6404078116279069 0.707491665625 0.6530437488372093 0.7059124999999999
2 0.6557234372093023 0.612041665625 0.639929688372093 0.617829165625 0.6240125 0.6155 0.6249250000000001 0.629929165625 0.6395343744186046 0.629929165625 0.6561187488372092 0.6273 0.6557234372093023 0.612041665625
2 0.6474312511627908 0.598889584375 0.6604625 0.5962583343750001 0.6612515627906976 0.579422915625 0.648617188372093 0.5831062499999999 0.6344015627906976 0.584158334375 0.6192375 0.5825 0.6201859372093024 0.589945834375 0.6205812511627907 0.598889584375 0.6347968744186047 0.5999416656250001 0.6474312511627908 0.598889584375
2 0.5470890627906977 0.590102084375 0.5601187511627908 0.587997915625 0.5577500000000001 0.57431875 0.5328734372093024 0.577475 0.5158937511627907 0.576710415625 0.5162890627906976 0.582735415625 0.5174734372093023 0.590102084375 0.5316890627906976 0.591154165625 0.5470890627906977 0.590102084375
2 0.44962187441860463 0.5787875 0.45514999999999994 0.578260415625 0.45514999999999994 0.563002084375 0.4358015627906977 0.563529165625 0.4134187511627907 0.5622375 0.4129 0.5666854156250001 0.4136890627906977 0.57668125 0.43145937441860466 0.5787875 0.44962187441860463 0.5787875
2 0.5228406255813953 0.6085520843750001 0.521882811627907 0.6235062499999999 0.5546562511627907 0.621402084375 0.5534718744186047 0.6077229156249999 0.5228406255813953 0.6085520843750001
2 0.4173265627906977 0.594658334375 0.4179875 0.607933334375 0.448392188372093 0.607408334375 0.4495765627906977 0.596360415625 0.4173265627906977 0.594658334375
2 0.3005234372093023 0.63634375 0.3010140627906977 0.6467125 0.3337875 0.6467125 0.3337875 0.6388208343749999 0.3005234372093023 0.63634375
0 0.3021984372093023 0.61461875 0.3018031255813953 0.62619375 0.33220781162790697 0.62619375 0.3326031255813953 0.61461875 0.3021984372093023 0.61461875
0 0.41776093720930235 0.618975 0.4177343744186046 0.632360415625 0.448929688372093 0.632360415625 0.44932343720930235 0.620785415625 0.41776093720930235 0.618975
0 0.5219718744186046 0.63286875 0.522429688372093 0.6440958343750001 0.5544140627906976 0.642516665625 0.5536234372093023 0.629364584375 0.5219718744186046 0.63286875
0 0.62575 0.6392375 0.6266437511627907 0.6532 0.6590234372093023 0.651622915625 0.6574437488372092 0.63846875 0.62575 0.6392375
2 0.33685 0.682083334375 0.33724531162790694 0.667352084375 0.3178968744186047 0.66893125 0.294917188372093 0.6647645843750001 0.2949937511627907 0.66945625 0.29736406279069766 0.68050625 0.31473749999999995 0.681558334375 0.33685 0.682083334375