7 0.34435000000000004 0.19966875 0.34472968837209306 0.187529165625 0.32992187441860465 0.185504165625 0.302325 0.184889584375 0.3025859372093023 0.194610415625 0.3189109372093023 0.19511666562500002 0.32878281162790696 0.19511666562500002 0.34435000000000004 0.19966875
7 0.3079015627906977 0.21788124999999997 0.3086609372093023 0.22648125000000002 0.31663281162790696 0.22597499999999998 0.3322 0.22749375 0.3397937488372093 0.230022915625 0.33990156279069766 0.219960415625 0.32764375116279065 0.21788124999999997 0.32005 0.21788124999999997 0.3079015627906977 0.21788124999999997
7 0.457595311627907 0.26949375 0.440129688372093 0.2689875 0.425492188372093 0.26894999999999997 0.42570312558139534 0.280622915625 0.4359531255813954 0.281129165625 0.457595311627907 0.282645834375 0.457595311627907 0.26949375
7 0.45303906279069767 0.31249375 0.46215156279069763 0.314010415625 0.4625312488372093 0.30288125 0.45152031162790696 0.300858334375 0.4412687488372093 0.299845834375 0.41964687441860465 0.299566665625 0.41962812558139534 0.30541041562500004 0.420007811627907 0.31249375 0.43709218837209307 0.313 0.45303906279069767 0.31249375
7 0.5631234372093024 0.283152084375 0.5498343744186046 0.282645834375 0.5311234372093023 0.28509375000000003 0.5316109372093023 0.2958 0.5418609372093023 0.2947875 0.5635031255813954 0.29428125 0.5631234372093024 0.283152084375
7 0.5680593744186047 0.325139584375 0.567679688372093 0.31148125000000004 0.5471765627906977 0.31249375 0.527782811627907 0.315154165625 0.5285734372093023 0.32665833437499997 0.5445187511627907 0.325645834375 0.5570484372093023 0.325645834375 0.5680593744186047 0.325139584375
7 0.6665968744186047 0.28881875 0.6468531255813953 0.293370834375 0.6350843744186047 0.29121666562500004 0.6362218744186047 0.30450208437500004 0.650270311627907 0.303995834375 0.6665968744186047 0.302477084375 0.6665968744186047 0.28881875
7 0.6730515627906977 0.318666665625 0.6517890627906977 0.319677084375 0.630907811627907 0.32321875 0.631667188372093 0.335864584375 0.6544468744186046 0.333841665625 0.6726718744186045 0.33181875 0.6730515627906977 0.318666665625
0 0.634667188372093 0.266722915625 0.634704688372093 0.28021875 0.6658375000000001 0.2797125 0.666217188372093 0.267066665625 0.634667188372093 0.266722915625
0 0.5307375 0.259877084375 0.5314031255813954 0.270116665625 0.5622343744186047 0.26838541562499996 0.5622343744186047 0.260170834375 0.5307375 0.259877084375
0 0.425454688372093 0.24798125 0.42579687441860464 0.25882499999999997 0.45630468837209304 0.259258334375 0.45630468837209304 0.248447915625 0.425454688372093 0.24798125
0 0.30839375116279066 0.238939584375 0.30843906279069766 0.25277083437500003 0.3382968744186047 0.25320416562500003 0.339270311627907 0.2406625 0.30839375116279066 0.238939584375
2 0.30746562558139534 0.26487916562499997 0.30696562558139534 0.27558125 0.3405687488372093 0.276122915625 0.341867188372093 0.266608334375 0.30746562558139534 0.26487916562499997
2 0.3447890627906977 0.299041665625 0.3279125 0.294283334375 0.3019687511627907 0.29271250000000004 0.30259687441860467 0.307689584375 0.32077187441860466 0.30725625 0.34413906279069767 0.309852084375 0.3447890627906977 0.299041665625
2 0.4613625 0.20561875000000002 0.4610390627906976 0.187889584375 0.44156562558139534 0.188754165625 0.42081562558139535 0.1885 0.420470311627907 0.19696875 0.420470311627907 0.205185415625 0.43994218837209303 0.20475416562499998 0.4613625 0.20561875000000002
2 0.45649531162790696 0.22205 0.4357234372093023 0.222914584375 0.4243843744186046 0.22276041562499999 0.42501406279069764 0.23502291562500002 0.446757811627907 0.234158334375 0.4577937511627907 0.23502291562500002 0.45649531162790696 0.22205
2 0.561195311627907 0.215520834375 0.5676859372093023 0.21638541562500002 0.5676859372093023 0.202547915625 0.544967188372093 0.202114584375 0.5257421883720931 0.202775 0.525495311627907 0.21076458437499998 0.525495311627907 0.218114584375 0.5413968744186046 0.21638541562500002 0.561195311627907 0.215520834375
2 0.561529688372093 0.2345625 0.5491968744186047 0.235427084375 0.5307375 0.23751250000000002 0.5313468744186046 0.250129165625 0.5462765627906977 0.24969791562500002 0.5621796883720931 0.24926458437500001 0.561529688372093 0.2345625
2 0.6699468744186047 0.22305833437499997 0.6692984372093024 0.20619375 0.649825 0.20792291562499998 0.6285265627906976 0.208485415625 0.6284046883720931 0.21484166562499998 0.6293781255813953 0.225220834375 0.6485265627906976 0.22349166562499997 0.6699468744186047 0.22305833437499997
2 0.633167188372093 0.24227083437500002 0.6339218744186047 0.25505833437500003 0.6663765627906977 0.25548958437499997 0.6660531255813954 0.24035625 0.633167188372093 0.24227083437500002