0 0.30532031162790696 0.44593125 0.305229688372093 0.457960415625 0.3355531255813954 0.4591 0.3355531255813954 0.4482875 0.30532031162790696 0.44593125
0 0.42179218837209304 0.451566665625 0.4222515627906977 0.4625125 0.4512937488372093 0.464220834375 0.4521484372093023 0.45454791562499997 0.42179218837209304 0.451566665625
0 0.5265234372093023 0.46471666562499997 0.5273140627906977 0.47503333437500006 0.5576375 0.47389374999999995 0.5572109372093024 0.464220834375 0.5265234372093023 0.46471666562499997
0 0.6298468744186047 0.47285625 0.630232811627907 0.484822915625 0.6614109372093023 0.48254583437500004 0.660982811627907 0.472872915625 0.6298468744186047 0.47285625
7 0.6306609372093024 0.497910415625 0.6303156255813953 0.509177084375 0.6614109372093023 0.506445834375 0.660982811627907 0.492220834375 0.6306609372093024 0.497910415625
7 0.6682437488372093 0.52351875 0.648170311627907 0.5263625000000001 0.625620311627907 0.526710415625 0.6263890627906977 0.540020834375 0.647317188372093 0.5394520843749999 0.6669625 0.53660625 0.6682437488372093 0.52351875
7 0.526054688372093 0.4891375 0.5263390627906976 0.500754165625 0.5587968744186047 0.498477084375 0.5587968744186047 0.487095834375 0.526054688372093 0.4891375
7 0.5232359372093024 0.519820834375 0.5242031255813954 0.532052084375 0.5630687488372093 0.53034375 0.563495311627907 0.51725625 0.5232359372093024 0.519820834375
7 0.4213234372093024 0.47285625 0.42117343720930234 0.48572499999999996 0.45277656279069767 0.48572499999999996 0.45320468837209305 0.47206875000000004 0.4213234372093024 0.47285625
7 0.45790156279069766 0.503935415625 0.4147484372093023 0.5047937499999999 0.4151937488372093 0.513039584375 0.4160484372093023 0.5170229156249999 0.4570484372093024 0.5192979156249999 0.45790156279069766 0.503935415625
7 0.30532031162790696 0.42088333437500003 0.304807811627907 0.432220834375 0.338120311627907 0.433358334375 0.33726562558139533 0.42482291562499996 0.30532031162790696 0.42088333437500003
7 0.34025625116279073 0.393525 0.298745311627907 0.38957291562499996 0.29754687441860467 0.400922915625 0.3223187488372093 0.40149166562499994 0.34110937441860467 0.40376874999999995 0.34025625116279073 0.393525
2 0.303442188372093 0.46909999999999996 0.3035265627906977 0.47945000000000004 0.3359843744186046 0.480589584375 0.3359843744186046 0.470914584375 0.303442188372093 0.46909999999999996
2 0.3415375 0.5010749999999999 0.3197562511627907 0.498797915625 0.298745311627907 0.497279165625 0.2988281255813953 0.512454165625 0.32573437441860464 0.51359375 0.33982812558139536 0.5141625000000001 0.3415375 0.5010749999999999
2 0.4203843744186046 0.425891665625 0.42091093720930234 0.439504165625 0.4520890627906977 0.44007291562499995 0.4520890627906977 0.42527708437499995 0.4203843744186046 0.425891665625
2 0.45678749999999996 0.41048125 0.45593281162790694 0.39511875 0.41662656279069765 0.39395625 0.41621406279069767 0.399102084375 0.4157859372093023 0.408775 0.43457812558139536 0.41048125 0.45678749999999996 0.41048125
2 0.5608843744186046 0.40832499999999994 0.521357811627907 0.408985415625 0.5220187511627907 0.42368958437500004 0.5442281255813953 0.423120834375 0.5621656255813954 0.42198125 0.5608843744186046 0.40832499999999994
2 0.526717188372093 0.44360625000000004 0.526054688372093 0.45407083437500007 0.557895311627907 0.451572915625 0.5570406255813953 0.441329165625 0.526717188372093 0.44360625000000004
2 0.6293765627906976 0.447808334375 0.6282015627906976 0.460739584375 0.6598062511627907 0.46017083437500006 0.6598062511627907 0.44708125 0.6293765627906976 0.447808334375
2 0.6649312488372093 0.42887291562499996 0.6653593744186047 0.412370834375 0.6427234372093024 0.41521666562500004 0.6228015627906976 0.41336874999999995 0.6230765627906978 0.42090625 0.6230765627906978 0.429441665625 0.6504109372093023 0.429441665625 0.6649312488372093 0.42887291562499996