2 0.5277609372093024 0.46535000000000004 0.5286093744186047 0.48156458437499994 0.5701843744186047 0.47515416562499996 0.5693359372093023 0.459691665625 0.5277609372093024 0.46535000000000004
2 0.6027109372093024 0.46497291562500004 0.6029937488372092 0.478925 0.6423062511627907 0.478547915625 0.6434375000000001 0.464595834375 0.6027109372093024 0.46497291562500004
2 0.608367188372093 0.49815833437499996 0.6086499999999999 0.5079625 0.6403265627906977 0.5068312500000001 0.6397609372093023 0.497027084375 0.608367188372093 0.49815833437499996
2 0.5348312488372093 0.497404165625 0.5353968744186046 0.510602084375 0.5673562511627906 0.507585415625 0.566225 0.492877084375 0.5348312488372093 0.497404165625
2 0.41660781162790694 0.556608334375 0.41717343720930233 0.5754645843749999 0.45761874883720927 0.573579165625 0.45761874883720927 0.555854165625 0.41660781162790694 0.556608334375
2 0.4197187488372093 0.526816665625 0.42028437441860467 0.541525 0.4525281255813954 0.540016665625 0.4519625 0.527570834375 0.4197187488372093 0.526816665625
2 0.3150718744186047 0.5426562500000001 0.3147890627906977 0.561133334375 0.3563656255813954 0.560002084375 0.355517188372093 0.542279165625 0.3150718744186047 0.5426562500000001
2 0.318182811627907 0.513995834375 0.3184656255813954 0.526816665625 0.35042656279069767 0.52719375 0.34957812558139534 0.516258334375 0.318182811627907 0.513995834375
0 0.318182811627907 0.490614584375 0.3179 0.50230625 0.3501437511627907 0.500797915625 0.350992188372093 0.489483334375 0.318182811627907 0.490614584375
0 0.42028437441860467 0.501929165625 0.42056718837209306 0.515504165625 0.4513968744186046 0.51361875 0.4519625 0.50230625 0.42028437441860467 0.501929165625
0 0.536245311627907 0.5219145843749999 0.5368109372093023 0.5302125 0.5673562511627906 0.5260625 0.5673562511627906 0.51814375 0.536245311627907 0.5219145843749999
0 0.6092156255813953 0.520029165625 0.608932811627907 0.53134375 0.6406093744186047 0.530589584375 0.6403265627906977 0.52040625 0.6092156255813953 0.520029165625
7 0.6097812511627907 0.5426562500000001 0.610629688372093 0.5543458343750001 0.640892188372093 0.5543458343750001 0.640892188372093 0.5426562500000001 0.6097812511627907 0.5426562500000001
7 0.6046906255813954 0.5750875 0.6061046883720931 0.585645834375 0.6468312488372092 0.586022915625 0.6462656255813954 0.573579165625 0.6046906255813954 0.5750875
7 0.533982811627907 0.574710415625 0.5351140627906977 0.586022915625 0.5749921883720931 0.583760415625 0.5744265627906977 0.57169375 0.533982811627907 0.574710415625
7 0.5376593744186047 0.5437875 0.538225 0.555854165625 0.568204688372093 0.55170625 0.568204688372093 0.54039375 0.5376593744186047 0.5437875
7 0.42000156279069767 0.48156458437499994 0.42085 0.49476250000000005 0.4511140627906977 0.49438541562499994 0.4519625 0.48194166562499996 0.42000156279069767 0.48156458437499994
7 0.41575937441860467 0.4498875 0.41604218837209306 0.46346458437500004 0.4550734372093023 0.461579165625 0.4553562511627907 0.448379165625 0.41575937441860467 0.4498875
7 0.31196093720930235 0.436689584375 0.313375 0.45064166562499997 0.3552343744186046 0.4498875 0.35495156279069773 0.43744375 0.31196093720930235 0.436689584375
7 0.3170515627906977 0.46874374999999996 0.317617188372093 0.48194166562499996 0.350992188372093 0.48005624999999996 0.3501437511627907 0.467989584375 0.3170515627906977 0.46874374999999996