0 0.3060625 0.33061875 0.30579843720930233 0.34430625 0.33606562558139536 0.344989584375 0.33734843720930235 0.3357625 0.3060625 0.33061875
0 0.42283437441860466 0.337764584375 0.42306875116279075 0.350595834375 0.45359218837209303 0.350595834375 0.4543609372093023 0.338291665625 0.42283437441860466 0.337764584375
0 0.5295656255813954 0.352033334375 0.5295656255813954 0.362627084375 0.5600890627906977 0.36091875 0.5593187488372093 0.350664584375 0.5295656255813954 0.352033334375
0 0.631557811627907 0.358072915625 0.632607811627907 0.3720625 0.6623609372093023 0.37001041562500003 0.6626187511627907 0.3601 0.631557811627907 0.358072915625
7 0.6318390627906976 0.3806375 0.6328640627906977 0.39837708437499997 0.6636437511627906 0.394616665625 0.6631312488372093 0.380264584375 0.6318390627906976 0.3806375
7 0.6703125 0.409995834375 0.6276093744186046 0.411475 0.6279906255813954 0.425375 0.6474843744186046 0.424691665625 0.6705687488372093 0.42435 0.6703125 0.409995834375
7 0.5661125 0.40518333437500004 0.5240937511627907 0.40621041562500004 0.5243046883720931 0.41817083437499997 0.547132811627907 0.417485415625 0.5666265627906977 0.41714375 0.5661125 0.40518333437500004
7 0.530017188372093 0.37537291562499997 0.5302031255813954 0.386045834375 0.5617531255813953 0.384677084375 0.5622656255813954 0.376477084375 0.530017188372093 0.37537291562499997
7 0.4236812511627907 0.361458334375 0.42298281162790696 0.372783334375 0.4550437511627907 0.372783334375 0.4550437511627907 0.360820834375 0.4236812511627907 0.361458334375
7 0.459917188372093 0.3912375 0.417475 0.391166665625 0.41708281162790695 0.40490624999999997 0.442732811627907 0.40524791562500007 0.459917188372093 0.40524791562500007 0.459917188372093 0.3912375
7 0.3434187511627907 0.278708334375 0.30098593720930233 0.27533541562499997 0.2998140627906977 0.285202084375 0.32392499999999996 0.286910415625 0.3423937488372093 0.289985415625 0.3434187511627907 0.278708334375
7 0.33803281162790694 0.31015000000000004 0.30662656279069767 0.306927084375 0.30545781162790697 0.32074375 0.32392499999999996 0.31971875 0.3372625 0.321427084375 0.33803281162790694 0.31015000000000004
2 0.3060625 0.355064584375 0.30524531162790697 0.366758334375 0.33756406279069767 0.367441665625 0.337820311627907 0.35753124999999997 0.3060625 0.355064584375
2 0.3426937511627907 0.40161666562500004 0.3426937511627907 0.387945834375 0.32243124883720925 0.3841875 0.30155000000000004 0.38439791562500003 0.3003718744186047 0.39102291562499997 0.30062812558139534 0.40264166562500003 0.325507811627907 0.401958334375 0.3426937511627907 0.40161666562500004
2 0.4604640627906977 0.29701875 0.460720311627907 0.28163958437500003 0.444817188372093 0.28095625 0.4180390627906977 0.2806 0.41711562558139537 0.285739584375 0.41762812558139534 0.29701875 0.438917188372093 0.295991665625 0.4604640627906977 0.29701875
2 0.42311718837209306 0.31482291562500003 0.4230156255813953 0.33016875 0.4537953116279069 0.329141665625 0.45328125116279067 0.31410625 0.42311718837209306 0.31482291562500003
2 0.5650562511627907 0.308910415625 0.5645437488372094 0.293872915625 0.549667188372093 0.292847915625 0.5224015627906977 0.29564375 0.5224781255813954 0.301733334375 0.5224781255813954 0.310960415625 0.5386375 0.308227084375 0.5650562511627907 0.308910415625
2 0.559157811627907 0.32668125 0.5453062488372092 0.324289584375 0.5277609372093024 0.329491665625 0.5288906255813953 0.34171874999999996 0.543254688372093 0.339327084375 0.559157811627907 0.338985415625 0.559157811627907 0.32668125
2 0.6624031255813954 0.334045834375 0.6303406255813954 0.335070834375 0.630854688372093 0.34566458437500003 0.6416265627906977 0.34566458437500003 0.6618906255813954 0.345322915625 0.6624031255813954 0.334045834375
2 0.647782811627907 0.31490625 0.6667640627906977 0.314564584375 0.667020311627907 0.299185415625 0.6480390627906977 0.300895834375 0.6256343744186047 0.30053333437499996 0.6249546883720931 0.30670416562499997 0.6252109372093023 0.315247915625 0.6372656255813954 0.31490625 0.647782811627907 0.31490625