2 0.4012875 0.38965625 0.36161249999999995 0.391977084375 0.3602812511627907 0.40736249999999996 0.40204687441860465 0.40685625 0.4012875 0.38965625
2 0.39749062558139536 0.42355 0.3666218744186046 0.42426458437500003 0.367495311627907 0.435691665625 0.3967312488372093 0.435691665625 0.39749062558139536 0.42355
2 0.48644843720930236 0.514447915625 0.448367188372093 0.513595834375 0.4495062511627907 0.5272541656249999 0.4874734372093023 0.52624375 0.48644843720930236 0.514447915625
2 0.5717625000000001 0.49538541562500005 0.5318953116279069 0.496395834375 0.5337937488372093 0.511066665625 0.5717625000000001 0.511572915625 0.5717625000000001 0.49538541562500005
2 0.48329687441860464 0.48526666562500004 0.451795311627907 0.483829165625 0.4525437488372093 0.49336041562500005 0.48215781162790694 0.49285625 0.48329687441860464 0.48526666562500004
2 0.53655 0.46601666562500005 0.5360718744186047 0.476666665625 0.5672062488372093 0.476666665625 0.5672062488372093 0.46654999999999996 0.53655 0.46601666562500005
2 0.6179656255813953 0.38418333437499996 0.6575687511627908 0.383585415625 0.6568093744186045 0.368410415625 0.618842188372093 0.368914584375 0.6179656255813953 0.38418333437499996
2 0.652632811627907 0.40129166562499996 0.6221406255813954 0.401997915625 0.6226390627906977 0.4159625 0.6530125 0.41495 0.652632811627907 0.40129166562499996
0 0.6530125 0.44226875000000004 0.6541515627906976 0.427597915625 0.6233937488372092 0.4281625 0.6233984372093023 0.43215000000000003 0.6237781255813954 0.4417625 0.6530125 0.44226875000000004
0 0.5675859372093023 0.445302084375 0.5369687511627906 0.44597499999999995 0.5364515627906977 0.451879165625 0.5668265627906977 0.45086875 0.5675859372093023 0.445302084375
0 0.48367656279069765 0.46047916562499996 0.452629688372093 0.46100624999999995 0.45330312558139535 0.472114584375 0.4825375 0.472114584375 0.48367656279069765 0.46047916562499996
0 0.398629688372093 0.45086875 0.36745625116279074 0.450429165625 0.36863437441860464 0.45946666562500005 0.39825 0.45946666562500005 0.398629688372093 0.45086875
7 0.3990093744186046 0.471102084375 0.367875 0.47046875000000005 0.367875 0.48223125 0.39825 0.48324375 0.3990093744186046 0.471102084375
7 0.40318593720930235 0.50044375 0.36161249999999995 0.50164375 0.3648375 0.5156208343750001 0.40356562558139536 0.513091665625 0.40318593720930235 0.50044375
7 0.4817781255813953 0.437714584375 0.45304687441860464 0.43706875 0.45330312558139535 0.446820834375 0.4825375 0.447327084375 0.4817781255813953 0.437714584375
7 0.4878531255813954 0.40786875 0.448367188372093 0.40736249999999996 0.448367188372093 0.41646875000000005 0.488232811627907 0.41545624999999997 0.4878531255813954 0.40786875
7 0.5334140627906977 0.38915 0.532792188372093 0.39754375 0.5717625000000001 0.39825625 0.571382811627907 0.388139584375 0.5334140627906977 0.38915
7 0.568345311627907 0.419504165625 0.5373859372093023 0.41925416562500006 0.5375906255813954 0.429620834375 0.568725 0.429114584375 0.568345311627907 0.419504165625
7 0.6233937488372092 0.46100624999999995 0.653392188372093 0.46047916562499996 0.6530125 0.44884375 0.6237781255813954 0.44833749999999994 0.6233937488372092 0.46100624999999995
7 0.6583281255813954 0.479195834375 0.6196359372093023 0.480489584375 0.6196015627906977 0.49133750000000004 0.6594671883720931 0.49133750000000004 0.6583281255813954 0.479195834375