2 0.341142188372093 0.45060625 0.32264374883720925 0.44887499999999997 0.2994718744186047 0.44784166562500005 0.299275 0.46011875 0.32167031162790694 0.461416665625 0.34016874883720927 0.461416665625 0.341142188372093 0.45060625
2 0.304467188372093 0.41691041562500003 0.3041437511627907 0.42595625000000004 0.3353 0.42768750000000005 0.33594999999999997 0.41990416562500005 0.304467188372093 0.41691041562500003
2 0.45662812558139537 0.358485415625 0.45727812558139536 0.344647915625 0.4429984372093023 0.342485415625 0.41653281162790695 0.342677084375 0.41573593720930235 0.348539584375 0.41670937441860467 0.35935 0.43812968837209304 0.358052084375 0.45662812558139537 0.358485415625
2 0.420457811627907 0.377891665625 0.42060312558139534 0.38875625 0.4524093744186047 0.388322915625 0.45273437441860465 0.376647915625 0.420457811627907 0.377891665625
2 0.5600140627906977 0.355375 0.539567188372093 0.35623958437500003 0.5203875 0.357904165625 0.5204187488372093 0.37094375 0.539892188372093 0.370077084375 0.5596890627906976 0.370510415625 0.5600140627906977 0.355375
2 0.6645687511627907 0.361860415625 0.6441234372093023 0.36315624999999996 0.6228171883720931 0.363139584375 0.624 0.378291665625 0.646070311627907 0.377860415625 0.6652187488372093 0.377427084375 0.6645687511627907 0.361860415625
2 0.6288843744186047 0.39692500000000003 0.6288687511627907 0.40856250000000005 0.6613234372093023 0.408129165625 0.6619734372093022 0.39515625 0.6288843744186047 0.39692500000000003
2 0.5587218744186047 0.38971041562500003 0.5260984372093024 0.392166665625 0.5262671883720931 0.402683334375 0.5483375 0.40138541562499996 0.5587218744186047 0.40095416562499997 0.5587218744186047 0.38971041562500003
0 0.6288843744186047 0.42071875 0.6288312511627907 0.43321875 0.6612859372093024 0.432352084375 0.6612859372093024 0.421110415625 0.6288843744186047 0.42071875
0 0.5262734372093023 0.41419166562500004 0.5269218744186046 0.42413749999999995 0.5590531255813953 0.42327291562499997 0.5590531255813953 0.413327084375 0.5262734372093023 0.41419166562500004
0 0.42152812558139535 0.401208334375 0.4217562488372093 0.41168125 0.45226406279069764 0.412114584375 0.4529125 0.40130416562500004 0.42152812558139535 0.401208334375
0 0.3041109372093024 0.39311875 0.3038843744186046 0.4053625 0.33666406279069766 0.405795834375 0.3369890627906976 0.396714584375 0.3041109372093024 0.39311875
7 0.3406218744186047 0.342272915625 0.300542188372093 0.338870834375 0.30037812558139537 0.348758334375 0.3195265627906977 0.34962291562500003 0.34094687441860466 0.35221874999999997 0.3406218744186047 0.342272915625
7 0.3051812488372093 0.369325 0.30427187441860465 0.381622915625 0.335429688372093 0.382920834375 0.335104688372093 0.371245834375 0.3051812488372093 0.369325
7 0.452532811627907 0.42380625 0.42152812558139535 0.423097915625 0.42169999999999996 0.434616665625 0.43825156279069766 0.435914584375 0.45318125116279073 0.43548125000000004 0.452532811627907 0.42380625
7 0.45675156279069773 0.452739584375 0.4324109372093023 0.45230625 0.41546093720930233 0.45065625000000004 0.41650781162790695 0.46614374999999997 0.43046249999999997 0.467008334375 0.45642656279069765 0.467008334375 0.45675156279069773 0.452739584375
7 0.5580109372093023 0.43505000000000005 0.5382140627906977 0.43634583437499996 0.5275265627906977 0.43737291562499997 0.5288015627906977 0.448454165625 0.5398359372093023 0.446725 0.5580109372093023 0.44715833437499997 0.5580109372093023 0.43505000000000005
7 0.5632031255813954 0.466616665625 0.544054688372093 0.468345834375 0.522529688372093 0.46830416562500005 0.5232843744186046 0.480454165625 0.5456781255813954 0.478725 0.5632031255813954 0.47829166562500003 0.5632031255813954 0.466616665625
7 0.6620093744186047 0.440927084375 0.646429688372093 0.442225 0.6310250000000001 0.444035415625 0.6302031255813954 0.456927084375 0.6435093744186046 0.45563125 0.6620093744186047 0.454764584375 0.6620093744186047 0.440927084375
7 0.6672015627906978 0.47292708437500003 0.647079688372093 0.474225 0.6271000000000001 0.475441665625 0.626957811627907 0.48546875 0.6435093744186046 0.486333334375 0.6672015627906978 0.4859 0.6672015627906978 0.47292708437500003