2 0.49201249999999996 0.568583334375 0.46339687441860467 0.568583334375 0.4626031255813953 0.577591665625 0.4916140627906977 0.574410415625 0.49201249999999996 0.568583334375
2 0.4967812511627907 0.597727084375 0.459820311627907 0.59825625 0.45664062558139534 0.609914584375 0.4947937511627907 0.6104437500000001 0.4967812511627907 0.597727084375
2 0.5683171883720931 0.49280625 0.5381140627906977 0.494927084375 0.5373187511627907 0.504464584375 0.5667281255813954 0.503404165625 0.5683171883720931 0.49280625
2 0.5714968744186046 0.45677291562500005 0.531357811627907 0.463133334375 0.531754688372093 0.477439584375 0.5714968744186046 0.47373125 0.5714968744186046 0.45677291562500005
2 0.6795968744186046 0.5595749999999999 0.6485968744186047 0.5590437500000001 0.6505843744186046 0.5717625 0.6780062488372093 0.5712312500000001 0.6795968744186046 0.5595749999999999
2 0.6827765627906978 0.590308334375 0.6446234372093024 0.5918979156249999 0.643032811627907 0.6030249999999999 0.6815843744186046 0.604085415625 0.6827765627906978 0.590308334375
2 0.7622609372093023 0.48909791562500005 0.7253000000000001 0.49068750000000005 0.7253000000000001 0.503935415625 0.7618640627906976 0.503404165625 0.7622609372093023 0.48909791562500005
2 0.7586843744186047 0.52248125 0.7288765627906977 0.5246000000000001 0.7268906255813954 0.534139584375 0.759479688372093 0.534139584375 0.7586843744186047 0.52248125
0 0.570304688372093 0.5171812499999999 0.5397031255813953 0.51983125 0.5389078116279069 0.529370834375 0.5695093744186046 0.528310415625 0.570304688372093 0.5171812499999999
0 0.6791984372093023 0.5389083343750001 0.6501875 0.538379165625 0.648995311627907 0.545266665625 0.6780062488372093 0.545795834375 0.6791984372093023 0.5389083343750001
0 0.7511328116279069 0.560104165625 0.759479688372093 0.5563958343750001 0.7590812511627907 0.5473874999999999 0.7272875000000001 0.548445834375 0.7296718744186047 0.5590437500000001 0.7423890627906977 0.562222915625 0.7511328116279069 0.560104165625
7 0.4947937511627907 0.491747915625 0.45703906279069767 0.49068750000000005 0.45584687441860466 0.500225 0.49439687441860464 0.498635415625 0.4947937511627907 0.491747915625
7 0.4916140627906977 0.520891665625 0.46220468837209305 0.521952084375 0.46021875116279065 0.530960415625 0.491217188372093 0.5299 0.4916140627906977 0.520891665625
0 0.4765125 0.555335415625 0.49082031162790696 0.55215625 0.49042187441860463 0.542616665625 0.473729688372093 0.546327084375 0.4614109372093023 0.545266665625 0.46061562558139535 0.55215625 0.46180781162790696 0.555335415625 0.4765125 0.555335415625
7 0.570304688372093 0.537847915625 0.541292188372093 0.5404979156249999 0.5404984372093024 0.551095834375 0.5695093744186046 0.550566665625 0.570304688372093 0.537847915625
7 0.5762656255813954 0.568583334375 0.5381140627906977 0.572291665625 0.536920311627907 0.582360415625 0.5750734372093023 0.5818291656250001 0.5762656255813954 0.568583334375
7 0.6788015627906977 0.514533334375 0.649392188372093 0.5140020843750001 0.6501875 0.5246000000000001 0.6791984372093023 0.521420834375 0.6788015627906977 0.514533334375
7 0.6847625 0.484329165625 0.647404688372093 0.483797915625 0.6438281255813953 0.49280625 0.6835703116279069 0.49545625 0.6847625 0.484329165625
7 0.759479688372093 0.576002084375 0.7610687511627907 0.5691125 0.7451718744186047 0.568052084375 0.7296718744186047 0.5712312500000001 0.7320562511627906 0.5828895843749999 0.7499406255813953 0.5797104156249999 0.759479688372093 0.576002084375
7 0.7654406255813954 0.59825625 0.726095311627907 0.6030249999999999 0.7264921883720931 0.611504165625 0.7630562511627907 0.609914584375 0.7654406255813954 0.59825625