2 0.40095937441860463 0.47499375 0.38948906279069767 0.47463749999999993 0.386554688372093 0.477125 0.361720311627907 0.477216665625 0.3609468744186046 0.493475 0.4012265627906977 0.492408334375 0.40095937441860463 0.47499375
2 0.397492188372093 0.508402084375 0.366120311627907 0.510852084375 0.36681562558139535 0.521554165625 0.39802499999999996 0.522264584375 0.397492188372093 0.508402084375
2 0.4871218744186046 0.598679165625 0.44766874883720925 0.598072915625 0.447375 0.611475 0.48658906279069764 0.6121854156250001 0.4871218744186046 0.598679165625
2 0.4817875 0.56846875 0.4508437511627907 0.56846875 0.4508437511627907 0.577 0.4812531255813953 0.577354165625 0.4817875 0.56846875
2 0.570082811627907 0.579841665625 0.5324703116279069 0.5812645843750001 0.5324703116279069 0.595125 0.57035 0.593704165625 0.570082811627907 0.579841665625
2 0.5650156255813953 0.54963125 0.5368437488372093 0.550745834375 0.536204688372093 0.56065 0.5652812488372093 0.559939584375 0.5650156255813953 0.54963125
2 0.6514437488372093 0.48672083437499997 0.622367188372093 0.48814375 0.6221015627906976 0.500939584375 0.6517109372093023 0.50129375 0.6514437488372093 0.48672083437499997
2 0.6565124999999999 0.454733334375 0.6183656255813954 0.454733334375 0.6175656255813954 0.468595834375 0.6562453116279069 0.468239584375 0.6565124999999999 0.454733334375
7 0.570082811627907 0.47428125000000004 0.53215 0.47369583437499996 0.532204688372093 0.484589584375 0.570082811627907 0.48316666562500005 0.570082811627907 0.47428125000000004
7 0.5359390627906977 0.513379165625 0.5658156255813953 0.513379165625 0.566082811627907 0.5055583343750001 0.5359390627906977 0.5055583343750001 0.5359390627906977 0.513379165625
7 0.6218343744186047 0.535414584375 0.6221015627906976 0.546433334375 0.6522437488372093 0.545010415625 0.6522437488372093 0.532927084375 0.621567188372093 0.534704165625 0.6218343744186047 0.535414584375
7 0.656779688372093 0.564204165625 0.6180984372093024 0.565608334375 0.6181 0.577354165625 0.656779688372093 0.5759333343749999 0.656779688372093 0.564204165625
7 0.48738906279069766 0.492764584375 0.446495311627907 0.49129583437499996 0.445242188372093 0.500939584375 0.4871218744186046 0.503427084375 0.48738906279069766 0.492764584375
7 0.4812531255813953 0.52261875 0.4513765627906977 0.5219083343750001 0.4513765627906977 0.53115 0.482320311627907 0.532216665625 0.4812531255813953 0.52261875
0 0.4820531255813954 0.5457229156250001 0.451775 0.545270834375 0.45271093720930233 0.556029165625 0.482320311627907 0.556385415625 0.4820531255813954 0.5457229156250001
0 0.396920311627907 0.53549375 0.36734843720930227 0.536125 0.3662812488372093 0.5475 0.397492188372093 0.546077084375 0.396920311627907 0.53549375
0 0.5663484372093024 0.530083334375 0.5356718744186046 0.5297270843749999 0.5351390627906977 0.5368354156249999 0.5663484372093024 0.537547915625 0.5663484372093024 0.530083334375
0 0.6517109372093023 0.513022915625 0.6213265627906976 0.513589584375 0.6221015627906976 0.526529165625 0.6525109372093023 0.527239584375 0.6517109372093023 0.513022915625
7 0.397492188372093 0.5542520843750001 0.3672937511627907 0.55583125 0.3670812488372093 0.5674020843750001 0.397225 0.5681145843750001 0.397492188372093 0.5542520843750001
7 0.40336093720930233 0.585529165625 0.36260000000000003 0.587902084375 0.3633468744186047 0.599035415625 0.4028265627906977 0.598679165625 0.40336093720930233 0.585529165625