7 0.45282656279069766 0.8052895843749999 0.45223281162790696 0.818354165625 0.4843015627906977 0.820729165625 0.48519218837209305 0.8076645843750001 0.45282656279069766 0.8052895843749999
7 0.4504515627906977 0.7704479156249999 0.4492625 0.788660415625 0.4911312511627907 0.792222915625 0.4911312511627907 0.775595834375 0.4504515627906977 0.7704479156249999
7 0.5065718744186046 0.787077084375 0.5071656255813953 0.800933334375 0.5466578116279069 0.8013291656250001 0.5454703116279069 0.786285415625 0.5065718744186046 0.787077084375
7 0.5101343744186047 0.8171666656250001 0.5101343744186047 0.831022915625 0.5416093744186047 0.831022915625 0.5413125 0.8163750000000001 0.5101343744186047 0.8171666656250001
7 0.58615 0.8694270843749999 0.5864468744186047 0.885658334375 0.6205953116279069 0.883283334375 0.6194078116279069 0.8698229156249999 0.58615 0.8694270843749999
7 0.5837749999999999 0.9018916656249999 0.5837749999999999 0.9181250000000001 0.6232671883720929 0.913372915625 0.622970311627907 0.898329165625 0.5837749999999999 0.9018916656249999
7 0.6645406255813954 0.910602084375 0.6645406255813954 0.9268333343749999 0.704925 0.9256458343749999 0.7043312488372093 0.91376875 0.6645406255813954 0.910602084375
7 0.6672140627906976 0.880116665625 0.666917188372093 0.891597915625 0.700470311627907 0.8927854156249999 0.6995796883720931 0.8828875 0.6672140627906976 0.880116665625
0 0.451045311627907 0.827064584375 0.451045311627907 0.8405250000000001 0.482520311627907 0.8417125000000001 0.482520311627907 0.82904375 0.451045311627907 0.827064584375
0 0.5101343744186047 0.837358334375 0.5107281255813954 0.852797915625 0.5427984372093023 0.851214584375 0.542204688372093 0.8365666656249999 0.5101343744186047 0.837358334375
0 0.58615 0.846860415625 0.5864468744186047 0.859133334375 0.6194078116279069 0.8579458343749999 0.6188125 0.845672915625 0.58615 0.846860415625
0 0.665729688372093 0.855172915625 0.6675109372093023 0.8718020843750001 0.6989859372093024 0.8718020843750001 0.6980953116279071 0.856758334375 0.665729688372093 0.855172915625
2 0.6666203116279069 0.8330020843750001 0.6660265627906976 0.84725625 0.6977984372093023 0.845672915625 0.6977984372093023 0.83498125 0.6666203116279069 0.8330020843750001
2 0.6615718744186047 0.801725 0.6618687511627908 0.818354165625 0.7013609372093023 0.817958334375 0.7010640627906977 0.802120834375 0.6615718744186047 0.801725
2 0.5805093744186046 0.79261875 0.5802109372093023 0.8092479156250001 0.6205953116279069 0.8060812500000001 0.6202984372093022 0.7894520843749999 0.5805093744186046 0.79261875
2 0.5855562488372092 0.8234999999999999 0.58615 0.8393375000000001 0.617625 0.8357749999999999 0.6173281255813954 0.823104165625 0.5855562488372092 0.8234999999999999
2 0.5095406255813953 0.8623 0.5104312488372093 0.878929165625 0.543392188372093 0.8769500000000001 0.542204688372093 0.860320834375 0.5095406255813953 0.8623
2 0.5050875 0.8927854156249999 0.5047906255813953 0.91376875 0.5466578116279069 0.91139375 0.5448765627906976 0.89080625 0.5050875 0.8927854156249999
2 0.4439187511627907 0.878533334375 0.4442156255813954 0.9010999999999999 0.487567188372093 0.8999124999999999 0.48637968837209306 0.882095834375 0.4439187511627907 0.878533334375
2 0.45015468837209305 0.850027084375 0.4492625 0.866260415625 0.48281718837209303 0.866260415625 0.48222343720930233 0.85319375 0.45015468837209305 0.850027084375