7 0.34044374883720935 0.430420834375 0.3247468744186046 0.429935415625 0.29912812558139534 0.429358334375 0.29919062558139536 0.43723124999999996 0.31488906279069767 0.43820416562500003 0.34080937441860465 0.4396625 0.34044374883720935 0.430420834375
7 0.3360609372093023 0.47164375 0.33642812558139534 0.462039584375 0.3032062488372093 0.46009374999999997 0.3032062488372093 0.46884791562499994 0.3360609372093023 0.47164375
7 0.41996562558139533 0.511789584375 0.419917188372093 0.52168125 0.45167812558139536 0.5231416656250001 0.4520437488372093 0.5119520843750001 0.41996562558139533 0.511789584375
7 0.4553281255813953 0.543570834375 0.4290437511627907 0.543083334375 0.414345311627907 0.542835415625 0.41480625116279074 0.55524375 0.43744062558139535 0.5562166656249999 0.4549640627906977 0.55573125 0.4553281255813953 0.543570834375
7 0.5629031255813953 0.5551999999999999 0.5442843744186047 0.5551999999999999 0.5215343744186046 0.557289584375 0.522379688372093 0.56930625 0.5355218744186047 0.568333334375 0.5625375 0.5668729156250001 0.5629031255813953 0.5551999999999999
7 0.5263515627906977 0.525172915625 0.5256656255813953 0.5372020843749999 0.5563312511627907 0.536229165625 0.5566968744186047 0.5265 0.5263515627906977 0.525172915625
7 0.6606015627906977 0.530785415625 0.6463640627906977 0.533216665625 0.6295265627906976 0.5337375 0.6292062511627907 0.5468375 0.648920311627907 0.545377084375 0.660967188372093 0.54391875 0.6606015627906977 0.530785415625
7 0.664982811627907 0.561429165625 0.6456343744186046 0.564835415625 0.6247093744186046 0.564247915625 0.6266499999999999 0.576995834375 0.6470937511627907 0.5774812500000001 0.6660781255813953 0.57505 0.664982811627907 0.561429165625
0 0.6287234372093022 0.51071875 0.6288406255813954 0.52154375 0.6587765627906977 0.52105625 0.659142188372093 0.5113291656250001 0.6287234372093022 0.51071875
0 0.52595 0.502689584375 0.526254688372093 0.5113291656250001 0.5569218744186046 0.510841665625 0.5569218744186046 0.5040312499999999 0.52595 0.502689584375
0 0.41996562558139533 0.49145000000000005 0.420604688372093 0.503741665625 0.452 0.50276875 0.45236562558139537 0.492066665625 0.41996562558139533 0.49145000000000005
0 0.30434687441860464 0.48342083437500005 0.30437031162790695 0.49692708437500005 0.33467187441860463 0.49692708437500005 0.3350375 0.482335415625 0.30434687441860464 0.48342083437500005
2 0.3036406255813954 0.5076291656249999 0.303945311627907 0.516072915625 0.33540312558139534 0.5168708343749999 0.335767188372093 0.508114584375 0.3036406255813954 0.5076291656249999
2 0.3401484372093023 0.538272915625 0.2975218744186046 0.53480625 0.2978 0.549945834375 0.3211640627906977 0.55091875 0.33978281162790697 0.55140625 0.3401484372093023 0.538272915625
2 0.414345311627907 0.43256875 0.41440937441860465 0.45075000000000004 0.4556625 0.44977916562500003 0.456392188372093 0.43178124999999995 0.414345311627907 0.43256875
2 0.42025 0.46534375 0.4207687488372093 0.476997915625 0.45237656279069766 0.4789625 0.4520109372093023 0.46582916562500004 0.42025 0.46534375
2 0.5613296883720931 0.446029165625 0.5372343744186047 0.446514584375 0.519125 0.445952084375 0.5189812511627907 0.46208125000000005 0.5397906255813953 0.46013541562500004 0.561695311627907 0.46062083437499995 0.5613296883720931 0.446029165625
2 0.5449015627906977 0.478133334375 0.524092188372093 0.47861875 0.525917188372093 0.49272499999999997 0.5576781255813953 0.49029375000000003 0.556582811627907 0.478133334375 0.5449015627906977 0.478133334375
2 0.663457811627907 0.45187083437500003 0.6397281255813954 0.45235624999999996 0.6214968744186046 0.45237499999999997 0.6218390627906977 0.467922915625 0.6408234372093023 0.467922915625 0.663092188372093 0.46695000000000003 0.663457811627907 0.45187083437500003
2 0.659442188372093 0.484947915625 0.6279203116279071 0.48449166562499996 0.628045311627907 0.498566665625 0.6419187488372092 0.49905416562499993 0.6601718744186046 0.498566665625 0.659442188372093 0.484947915625