7 0.49667187441860466 0.44585625 0.4559906255813953 0.447645834375 0.4564375 0.455989584375 0.49667187441860466 0.455989584375 0.49667187441860466 0.44585625
7 0.49309531162790693 0.477447915625 0.4600140627906977 0.4792375 0.460907811627907 0.486389584375 0.49175312558139533 0.48758125 0.49309531162790693 0.477447915625
7 0.5708812488372093 0.49533125 0.542270311627907 0.49890625 0.540929688372093 0.50844375 0.5704343744186047 0.5072520843749999 0.5708812488372093 0.49533125
7 0.5771406255813953 0.5257291656249999 0.5373531255813954 0.52930625 0.5364593744186046 0.54063125 0.5740109372093023 0.538247915625 0.5771406255813953 0.5257291656249999
7 0.680407811627907 0.47089166562500007 0.6495624999999999 0.4697 0.6500093744186046 0.4792375 0.6781734372093023 0.47983333437500003 0.680407811627907 0.47089166562500007
7 0.686667188372093 0.43870416562500003 0.646432811627907 0.439895834375 0.6468796883720931 0.44883749999999994 0.6853265627906977 0.450029165625 0.686667188372093 0.43870416562500003
7 0.758642188372093 0.526325 0.7295843744186046 0.526325 0.7286890627906977 0.5388437500000001 0.7595359372093023 0.534075 0.758642188372093 0.526325
7 0.7644531255813954 0.555533334375 0.7255609372093023 0.5591083343750001 0.7286890627906977 0.571627084375 0.7648999999999999 0.565666665625 0.7644531255813954 0.555533334375
0 0.7514890627906976 0.517385415625 0.7595359372093023 0.513808334375 0.759982811627907 0.503675 0.730925 0.50665625 0.7300312511627907 0.517385415625 0.744782811627907 0.51798125 0.7514890627906976 0.517385415625
0 0.6799609372093023 0.495927084375 0.6477734372093024 0.495927084375 0.6482203116279069 0.500097915625 0.6799609372093023 0.5012916656249999 0.6799609372093023 0.495927084375
0 0.571775 0.475064584375 0.540929688372093 0.477447915625 0.542270311627907 0.486985415625 0.5699875 0.48460208437499996 0.571775 0.475064584375
0 0.48996562558139534 0.500097915625 0.46314218837209303 0.502483334375 0.46314218837209303 0.509635415625 0.49309531162790693 0.512020834375 0.48996562558139534 0.500097915625
2 0.49220156279069766 0.5245375 0.4622484372093023 0.5257291656249999 0.46135468837209304 0.532285415625 0.49175312558139533 0.531689584375 0.49220156279069766 0.5245375
2 0.4971187511627907 0.5549375000000001 0.4595656255813953 0.5549375000000001 0.4595656255813953 0.5662625 0.49667187441860466 0.5650708343749999 0.4971187511627907 0.5549375000000001
2 0.5695406255813953 0.44883749999999994 0.5395875 0.4524125 0.540482811627907 0.460758334375 0.5695406255813953 0.45897083437499997 0.5695406255813953 0.44883749999999994
2 0.5713281255813953 0.41545833437499996 0.535117188372093 0.419033334375 0.5337765627906976 0.432147915625 0.5713281255813953 0.43095416562500005 0.5713281255813953 0.41545833437499996
2 0.6781734372093023 0.515 0.6482203116279069 0.516789584375 0.6500093744186046 0.526920834375 0.678620311627907 0.526325 0.6781734372093023 0.515
2 0.6830906255813953 0.5471874999999999 0.6455390627906976 0.55016875 0.6441968744186046 0.560897915625 0.6813031255813954 0.560897915625 0.6830906255813953 0.5471874999999999
2 0.759982811627907 0.477447915625 0.7300312511627907 0.48042916562500004 0.7286890627906977 0.4941375 0.7590890627906977 0.49056249999999996 0.759982811627907 0.477447915625
2 0.7644531255813954 0.444664584375 0.7398656255813953 0.44287708437499995 0.7246656255813954 0.447645834375 0.7246656255813954 0.460758334375 0.7631125 0.45837500000000003 0.7644531255813954 0.444664584375