7 0.29407968837209303 0.6334625 0.29550781162790696 0.64640625 0.337192188372093 0.6475479156249999 0.3377640627906977 0.636508334375 0.29407968837209303 0.6334625
7 0.2989343744186046 0.66315625 0.2986484372093023 0.6761 0.332625 0.678383334375 0.3323390627906977 0.667722915625 0.2989343744186046 0.66315625
7 0.415995311627907 0.716452084375 0.415995311627907 0.7309187500000001 0.44911406279069765 0.7301562500000001 0.44825781162790695 0.716833334375 0.415995311627907 0.716452084375
7 0.41114062558139536 0.7450041656249999 0.41142656279069767 0.760610415625 0.45282656279069766 0.76365625 0.45339687441860466 0.74766875 0.41114062558139536 0.7450041656249999
7 0.5176375 0.760991665625 0.5179234372093023 0.77621875 0.5598937488372093 0.773935415625 0.5584671883720931 0.75946875 0.5176375 0.760991665625
7 0.621279688372093 0.7682249999999999 0.6221359372093024 0.7838333343749999 0.6612515627906976 0.78116875 0.6621093744186046 0.76860625 0.621279688372093 0.7682249999999999
7 0.624992188372093 0.73815 0.624420311627907 0.752997915625 0.6566843744186046 0.7507125 0.6555421883720931 0.7351062500000001 0.624992188372093 0.73815
0 0.3000765627906977 0.6886625000000001 0.299504688372093 0.7023666656249999 0.331482811627907 0.7038895843749999 0.331482811627907 0.689422915625 0.3000765627906977 0.6886625000000001
0 0.4162812511627907 0.6947520843749999 0.4168515627906977 0.7073145843749999 0.448829688372093 0.7080770843749999 0.4479734372093023 0.693610415625 0.4162812511627907 0.6947520843749999
0 0.52135 0.707695834375 0.5227781255813954 0.718735415625 0.5541843744186047 0.71759375 0.5527562511627907 0.70465 0.52135 0.707695834375
0 0.6232781255813953 0.7153104156250001 0.6229937511627908 0.7305375 0.6558281255813954 0.727872915625 0.6558281255813954 0.715689584375 0.6232781255813953 0.7153104156250001
2 0.2986484372093023 0.711502084375 0.2986484372093023 0.723685415625 0.333767188372093 0.723685415625 0.3323390627906977 0.712264584375 0.2986484372093023 0.711502084375
2 0.29636406279069766 0.7408166656249999 0.29636406279069766 0.7583270843750001 0.33633593720930227 0.757945834375 0.3360515627906977 0.741577084375 0.29636406279069766 0.7408166656249999
2 0.41028437441860466 0.636508334375 0.41142656279069767 0.655541665625 0.45368281162790697 0.6544 0.45311250000000003 0.6372687499999999 0.41028437441860466 0.636508334375
2 0.415995311627907 0.668104165625 0.4162812511627907 0.6844750000000001 0.4476875 0.68333125 0.4479734372093023 0.669627084375 0.415995311627907 0.668104165625
2 0.514782811627907 0.651354165625 0.515925 0.668485415625 0.5564687488372093 0.663916665625 0.5556125 0.64983125 0.514782811627907 0.651354165625
2 0.5193515627906976 0.6837125000000001 0.5196375000000001 0.698179165625 0.5536125 0.696275 0.5521859372093023 0.682570834375 0.5193515627906976 0.6837125000000001
2 0.6175156255813954 0.655683334375 0.6183718744186046 0.675479165625 0.6597718744186046 0.67395625 0.6597718744186046 0.655683334375 0.6175156255813954 0.655683334375
2 0.6235640627906976 0.690564584375 0.6241359372093023 0.70465 0.6555421883720931 0.703508334375 0.654970311627907 0.689422915625 0.6235640627906976 0.690564584375
7 0.5225343744186047 0.7313708343750001 0.5222687511627907 0.742333334375 0.5546281255813953 0.7402124999999999 0.553832811627907 0.728895834375 0.5225343744186047 0.7313708343750001