2 0.398720311627907 0.56285 0.398720311627907 0.546066665625 0.38425312558139535 0.548570834375 0.3588875 0.549322915625 0.35813593720930237 0.564354165625 0.37241562558139535 0.564604165625 0.398720311627907 0.56285
2 0.39627812558139536 0.580635415625 0.36377187441860465 0.5826395843750001 0.3647109372093023 0.5936625 0.3955265627906977 0.591658334375 0.39627812558139536 0.580635415625
0 0.36535468837209306 0.6170479156249999 0.39482343720930235 0.615322915625 0.395575 0.60680625 0.36551093720930233 0.607808334375 0.36535468837209306 0.6170479156249999
7 0.3961375 0.62584375 0.36558906279069764 0.627064584375 0.3647593744186047 0.638620834375 0.3965140627906977 0.6396229156250001 0.3961375 0.62584375
7 0.40064687441860464 0.668429165625 0.40008437441860467 0.6564062500000001 0.3608937511627907 0.659620834375 0.361942188372093 0.669933334375 0.38298593720930235 0.670935415625 0.40064687441860464 0.668429165625
7 0.48479062558139535 0.57311875 0.48441562558139534 0.563097915625 0.4449437511627907 0.56258125 0.445332811627907 0.5721166656250001 0.45585468837209303 0.5721166656250001 0.48479062558139535 0.57311875
7 0.4804687488372093 0.594410415625 0.45034375116279074 0.593883334375 0.449842188372093 0.601925 0.47990624883720934 0.602677084375 0.4804687488372093 0.594410415625
0 0.47990624883720934 0.61695625 0.45104687441860464 0.617675 0.44965468837209305 0.627977084375 0.479154688372093 0.62948125 0.47990624883720934 0.61695625
2 0.479342188372093 0.6402520843749999 0.45104687441860464 0.6402125 0.4504062511627907 0.64851875 0.4789656255813953 0.649520834375 0.479342188372093 0.6402520843749999
2 0.484067188372093 0.6700541656250001 0.446117188372093 0.6686979156249999 0.445925 0.682079165625 0.4835031255813953 0.682329165625 0.484067188372093 0.6700541656250001
7 0.5292265627906977 0.55538125 0.5685593744186047 0.555141665625 0.5693109372093024 0.5446208343750001 0.5300406255813954 0.544870834375 0.5292265627906977 0.55538125
7 0.5634859372093024 0.575433334375 0.5329828116279071 0.575414584375 0.5343625000000001 0.585702084375 0.56405 0.5847 0.5634859372093024 0.575433334375
2 0.5638624999999999 0.621022915625 0.5349265627906976 0.621272915625 0.5347390627906976 0.632295834375 0.5642375000000001 0.631795834375 0.5638624999999999 0.621022915625
2 0.5693109372093024 0.652335415625 0.5294625000000001 0.6517937500000001 0.5294765627906977 0.6671145843749999 0.567995311627907 0.6658625 0.5693109372093024 0.652335415625
0 0.5638624999999999 0.600733334375 0.5332187511627907 0.601083334375 0.534175 0.607495834375 0.5642375000000001 0.60624375 0.5638624999999999 0.600733334375
2 0.6158312488372093 0.526660415625 0.6146843744186047 0.54035625 0.6539734372093023 0.5406875 0.65435 0.5271604156249999 0.6319906255813953 0.525408334375 0.6158312488372093 0.526660415625
2 0.6504031255813953 0.557470834375 0.619145311627907 0.558825 0.6188374999999999 0.573002084375 0.6500281255813953 0.572252084375 0.6504031255813953 0.557470834375
0 0.6504031255813953 0.583022915625 0.6201531255813953 0.585027084375 0.6195890627906977 0.595547915625 0.650967188372093 0.595547915625 0.6504031255813953 0.583022915625
7 0.650779688372093 0.604064584375 0.620554688372093 0.604527084375 0.6190249999999999 0.618091665625 0.650779688372093 0.617089584375 0.650779688372093 0.604064584375
7 0.6554765627906977 0.636379165625 0.6156234372093023 0.6383333343750001 0.615079688372093 0.649404165625 0.6549125 0.6461479156250001 0.6554765627906977 0.636379165625