0 0.5130796883720931 0.45035208437499996 0.5134015627906977 0.4597875 0.5458906255813953 0.46021666562499997 0.5455687488372093 0.45078125 0.5130796883720931 0.45035208437499996
0 0.512757811627907 0.47093958437500005 0.5137234372093024 0.480375 0.5452468744186046 0.4816625 0.5455687488372093 0.47093958437500005 0.512757811627907 0.47093958437500005
0 0.5143656255813953 0.4941 0.5137234372093024 0.505252084375 0.5455687488372093 0.5056812500000001 0.5452468744186046 0.4941 0.5143656255813953 0.4941
0 0.6452906255813953 0.431052084375 0.6459328116279069 0.44563333437499997 0.6784234372093023 0.436627084375 0.67585 0.424189584375 0.6452906255813953 0.431052084375
0 0.6472203116279069 0.45464166562499997 0.6478640627906976 0.464935415625 0.6797093744186047 0.458929165625 0.6781015627906977 0.44734999999999997 0.6472203116279069 0.45464166562499997
0 0.6488281255813955 0.474370834375 0.6501156255813954 0.48895416562499994 0.6809968744186047 0.483377084375 0.6793874999999999 0.46707916562499996 0.6488281255813955 0.474370834375
0 0.8321859372093022 0.409177084375 0.8337937511627908 0.42247291562499995 0.8653187511627907 0.413466665625 0.8633890627906977 0.398883334375 0.8321859372093022 0.409177084375
0 0.8366890627906977 0.431052084375 0.837654688372093 0.440916665625 0.869179688372093 0.433625 0.8669281255813953 0.420758334375 0.8366890627906977 0.431052084375
0 0.8370109372093023 0.45206666562500003 0.8382984372093023 0.46536458437499995 0.8717531255813953 0.455927084375 0.8704656255813954 0.44306041562500004 0.8370109372093023 0.45206666562500003
7 0.5085765627906976 0.419041665625 0.5092187488372093 0.429764584375 0.5500734372093024 0.431479165625 0.5503937511627907 0.4199 0.5085765627906976 0.419041665625
7 0.6481843744186047 0.506539584375 0.6494718744186045 0.521120834375 0.6883953116279069 0.512114584375 0.6883953116279069 0.49881875000000003 0.6481843744186047 0.506539584375
7 0.822857811627907 0.37915416562500004 0.8247874999999999 0.38901875 0.867570311627907 0.379583334375 0.864354688372093 0.36843125 0.822857811627907 0.37915416562500004
2 0.5085765627906976 0.529270834375 0.5088984372093023 0.5387062499999999 0.5487859372093024 0.541708334375 0.549107811627907 0.530129165625 0.5085765627906976 0.529270834375
2 0.6369265627906977 0.397595834375 0.6382125 0.40831875 0.677457811627907 0.40188541562499996 0.6761718744186046 0.38773124999999997 0.6369265627906977 0.397595834375
2 0.8382984372093023 0.48895416562499994 0.8399062488372093 0.502679165625 0.8810812511627907 0.49195625 0.8785078116279069 0.47780208437500005 0.8382984372093023 0.48895416562499994