7 0.348275 0.8145875 0.36492187441860463 0.8166062500000001 0.36686718837209303 0.8047875 0.36038125116279074 0.805939584375 0.34762656279069765 0.8033458343750001 0.3366015627906977 0.7998875 0.32773749999999996 0.794122915625 0.32535937441860463 0.7918166656250001 0.3247109372093023 0.8045 0.348275 0.8145875
0 0.339245311627907 0.840075 0.357745311627907 0.842016665625 0.35857656279069766 0.8323145843749999 0.350470311627907 0.8323145843749999 0.33945312558139534 0.8312062499999999 0.3278125 0.82649375 0.32531875116279074 0.8251083343750001 0.32510937441860466 0.8345333343749999 0.339245311627907 0.840075
0 0.35483593720930234 0.86335625 0.3552515627906977 0.8544875 0.33945312558139534 0.85365625 0.32427812558139535 0.8467270843750001 0.3228234372093023 0.854764584375 0.33654375116279067 0.8628020843750001 0.35483593720930234 0.86335625
0 0.35171718837209304 0.889410415625 0.35317343720930233 0.8774916656249999 0.3344640627906977 0.8774916656249999 0.3213687488372093 0.8694541656249999 0.31970468837209304 0.878879165625 0.335295311627907 0.886639584375 0.35171718837209304 0.889410415625
2 0.3300984372093023 0.9190666656250001 0.331554688372093 0.9243333343750001 0.350054688372093 0.924610415625 0.35275625116279075 0.914908334375 0.331554688372093 0.915185415625 0.31305312558139536 0.9041 0.312429688372093 0.9121375 0.3176265627906977 0.9168499999999999 0.3300984372093023 0.9190666656250001
2 0.6360843744186047 0.775775 0.6367093744186046 0.768291665625 0.613842188372093 0.769954165625 0.5963812511627907 0.769677084375 0.5961734372093024 0.779377084375 0.6155062488372093 0.779654165625 0.6360843744186047 0.775775
0 0.6340062488372092 0.813191665625 0.6344218744186046 0.80155 0.6159218744186047 0.8029354156249999 0.6015781255813953 0.8043208343750001 0.6013703116279069 0.81513125 0.6188312511627907 0.814577084375 0.6340062488372092 0.813191665625
0 0.6348374999999999 0.8320375 0.6354609372093023 0.8237229156250001 0.620079688372093 0.8281583343750001 0.602617188372093 0.8276041656249999 0.6028249999999999 0.83591875 0.6188312511627907 0.836195834375 0.6348374999999999 0.8320375
0 0.6352531255813954 0.858645834375 0.6356687488372093 0.845064584375 0.620079688372093 0.8481125 0.603657811627907 0.848389584375 0.602617188372093 0.8589229156249999 0.6202875000000001 0.8608625 0.6352531255813954 0.858645834375
7 0.6412812511627908 0.8863625 0.640242188372093 0.8769375 0.6286015627906977 0.880264584375 0.616129688372093 0.881095834375 0.6011624999999999 0.8805416656249999 0.6003312488372092 0.8913500000000001 0.6229890627906977 0.8921812499999999 0.6412812511627908 0.8863625
7 0.8235656255813953 0.757764584375 0.8231937511627907 0.746570834375 0.8060281255813952 0.750054165625 0.7963250000000001 0.751047915625 0.7836375000000001 0.74955625 0.7828921883720931 0.760502084375 0.8116249999999999 0.760502084375 0.8235656255813953 0.757764584375
0 0.7959531255813953 0.793091665625 0.8002437488372093 0.7938375 0.8105062511627907 0.79259375 0.8205812511627907 0.788364584375 0.8209546883720931 0.776422915625 0.812557811627907 0.779408334375 0.80155 0.780902084375 0.7894218744186047 0.780652084375 0.7875562488372093 0.779408334375 0.7888625 0.789608334375 0.7959531255813953 0.793091665625
0 0.8011765627906977 0.8137395843749999 0.8097593744186047 0.8127437499999999 0.8207671883720931 0.8100083343750001 0.8209546883720931 0.799808334375 0.8103187511627907 0.803291665625 0.8013625 0.8035395843750001 0.7892359372093023 0.80279375 0.7890484372093023 0.8092625 0.7948328116279069 0.8137395843749999 0.8011765627906977 0.8137395843749999
0 0.8218875 0.8343875000000001 0.8218875 0.8217000000000001 0.8149843744186047 0.824935415625 0.808267188372093 0.8264270843749999 0.8009906255813953 0.826675 0.7899812488372093 0.8239395843749999 0.7901687488372093 0.8346375 0.810692188372093 0.8351333343749999 0.8218875 0.8343875000000001
2 0.8271109372093024 0.871704165625 0.828417188372093 0.8575250000000001 0.8200218744186046 0.86125625 0.8123718744186047 0.8627479156250001 0.8013625 0.86374375 0.7879296883720931 0.8625 0.7879296883720931 0.87120625 0.8112515627906977 0.87120625 0.8271109372093024 0.871704165625