0 0.5452828116279069 0.5527354156250001 0.5136187511627908 0.549758334375 0.5127468744186047 0.561910415625 0.5346468744186047 0.56149375 0.5468484372093023 0.563579165625 0.5452828116279069 0.5527354156250001
0 0.6769906255813953 0.5268770843749999 0.6438625 0.5330708343749999 0.644767188372093 0.546895834375 0.6582203116279071 0.54439375 0.6779296883720931 0.53980625 0.6769906255813953 0.5268770843749999
0 0.5462218744186046 0.57191875 0.5143125 0.573170834375 0.5149375 0.58318125 0.5302671883720931 0.5848479156249999 0.5468484372093023 0.5848479156249999 0.5462218744186046 0.57191875
0 0.5465343744186046 0.596110415625 0.5133734372093023 0.594025 0.5121218744186046 0.608620834375 0.525575 0.607370834375 0.5468484372093023 0.608620834375 0.5465343744186046 0.596110415625
0 0.6791812488372093 0.551066665625 0.6466000000000001 0.5575812499999999 0.6478968744186047 0.568166665625 0.6626 0.564829165625 0.6810578116279069 0.561075 0.6791812488372093 0.551066665625
0 0.6826218744186047 0.5852666656250001 0.6819968744186046 0.5702520843750001 0.6488343744186047 0.57859375 0.6497734372093024 0.5902708343749999 0.6826218744186047 0.5852666656250001
0 0.8646968744186047 0.50101875 0.8321609372093023 0.5118625 0.8331000000000001 0.525625 0.8531218744186047 0.521454165625 0.866575 0.516866665625 0.8646968744186047 0.50101875
0 0.8343515627906977 0.534383334375 0.8365406255813953 0.545227084375 0.8703281255813953 0.5352187500000001 0.8675125 0.52395625 0.8343515627906977 0.534383334375
0 0.837167188372093 0.556070834375 0.8382499999999999 0.568533334375 0.8712671883720929 0.559825 0.8712671883720929 0.548147915625 0.837167188372093 0.556070834375
7 0.822604688372093 0.483008334375 0.8249656255813953 0.49434583437499996 0.8675125 0.48433541562500004 0.862195311627907 0.47182291562499995 0.822604688372093 0.483008334375
7 0.646332811627907 0.608620834375 0.6485218744186045 0.6223854156249999 0.6920078116279069 0.614460415625 0.6882531255813954 0.602783334375 0.646332811627907 0.608620834375
7 0.5096187511627908 0.51936875 0.510245311627907 0.534383334375 0.5509140627906977 0.534383334375 0.5512281255813953 0.521454165625 0.5096187511627908 0.51936875
2 0.5089265627906977 0.630589584375 0.5093062511627907 0.640735415625 0.5496624999999999 0.644489584375 0.5499765627906977 0.633229165625 0.5089265627906977 0.630589584375
2 0.6350703116279071 0.5001833343750001 0.636007811627907 0.5118625 0.6785546883720931 0.5039374999999999 0.6773031255813954 0.49184374999999997 0.6350703116279071 0.5001833343750001
2 0.8394234372093022 0.591479165625 0.8393562488372093 0.604452084375 0.8809656255813954 0.593608334375 0.8790875 0.57984375 0.8394234372093022 0.591479165625