2 0.44099218837209303 0.718627084375 0.44120625116279066 0.707764584375 0.427704688372093 0.710052084375 0.418704688372093 0.715483334375 0.4011390627906977 0.71346875 0.40348906279069763 0.724345834375 0.42749062558139533 0.723202084375 0.44099218837209303 0.718627084375
7 0.44837343720930234 0.829545834375 0.446992188372093 0.815539584375 0.430920311627907 0.8246874999999999 0.4223468744186047 0.8244 0.4078375 0.8249270843750001 0.4072265627906977 0.8346916656250001 0.4303718744186047 0.8341208343750001 0.44837343720930234 0.829545834375
0 0.4265140627906977 0.791525 0.4100125 0.793527084375 0.410517188372093 0.804920834375 0.42929999999999996 0.803245834375 0.44194531162790696 0.79924375 0.4404437511627907 0.78809375 0.4265140627906977 0.791525
0 0.44001562558139534 0.778089584375 0.4395875 0.762366665625 0.42865781162790695 0.77294375 0.40864062558139536 0.773841665625 0.40829843720930237 0.782377084375 0.43337187441860464 0.779804165625 0.44001562558139534 0.778089584375
0 0.4378734372093023 0.7543624999999999 0.43808749999999996 0.742641665625 0.42415781162790694 0.7466437499999999 0.40890937441860464 0.747764584375 0.4080843744186047 0.7597937499999999 0.4269437511627907 0.75865 0.4378734372093023 0.7543624999999999
7 0.555932811627907 0.717827084375 0.5560953116279069 0.706095834375 0.5386703116279069 0.707833334375 0.5161718744186047 0.707502084375 0.5160343744186047 0.719347915625 0.544207811627907 0.72 0.555932811627907 0.717827084375
2 0.548929688372093 0.8288375 0.5573984372093024 0.8275333343750001 0.5570734372093022 0.817539584375 0.5332968744186046 0.821016665625 0.516782811627907 0.8185333343750001 0.5170109372093024 0.8275333343750001 0.5282484372093024 0.829922915625 0.548929688372093 0.8288375
0 0.519942188372093 0.782997915625 0.5204468744186047 0.79464375 0.5381812488372093 0.79625 0.5530015627906977 0.793427084375 0.5528390627906977 0.7803916656250001 0.519942188372093 0.782997915625
0 0.552025 0.767791665625 0.5518625 0.7604062500000001 0.5306906255813953 0.7625791656249999 0.5204312511627907 0.761058334375 0.519942188372093 0.7712687500000001 0.5438812511627907 0.77105 0.552025 0.767791665625
0 0.5513734372093023 0.748458334375 0.5521875 0.736727084375 0.538507811627907 0.736291665625 0.5204468744186047 0.735735415625 0.5205937488372093 0.7504125 0.5450218744186046 0.750629165625 0.5513734372093023 0.748458334375
2 0.6219437488372093 0.777510415625 0.6076890627906976 0.777714584375 0.6082718744186048 0.786502084375 0.6345125 0.7879375 0.6473890627906976 0.788552084375 0.6478484372093024 0.777510415625 0.6219437488372093 0.777510415625
7 0.6493812488372094 0.899372915625 0.6496875000000001 0.889147915625 0.6256234372093024 0.8897625 0.6110609372093024 0.8885354156249999 0.610142188372093 0.8977354156249999 0.6355859372093023 0.89978125 0.6493812488372094 0.899372915625
0 0.6443234372093023 0.867475 0.6441703116279069 0.859295834375 0.6228640627906977 0.859295834375 0.622557811627907 0.856433334375 0.613820311627907 0.855820834375 0.613054688372093 0.866247915625 0.6242437511627906 0.86890625 0.6443234372093023 0.867475
0 0.645395311627907 0.836395834375 0.6237828116279069 0.83803125 0.6122875 0.834964584375 0.613054688372093 0.8445750000000001 0.6444765627906978 0.845189584375 0.645395311627907 0.836395834375
0 0.645242188372093 0.823925 0.6450890627906978 0.81226875 0.6280749999999999 0.813291665625 0.6119140627906976 0.8125625 0.6124406255813953 0.8214708343750001 0.6285343744186047 0.8243333343750001 0.645242188372093 0.823925