2 0.5109734372093023 0.293758334375 0.5100109372093024 0.3040375 0.551120311627907 0.30960416562500004 0.5517625 0.2959 0.5109734372093023 0.293758334375
2 0.6779796883720931 0.15201875 0.6558187488372094 0.155872915625 0.6384765627906976 0.163152084375 0.6387984372093024 0.173858334375 0.6612796883720929 0.16615 0.6789437488372093 0.16272291562500002 0.6779796883720931 0.15201875
2 0.8812781255813953 0.24023124999999998 0.8607234372093023 0.245797915625 0.8404890627906977 0.25179375 0.842095311627907 0.26721041562500003 0.867467188372093 0.258216665625 0.883204688372093 0.25521875 0.8812781255813953 0.24023124999999998
7 0.8260375 0.140885415625 0.8260375 0.155016665625 0.8693937511627907 0.143025 0.866182811627907 0.13060624999999998 0.8260375 0.140885415625
7 0.6481109372093024 0.27020625 0.6487531255813953 0.28605208437499996 0.689220311627907 0.276202084375 0.6895421883720931 0.2625 0.6481109372093024 0.27020625
7 0.5119375 0.179852084375 0.5109734372093023 0.19526875 0.5517625 0.196554165625 0.5530468744186047 0.18199375 0.5119375 0.179852084375
0 0.5141859372093023 0.213254165625 0.5145062488372093 0.22438750000000002 0.5482296883720931 0.22438750000000002 0.5475875 0.21196874999999998 0.5141859372093023 0.213254165625
0 0.5154703116279069 0.23423750000000002 0.5145062488372093 0.245797915625 0.5469437488372093 0.246654165625 0.5475875 0.236377084375 0.5154703116279069 0.23423750000000002
0 0.5141859372093023 0.258216665625 0.5135437511627907 0.2710625 0.5475875 0.2710625 0.5475875 0.258216665625 0.5141859372093023 0.258216665625
0 0.6506812488372092 0.238947915625 0.6510015627906978 0.253079165625 0.6824765627906977 0.24836874999999997 0.6818343744186046 0.232952084375 0.6506812488372092 0.238947915625
0 0.6449 0.19441250000000002 0.6458640627906976 0.21068541562499998 0.6783015627906976 0.202547915625 0.6766953116279071 0.186275 0.6449 0.19441250000000002
0 0.6487531255813953 0.215822915625 0.6471484372093023 0.23081041562500001 0.6815125 0.222245834375 0.6799062511627907 0.21154166562499999 0.6487531255813953 0.215822915625
0 0.8363140627906976 0.19441250000000002 0.8375984372093023 0.20554583437499999 0.8706796883720931 0.196554165625 0.8690734372093023 0.184135415625 0.8363140627906976 0.19441250000000002
0 0.8388843744186046 0.216252084375 0.8404890627906977 0.229527084375 0.8726062488372093 0.219677084375 0.8713218744186046 0.207258334375 0.8388843744186046 0.216252084375
0 0.8343875000000001 0.17171666562500001 0.835029688372093 0.18541875000000002 0.867467188372093 0.177283334375 0.8652187488372093 0.163152084375 0.8343875000000001 0.17171666562500001