7 0.4262937488372093 0.21659166562499998 0.42702343720930236 0.20556875 0.40221875116279066 0.20524375 0.38689843720930234 0.20556875 0.38568281162790696 0.21594375000000002 0.4061093744186046 0.214970834375 0.4262937488372093 0.21659166562499998
0 0.4051375 0.24382708437499998 0.4236187488372093 0.2448 0.4236187488372093 0.236370834375 0.405867188372093 0.23572291562499997 0.39297812558139533 0.23669375 0.39030312558139535 0.23734375000000002 0.39103281162790693 0.24447708437500001 0.4051375 0.24382708437499998
0 0.42410468837209303 0.259391665625 0.40294843720930235 0.25841875000000003 0.3915187488372093 0.259391665625 0.39127656279069767 0.2662 0.401732811627907 0.2662 0.4243484372093023 0.26782083437500004 0.42410468837209303 0.259391665625
0 0.42459218837209306 0.291166665625 0.42410468837209303 0.281114584375 0.4061093744186046 0.281114584375 0.392004688372093 0.28014375 0.3917625 0.291814584375 0.402704688372093 0.291166665625 0.41535000000000005 0.291491665625 0.42459218837209306 0.291166665625
2 0.412675 0.3248875 0.4131625 0.32780624999999997 0.4304281255813953 0.32748125 0.4299421883720931 0.31710625000000003 0.41583749999999997 0.31710625000000003 0.3888437511627907 0.31743125 0.38908750000000003 0.32618541562500003 0.3975984372093023 0.324239584375 0.40732500000000005 0.324239584375 0.412675 0.3248875
2 0.5473968744186046 0.176385415625 0.561257811627907 0.17735833437499998 0.5622312488372093 0.17055 0.5532328116279069 0.16730833437499998 0.541075 0.16795625 0.5320765627906977 0.16763125 0.5211343744186047 0.170875 0.5211343744186047 0.180277084375 0.5318343744186047 0.177035415625 0.5473968744186046 0.176385415625
0 0.5598 0.214970834375 0.5593125 0.202325 0.544479688372093 0.20200208437499997 0.5267265627906977 0.20653958437500003 0.526970311627907 0.217239584375 0.535967188372093 0.214970834375 0.549829688372093 0.214322915625 0.5598 0.214970834375
0 0.5610156255813953 0.23539791562499998 0.5605281255813953 0.22956249999999997 0.5522609372093024 0.22502291562500001 0.538642188372093 0.227939584375 0.5279421883720931 0.231183334375 0.5279421883720931 0.238639584375 0.5362109372093024 0.23604583437499999 0.5481265627906977 0.235072915625 0.5610156255813953 0.23539791562499998
0 0.5608640627906977 0.26132083437500003 0.5607 0.24795833437499998 0.5488703116279069 0.24708125 0.5286640627906977 0.249929165625 0.5285 0.261102084375 0.5377000000000001 0.2606625 0.5478843744186047 0.26022500000000004 0.5608640627906977 0.26132083437500003
7 0.5605343744186047 0.2887 0.5669421883720931 0.290891665625 0.5664484372093023 0.27884375 0.5564281255813953 0.2790625 0.5258718744186047 0.281033334375 0.525542188372093 0.29308125 0.538192188372093 0.290891665625 0.5506781255813954 0.28848124999999997 0.5605343744186047 0.2887
7 0.7027687488372093 0.173989584375 0.718032811627907 0.174277084375 0.719107811627907 0.16367083437500002 0.7124437511627907 0.16223749999999998 0.7025546883720931 0.16137916562500002 0.6881499999999999 0.162810415625 0.6769718744186047 0.16453125 0.6769718744186047 0.17485 0.686 0.173704165625 0.7027687488372093 0.173989584375
0 0.7072843744186046 0.205520834375 0.7160984372093023 0.20781458437500003 0.7152375 0.19319583437500001 0.7021234372093023 0.194629165625 0.6924499999999999 0.195202084375 0.6829906255813953 0.19692083437500002 0.6829906255813953 0.2081 0.6903 0.20609375000000002 0.6986843744186046 0.20638125000000002 0.7072843744186046 0.205520834375
0 0.7029031255813953 0.22593749999999999 0.7113843744186047 0.226879165625 0.7158031255813954 0.228058334375 0.715979688372093 0.21580625000000003 0.7051999999999999 0.216985415625 0.6892984372093023 0.21816249999999998 0.6831140627906978 0.22146041562500002 0.6829375 0.228529165625 0.689475 0.2275875 0.6960124999999999 0.22593749999999999 0.7029031255813953 0.22593749999999999
0 0.705554688372093 0.249025 0.7165093744186047 0.250675 0.716332811627907 0.23936666562500003 0.7089109372093023 0.23936666562500003 0.696895311627907 0.240779165625 0.6832906255813954 0.243135415625 0.6825828116279069 0.252795834375 0.6898281255813954 0.250910415625 0.6983093744186046 0.249025 0.705554688372093 0.249025
2 0.7004296883720931 0.284602084375 0.701667188372093 0.284602084375 0.711207811627907 0.285308334375 0.7196906255813954 0.289547915625 0.7209265627906977 0.27635624999999997 0.7131515627906977 0.275647915625 0.7023734372093023 0.275647915625 0.6866468744186046 0.27776875 0.6806390627906977 0.277297915625 0.6802859372093023 0.288370834375 0.6845265627906977 0.28554375 0.6912421883720931 0.28483749999999997 0.7004296883720931 0.284602084375