7 0.49984374883720933 0.42263124999999996 0.49984374883720933 0.43997083437500006 0.5421062488372093 0.444304165625 0.5408875 0.426966665625 0.49984374883720933 0.42263124999999996
7 0.499029688372093 0.5169104156250001 0.49781093720930236 0.531539584375 0.5351984372093023 0.53425 0.5339781255813953 0.5185375 0.499029688372093 0.5169104156250001
7 0.6359796883720931 0.7423145843750001 0.6347593744186046 0.7607375000000001 0.6705218744186047 0.7639875 0.6713343744186047 0.74448125 0.6359796883720931 0.7423145843750001
7 0.626632811627907 0.8262979156249999 0.626632811627907 0.84905625 0.668082811627907 0.853933334375 0.6688953116279069 0.83496875 0.626632811627907 0.8262979156249999
7 0.36817656279069766 0.781327084375 0.36695781162790697 0.801375 0.40922187441860464 0.8084187500000001 0.4108468744186046 0.7872874999999999 0.36817656279069766 0.781327084375
7 0.3767109372093023 0.694633334375 0.377117188372093 0.7125125 0.41450468837209303 0.7163062499999999 0.41450468837209303 0.6984250000000001 0.3767109372093023 0.694633334375
2 0.37508593720930233 0.66483125 0.37467968837209303 0.681629165625 0.418567188372093 0.6837958343749999 0.4173484372093023 0.6691666656249999 0.37508593720930233 0.66483125
2 0.6343531255813953 0.714139584375 0.6339468744186046 0.727685415625 0.676617188372093 0.731477084375 0.676617188372093 0.7201 0.6343531255813953 0.714139584375
2 0.494967188372093 0.54454375 0.4941531255813953 0.5608 0.5380421883720929 0.565133334375 0.5376359372093023 0.549420834375 0.494967188372093 0.54454375
0 0.3758984372093023 0.726060415625 0.37467968837209303 0.74448125 0.4112531255813953 0.7471916656250001 0.4108468744186046 0.73201875 0.3758984372093023 0.726060415625
0 0.36980312558139533 0.758027084375 0.36899062558139534 0.776991665625 0.4132843744186046 0.78186875 0.41369062558139535 0.763445834375 0.36980312558139533 0.758027084375
0 0.6347593744186046 0.773741665625 0.6335406255813953 0.791620834375 0.6693015627906976 0.79433125 0.6701156255813954 0.779158334375 0.6347593744186046 0.773741665625
0 0.6294765627906976 0.8062520843750001 0.6282578116279071 0.82088125 0.6684890627906976 0.824672915625 0.6693015627906976 0.8105854156250001 0.6294765627906976 0.8062520843750001
0 0.5030937511627906 0.48331666562500003 0.501875 0.50228125 0.5360109372093023 0.504447915625 0.5372296883720931 0.48602708437500003 0.5030937511627906 0.48331666562500003
0 0.499029688372093 0.451347915625 0.4986234372093023 0.4654375 0.5425125 0.469229165625 0.5404812488372093 0.4546 0.499029688372093 0.451347915625