7 0.36339374883720926 0.35375625 0.36339374883720926 0.373554165625 0.40246874883720934 0.3772 0.40403281162790694 0.358966665625 0.36339374883720926 0.35375625
7 0.367692188372093 0.269354165625 0.367692188372093 0.283420834375 0.4020781255813954 0.28290000000000004 0.40325 0.267270834375 0.367692188372093 0.269354165625
7 0.4982015627906977 0.222464584375 0.49624843720930234 0.24330416562499999 0.5392296883720931 0.241741665625 0.538057811627907 0.226633334375 0.4982015627906977 0.222464584375
7 0.4997656255813953 0.315722915625 0.498982811627907 0.33083125 0.5333687488372093 0.33083125 0.5325875 0.31520208437499997 0.4997656255813953 0.315722915625
7 0.6916218744186047 0.309470834375 0.6912312488372093 0.325102084375 0.7248343744186047 0.329789584375 0.7244437488372093 0.312077084375 0.6916218744186047 0.309470834375
7 0.6943562488372094 0.21881875 0.6931843744186046 0.23496875 0.7334312511627906 0.238095834375 0.7330406255813954 0.22298541562500002 0.6943562488372094 0.21881875
0 0.36808281162790696 0.301135415625 0.3684734372093023 0.316764584375 0.4020781255813954 0.317285415625 0.4020781255813954 0.30165625 0.36808281162790696 0.301135415625
0 0.3653484372093023 0.33239583437500003 0.36417656279069766 0.3464625 0.405204688372093 0.348025 0.405204688372093 0.3334375 0.3653484372093023 0.33239583437500003
0 0.49937499999999996 0.28290000000000004 0.5001562511627907 0.299572915625 0.5353234372093023 0.299572915625 0.5329781255813953 0.28185833437499996 0.49937499999999996 0.28290000000000004
0 0.4966390627906977 0.24955625 0.4982015627906977 0.2651875 0.536104688372093 0.2651875 0.5368859372093023 0.247472915625 0.4966390627906977 0.24955625
0 0.6924031255813953 0.24799375 0.6912312488372093 0.260497915625 0.7299140627906977 0.26414375 0.7318687511627906 0.250597915625 0.6924031255813953 0.24799375
0 0.6927937488372093 0.276127084375 0.6912312488372093 0.292279165625 0.7263984372093024 0.295404165625 0.726007811627907 0.27821250000000003 0.6927937488372093 0.276127084375
2 0.6841968744186047 0.33968958437499996 0.6838062511627908 0.354277084375 0.7267890627906977 0.358445834375 0.7271796883720931 0.34333541562500003 0.6841968744186047 0.33968958437499996
2 0.494295311627907 0.3464625 0.494295311627907 0.36105 0.5372765627906977 0.36157083437500004 0.536495311627907 0.3464625 0.494295311627907 0.3464625
2 0.364567188372093 0.23653125 0.3626125 0.25216249999999996 0.4091125 0.25320416562500003 0.40715781162790693 0.238616665625 0.364567188372093 0.23653125