2 0.4589890627906977 0.231322915625 0.443175 0.22873541562500002 0.4209812511627907 0.227995834375 0.41987187441860463 0.238345834375 0.44844687441860465 0.241672915625 0.46120781162790697 0.24315000000000003 0.4589890627906977 0.231322915625
2 0.5264031255813953 0.35995625000000003 0.5033765627906976 0.358847915625 0.48662500000000003 0.359225 0.4892281255813954 0.37141666562500003 0.5264031255813953 0.371785415625 0.5264031255813953 0.35995625000000003
2 0.5988125 0.28602916562499997 0.5996437488372093 0.275679165625 0.5777281255813953 0.2742 0.5595375 0.274210415625 0.558029688372093 0.280483334375 0.558029688372093 0.28454999999999997 0.5988125 0.28602916562499997
7 0.5674625 0.405052084375 0.5957609372093023 0.40579166562499996 0.5977015627906976 0.3906375 0.578282811627907 0.388789584375 0.557707811627907 0.3885125 0.5560875 0.397660415625 0.5591406255813953 0.40616250000000004 0.5674625 0.405052084375
7 0.44927968837209303 0.365502084375 0.4556593744186046 0.361804165625 0.45538281162790695 0.348497915625 0.4309687511627907 0.34665 0.4143218744186047 0.34742916562500004 0.41293593720930233 0.355891665625 0.41571093720930236 0.36328333437500004 0.44927968837209303 0.365502084375
7 0.5247390627906977 0.236497915625 0.4931125 0.235758334375 0.4899812511627907 0.24858541562499997 0.5291781255813953 0.25054375 0.5289 0.242410415625 0.5247390627906977 0.236497915625
7 0.5949281255813954 0.303033334375 0.5631984372093023 0.302683334375 0.5624687511627907 0.31523124999999996 0.594095311627907 0.316708334375 0.5949281255813954 0.303033334375
7 0.4556593744186046 0.260522915625 0.4237562511627907 0.259414584375 0.424032811627907 0.272720834375 0.453717188372093 0.27383125 0.4556593744186046 0.260522915625
0 0.453717188372093 0.293052084375 0.42133906279069766 0.2908875 0.4212593744186046 0.305989584375 0.453717188372093 0.30931666562500004 0.453717188372093 0.293052084375
0 0.43457500000000004 0.3388875 0.4556593744186046 0.342583334375 0.45399531162790696 0.32631875 0.41950937441860464 0.32424375 0.4151562511627907 0.332972915625 0.4143234372093023 0.337039584375 0.43457500000000004 0.3388875
0 0.491725 0.296379165625 0.4918109372093023 0.3096 0.5247390627906977 0.30931666562500004 0.5252937488372094 0.296379165625 0.491725 0.296379165625
0 0.5289 0.26680833437499996 0.48978281162790693 0.262741665625 0.49255781162790696 0.275308334375 0.5280687488372093 0.27383125 0.5289 0.26680833437499996
0 0.5943734372093024 0.3363 0.5613687511627907 0.335225 0.5616375 0.34812916562499996 0.5935406255813953 0.3492375 0.5943734372093024 0.3363
0 0.5796687511627907 0.376960415625 0.5963156255813954 0.381027084375 0.5943734372093024 0.368089584375 0.5607578116279069 0.365327084375 0.558029688372093 0.372154165625 0.5571984372093023 0.376960415625 0.5796687511627907 0.376960415625
7 0.5239062488372093 0.329645834375 0.492117188372093 0.327904165625 0.4906156255813954 0.343322915625 0.5239062488372093 0.3440625 0.5239062488372093 0.329645834375