2 0.388642188372093 0.194914584375 0.3876234372093023 0.20985625 0.4309187511627907 0.214610415625 0.43142812558139537 0.20170625000000003 0.388642188372093 0.194914584375
2 0.6468875000000001 0.241777084375 0.6463781255813953 0.259433334375 0.6917109372093023 0.264866665625 0.6917109372093023 0.24992708437500002 0.6468875000000001 0.241777084375
2 0.506304688372093 0.5732 0.5052859372093024 0.5894999999999999 0.5506187511627907 0.588820834375 0.5501093744186046 0.5711625 0.506304688372093 0.5732
7 0.508342188372093 0.542639584375 0.5093609372093023 0.561654165625 0.545525 0.5589375000000001 0.545525 0.541960415625 0.508342188372093 0.542639584375
7 0.5047765627906977 0.449595834375 0.505795311627907 0.469291665625 0.5480718744186046 0.4686125 0.5480718744186046 0.448916665625 0.5047765627906977 0.449595834375
7 0.6397562511627907 0.359947915625 0.6382281255813953 0.381002084375 0.6825437488372093 0.38575624999999997 0.6830515627906977 0.364702084375 0.6397562511627907 0.359947915625
7 0.6499437511627907 0.2723375 0.6494343744186046 0.29271250000000004 0.686107811627907 0.295429165625 0.6871265627906977 0.277091665625 0.6499437511627907 0.2723375
7 0.38100156279069763 0.313766665625 0.38100156279069763 0.332102084375 0.4222593744186046 0.337535415625 0.4248062488372093 0.3171625 0.38100156279069763 0.313766665625
7 0.38966093720930234 0.22615625 0.388642188372093 0.243135415625 0.42531562558139535 0.24721041562499999 0.4268437488372093 0.230910415625 0.38966093720930234 0.22615625
0 0.388642188372093 0.2601125 0.388642188372093 0.2764125 0.4227687488372093 0.279129165625 0.4237875 0.262829165625 0.388642188372093 0.2601125
0 0.384567188372093 0.292033334375 0.3850765627906977 0.3090125 0.4237875 0.314445834375 0.42531562558139535 0.2967875 0.384567188372093 0.292033334375
0 0.6484156255813953 0.306295834375 0.6473968744186046 0.323954165625 0.6810156255813954 0.328027084375 0.6815249999999999 0.307654165625 0.6484156255813953 0.306295834375
0 0.6443406255813953 0.338214584375 0.6443406255813953 0.35247708437499997 0.6820343744186047 0.35655208437499997 0.6825437488372093 0.342289584375 0.6443406255813953 0.338214584375
0 0.5068140627906976 0.47811875 0.508342188372093 0.49441875 0.5470531255813953 0.493060415625 0.5470531255813953 0.47811875 0.5068140627906976 0.47811875
0 0.5108890627906977 0.5100395843750001 0.5108890627906977 0.52905625 0.545525 0.52701875 0.5445062488372093 0.50868125 0.5108890627906977 0.5100395843750001