2 0.4015343744186047 0.492172915625 0.40080312558139536 0.478554165625 0.36055 0.476997915625 0.360279688372093 0.48876875000000003 0.3799937488372093 0.490227084375 0.4015343744186047 0.492172915625
2 0.5011031255813954 0.598070834375 0.529954688372093 0.598070834375 0.5311093744186046 0.5865375 0.5077390627906977 0.5865375 0.49129218837209304 0.585 0.48985 0.593458334375 0.49129218837209304 0.596916665625 0.5011031255813954 0.598070834375
2 0.6996062511627907 0.5938416656250001 0.720379688372093 0.594227084375 0.7218234372093023 0.5834625 0.7013375000000001 0.581539584375 0.6802750000000001 0.579189584375 0.6802750000000001 0.58884375 0.6834500000000001 0.590766665625 0.6996062511627907 0.5938416656250001
7 0.39319531162790694 0.6130625000000001 0.39925312558139536 0.6069125 0.39954218837209304 0.596916665625 0.37126718837209305 0.596147915625 0.358282811627907 0.592304165625 0.3597265627906977 0.6065270843749999 0.36376562558139536 0.61229375 0.39319531162790694 0.6130625000000001
7 0.5290890627906977 0.46390624999999996 0.4970640627906977 0.46352083437499997 0.4924468744186047 0.47159375 0.4908609372093023 0.480620834375 0.5322625 0.47812916562499996 0.5328406255813953 0.471979165625 0.5290890627906977 0.46390624999999996
7 0.7281703116279069 0.46928749999999997 0.7264390627906976 0.46159999999999995 0.6915281255813954 0.458139584375 0.6880656255813954 0.46275208437500004 0.6869375 0.474277084375 0.7050890627906976 0.473902084375 0.7275937511627907 0.47582291562499995 0.7281703116279069 0.46928749999999997
7 0.702492188372093 0.565010415625 0.7192265627906977 0.565010415625 0.71865 0.5500166656250001 0.6875718744186047 0.5483083343749999 0.6869109372093024 0.56231875 0.6949906255813955 0.561935415625 0.702492188372093 0.565010415625
7 0.527357811627907 0.55463125 0.49530312558139533 0.554652084375 0.49360156279069767 0.566547915625 0.5091812488372093 0.5680854156249999 0.5282234372093023 0.568854165625 0.527357811627907 0.55463125
7 0.37588281162790693 0.521954165625 0.396657811627907 0.521954165625 0.39694531162790697 0.508883334375 0.36395 0.5085416656249999 0.3631890627906977 0.51849375 0.3675156255813954 0.518879165625 0.37588281162790693 0.521954165625
0 0.7226890627906977 0.499658334375 0.7261515627906977 0.49119999999999997 0.687254688372093 0.48738958437499996 0.6871999999999999 0.496197915625 0.6897968744186047 0.498889584375 0.7226890627906977 0.499658334375
0 0.7212453116279071 0.518879165625 0.6878906255813955 0.51615625 0.6874890627906977 0.5304125 0.720379688372093 0.53271875 0.7212453116279071 0.518879165625
0 0.5276468744186047 0.5023479156249999 0.5302437488372093 0.498120834375 0.531975 0.487739584375 0.4927640627906976 0.48696666562499996 0.4933125 0.499658334375 0.49388906279069766 0.503116665625 0.5276468744186047 0.5023479156249999
0 0.527357811627907 0.5215708343750001 0.49593750000000003 0.521233334375 0.494467188372093 0.5357937500000001 0.5282234372093023 0.5357937500000001 0.527357811627907 0.5215708343750001
0 0.395792188372093 0.54040625 0.363632811627907 0.539422915625 0.364342188372093 0.5538624999999999 0.395792188372093 0.5538624999999999 0.395792188372093 0.54040625
0 0.3983890627906977 0.575004165625 0.36331562558139535 0.5732666656250001 0.3597265627906977 0.5834625 0.39925312558139536 0.584616665625 0.3983890627906977 0.575004165625