7 0.36072812558139533 0.319391665625 0.3699140627906977 0.319391665625 0.3706218744186046 0.305258334375 0.35083593720930234 0.302904165625 0.3412968744186046 0.303375 0.3388234372093023 0.313739584375 0.3423562511627907 0.31421041562499996 0.36072812558139533 0.319391665625
7 0.3646156255813953 0.22988749999999997 0.38192656279069764 0.23271250000000002 0.38016093720930233 0.21622499999999997 0.361082811627907 0.21245625 0.343770311627907 0.21245625 0.3395296883720931 0.228002084375 0.34165 0.22894375 0.3646156255813953 0.22988749999999997
7 0.507704688372093 0.243077084375 0.5069984372093024 0.23082916562500003 0.4730812488372093 0.227060415625 0.46601562558139537 0.24072083437499997 0.48827343720930233 0.23977916562499998 0.507704688372093 0.243077084375
7 0.5006390627906977 0.322689584375 0.4829734372093023 0.319391665625 0.47025468837209305 0.31892083437499996 0.46566093720930235 0.33022708437500004 0.5006390627906977 0.333522915625 0.5006390627906977 0.322689584375
7 0.6299499999999999 0.368854165625 0.633482811627907 0.35378125 0.6133453116279071 0.348597915625 0.5942656255813954 0.343416665625 0.5935593744186047 0.3453 0.5932062511627907 0.36273125 0.6299499999999999 0.368854165625
7 0.6377234372093022 0.276052084375 0.6373703116279069 0.2628625 0.6069859372093024 0.261920834375 0.605925 0.26945625 0.6260640627906976 0.2779375 0.6377234372093022 0.276052084375
0 0.373095311627907 0.272283334375 0.3430640627906977 0.26992916562499997 0.3430640627906977 0.28311875 0.37274062558139537 0.285945834375 0.373095311627907 0.272283334375
0 0.37804062558139534 0.24401875 0.34023749999999997 0.24260625 0.3427093744186046 0.249672915625 0.37768749999999995 0.25579583437500003 0.37804062558139534 0.24401875
0 0.5066453116279069 0.258152084375 0.47060781162790694 0.25155625000000004 0.4681343744186046 0.263333334375 0.5041718744186047 0.267572915625 0.5066453116279069 0.258152084375
0 0.501345311627907 0.299135415625 0.5020531255813954 0.28971458437500003 0.4727281255813953 0.286416665625 0.47025468837209305 0.2868875 0.47060781162790694 0.297722915625 0.501345311627907 0.299135415625
0 0.6345437511627907 0.296779165625 0.6052187488372093 0.293010415625 0.6027453116279069 0.306202084375 0.633482811627907 0.31091250000000004 0.6345437511627907 0.296779165625
0 0.625357811627907 0.338235415625 0.6348968744186047 0.33870625 0.6327765627906977 0.330697915625 0.6140515627906976 0.328341665625 0.6006250000000001 0.324102084375 0.5967390627906977 0.3349375 0.6151109372093023 0.334466665625 0.625357811627907 0.338235415625
2 0.3739562488372093 0.337352084375 0.33611562558139535 0.333889584375 0.3346312488372093 0.341804165625 0.3728437488372093 0.35070833437500004 0.3739562488372093 0.337352084375
2 0.5019484372093024 0.35219166562500004 0.47597812558139535 0.348235415625 0.46373593720930234 0.349225 0.4622515627906977 0.3596125 0.5004640627906977 0.361589584375 0.5019484372093024 0.35219166562500004
2 0.6410687488372093 0.24732500000000002 0.6429234372093023 0.235947915625 0.6210359372093024 0.23149791562500002 0.605082811627907 0.2300125 0.6021156255813953 0.23990625 0.6202937511627907 0.2404 0.6410687488372093 0.24732500000000002