2 0.7167812488372093 0.3745625 0.717417188372093 0.388985415625 0.761957811627907 0.386864584375 0.7616390627906977 0.37328958437500004 0.7167812488372093 0.3745625
2 0.5701156255813954 0.478489584375 0.5697984372093023 0.493760415625 0.6111562511627907 0.4924875 0.6108390627906977 0.478066665625 0.5701156255813954 0.478489584375
2 0.41836093720930234 0.366927084375 0.41772499999999996 0.380502084375 0.46194687441860466 0.38474375 0.4622640627906977 0.372016665625 0.41836093720930234 0.366927084375
7 0.42281406279069766 0.39746875 0.42186093720930234 0.41231666562499997 0.45558437441860467 0.41486041562500003 0.45685624883720927 0.40043749999999995 0.42281406279069766 0.39746875
7 0.4126343744186047 0.48442916562500005 0.411679688372093 0.5064875 0.45335625116279066 0.507335415625 0.45399218837209304 0.48612500000000003 0.4126343744186047 0.48442916562500005
7 0.572979688372093 0.447525 0.5717062488372093 0.46364375 0.607975 0.46364375 0.607975 0.447525 0.572979688372093 0.447525
7 0.5688437488372093 0.354625 0.5678890627906976 0.37328958437500004 0.6095656255813954 0.373714584375 0.6102015627906976 0.355475 0.5688437488372093 0.354625
7 0.717417188372093 0.491216665625 0.7180531255813953 0.5090312499999999 0.7613203116279069 0.5086083343750001 0.762275 0.488670834375 0.717417188372093 0.491216665625
7 0.7221890627906976 0.402135415625 0.7218703116279069 0.421225 0.7555937488372093 0.419527084375 0.7546406255813953 0.4008625 0.7221890627906976 0.402135415625
0 0.5736156255813953 0.416133334375 0.5732968744186047 0.43225208437499996 0.6086109372093023 0.43098125 0.6086109372093023 0.41316458437500003 0.5736156255813953 0.416133334375
0 0.5713890627906977 0.38431875 0.572025 0.39789375 0.6082937488372092 0.396620834375 0.6092484372093023 0.383470834375 0.5713890627906977 0.38431875
0 0.7234624999999999 0.43649583437499995 0.722825 0.454310415625 0.7571843744186048 0.45134166562500005 0.7568671883720931 0.43310208437500003 0.7234624999999999 0.43649583437499995
0 0.7193265627906977 0.468733334375 0.7183718744186046 0.4801875 0.7610031255813953 0.4797625 0.7610031255813953 0.46618750000000003 0.7193265627906977 0.468733334375
0 0.4199515627906977 0.428860415625 0.41931562558139535 0.4471 0.45399218837209304 0.448795834375 0.4549468744186047 0.43013124999999997 0.4199515627906977 0.428860415625
0 0.41549687441860467 0.461945834375 0.41231562558139534 0.480610415625 0.45462968837209305 0.48315625000000006 0.45558437441860467 0.46364375 0.41549687441860467 0.461945834375