2 0.3651984372093023 0.5258875 0.36548593720930234 0.540016665625 0.40845 0.538108334375 0.40787656279069767 0.524358334375 0.3651984372093023 0.5258875
2 0.463445311627907 0.641222915625 0.4637312511627907 0.6572625000000001 0.5081281255813953 0.6564979156249999 0.5066953116279069 0.640458334375 0.463445311627907 0.641222915625
2 0.5722890627906977 0.5396354156250001 0.572575 0.553766665625 0.6149671883720931 0.552620834375 0.614107811627907 0.5404 0.5722890627906977 0.5396354156250001
7 0.3680640627906977 0.646952084375 0.3686359372093023 0.662227084375 0.40902343720930234 0.6607000000000001 0.40988281162790696 0.6461875 0.3680640627906977 0.646952084375
7 0.36949531162790694 0.5560562499999999 0.36978124883720925 0.57056875 0.4035812488372093 0.56980625 0.403007811627907 0.5552937499999999 0.36949531162790694 0.5560562499999999
7 0.46831406279069765 0.611433334375 0.466595311627907 0.62861875 0.5006812488372093 0.627091665625 0.500967188372093 0.611052084375 0.46831406279069765 0.611433334375
7 0.46287187441860467 0.51939375 0.463157811627907 0.536579165625 0.5066953116279069 0.5361979156250001 0.5046906255813953 0.5178666656249999 0.46287187441860467 0.51939375
7 0.5731468744186047 0.65764375 0.5731468744186047 0.67483125 0.6146796883720931 0.6740666656250001 0.6146796883720931 0.65764375 0.5731468744186047 0.65764375
7 0.577157811627907 0.5686604156249999 0.5774437511627907 0.5847 0.6123890627906976 0.5835541656250001 0.611529688372093 0.5694250000000001 0.577157811627907 0.5686604156249999
0 0.4035812488372093 0.58851875 0.36920937441860463 0.5873729156249999 0.3700687488372093 0.6034145843750001 0.4041531255813953 0.6034145843750001 0.4044406255813954 0.589664584375 0.4035812488372093 0.58851875
0 0.36920937441860463 0.62098125 0.36920937441860463 0.63549375 0.4061593744186046 0.63549375 0.4053 0.62098125 0.36920937441860463 0.62098125
0 0.46774062558139534 0.5793541656250001 0.46859999999999996 0.594247915625 0.500967188372093 0.594629165625 0.5012531255813953 0.578970834375 0.46774062558139534 0.5793541656250001
0 0.46459062558139536 0.546891665625 0.46545 0.5614041656250001 0.5024000000000001 0.5591125 0.5026859372093023 0.548802084375 0.46459062558139536 0.546891665625
0 0.5774437511627907 0.60226875 0.5783031255813953 0.616016665625 0.610670311627907 0.6171625 0.611242188372093 0.60265 0.5774437511627907 0.60226875
0 0.5748656255813953 0.63205625 0.5757249999999999 0.6465687499999999 0.6146796883720931 0.645041665625 0.612675 0.634347915625 0.5748656255813953 0.63205625