7 0.40224062558139534 0.21870625000000002 0.40342656279069766 0.21292083437499998 0.4046109372093023 0.201345834375 0.3880265627906977 0.19766250000000002 0.363682811627907 0.196595834375 0.36433437441860467 0.20660625000000002 0.3659140627906977 0.21502500000000002 0.38368281162790696 0.217129165625 0.40224062558139534 0.21870625000000002
7 0.40342656279069766 0.112958334375 0.38763125116279074 0.11032708437500001 0.368142188372093 0.11033124999999999 0.3698625 0.12190208437500001 0.3824984372093024 0.12242916562499999 0.4010562488372093 0.125058334375 0.40342656279069766 0.112958334375
7 0.45747343720930234 0.092752084375 0.4736625 0.095908334375 0.4732687488372093 0.086964584375 0.4701093744186046 0.081704165625 0.43801093720930234 0.076752084375 0.4337812488372093 0.08223125 0.43338750000000004 0.092752084375 0.44523281162790695 0.09327916562500001 0.45747343720930234 0.092752084375
7 0.533582811627907 0.11801458437500001 0.5458234372093024 0.114333334375 0.560829688372093 0.112754165625 0.5580656255813954 0.1053875 0.5541156255813954 0.097495834375 0.5414812511627907 0.09855 0.524025 0.09985625000000001 0.5197625 0.10591458437500001 0.5197625 0.111175 0.5197625 0.12064583437500001 0.533582811627907 0.11801458437500001
7 0.560829688372093 0.18736875 0.5288015627906977 0.190858334375 0.5272656255813953 0.206833334375 0.543454688372093 0.20367708437499998 0.5631984372093023 0.201572915625 0.560829688372093 0.18736875
7 0.432079688372093 0.18304375 0.45577187441860467 0.18567499999999998 0.46682812558139536 0.18567499999999998 0.46540625116279066 0.171120834375 0.453007811627907 0.170416665625 0.43287031162790696 0.167260415625 0.432079688372093 0.18304375
0 0.5609125 0.170939584375 0.560517188372093 0.156733334375 0.5470921883720931 0.15568125 0.5269468744186047 0.160647915625 0.5281374999999999 0.177252084375 0.537220311627907 0.17199166562499998 0.5526203116279069 0.1704125 0.5609125 0.170939584375
0 0.5609125 0.12569375 0.5624906255813954 0.12043124999999999 0.5447218744186046 0.122010415625 0.5340609372093024 0.12253750000000001 0.5210296883720931 0.12569375 0.5222156255813953 0.138320834375 0.5256437488372093 0.14401666562499998 0.5494609372093023 0.13411041562499998 0.5597265627906977 0.136214584375 0.5609125 0.12569375
0 0.47297343720930235 0.11042291562499999 0.45441562558139537 0.10937083437499999 0.43185468837209307 0.107383334375 0.43625156279069766 0.1177875 0.4480968744186047 0.118839584375 0.47020937441860466 0.12094374999999999 0.47297343720930235 0.11042291562499999
0 0.4524406255813953 0.13725416562499998 0.435067188372093 0.135675 0.43532812558139533 0.1497 0.46705 0.152510415625 0.46705 0.13883125000000002 0.4524406255813953 0.13725416562499998
0 0.38801562558139535 0.142514584375 0.3678765627906977 0.141989584375 0.36774687441860465 0.156120834375 0.40302031162790697 0.15935 0.40144062558139537 0.14461875 0.38801562558139535 0.142514584375
0 0.40065156279069764 0.178816665625 0.382092188372093 0.177764584375 0.3678765627906977 0.17355625 0.36274375116279073 0.183025 0.38880468837209303 0.18723541562499998 0.4038093744186047 0.1882875 0.40065156279069764 0.178816665625
2 0.47059062558139536 0.20307291562500002 0.45874531162790694 0.199389584375 0.44413437441860465 0.20044166562500002 0.42676093720930236 0.19886458437500001 0.42711718837209306 0.211754165625 0.450057811627907 0.21306875 0.470195311627907 0.214647915625 0.47059062558139536 0.20307291562500002
2 0.39517187441860463 0.091010415625 0.4074125 0.09364166562500001 0.40583281162790696 0.08206666562500001 0.39082812558139535 0.07943750000000001 0.367707811627907 0.07791041562499999 0.36476718837209304 0.08311874999999999 0.3631875 0.092589584375 0.380167188372093 0.090485415625 0.39517187441860463 0.091010415625
2 0.560132811627907 0.23297916562499998 0.5696093744186046 0.2314 0.568820311627907 0.21772083437499998 0.5502609372093024 0.2193 0.5252890627906978 0.22443749999999998 0.5265687511627907 0.23403125 0.5297281255813954 0.2366625 0.544732811627907 0.23403125 0.560132811627907 0.23297916562499998