2 0.45852343720930233 0.433735415625 0.4438187488372093 0.43188750000000004 0.41774062558139535 0.42893125000000004 0.4167625 0.44017083437500004 0.4352187511627907 0.44223749999999995 0.45824531162790694 0.44519583437500004 0.45852343720930233 0.433735415625
2 0.5248281255813954 0.57198125 0.52455 0.560522915625 0.48296406279069765 0.5593541656250001 0.4834906255813954 0.568654165625 0.4848781255813953 0.571241665625 0.5248281255813954 0.57198125
2 0.5961265627906978 0.47550625 0.5561765627906977 0.474027084375 0.555345311627907 0.48474583437499996 0.5869718744186047 0.485485415625 0.5955718744186047 0.48363750000000005 0.5961265627906978 0.47550625
7 0.5248281255813954 0.45258750000000003 0.526492188372093 0.44815208437500004 0.5234406255813954 0.4370625 0.49089687441860463 0.43610416562500004 0.4870984372093023 0.442977084375 0.48626562558139536 0.451110415625 0.5248281255813954 0.45258750000000003
7 0.5689390627906977 0.6052500000000001 0.5927968744186046 0.6033999999999999 0.5939062511627907 0.591202084375 0.5728218744186047 0.589354165625 0.5545125 0.587877084375 0.5534031255813954 0.5997041656250001 0.553957811627907 0.604510415625 0.5689390627906977 0.6052500000000001
7 0.42328906279069767 0.564958334375 0.4429875 0.565697915625 0.45130937441860464 0.560154165625 0.45130937441860464 0.549064584375 0.424954688372093 0.547954165625 0.4118812488372093 0.548370834375 0.4116375 0.551652084375 0.412470311627907 0.5627395843749999 0.42328906279069767 0.564958334375
7 0.5214984372093023 0.5435187499999999 0.5212218744186047 0.5302125 0.4887609372093023 0.528845834375 0.48682031162790695 0.539454165625 0.4870984372093023 0.5435187499999999 0.5214984372093023 0.5435187499999999
7 0.452142188372093 0.461089584375 0.42072968837209307 0.460916665625 0.4205156255813954 0.472547915625 0.452142188372093 0.47661458437500004 0.452142188372093 0.461089584375
7 0.5927968744186046 0.503597915625 0.5601484372093024 0.50240625 0.559782811627907 0.516166665625 0.5914093744186046 0.516166665625 0.5927968744186046 0.503597915625
0 0.44992187441860465 0.50914375 0.450754688372093 0.49398749999999997 0.41798281162790696 0.491829165625 0.41774062558139535 0.506185415625 0.43216718837209306 0.5069250000000001 0.44992187441860465 0.50914375
0 0.486320311627907 0.46335625 0.49015 0.47809375000000004 0.5234406255813954 0.476983334375 0.525104688372093 0.46552499999999997 0.486320311627907 0.46335625
0 0.5231625 0.49620625 0.4899812511627907 0.495491665625 0.48987187441860464 0.510252084375 0.5220531255813954 0.51173125 0.5231625 0.49620625
0 0.558317188372093 0.534947915625 0.5583968744186046 0.549064584375 0.591132811627907 0.549064584375 0.5914093744186046 0.5353875 0.558317188372093 0.534947915625
0 0.5933515627906977 0.579375 0.5916875 0.568654165625 0.5558765627906977 0.56626875 0.5534031255813954 0.577527084375 0.573654688372093 0.5782645843750001 0.5933515627906977 0.579375
0 0.43272187441860466 0.538714584375 0.4518640627906977 0.541302084375 0.4518640627906977 0.52799375 0.4485359372093023 0.526516665625 0.41690937441860465 0.5250375 0.413579688372093 0.5328 0.4113609372093023 0.537604165625 0.43272187441860466 0.538714584375