2 0.42043437441860465 0.7287541656250001 0.380142188372093 0.7287541656250001 0.379267188372093 0.7375125 0.41912031162790697 0.739847915625 0.42043437441860465 0.7287541656250001
2 0.5294843744186046 0.8718187500000001 0.512404688372093 0.876489584375 0.488754688372093 0.8724020843750001 0.48831718837209304 0.885247915625 0.5264187488372093 0.8858312500000001 0.5294843744186046 0.8718187500000001
2 0.65255 0.777220834375 0.6271484372093024 0.780139584375 0.6118203116279071 0.776635415625 0.6113812488372092 0.7906500000000001 0.6499218744186047 0.78773125 0.65255 0.777220834375
0 0.6472937488372094 0.8373645843749999 0.6258343744186047 0.8402854156249999 0.6157609372093023 0.839116665625 0.6162 0.851964584375 0.6472937488372094 0.8502124999999999 0.6472937488372094 0.8373645843749999
0 0.6499218744186047 0.87065 0.6236453116279069 0.8735687499999999 0.6144468744186047 0.8724020843750001 0.6144468744186047 0.88408125 0.6503593744186047 0.880577084375 0.6499218744186047 0.87065
0 0.5237906255813953 0.8215999999999999 0.5229156255813954 0.8087520843749999 0.5053968744186047 0.813425 0.4948859372093023 0.8093375 0.4944484372093023 0.8239354156250001 0.5102140627906977 0.82451875 0.5237906255813953 0.8215999999999999
0 0.525104688372093 0.7871479156250001 0.5264187488372093 0.7783875 0.503207811627907 0.781308334375 0.4922593744186046 0.777220834375 0.4905062488372093 0.784810415625 0.4970765627906977 0.788314584375 0.525104688372093 0.7871479156250001
0 0.41386562558139534 0.801745834375 0.4134265627906977 0.788314584375 0.3985375 0.791235415625 0.38539843720930234 0.7894833343750001 0.38189531162790696 0.7859791656249999 0.3805812488372093 0.800577084375 0.41386562558139534 0.801745834375
0 0.415179688372093 0.8350291656250001 0.4129890627906977 0.819847915625 0.3906531255813953 0.825102084375 0.382332811627907 0.8215999999999999 0.3770765627906977 0.8356145843749999 0.39985 0.8397020843749999 0.415179688372093 0.8350291656250001
7 0.4178062511627907 0.75795 0.39590937441860463 0.76086875 0.3827703116279069 0.757366665625 0.38189531162790696 0.768460415625 0.4134265627906977 0.773133334375 0.4178062511627907 0.75795
7 0.41693125116279073 0.844372915625 0.39459531162790695 0.846125 0.3788296883720931 0.8455395843750001 0.3779531255813954 0.8595541656250001 0.41036093720930233 0.8618916656250001 0.41693125116279073 0.844372915625
7 0.526857811627907 0.749191665625 0.5071484372093024 0.752110415625 0.49269687441860466 0.749191665625 0.4896312488372093 0.76320625 0.527732811627907 0.7626208343750001 0.526857811627907 0.749191665625
7 0.5229156255813954 0.841452084375 0.503207811627907 0.8455395843750001 0.4922593744186046 0.8420375 0.488754688372093 0.856052084375 0.5194124999999999 0.854883334375 0.5229156255813954 0.841452084375
7 0.6472937488372094 0.807 0.6315281255813954 0.8087520843749999 0.6166375000000001 0.807 0.6170749999999999 0.8215999999999999 0.6455421883720931 0.8192625 0.6472937488372094 0.807
7 0.6512359372093023 0.895175 0.6144468744186047 0.8969270843749999 0.6188265627906976 0.9097729156250001 0.6472937488372094 0.9097729156250001 0.6512359372093023 0.895175