7 0.34864218837209304 0.69370625 0.36019062558139536 0.694297915625 0.37084999999999996 0.6931145843750001 0.3717375 0.6860125 0.37129374883720934 0.6753604156249999 0.357525 0.6753604156249999 0.3329515627906977 0.671977084375 0.329542188372093 0.678320834375 0.329542188372093 0.69015625 0.33975781162790697 0.692522915625 0.34864218837209304 0.69370625
7 0.36172812558139533 0.7804875 0.361282811627907 0.76746875 0.34973437441860467 0.766285415625 0.3285812511627907 0.765104165625 0.32797031162790696 0.7769375000000001 0.33685468837209304 0.7787124999999999 0.3461812511627907 0.7804875 0.36172812558139533 0.7804875
7 0.489157811627907 0.781527084375 0.4569593744186047 0.777441665625 0.4545125 0.7898125 0.46606093720930236 0.7933625 0.48960156279069766 0.793954165625 0.489157811627907 0.781527084375
7 0.48114531162790697 0.703954165625 0.4993562511627907 0.7051375 0.49757968837209304 0.692116665625 0.478925 0.689158334375 0.45747499999999997 0.684385415625 0.45582812558139535 0.68975 0.45582812558139535 0.699810415625 0.46826406279069765 0.7021770843749999 0.48114531162790697 0.703954165625
7 0.6173015627906976 0.739695834375 0.6270734372093023 0.7391041656249999 0.6266281255813952 0.725491665625 0.611970311627907 0.7249 0.5932859372093023 0.720783334375 0.5942046883720931 0.731410415625 0.6030875 0.73436875 0.6088625 0.73791875 0.6173015627906976 0.739695834375
7 0.5990718744186047 0.8278020843749999 0.6115093744186046 0.8313541656250001 0.6177281255813953 0.8307625 0.6212812488372093 0.8236604156249999 0.6226124999999999 0.8153750000000001 0.6048468744186046 0.812416665625 0.5820781255813954 0.8036 0.5813062511627907 0.813008334375 0.5821937488372093 0.8189249999999999 0.5866359372093023 0.8254354156250001 0.5990718744186047 0.8278020843749999
0 0.368907811627907 0.706966665625 0.3546937511627907 0.706375 0.33192031162790697 0.70196875 0.33204062558139535 0.71406875 0.34714218837209304 0.716435415625 0.36846249999999997 0.716435415625 0.368907811627907 0.706966665625
0 0.3630625 0.7342375 0.3305625 0.73185625 0.3301937511627907 0.7472562500000001 0.34662812558139533 0.749622915625 0.362617188372093 0.749622915625 0.3630625 0.7342375
0 0.49060937441860464 0.7492125 0.4588875 0.74553125 0.4590734372093023 0.758089584375 0.4750625 0.761641665625 0.4910531255813953 0.761641665625 0.49060937441860464 0.7492125
0 0.494570311627907 0.71836875 0.473695311627907 0.716 0.45552187441860464 0.711775 0.4585937488372093 0.72369375 0.4732515627906977 0.727245834375 0.49235 0.7284291656249999 0.494570311627907 0.71836875
0 0.6226281255813954 0.757308334375 0.6066375 0.7579020843750001 0.5909234372093024 0.75273125 0.5902031255813953 0.7655937500000001 0.6026406255813953 0.768554165625 0.6221843744186046 0.772104165625 0.6226281255813954 0.757308334375
0 0.6230906255813954 0.8016708343750001 0.6230906255813954 0.79101875 0.6097656255813955 0.791610415625 0.5986609372093022 0.788652084375 0.5875562511627908 0.780958334375 0.585779688372093 0.786283334375 0.582670311627907 0.797529165625 0.5946625 0.797529165625 0.6062109372093023 0.8004875 0.6230906255813954 0.8016708343750001
2 0.34554062558139537 0.809716665625 0.36107656279069766 0.81045625 0.364682811627907 0.8067604156250001 0.36495937441860465 0.798258334375 0.3502562488372093 0.798627084375 0.32252968837209306 0.7956624999999999 0.3230687511627907 0.801214584375 0.3236234372093023 0.807129165625 0.33499843720930234 0.8082375 0.34554062558139537 0.809716665625
2 0.47271093720930235 0.82334375 0.4907437511627907 0.8237125000000001 0.49212968837209303 0.8192770843750001 0.4918531255813954 0.811145834375 0.47548437441860464 0.8129937500000001 0.4641109372093023 0.812254165625 0.45021562558139533 0.8068312499999999 0.4494062488372093 0.811145834375 0.44996093720930236 0.820016665625 0.4593937488372093 0.8214958343750001 0.47271093720930235 0.82334375
2 0.613842188372093 0.706879165625 0.6229968744186047 0.7079875 0.631320311627907 0.709466665625 0.6332625 0.70503125 0.6332625 0.696529165625 0.6157843744186047 0.696529165625 0.6024671883720931 0.6939416656249999 0.5922156255813953 0.686845834375 0.5905375 0.696160415625 0.5908156255813953 0.703183334375 0.6016359372093024 0.7054 0.613842188372093 0.706879165625