2 0.3963687488372093 0.65391875 0.3963687488372093 0.640354165625 0.376007811627907 0.640822915625 0.35482812558139537 0.639477084375 0.35389374883720925 0.6445645843750001 0.3528406255813954 0.654385415625 0.370742188372093 0.654854165625 0.3963687488372093 0.65391875
2 0.4557 0.7743562500000001 0.457454688372093 0.7659374999999999 0.457454688372093 0.76079375 0.4395515627906977 0.7636000000000001 0.41610312558139534 0.759622915625 0.4156812511627907 0.768277084375 0.4181390627906977 0.775291665625 0.43779687441860465 0.775760415625 0.4557 0.7743562500000001
7 0.4567687488372093 0.744027084375 0.4558187488372093 0.731072915625 0.423279688372093 0.729252084375 0.42285624883720935 0.735179165625 0.42119687441860465 0.74434375 0.4420656255813954 0.744027084375 0.4567687488372093 0.744027084375
7 0.3871968744186046 0.778745834375 0.39146562558139536 0.773372915625 0.3938375 0.761366665625 0.37391718837209303 0.7610520843749999 0.3511812488372093 0.75608125 0.35281093720930234 0.765791665625 0.354470311627907 0.7752687500000001 0.3691734372093023 0.777797915625 0.3871968744186046 0.778745834375
7 0.3919515627906977 0.670010415625 0.35671718837209304 0.670789584375 0.3573281255813954 0.6845458343749999 0.37629999999999997 0.684860415625 0.3912406255813954 0.684860415625 0.3919515627906977 0.670010415625
7 0.44319687441860467 0.6588 0.4650140627906977 0.655639584375 0.4624062511627907 0.639208334375 0.42555781162790696 0.638389584375 0.4201937488372093 0.6417375 0.421142188372093 0.6575354156250001 0.4322890627906977 0.6591145843749999 0.44319687441860467 0.6588
0 0.38997031162790696 0.703145834375 0.3577781255813953 0.70440625 0.35748125116279067 0.717995834375 0.3738437511627907 0.720208334375 0.38925781162790696 0.719260415625 0.38997031162790696 0.703145834375
0 0.39229843720930235 0.7384937500000001 0.38091562558139536 0.740072915625 0.35764062558139537 0.73648125 0.3515093744186047 0.747341665625 0.371429688372093 0.7501854156250001 0.396329688372093 0.748920834375 0.39229843720930235 0.7384937500000001
0 0.45607187441860464 0.698647915625 0.4227312511627907 0.697152084375 0.4219234372093023 0.7119187499999999 0.4356781255813953 0.713183334375 0.4553609372093023 0.712866665625 0.45607187441860464 0.698647915625
0 0.45915468837209306 0.682908334375 0.4603406255813954 0.6737437500000001 0.4612890627906977 0.6671083343750001 0.44492656279069764 0.66805625 0.4216859372093023 0.66679375 0.4221609372093023 0.6737437500000001 0.42334687441860464 0.6825916656250001 0.43970937441860464 0.682275 0.45915468837209306 0.682908334375
7 0.534020311627907 0.6762166656249999 0.550667188372093 0.66993125 0.5490015627906977 0.663279165625 0.5462281255813953 0.655516665625 0.5268078116279069 0.658104165625 0.5119640627906976 0.659527084375 0.5090531255813954 0.6625395843749999 0.5073875 0.68028125 0.5204265627906977 0.6791729156249999 0.534020311627907 0.6762166656249999
7 0.5478937511627907 0.74496875 0.533745311627907 0.75014375 0.516679688372093 0.750235415625 0.515157811627907 0.767885415625 0.5326359372093024 0.7652979156249999 0.5509453116279069 0.76049375 0.5478937511627907 0.74496875
2 0.5570468744186047 0.7919104156250001 0.5573250000000001 0.785258334375 0.5570468744186047 0.77934375 0.5445625000000001 0.7823 0.5329109372093023 0.7845187499999999 0.5131843744186046 0.78625 0.5151562511627907 0.79228125 0.519317188372093 0.799672915625 0.5409562488372093 0.7963458343750001 0.5570468744186047 0.7919104156250001
0 0.548817188372093 0.7151500000000001 0.5346687488372094 0.716629165625 0.5145531255813953 0.718925 0.5158031255813953 0.7354791656249999 0.529120311627907 0.7340020843749999 0.5485406255813954 0.730675 0.548817188372093 0.7151500000000001
0 0.5478 0.6820083343750001 0.5339281255813954 0.68126875 0.509375 0.6867708343750001 0.5114562488372093 0.704185415625 0.5272703116279069 0.7001208343750001 0.5475218744186047 0.6953145843749999 0.5478 0.6820083343750001