2 0.38375 0.29133333437500003 0.38332656279069766 0.305420834375 0.4281265627906977 0.311620834375 0.4281265627906977 0.298660415625 0.38375 0.29133333437500003
2 0.5042 0.172433334375 0.5037765627906977 0.187085415625 0.5468859372093023 0.189902084375 0.5477312511627908 0.175814584375 0.5042 0.172433334375
2 0.6440906255813954 0.339233334375 0.643245311627907 0.35557500000000003 0.6863531255813954 0.35951875 0.685507811627907 0.347685415625 0.6440906255813954 0.339233334375
7 0.3862859372093024 0.324016665625 0.38501718837209303 0.34035833437499996 0.4222093744186046 0.343739584375 0.4234765627906977 0.326835415625 0.3862859372093024 0.324016665625
7 0.5092703116279069 0.141441665625 0.5088484372093023 0.158910415625 0.54435 0.16116250000000001 0.545195311627907 0.145947915625 0.5092703116279069 0.141441665625
7 0.5088484372093023 0.047897915624999995 0.5096937511627907 0.064239584375 0.5523796883720931 0.06762083437500001 0.5515343744186046 0.049025 0.5088484372093023 0.047897915624999995
7 0.37740937441860467 0.411925 0.37740937441860467 0.42770416562499997 0.4158687511627907 0.432775 0.41967343720930234 0.416433334375 0.37740937441860467 0.411925
7 0.6369062488372093 0.456441665625 0.6360609372093023 0.47841875 0.6783234372093023 0.48179999999999995 0.6783234372093023 0.462641665625 0.6369062488372093 0.456441665625
7 0.6462031255813954 0.37022499999999997 0.6462031255813954 0.38769375 0.6804375 0.3905125 0.6800140627906976 0.374733334375 0.6462031255813954 0.37022499999999997
0 0.6449359372093023 0.404035415625 0.643667188372093 0.420377084375 0.6783234372093023 0.42263124999999996 0.6791687511627906 0.40854375000000004 0.6449359372093023 0.404035415625
0 0.6390187488372092 0.432210415625 0.6390187488372092 0.44686250000000005 0.6787468744186046 0.453060415625 0.6787468744186046 0.440664584375 0.6390187488372092 0.432210415625
0 0.38375 0.3561375 0.3841718744186046 0.37304375 0.41840468837209305 0.374170834375 0.41840468837209305 0.358391665625 0.38375 0.3561375
0 0.379945311627907 0.38769375 0.3791 0.404035415625 0.420095311627907 0.410235415625 0.42136406279069766 0.393891665625 0.379945311627907 0.38769375
0 0.5118062488372093 0.109883334375 0.512229688372093 0.126225 0.5460406255813953 0.128479165625 0.5460406255813953 0.11157500000000001 0.5118062488372093 0.109883334375
0 0.5109609372093024 0.07551041562500001 0.5113843744186046 0.090160415625 0.5481531255813954 0.093541665625 0.5494203116279069 0.078891665625 0.5109609372093024 0.07551041562500001