2 0.42686562558139535 0.43490624999999994 0.3880859372093023 0.432035415625 0.3874718744186047 0.44525625 0.42742031162790695 0.447475 0.42686562558139535 0.43490624999999994
2 0.5358937488372093 0.5798062500000001 0.49364218837209306 0.579691665625 0.49539062558139535 0.59274375 0.5350625 0.592372915625 0.5358937488372093 0.5798062500000001
2 0.6178062511627906 0.49711875 0.6582390627906977 0.49700625 0.6587937511627907 0.485916665625 0.617179688372093 0.48517708437499996 0.6178062511627906 0.49711875
7 0.4235359372093023 0.4655875 0.389917188372093 0.46376249999999997 0.39080000000000004 0.477785415625 0.4218718744186047 0.479633334375 0.4235359372093023 0.4655875
7 0.5186937488372093 0.56465 0.5320109372093024 0.5631708343749999 0.5311781255813954 0.5498645843750001 0.49943750000000003 0.5495916656250001 0.4973312488372093 0.5568875 0.495667188372093 0.5631708343749999 0.5186937488372093 0.56465
7 0.6338250000000001 0.5143791656250001 0.6221734372093024 0.5143791656250001 0.622382811627907 0.528845834375 0.6543546883720931 0.52805625 0.6543546883720931 0.516227084375 0.6338250000000001 0.5143791656250001
7 0.4998281255813954 0.457825 0.4965 0.47076250000000003 0.5367265627906976 0.472979165625 0.534229688372093 0.458933334375 0.4998281255813954 0.457825
7 0.6468640627906976 0.6186166656250001 0.6582390627906977 0.6156604156250001 0.658517188372093 0.601614584375 0.6282765627906978 0.601614584375 0.6190265627906977 0.602470834375 0.6185671883720931 0.614920834375 0.6221734372093024 0.6186166656250001 0.6468640627906976 0.6186166656250001
7 0.416045311627907 0.570564584375 0.4246468744186046 0.56465 0.42381406279069767 0.552452084375 0.3996781255813953 0.552083334375 0.383032811627907 0.552452084375 0.38358749999999997 0.5565187500000001 0.38663906279069765 0.568716665625 0.416045311627907 0.570564584375
0 0.4218718744186047 0.4966375 0.38900156279069764 0.49630416562499996 0.38885781162790695 0.510683334375 0.42048437441860465 0.513639584375 0.4218718744186047 0.4966375
0 0.3822 0.5428416656249999 0.40966562558139535 0.545797915625 0.42409218837209306 0.544320834375 0.42159531162790703 0.5295354156250001 0.3874765627906977 0.529658334375 0.38580624883720926 0.534710415625 0.38275468837209303 0.53840625 0.3822 0.5428416656249999
0 0.5333968744186046 0.49700625 0.5358937488372093 0.48554791562500005 0.49699687441860463 0.484102084375 0.4973312488372093 0.490352084375 0.4995515627906977 0.4966375 0.5333968744186046 0.49700625
0 0.5320109372093024 0.516227084375 0.4997437511627907 0.516235415625 0.4995515627906977 0.5295354156250001 0.531732811627907 0.5306437500000001 0.5320109372093024 0.516227084375
0 0.6554656255813953 0.54616875 0.622382811627907 0.5463375 0.623282811627907 0.56169375 0.6549109372093023 0.560583334375 0.6554656255813953 0.54616875
0 0.655742188372093 0.579435415625 0.6211625 0.578877084375 0.6191218744186046 0.589045834375 0.658517188372093 0.58830625 0.655742188372093 0.579435415625