0 0.3781968744186046 0.6472875 0.37734843720930233 0.66368125 0.41296406279069764 0.667639584375 0.411267188372093 0.651810415625 0.3781968744186046 0.6472875
0 0.4133875 0.68120625 0.37268437441860464 0.68120625 0.3701406255813954 0.69646875 0.41423593720930235 0.7021229156250001 0.4133875 0.68120625
0 0.5049687488372093 0.401939584375 0.504120311627907 0.42002916562500003 0.5397359372093024 0.421725 0.5384640627906977 0.40307083437499996 0.5049687488372093 0.401939584375
0 0.5028484372093023 0.369716665625 0.5011531255813954 0.386677084375 0.5414312511627907 0.38611041562500004 0.541007811627907 0.373675 0.5028484372093023 0.369716665625
0 0.6376765627906976 0.6942083343750001 0.6372531255813954 0.712864584375 0.6707484372093023 0.712864584375 0.672020311627907 0.6976 0.6376765627906976 0.6942083343750001
0 0.6325890627906977 0.724735415625 0.6317406255813953 0.741695834375 0.6711718744186046 0.7450875 0.6707484372093023 0.7320854156250001 0.6325890627906977 0.724735415625
7 0.37989218837209304 0.613933334375 0.37989218837209304 0.6331541656249999 0.41211562558139536 0.634285415625 0.415082811627907 0.617325 0.37989218837209304 0.613933334375
7 0.3701406255813954 0.70381875 0.369292188372093 0.7213437500000001 0.4083 0.724735415625 0.410420311627907 0.706645834375 0.3701406255813954 0.70381875
7 0.630045311627907 0.7479145843749999 0.6296218744186047 0.7699604156250001 0.671595311627907 0.7727875 0.6711718744186046 0.753002084375 0.630045311627907 0.7479145843749999
7 0.6381015627906976 0.660289584375 0.6372531255813954 0.680075 0.672867188372093 0.68120625 0.6724437488372093 0.666508334375 0.6381015627906976 0.660289584375
7 0.500729688372093 0.436989584375 0.4994562511627907 0.45395 0.5384640627906977 0.455645834375 0.537192188372093 0.439816665625 0.500729688372093 0.436989584375
7 0.5032734372093023 0.342016665625 0.5020015627906976 0.359541665625 0.5452468744186046 0.363497915625 0.5448234372093024 0.346539584375 0.5032734372093023 0.342016665625
2 0.49648906279069766 0.464689584375 0.4947937511627907 0.48221458437500003 0.5397359372093024 0.483345834375 0.5397359372093024 0.4692125 0.49648906279069766 0.464689584375
2 0.3765 0.5867979156249999 0.3765 0.6020625 0.4210187488372093 0.6037583343749999 0.4193234372093023 0.58849375 0.3765 0.5867979156249999
2 0.6372531255813954 0.630327084375 0.6364046883720931 0.64841875 0.6779562488372093 0.6523749999999999 0.678379688372093 0.637677084375 0.6372531255813954 0.630327084375