2 0.40775156279069763 0.732489584375 0.3858109372093024 0.732870834375 0.36586562558139535 0.725652084375 0.36501093720930233 0.737808334375 0.37612343720930236 0.74046875 0.4054718744186046 0.744647915625 0.40775156279069763 0.732489584375
2 0.5374 0.6386499999999999 0.49665312558139535 0.639029165625 0.49722343720930234 0.650045834375 0.514320311627907 0.6492875 0.537970311627907 0.6485270843750001 0.5374 0.6386499999999999
2 0.6442531255813954 0.637129165625 0.6274406255813954 0.639408334375 0.611770311627907 0.63826875 0.6017968744186046 0.634470834375 0.6026515627906976 0.646247915625 0.6168984372093023 0.646247915625 0.6425437511627907 0.646627084375 0.6442531255813954 0.637129165625
0 0.37469843720930235 0.6724625 0.3738437511627907 0.6812 0.4068968744186046 0.684239584375 0.4071812511627907 0.674741665625 0.37469843720930235 0.6724625
0 0.500357811627907 0.6918375 0.500357811627907 0.703995834375 0.533695311627907 0.701716665625 0.533695311627907 0.6925979156250001 0.500357811627907 0.6918375
0 0.6057859372093023 0.6918375 0.6052156255813954 0.703995834375 0.638554688372093 0.703995834375 0.638554688372093 0.695258334375 0.6057859372093023 0.6918375
7 0.3775468744186047 0.6477666656250001 0.37669218837209306 0.6587854156249999 0.4080359372093023 0.6629645843749999 0.4080359372093023 0.651566665625 0.3775468744186047 0.6477666656250001
7 0.417154688372093 0.6242125 0.3966390627906977 0.621552084375 0.3769781255813954 0.616233334375 0.37469843720930235 0.629910415625 0.4068968744186046 0.635610415625 0.41743906279069765 0.6340895843750001 0.417154688372093 0.6242125
7 0.5371156255813954 0.7457874999999999 0.5140343744186047 0.745027084375 0.4969375 0.744647915625 0.4977937511627907 0.7594645843750001 0.5165984372093023 0.7583249999999999 0.536545311627907 0.756425 0.5371156255813954 0.7457874999999999
7 0.5183093744186047 0.717672915625 0.5012125000000001 0.7153937499999999 0.5012125000000001 0.7271708343750001 0.5342656255813953 0.72755 0.533695311627907 0.714633334375 0.5183093744186047 0.717672915625
7 0.6402640627906977 0.746166665625 0.6211734372093023 0.746547915625 0.6006562511627908 0.743508334375 0.6015109372093023 0.757185415625 0.6160437488372094 0.7575645843750001 0.6394093744186047 0.758704165625 0.6402640627906977 0.746166665625
7 0.6183234372093023 0.716533334375 0.6052156255813954 0.713114584375 0.6055015627906977 0.7271708343750001 0.6368437488372093 0.726791665625 0.6365593744186047 0.717672915625 0.6183234372093023 0.716533334375
6 0.37327343720930234 0.6975374999999999 0.3724187488372093 0.7104541656250001 0.40233749999999996 0.7150125 0.40376249999999997 0.703616665625 0.37327343720930234 0.6975374999999999
6 0.5006421883720931 0.6663833343750001 0.5006421883720931 0.6774020843749999 0.5322703116279071 0.677020834375 0.5325562511627907 0.665622915625 0.5006421883720931 0.6663833343750001
6 0.6063562488372093 0.664864584375 0.6063562488372093 0.67588125 0.638554688372093 0.676260415625 0.6391234372093023 0.6644833343750001 0.6063562488372093 0.664864584375