2 0.388025 0.8566333343749999 0.392029688372093 0.845614584375 0.3690015627906977 0.84695 0.34898437441860464 0.846258334375 0.3497281255813953 0.8556312500000001 0.37500937441860466 0.859304165625 0.388025 0.8566333343749999
2 0.525692188372093 0.9621437500000001 0.5286968744186046 0.950791665625 0.49440468837209306 0.9531291656249999 0.4851109372093023 0.9501520843750001 0.4848937488372093 0.960472915625 0.4996609372093024 0.9631458343749999 0.525692188372093 0.9621437500000001
2 0.6525984372093023 0.8409395843749999 0.6633609372093023 0.8406062500000001 0.6621093744186046 0.828252084375 0.6393312511627908 0.834929165625 0.6206109372093024 0.83290625 0.6233125 0.8432770843749999 0.6443375 0.8436104156249999 0.6525984372093023 0.8409395843749999
6 0.38502031162790695 0.886014584375 0.3857718744186046 0.870989584375 0.3521140627906976 0.872127084375 0.35198124883720927 0.8850125 0.374257811627907 0.886683334375 0.38502031162790695 0.886014584375
6 0.5214375 0.934764584375 0.5229390627906977 0.921741665625 0.49262187441860467 0.920527084375 0.49215156279069766 0.9337624999999999 0.5064187511627907 0.936433334375 0.5214375 0.934764584375
6 0.6586046883720931 0.8579687500000001 0.6433359372093024 0.8613062499999999 0.6265656255813954 0.8589687500000001 0.6274953116279071 0.8704583343750001 0.647592188372093 0.874329165625 0.6588562511627907 0.868985415625 0.6586046883720931 0.8579687500000001
0 0.38552187441860464 0.89836875 0.3514875 0.8979958343750001 0.351729688372093 0.9093875 0.384270311627907 0.911058334375 0.38552187441860464 0.89836875
0 0.4910562511627907 0.894658334375 0.49089999999999995 0.9030437499999999 0.5226890627906976 0.9017083343750001 0.5226890627906976 0.892358334375 0.4910562511627907 0.894658334375
0 0.6598562488372093 0.8993708343750001 0.6603578116279071 0.888352084375 0.6495937488372093 0.89269375 0.637329688372093 0.88635 0.6259312511627907 0.8858958343750001 0.6270671883720931 0.901375 0.6435875 0.90070625 0.6598562488372093 0.8993708343750001
7 0.38251718837209303 0.936766665625 0.384020311627907 0.922410415625 0.36624843720930234 0.9227437500000001 0.351229688372093 0.9210750000000001 0.35097968837209303 0.934095834375 0.3594890627906977 0.934764584375 0.38251718837209303 0.936766665625
7 0.3654968744186047 0.9664833343750001 0.3827687511627907 0.965816665625 0.38552187441860464 0.95279375 0.3710031255813953 0.95279375 0.34460312558139533 0.9526562500000001 0.3459734372093023 0.960808334375 0.34922656279069764 0.9661500000000001 0.3654968744186047 0.9664833343750001
7 0.5161812488372093 0.8556312500000001 0.527445311627907 0.851289584375 0.528195311627907 0.8399374999999999 0.49991093720930235 0.8402708343749999 0.4891781255813954 0.8379125000000001 0.4878968744186047 0.851622915625 0.4951562488372093 0.853960415625 0.5161812488372093 0.8556312500000001
7 0.5224390627906976 0.882341665625 0.5224390627906976 0.868985415625 0.5054187511627907 0.8699875 0.491995311627907 0.869622915625 0.4898984372093023 0.8803395843749999 0.5019140627906977 0.8820083343749999 0.5224390627906976 0.882341665625
7 0.6595515627906977 0.919575 0.6608031255813954 0.9082229156249999 0.6395265627906976 0.910225 0.6277625 0.9105604156249999 0.6290140627906977 0.9222458343750001 0.6477875000000001 0.923247915625 0.6595515627906977 0.919575
7 0.654295311627907 0.952964584375 0.664807811627907 0.950627084375 0.664557811627907 0.935602084375 0.6492890627906976 0.942279165625 0.6256187511627906 0.939720834375 0.6260109372093023 0.9536312499999999 0.6390265627906977 0.9549687499999999 0.654295311627907 0.952964584375