2 0.3956031255813953 0.60160625 0.39660468837209306 0.59125625 0.36431406279069767 0.589252084375 0.354304688372093 0.59006875 0.35555312558139535 0.599604165625 0.3740765627906977 0.601941665625 0.3956031255813953 0.60160625
2 0.5327703116279069 0.70711875 0.5327703116279069 0.694764584375 0.5067390627906977 0.6961 0.49262187441860467 0.693545834375 0.4899687488372093 0.703445834375 0.516 0.70645 0.5327703116279069 0.70711875
2 0.6564218744186047 0.5745604156249999 0.6263843744186046 0.57623125 0.6284343744186047 0.587564584375 0.6461593744186046 0.583910415625 0.6676843744186047 0.58424375 0.6666843744186046 0.572891665625 0.6564218744186047 0.5745604156249999
6 0.389845311627907 0.629320834375 0.38959531162790695 0.615295834375 0.35774687441860464 0.61426875 0.358307811627907 0.627985415625 0.369070311627907 0.628652084375 0.389845311627907 0.629320834375
6 0.5287656255813953 0.666047915625 0.4966890627906977 0.665172915625 0.49472343720930234 0.6777354156250001 0.5285156255813953 0.6784020843749999 0.5287656255813953 0.666047915625
6 0.6474109372093023 0.602941665625 0.6323921883720931 0.602941665625 0.6323921883720931 0.61796875 0.663179688372093 0.614295834375 0.6641812511627907 0.60160625 0.6474109372093023 0.602941665625
0 0.389845311627907 0.642008334375 0.35805937441860464 0.64055625 0.35680468837209306 0.654029165625 0.39009531162790695 0.655029165625 0.389845311627907 0.642008334375
0 0.5275140627906977 0.637 0.4970015627906976 0.6376354156249999 0.49722656279069766 0.647016665625 0.5272640627906977 0.6480187500000001 0.5275140627906977 0.637
0 0.6641812511627907 0.631322915625 0.6546687511627907 0.635664584375 0.642404688372093 0.631322915625 0.632642188372093 0.630322915625 0.6323921883720931 0.64568125 0.665182811627907 0.6440125 0.6641812511627907 0.631322915625
7 0.38909531162790695 0.668052084375 0.356807811627907 0.664339584375 0.35555312558139535 0.6784020843749999 0.3880937511627907 0.679070834375 0.38909531162790695 0.668052084375
7 0.3700718744186047 0.710791665625 0.39034687441860466 0.7087875 0.3925984372093023 0.696433334375 0.3502359372093023 0.69605 0.34979687441860463 0.703445834375 0.35104843720930234 0.706116665625 0.3700718744186047 0.710791665625
7 0.49672656279069766 0.6119583343749999 0.4964765627906977 0.626983334375 0.5280140627906976 0.626314584375 0.5277640627906977 0.612625 0.49672656279069766 0.6119583343749999
7 0.4942234372093023 0.5802375 0.4941859372093023 0.5959104156249999 0.533020311627907 0.59826875 0.532520311627907 0.583577084375 0.4942234372093023 0.5802375
7 0.6546687511627907 0.654029165625 0.6341437488372093 0.655364584375 0.6338937511627908 0.655697915625 0.6338937511627908 0.6677187499999999 0.665182811627907 0.6657145843750001 0.665182811627907 0.652358334375 0.6546687511627907 0.654029165625
7 0.6434062488372093 0.69776875 0.6699375 0.695764584375 0.6696875 0.68040625 0.6489125 0.6844125 0.632892188372093 0.683077084375 0.6306406255813954 0.685747915625 0.6323921883720931 0.695764584375 0.6434062488372093 0.69776875