7 0.43389218837209304 0.632691665625 0.4502187488372093 0.630160415625 0.4505984372093023 0.6134666656250001 0.43351249999999997 0.6185270843749999 0.42060312558139534 0.6185270843749999 0.4090125 0.614014584375 0.4084531255813953 0.6205499999999999 0.4084531255813953 0.630160415625 0.42250156279069767 0.631679165625 0.43389218837209304 0.632691665625
7 0.41272968837209306 0.644860415625 0.4138687488372093 0.657 0.446142188372093 0.655989584375 0.445382811627907 0.644860415625 0.41272968837209306 0.644860415625
7 0.5348484372093023 0.7085229156249999 0.5337093744186047 0.695877084375 0.5204203116279069 0.696889584375 0.5006875 0.69523125 0.49991874883720927 0.70801875 0.5105484372093023 0.710041665625 0.5219390627906977 0.709535415625 0.5348484372093023 0.7085229156249999
7 0.6168546883720931 0.689622915625 0.5990093744186046 0.691139584375 0.584870311627907 0.68953125 0.5838218744186047 0.70226875 0.5997687488372092 0.7042937499999999 0.6176140627906976 0.70226875 0.6168546883720931 0.689622915625
7 0.618532811627907 0.73509375 0.6208109372093024 0.732564584375 0.6204312511627907 0.7199187499999999 0.6014484372093024 0.720929165625 0.579679688372093 0.7188770843750001 0.5801859372093023 0.7259875 0.5828437488372094 0.73509375 0.6010687511627907 0.73610625 0.618532811627907 0.73509375
7 0.5253640627906977 0.739829165625 0.5356156255813953 0.738310415625 0.539032811627907 0.733252084375 0.539032811627907 0.723641665625 0.5238453116279069 0.725664584375 0.5078984372093024 0.725664584375 0.496692188372093 0.72406875 0.49764843720930235 0.7312291656250001 0.499167188372093 0.739829165625 0.5139734372093023 0.7403354156249999 0.5253640627906977 0.739829165625
0 0.44530624883720926 0.668045834375 0.41364218837209304 0.667189584375 0.41341406279069765 0.6791750000000001 0.43429687441860465 0.6801875 0.44530624883720926 0.67968125 0.44530624883720926 0.668045834375
0 0.5008062511627906 0.669479165625 0.5009609372093023 0.684914584375 0.533232811627907 0.684408334375 0.5328531255813954 0.67024375 0.5008062511627906 0.669479165625
6 0.4449593744186046 0.694908334375 0.42977343720930233 0.696427084375 0.412475 0.6944 0.413067188372093 0.709579165625 0.428254688372093 0.710591665625 0.4449593744186046 0.709579165625 0.4449593744186046 0.694908334375
6 0.5328281255813954 0.643933334375 0.518020311627907 0.644945834375 0.500732811627907 0.643960415625 0.5013140627906977 0.657085415625 0.5161218744186046 0.658097915625 0.5328281255813954 0.658097915625 0.5328281255813954 0.643933334375
6 0.617179688372093 0.63915625 0.6050296883720929 0.640672915625 0.5845796883720931 0.639683334375 0.584907811627907 0.650791665625 0.5974359372093023 0.653320834375 0.6168 0.651804165625 0.617179688372093 0.63915625
2 0.4490015627906977 0.738275 0.4490015627906977 0.727145834375 0.43571250000000006 0.72916875 0.422425 0.7286625 0.40739531162790693 0.7236979156250001 0.4072375 0.734733334375 0.4171093744186047 0.7377687500000001 0.430017188372093 0.739791665625 0.4490015627906977 0.738275
2 0.5282437511627907 0.629645834375 0.5369765627906977 0.6291395843750001 0.5381156255813954 0.617 0.5119187488372093 0.618516665625 0.495592188372093 0.61750625 0.4963515627906977 0.629645834375 0.510020311627907 0.6291395843750001 0.5179937511627907 0.6291395843750001 0.5282437511627907 0.629645834375
2 0.6221187488372093 0.62275 0.6217390627906977 0.611114584375 0.5913640627906978 0.612633334375 0.579020311627907 0.611172915625 0.579595311627907 0.62224375 0.5962999999999999 0.6237625 0.6103484372093024 0.62275 0.6221187488372093 0.62275
0 0.5840312488372092 0.665377084375 0.584032811627907 0.6795041656249999 0.6174437488372093 0.681020834375 0.6170640627906976 0.66786875 0.5840312488372092 0.665377084375