2 0.633420311627907 0.36841875 0.634245311627907 0.385283334375 0.6743906255813954 0.384552084375 0.6741156255813953 0.370252084375 0.633420311627907 0.36841875
6 0.6373546883720931 0.3425625 0.637629688372093 0.358327084375 0.6711765627906977 0.359427084375 0.6720015627906977 0.345495834375 0.6373546883720931 0.3425625
7 0.5068812488372093 0.523654165625 0.508529688372093 0.540520834375 0.5500515627906977 0.5412541656250001 0.5489515627906977 0.5254875 0.5068812488372093 0.523654165625
7 0.5105718744186046 0.496091665625 0.5113968744186046 0.5118583343750001 0.547142188372093 0.511491665625 0.5463171883720931 0.49829166562499994 0.5105718744186046 0.496091665625
0 0.5108859372093023 0.47336458437499995 0.5111609372093023 0.488029165625 0.5455312488372093 0.4876625 0.5460812511627907 0.47189791562499994 0.5108859372093023 0.47336458437499995
6 0.513067188372093 0.44307708437500004 0.513067188372093 0.45957499999999996 0.5466125 0.45957499999999996 0.5466125 0.44197708437500005 0.513067188372093 0.44307708437500004
7 0.6382703116279069 0.290016665625 0.6382703116279069 0.30578125 0.673192188372093 0.307614584375 0.672642188372093 0.290383334375 0.6382703116279069 0.290016665625
2 0.509145311627907 0.41428541562500004 0.509145311627907 0.42895000000000005 0.5534156255813953 0.42821666562500005 0.5523156255813954 0.413552084375 0.509145311627907 0.41428541562500004
7 0.6339406255813954 0.26253125 0.6342156255813953 0.276464584375 0.6765625 0.276464584375 0.6754625 0.260697915625 0.6339406255813954 0.26253125
2 0.3836718744186046 0.61638125 0.38318437441860465 0.632327084375 0.426382811627907 0.63493125 0.425895311627907 0.621914584375 0.3836718744186046 0.61638125
6 0.38790312558139534 0.588489584375 0.387170311627907 0.603783334375 0.42133906279069766 0.6057375 0.4206062488372093 0.589791665625 0.38790312558139534 0.588489584375
0 0.38782812558139534 0.5615 0.38807187441860463 0.577770834375 0.42248437441860465 0.5787479156249999 0.42224062558139536 0.5634520843749999 0.38782812558139534 0.5615
7 0.38967812558139536 0.538258334375 0.38967812558139536 0.554529165625 0.4236031255813954 0.554854165625 0.4236031255813954 0.5398854156249999 0.38967812558139536 0.538258334375
7 0.38630312558139535 0.5086083343750001 0.38630312558139535 0.52585625 0.429257811627907 0.5268312500000001 0.42974531162790697 0.509260415625 0.38630312558139535 0.5086083343750001
0 0.6366515627906977 0.31479375 0.6374765627906976 0.332758334375 0.6729484372093023 0.334225 0.6710234372093024 0.31699375 0.6366515627906977 0.31479375