2 0.41240625116279067 0.34952291562500004 0.39625781162790696 0.348120834375 0.3696312511627907 0.341754165625 0.3699312488372093 0.356070834375 0.38748281162790693 0.3598125 0.41135312558139536 0.362152084375 0.41240625116279067 0.34952291562500004
2 0.5444531255813954 0.255341665625 0.516720311627907 0.25440625 0.5010890627906976 0.254985415625 0.5016265627906976 0.266566665625 0.519529688372093 0.26563125 0.54375 0.26563125 0.5444531255813954 0.255341665625
2 0.649042188372093 0.252852084375 0.6251718744186047 0.252385415625 0.6091093744186047 0.251510415625 0.6090234372093024 0.26314166562499997 0.635 0.263610415625 0.649392188372093 0.264077084375 0.649042188372093 0.252852084375
6 0.626382811627907 0.280475 0.6126937511627907 0.280475 0.6125687488372094 0.292797915625 0.6456906255813953 0.296377084375 0.6456906255813953 0.28187916562500004 0.626382811627907 0.280475
6 0.5061656255813953 0.281970834375 0.506245311627907 0.2963125 0.5388906255813953 0.295845834375 0.5388906255813953 0.280410415625 0.5061656255813953 0.281970834375
6 0.410325 0.319308334375 0.3768812511627907 0.314379165625 0.3762734372093023 0.329129165625 0.39066562558139534 0.33006458437499997 0.4092718744186047 0.334741665625 0.410325 0.319308334375
0 0.505792188372093 0.307622915625 0.5061203116279069 0.32143125 0.5398187488372093 0.32189999999999996 0.540170311627907 0.306933334375 0.505792188372093 0.307622915625
0 0.611175 0.307866665625 0.6115593744186046 0.321960415625 0.6438546883720929 0.322895834375 0.6445562511627906 0.30839791562499996 0.611175 0.307866665625
0 0.38082031162790697 0.28857499999999997 0.37966093720930233 0.300197915625 0.411954688372093 0.303939584375 0.4123062488372093 0.292714584375 0.38082031162790697 0.28857499999999997
7 0.42193281162790697 0.240539584375 0.39946718837209305 0.236329165625 0.38139062558139536 0.231420834375 0.37875624883720926 0.245683334375 0.39946718837209305 0.249425 0.4212312511627907 0.254570834375 0.42193281162790697 0.240539584375
7 0.38170937441860464 0.263054165625 0.381532811627907 0.27833333437499996 0.4148812488372093 0.283010415625 0.41558281162790695 0.268979165625 0.38170937441860464 0.263054165625
7 0.5074093744186047 0.3336875 0.505707811627907 0.34631249999999997 0.5397578116279069 0.348183334375 0.538704688372093 0.33461875 0.5074093744186047 0.3336875
7 0.5435484372093023 0.375964584375 0.5446015627906977 0.36941666562500003 0.54425 0.363335415625 0.5238906255813953 0.3624 0.5008812511627907 0.362741665625 0.501425 0.369883334375 0.5035312511627907 0.3769 0.529857811627907 0.37643125 0.5435484372093023 0.375964584375
7 0.647257811627907 0.36290625 0.6226859372093023 0.362439584375 0.604617188372093 0.359364584375 0.6047828116279069 0.37413124999999997 0.6240906255813954 0.376002084375 0.6465562488372093 0.37693750000000004 0.647257811627907 0.36290625
7 0.6439390627906977 0.333029165625 0.6113015627906977 0.33260833437500004 0.6109421883720931 0.344720834375 0.6298984372093024 0.346125 0.6432375 0.346591665625 0.6439390627906977 0.333029165625