6 0.3654359372093023 0.36822499999999997 0.36497031162790694 0.379383334375 0.3937968744186046 0.382483334375 0.3956562488372093 0.37070416562499997 0.3654359372093023 0.36822499999999997
6 0.50445 0.4184375 0.503520311627907 0.43145625 0.532345311627907 0.430216665625 0.5342062488372094 0.41781875 0.50445 0.4184375
6 0.6388156255813954 0.355827084375 0.639279688372093 0.36884583437499996 0.673220311627907 0.36636458437499997 0.6713609372093023 0.35520625 0.6388156255813954 0.355827084375
0 0.6643859372093023 0.386202084375 0.6602015627906976 0.38868125 0.6509031255813954 0.383722915625 0.640675 0.38434375 0.640675 0.3986 0.6760093744186046 0.396120834375 0.6736843744186046 0.383722915625 0.6643859372093023 0.386202084375
0 0.50445 0.390541665625 0.5021249999999999 0.399839584375 0.5369953116279069 0.399220834375 0.5356 0.38868125 0.50445 0.390541665625
0 0.388217188372093 0.393020834375 0.37752343720930237 0.395502084375 0.3640406255813953 0.393641665625 0.3631109372093023 0.40603958437500004 0.3979812488372093 0.4079 0.3975156255813953 0.3986 0.388217188372093 0.393020834375
2 0.402629688372093 0.344047915625 0.36171562558139536 0.34095 0.36078593720930235 0.35086875 0.3844984372093023 0.3514875 0.402629688372093 0.352108334375 0.402629688372093 0.344047915625
2 0.49979999999999997 0.44633333437499995 0.49887031162790696 0.456872915625 0.5407140627906977 0.45811250000000003 0.5397843744186046 0.44819375 0.49979999999999997 0.44633333437499995
2 0.67415 0.327310415625 0.6337015627906977 0.330410415625 0.6332359372093023 0.34095 0.6443937511627907 0.335989584375 0.676475 0.336610415625 0.67415 0.327310415625
7 0.38170781162790696 0.42029791562499996 0.3640406255813953 0.41781875 0.3631109372093023 0.430216665625 0.39612187441860464 0.43269583437500003 0.39612187441860464 0.42215625 0.38170781162790696 0.42029791562499996
7 0.3584625 0.447572915625 0.3584625 0.460591665625 0.3989109372093023 0.461210415625 0.3989109372093023 0.452533334375 0.3584625 0.447572915625
7 0.503520311627907 0.36760625 0.503520311627907 0.380004165625 0.5328109372093023 0.378764584375 0.534670311627907 0.363885415625 0.503520311627907 0.36760625
7 0.5374593744186046 0.33537083437500004 0.5002656255813953 0.332889584375 0.4993359372093023 0.349008334375 0.5146781255813954 0.34838749999999996 0.5383906255813954 0.349008334375 0.5374593744186046 0.33537083437500004
7 0.642070311627907 0.407279165625 0.642070311627907 0.419058334375 0.671825 0.41595833437499996 0.670429688372093 0.4079 0.642070311627907 0.407279165625
7 0.636954688372093 0.435795834375 0.63835 0.449433334375 0.677404688372093 0.4488125 0.675545311627907 0.436414584375 0.636954688372093 0.435795834375