7 0.410729688372093 0.528510415625 0.41097343720930235 0.541804165625 0.4510984372093023 0.54115625 0.450854688372093 0.528510415625 0.410729688372093 0.528510415625
7 0.4163234372093023 0.5576916656249999 0.4168093744186046 0.568391665625 0.4476937488372093 0.568391665625 0.447207811627907 0.557366665625 0.4163234372093023 0.5576916656249999
7 0.5045968744186047 0.608272915625 0.5041109372093023 0.62059375 0.536454688372093 0.62059375 0.535967188372093 0.61021875 0.5045968744186047 0.608272915625
7 0.5007062488372093 0.6384270843750001 0.5007062488372093 0.6517208343750001 0.5396156255813953 0.6501 0.5396156255813953 0.637779165625 0.5007062488372093 0.6384270843750001
7 0.5848468744186047 0.632266665625 0.5843609372093024 0.645235415625 0.6205937511627908 0.645235415625 0.621567188372093 0.6338874999999999 0.5848468744186047 0.632266665625
7 0.5850906255813954 0.6021124999999999 0.586792188372093 0.613785415625 0.6184062488372093 0.613785415625 0.6179187488372093 0.60438125 0.5850906255813954 0.6021124999999999
0 0.4163234372093023 0.5810375 0.4163234372093023 0.5917375 0.4479375 0.590764584375 0.4476937488372093 0.581685415625 0.4163234372093023 0.5810375
0 0.5033812488372092 0.584279165625 0.5033812488372092 0.595952084375 0.5366968744186046 0.5949791656250001 0.5369406255813953 0.583954165625 0.5033812488372092 0.584279165625
0 0.586792188372093 0.57844375 0.5860625 0.592385415625 0.6205937511627908 0.592710415625 0.618892188372093 0.5797395843750001 0.586792188372093 0.57844375
6 0.4155937511627907 0.608920834375 0.4155937511627907 0.6231875 0.44745 0.622539584375 0.4479375 0.611191665625 0.4155937511627907 0.608920834375
6 0.504354688372093 0.5593125 0.504354688372093 0.5700125 0.5352375 0.5700125 0.5354812511627907 0.558664584375 0.504354688372093 0.5593125
6 0.5872781255813954 0.5518562499999999 0.5870359372093024 0.564825 0.6191359372093024 0.563204165625 0.6186484372093023 0.5528291656250001 0.5872781255813954 0.5518562499999999
2 0.583145311627907 0.525916665625 0.5836312488372093 0.534995834375 0.6239984372093023 0.534022915625 0.6232687488372093 0.5252687500000001 0.583145311627907 0.525916665625
2 0.5007062488372093 0.532077084375 0.50095 0.5431 0.5405875 0.54115625 0.540345311627907 0.531429165625 0.5007062488372093 0.532077084375
2 0.41194687441860467 0.637779165625 0.4117031255813953 0.649775 0.45158437441860466 0.650747915625 0.4510984372093023 0.641020834375 0.41194687441860467 0.637779165625