7 0.37552187441860463 0.6615249999999999 0.3740984372093023 0.6748000000000001 0.41364218837209304 0.681627084375 0.41506406279069763 0.66873125 0.37552187441860463 0.6615249999999999
7 0.3917375 0.6971791656249999 0.37722812558139535 0.6933874999999999 0.376375 0.7043874999999999 0.4056765627906977 0.708179165625 0.4070984372093023 0.696420834375 0.3917375 0.6971791656249999
7 0.5006953116279069 0.760904165625 0.5006953116279069 0.77418125 0.5325578116279069 0.773802084375 0.5325578116279069 0.7628 0.5006953116279069 0.760904165625
7 0.535970311627907 0.7889729156249999 0.5117890627906977 0.7927666656250001 0.4961437488372093 0.79125 0.4967125 0.8060437500000001 0.5157718744186046 0.803766665625 0.5356859372093024 0.801870834375 0.535970311627907 0.7889729156249999
7 0.5991265627906976 0.789352084375 0.599695311627907 0.8033875 0.6395234372093023 0.8049041656249999 0.638954688372093 0.7916291656250001 0.5991265627906976 0.789352084375
7 0.6042468744186047 0.758629165625 0.6042468744186047 0.771904165625 0.6352562511627907 0.773420834375 0.635825 0.7643187499999999 0.6042468744186047 0.758629165625
0 0.374667188372093 0.718420834375 0.3729609372093023 0.727525 0.4068140627906977 0.7305583343750001 0.4059609372093023 0.7199375 0.374667188372093 0.718420834375
0 0.49927187441860466 0.7358687500000001 0.5006953116279069 0.7499041656250001 0.5319875000000001 0.748766665625 0.5322734372093023 0.7373875 0.49927187441860466 0.7358687500000001
0 0.605954688372093 0.735110415625 0.6048171883720931 0.7506625 0.637817188372093 0.751420834375 0.637532811627907 0.737008334375 0.605954688372093 0.735110415625
6 0.372392188372093 0.74345625 0.37125312558139534 0.75559375 0.4016937511627907 0.7616625 0.40311562558139535 0.749525 0.372392188372093 0.74345625
6 0.49927187441860466 0.71045625 0.49984062558139536 0.724489584375 0.5322734372093023 0.724110415625 0.5322734372093023 0.711214584375 0.49927187441860466 0.71045625
6 0.6065234372093022 0.7093166656250001 0.605954688372093 0.722972915625 0.637817188372093 0.721835415625 0.6381015627906976 0.712352084375 0.6065234372093022 0.7093166656250001
2 0.405107811627907 0.779870834375 0.38348593720930235 0.778352084375 0.36641718837209303 0.769629165625 0.36414218837209306 0.783283334375 0.38206406279069766 0.785939584375 0.405107811627907 0.789352084375 0.405107811627907 0.779870834375
2 0.5365406255813954 0.683904165625 0.495857811627907 0.685420834375 0.4961437488372093 0.694904165625 0.5078062488372093 0.694145834375 0.5373937511627908 0.694145834375 0.5365406255813954 0.683904165625
2 0.6218859372093023 0.685420834375 0.6036781255813953 0.681247915625 0.6036781255813953 0.6933874999999999 0.6423687488372094 0.694904165625 0.6437906255813953 0.684283334375 0.6218859372093023 0.685420834375