7 0.32372968837209304 0.5526 0.32372968837209304 0.564520834375 0.355917188372093 0.5627333343750001 0.355917188372093 0.5531958343750001 0.32372968837209304 0.5526
7 0.36023593720930236 0.5222 0.34414218837209304 0.523989584375 0.3204484372093023 0.521008334375 0.3200015627906977 0.534122915625 0.34101250000000005 0.535910415625 0.36023593720930236 0.53471875 0.36023593720930236 0.5222
7 0.47974999999999995 0.66791875 0.46454999999999996 0.6691125 0.4426437488372093 0.668516665625 0.44040937441860467 0.681033334375 0.45784374883720935 0.681033334375 0.4824312488372093 0.678052084375 0.47974999999999995 0.66791875
7 0.477775 0.7086 0.47822187441860464 0.6990624999999999 0.4451406255813954 0.69429375 0.4451406255813954 0.710985415625 0.45542343720930234 0.705620834375 0.463917188372093 0.709195834375 0.477775 0.7086
7 0.5624531255813954 0.614522915625 0.5615593744186046 0.628829165625 0.595982811627907 0.629425 0.5946406255813954 0.617504165625 0.5624531255813954 0.614522915625
7 0.5972484372093023 0.6448437499999999 0.5798140627906977 0.6466333343749999 0.558354688372093 0.6442479156250001 0.5574609372093023 0.6573625 0.5784718744186047 0.6573625 0.5968015627906976 0.6573625 0.5972484372093023 0.6448437499999999
0 0.47697500000000004 0.720791665625 0.464457811627907 0.7219854156250001 0.4447875 0.720195834375 0.4438937511627907 0.732714584375 0.4604343744186047 0.735097915625 0.47831562558139534 0.732714584375 0.47697500000000004 0.720791665625
0 0.5937125 0.6049083343749999 0.5932656255813954 0.5953708343749999 0.5794062511627907 0.5965625 0.5637593744186047 0.5941791656250001 0.5633125 0.6031187499999999 0.5744890627906977 0.6043125 0.5811953116279069 0.606695834375 0.5937125 0.6049083343749999
0 0.34975 0.5843499999999999 0.35287968837209305 0.591502084375 0.35690312558139536 0.5903104156250001 0.35735000000000006 0.5766 0.34304531162790697 0.5783875 0.32382187441860466 0.576004165625 0.32247968837209307 0.5885208343749999 0.33007968837209306 0.5885208343749999 0.3443859372093023 0.5843499999999999 0.34975 0.5843499999999999
6 0.3545015627906977 0.60548125 0.340195311627907 0.6060770843750001 0.32320781162790696 0.603095834375 0.32320781162790696 0.614420834375 0.3352781255813953 0.614420834375 0.3536062488372093 0.616210415625 0.3545015627906977 0.60548125
6 0.46823593720930234 0.7485375000000001 0.44454218837209303 0.746152084375 0.4454359372093023 0.761054165625 0.47494218837209307 0.758072915625 0.478070311627907 0.744960415625 0.46823593720930234 0.7485375000000001
6 0.5948843744186046 0.56343125 0.5778968744186046 0.5640270843749999 0.5635906255813953 0.561047915625 0.56225 0.575352084375 0.57745 0.57475625 0.5953312488372093 0.575947915625 0.5948843744186046 0.56343125
2 0.35861562558139537 0.6424375 0.3581687511627907 0.63588125 0.3398390627906977 0.637072915625 0.31882812558139534 0.632304165625 0.316592188372093 0.6400520843749999 0.326875 0.645416665625 0.34252187441860465 0.6442249999999999 0.35861562558139537 0.6424375
2 0.4820937511627907 0.7771250000000001 0.4646593744186046 0.777720834375 0.4400718744186047 0.7753354156250001 0.439625 0.786064584375 0.45571875116279065 0.7902375 0.4807531255813954 0.7866625 0.4820937511627907 0.7771250000000001
2 0.5981765627906976 0.5371020843750001 0.5897609372093023 0.540470834375 0.5820812488372094 0.5371020843750001 0.5574937488372093 0.53471875 0.5570468744186047 0.5430625 0.569117188372093 0.5430625 0.5999640627906977 0.54604375 0.5981765627906976 0.5371020843750001