7 0.34451406279069763 0.6285875 0.319407811627907 0.627345834375 0.3180125 0.640364584375 0.36032187441860464 0.640364584375 0.3589265627906977 0.6285875 0.34451406279069763 0.6285875
7 0.3240562511627907 0.657722915625 0.3231265627906977 0.66888125 0.3561375 0.668260415625 0.3542781255813954 0.657722915625 0.3240562511627907 0.657722915625
7 0.4519125 0.55915625 0.4519125 0.571554165625 0.48352812558139535 0.5703145843749999 0.48352812558139535 0.5616375 0.4519125 0.55915625
7 0.486782811627907 0.5306416656249999 0.46772031162790695 0.5306416656249999 0.4477281255813953 0.5306416656249999 0.4467984372093023 0.5418000000000001 0.46679062558139534 0.543658334375 0.48817812558139534 0.540560415625 0.486782811627907 0.5306416656249999
7 0.5607062488372093 0.7190937500000001 0.5607062488372093 0.73335 0.5927875 0.73335 0.5927875 0.722191665625 0.5607062488372093 0.7190937500000001
7 0.5583812488372093 0.748229165625 0.5574515627906976 0.7624875 0.5965062488372093 0.761245834375 0.5965062488372093 0.75256875 0.5583812488372093 0.748229165625
0 0.352417188372093 0.694916665625 0.355207811627907 0.680039584375 0.33940000000000003 0.681279165625 0.3221968744186047 0.678179165625 0.321732811627907 0.6924375 0.336145311627907 0.689958334375 0.34683906279069765 0.687477084375 0.352417188372093 0.694916665625
0 0.4519125 0.58519375 0.4519125 0.5951125 0.48724687441860465 0.596352084375 0.4849234372093023 0.5820937500000001 0.4519125 0.58519375
0 0.5937171883720931 0.698635415625 0.576979688372093 0.699875 0.5611718744186047 0.697395834375 0.5607062488372093 0.707935415625 0.5718656255813953 0.7110333343749999 0.5937171883720931 0.7104145843749999 0.5937171883720931 0.698635415625
6 0.33893437441860463 0.7104145843749999 0.321732811627907 0.7073145843749999 0.321732811627907 0.7197125 0.35474218837209304 0.721572915625 0.3542781255813954 0.70979375 0.33893437441860463 0.7104145843749999
6 0.48538749999999997 0.6081291656250001 0.47190468837209304 0.61185 0.45237812558139534 0.609989584375 0.45237812558139534 0.624247915625 0.4644656255813953 0.619908334375 0.48445781162790696 0.6217666656249999 0.48538749999999997 0.6081291656250001
6 0.5937171883720931 0.6695 0.5774437511627907 0.668260415625 0.5621015627906977 0.6664 0.5607062488372093 0.678179165625 0.576979688372093 0.680039584375 0.5937171883720931 0.6825187500000001 0.5937171883720931 0.6695
2 0.3575312511627907 0.7407895843750001 0.33475 0.741410415625 0.316617188372093 0.7364499999999999 0.31475781162790695 0.747608334375 0.3328906255813953 0.7488479156250001 0.3584625 0.74636875 0.3575312511627907 0.7407895843750001
2 0.4681859372093023 0.639745834375 0.44865781162790697 0.639125 0.4491234372093023 0.650283334375 0.4905015627906977 0.647183334375 0.4905015627906977 0.639745834375 0.4681859372093023 0.639745834375
2 0.5983656255813953 0.642225 0.5779093744186047 0.641604165625 0.5583812488372093 0.639745834375 0.5583812488372093 0.650283334375 0.5839531255813953 0.650904165625 0.5979015627906976 0.650283334375 0.5983656255813953 0.642225