2 0.39651562558139536 0.64606875 0.397557811627907 0.635997915625 0.3759515627906977 0.635304165625 0.355132811627907 0.63536875 0.35486562558139534 0.645375 0.37803281162790703 0.647458334375 0.39651562558139536 0.64606875
2 0.5329234372093024 0.74086875 0.5035062511627907 0.742258334375 0.4911718744186046 0.738645834375 0.4928343744186046 0.750591665625 0.5318812488372093 0.7512854156250001 0.5329234372093024 0.74086875
2 0.6669859372093023 0.629054165625 0.6669859372093023 0.620372915625 0.6265593744186047 0.62235 0.6274187488372093 0.633914584375 0.6544906255813954 0.632525 0.6669859372093023 0.629054165625
6 0.38922656279069767 0.678016665625 0.38922656279069767 0.6627375 0.379075 0.662041665625 0.35825 0.661695834375 0.35772812558139533 0.67454375 0.3686625 0.67454375 0.38922656279069767 0.678016665625
6 0.5284968744186047 0.723852084375 0.5284968744186047 0.7106583343749999 0.496704688372093 0.71000625 0.4967390627906977 0.724895834375 0.5131390627906977 0.723852084375 0.5284968744186047 0.723852084375
6 0.6646437488372092 0.647110415625 0.6323640627906977 0.64919375 0.6318437511627907 0.662389584375 0.6646437488372092 0.6613479156250001 0.6646437488372092 0.647110415625
0 0.3902687488372093 0.7005874999999999 0.3894875 0.687391665625 0.35643437441860465 0.68700625 0.35616718837209305 0.699197915625 0.3728265627906977 0.701629165625 0.3902687488372093 0.7005874999999999
0 0.496217188372093 0.6842666656249999 0.4963781255813954 0.694383334375 0.5282375 0.694683334375 0.5279765627906977 0.683225 0.496217188372093 0.6842666656249999
0 0.6646437488372092 0.67766875 0.6505859372093024 0.678016665625 0.632417188372093 0.676158334375 0.6341859372093023 0.689822915625 0.6646437488372092 0.689822915625 0.6646437488372092 0.67766875
7 0.3894875 0.712045834375 0.3803765627906977 0.712045834375 0.35720781162790693 0.71239375 0.35590625116279073 0.724895834375 0.38818593720930233 0.72663125 0.3894875 0.712045834375
7 0.390007811627907 0.75649375 0.39365312558139537 0.740172915625 0.3835 0.742258334375 0.35155312558139534 0.740814584375 0.35252187441860466 0.749202084375 0.3538234372093023 0.7537166656250001 0.390007811627907 0.75649375
7 0.5282375 0.658222915625 0.4976812511627907 0.657933334375 0.4964781255813953 0.6721125 0.5277156255813954 0.6714187500000001 0.5282375 0.658222915625
7 0.5331828116279069 0.644679165625 0.5334437488372092 0.6318312500000001 0.49475156279069765 0.627991665625 0.4928343744186046 0.6419020843750001 0.5068906255813953 0.6436375 0.5331828116279069 0.644679165625
7 0.6636015627906977 0.70926875 0.6630812488372093 0.69885 0.6337187488372092 0.700458334375 0.6331453116279069 0.71239375 0.6438187488372094 0.71239375 0.6636015627906977 0.70926875
7 0.6685484372093022 0.741216665625 0.6714125000000001 0.727672915625 0.6537109372093024 0.727672915625 0.6305421883720931 0.730104165625 0.632625 0.746077084375 0.655792188372093 0.7433 0.6685484372093022 0.741216665625