2 0.632567188372093 0.442952084375 0.633392188372093 0.459816665625 0.6735375 0.459085415625 0.6732625 0.444785415625 0.632567188372093 0.442952084375
6 0.6365015627906977 0.41425 0.6367765627906976 0.430014584375 0.6703234372093023 0.43111458437500005 0.6711484372093023 0.41718333437500005 0.6365015627906977 0.41425
7 0.5055999999999999 0.5959104156249999 0.5072484372093023 0.612777084375 0.548770311627907 0.613510415625 0.5476703116279069 0.59774375 0.5055999999999999 0.5959104156249999
7 0.5084390627906976 0.568347915625 0.5092640627906977 0.584114584375 0.5450093744186046 0.583747915625 0.5441843744186047 0.570547915625 0.5084390627906976 0.568347915625
0 0.5108859372093023 0.546758334375 0.5111609372093023 0.561422915625 0.5455312488372093 0.56105625 0.5460812511627907 0.545291665625 0.5108859372093023 0.546758334375
6 0.5096531255813954 0.515333334375 0.5096531255813954 0.53183125 0.5431984372093024 0.53183125 0.5431984372093024 0.514233334375 0.5096531255813954 0.515333334375
7 0.6361375 0.364547915625 0.6361375 0.3803125 0.6710593744186046 0.382145834375 0.6705093744186046 0.364914584375 0.6361375 0.364547915625
2 0.5074390627906977 0.48881666562500004 0.5074390627906977 0.50348125 0.5517093744186047 0.502747915625 0.5506093744186047 0.488083334375 0.5074390627906977 0.48881666562500004
7 0.6318062511627908 0.335925 0.6320812511627907 0.349858334375 0.6744281255813954 0.349858334375 0.6733281255813953 0.33409166562500003 0.6318062511627908 0.335925
2 0.38068437441860464 0.6875 0.38019687441860467 0.703445834375 0.42339531162790695 0.7060500000000001 0.42290781162790697 0.693033334375 0.38068437441860464 0.6875
6 0.38705 0.662452084375 0.386317188372093 0.677745834375 0.42048593720930233 0.6797 0.4197531255813953 0.663754165625 0.38705 0.662452084375
0 0.38782812558139534 0.63375625 0.38807187441860463 0.650027084375 0.42248437441860465 0.6510041656250001 0.42224062558139536 0.6357083343750001 0.38782812558139534 0.63375625
7 0.38839687441860465 0.608808334375 0.38839687441860465 0.625079165625 0.4223218744186047 0.625404165625 0.4223218744186047 0.610435415625 0.38839687441860465 0.608808334375
7 0.38417031162790694 0.580295834375 0.38417031162790694 0.59754375 0.427125 0.59851875 0.4276125 0.580947915625 0.38417031162790694 0.580295834375
0 0.6362234372093023 0.38875625 0.6370484372093024 0.406720834375 0.672520311627907 0.40818750000000004 0.670595311627907 0.39095625 0.6362234372093023 0.38875625