7 0.43207656279069767 0.437154165625 0.4355015627906977 0.43131875 0.41800156279069767 0.415839584375 0.40716875116279067 0.40781875 0.399170311627907 0.418885415625 0.432267188372093 0.44603333437500003 0.43207656279069767 0.437154165625
7 0.38980937441860464 0.434135415625 0.3873781255813954 0.444764584375 0.41990312558139536 0.47216874999999997 0.4256093744186047 0.46379583437500005 0.38980937441860464 0.434135415625
7 0.5182437488372093 0.348854165625 0.5165312488372094 0.35519791562499997 0.5146562511627907 0.362477084375 0.5279437511627907 0.365347915625 0.5560953116279069 0.37575 0.554382811627907 0.36509375 0.5182437488372093 0.348854165625
7 0.5437312511627908 0.4072125 0.546204688372093 0.391989584375 0.5266125 0.3833625 0.515770311627907 0.37879583437500003 0.5134875 0.38716875 0.5150093744186046 0.398079165625 0.5437312511627908 0.4072125
7 0.6908437511627907 0.369922915625 0.6933156255813954 0.35546041562499997 0.6851375000000001 0.351145834375 0.673725 0.345310415625 0.6606 0.3437875 0.6604093744186046 0.362310415625 0.674675 0.363833334375 0.6908437511627907 0.369922915625
7 0.6870390627906977 0.332370834375 0.7001640627906976 0.337952084375 0.6999734372093024 0.32501250000000004 0.6820937511627907 0.316891665625 0.662882811627907 0.31435625 0.6606 0.32628124999999997 0.6779093744186047 0.32881875 0.6870390627906977 0.332370834375
0 0.42364999999999997 0.360916665625 0.4191109372093023 0.37230625 0.446875 0.399002084375 0.45247968837209307 0.385120834375 0.42364999999999997 0.360916665625
0 0.41564062558139536 0.37906875 0.4092343744186046 0.397933334375 0.4402 0.42071249999999993 0.4458062488372093 0.405052084375 0.41564062558139536 0.37906875
0 0.510675 0.408610415625 0.5080062511627907 0.425695834375 0.5408406255813953 0.43708541562500003 0.5427093744186047 0.420002084375 0.510675 0.408610415625
0 0.506670311627907 0.42889999999999995 0.5040015627906977 0.448475 0.5360359372093023 0.460220834375 0.537904688372093 0.44598541562499994 0.506670311627907 0.42889999999999995
0 0.655895311627907 0.396510415625 0.6540281255813953 0.412883334375 0.6865953116279069 0.42320416562499996 0.6876625000000001 0.40576458437499996 0.655895311627907 0.396510415625
0 0.658832811627907 0.37159375 0.6561625 0.391170834375 0.6881968744186047 0.401847915625 0.690867188372093 0.382629165625 0.658832811627907 0.37159375
2 0.4297890627906976 0.335645834375 0.4231156255813953 0.347391665625 0.458620311627907 0.378002084375 0.4652937511627907 0.3651875 0.4297890627906976 0.335645834375
2 0.49839531162790696 0.45915416562500005 0.49572656279069766 0.473747915625 0.5363031255813954 0.48869583437499997 0.537904688372093 0.47232291562500006 0.49839531162790696 0.45915416562500005
2 0.6478875000000001 0.42284791562499996 0.6454843744186047 0.4356625 0.6857937511627907 0.44812083437499994 0.6868624999999999 0.432458334375 0.6478875000000001 0.42284791562499996