7 0.7343468744186047 0.9436187500000001 0.7236781255813954 0.93599375 0.7158671883720931 0.9565791656249999 0.703482811627907 0.973352084375 0.7122468744186047 0.984027084375 0.7290125 0.95785 0.7343468744186047 0.9436187500000001
7 0.7413968744186047 0.98504375 0.749779688372093 0.970810415625 0.7450156255813953 0.956833334375 0.7345375000000001 0.979960415625 0.7189156255813953 0.9979166656249999 0.7320609372093023 0.9979166656249999 0.7413968744186047 0.98504375
7 0.9445718744186047 0.69615625 0.94 0.683704165625 0.9245671883720931 0.70149375 0.9064687511627907 0.70911875 0.909517188372093 0.7220791656250001 0.9316171883720931 0.708610415625 0.9445718744186047 0.69615625
7 0.952192188372093 0.731735415625 0.9481921883720931 0.7129291656250001 0.9287593744186047 0.72945 0.919204688372093 0.734627084375 0.9213281255813953 0.7482562500000001 0.9380937511627907 0.7406312500000001 0.952192188372093 0.731735415625
7 0.6475593744186047 0.468966665625 0.6652781255813953 0.449397915625 0.6591812488372094 0.438722915625 0.6479406255813953 0.45219375 0.6313656255813953 0.472525 0.6304140627906978 0.47836875 0.6328906255813953 0.483452084375 0.6475593744186047 0.468966665625
7 0.6715656255813953 0.4656625 0.6443218744186047 0.49565208437499997 0.6517515627906977 0.506579165625 0.6776609372093023 0.478114584375 0.6715656255813953 0.4656625
0 0.7197593744186047 0.927510415625 0.7100421883720931 0.914554165625 0.6885968744186046 0.9525291656249999 0.6976437488372093 0.9628062500000001 0.7197593744186047 0.927510415625
0 0.7083656255813954 0.9109791656249999 0.6986484372093024 0.899810415625 0.6761984372093024 0.9400208343750001 0.6829 0.948508334375 0.7083656255813954 0.9109791656249999
2 0.6966375 0.8940020843750001 0.6872562511627908 0.881045834375 0.6604484372093022 0.9261708343749999 0.6684906255813953 0.9342124999999999 0.6966375 0.8940020843750001
2 0.9804531255813954 0.798391665625 0.976767188372093 0.786775 0.9409140627906977 0.8091145843750001 0.945604688372093 0.822070834375 0.9804531255813954 0.798391665625
0 0.9687265627906976 0.7747124999999999 0.9633640627906978 0.761308334375 0.935217188372093 0.7849875 0.9395734372093023 0.794370834375 0.9687265627906976 0.7747124999999999
0 0.9623593744186046 0.755947915625 0.9566625 0.7407583343749999 0.927845311627907 0.761308334375 0.9342124999999999 0.777839584375 0.9623593744186046 0.755947915625
0 0.6912765627906977 0.5008375 0.6832343744186046 0.48877499999999996 0.6564281255813953 0.517814584375 0.6634656255813953 0.528985415625 0.6912765627906977 0.5008375
0 0.7003234372093022 0.5146875 0.6939578116279069 0.506645834375 0.6671515627906978 0.53479375 0.6728468744186047 0.54685625 0.7003234372093022 0.5146875
2 0.7160734372093024 0.534345834375 0.7093718744186046 0.524516665625 0.6748578116279069 0.561152084375 0.6825640627906977 0.575002084375 0.7160734372093024 0.534345834375