7 0.3527031255813953 0.454977084375 0.3522937488372093 0.47027083437500006 0.38834218837209306 0.46917708437499994 0.3875218744186047 0.455522915625 0.3527031255813953 0.454977084375
7 0.3490156255813953 0.48665624999999996 0.3490156255813953 0.500310415625 0.38957031162790695 0.503041665625 0.3903906255813953 0.48993333437500003 0.3490156255813953 0.48665624999999996
7 0.540729688372093 0.23486250000000003 0.5411390627906977 0.25015624999999997 0.574320311627907 0.252885415625 0.5759578116279069 0.23540833437500003 0.540729688372093 0.23486250000000003
7 0.5390906255813953 0.20263749999999997 0.5390906255813953 0.218477084375 0.5800546883720931 0.22120833437499998 0.5788265627906977 0.206460415625 0.5390906255813953 0.20263749999999997
7 0.7844671883720931 0.471908334375 0.7762734372093023 0.484470834375 0.807817188372093 0.5145125 0.814370311627907 0.50195 0.7844671883720931 0.471908334375
7 0.7705390627906976 0.494302084375 0.7631656255813953 0.507958334375 0.7971656255813954 0.542914584375 0.8029000000000001 0.531989584375 0.7705390627906976 0.494302084375
2 0.38464531162790694 0.391154165625 0.39214687441860463 0.392691665625 0.3944546883720931 0.386541665625 0.3944546883720931 0.37808333437499997 0.3780093744186046 0.376160415625 0.35221093720930235 0.375285415625 0.352042188372093 0.381927084375 0.35435 0.389616665625 0.36964218837209306 0.389616665625 0.38464531162790694 0.391154165625
2 0.5587062488372093 0.32705 0.5742859372093023 0.330508334375 0.5745750000000001 0.318977084375 0.5546671883720931 0.3174375 0.5340109372093024 0.314791665625 0.5336046883720931 0.320514584375 0.5333156255813953 0.327433334375 0.5497625 0.32705 0.5587062488372093 0.32705
2 0.8312437488372093 0.44105416562500005 0.8416312488372093 0.451816665625 0.8465359372093023 0.44451458437499997 0.8479781255813953 0.43874791562500004 0.8274937511627907 0.419525 0.8141656255813954 0.40320625000000004 0.8096046883720931 0.410683334375 0.8098937488372093 0.418372915625 0.8214343744186047 0.43067500000000003 0.8312437488372093 0.44105416562500005
0 0.8358468744186046 0.45694375000000004 0.8219984372093024 0.44464375 0.806129688372093 0.430804165625 0.8017921883720931 0.44170208437499997 0.8159390627906976 0.45771249999999997 0.8303656255813953 0.469245834375 0.8358468744186046 0.45694375000000004
0 0.7994937488372093 0.446564584375 0.7919562488372093 0.460316665625 0.8191124999999999 0.48885208437500005 0.8260375 0.476166665625 0.7994937488372093 0.446564584375
0 0.5726531255813954 0.285525 0.5723640627906976 0.270533334375 0.562554688372093 0.267072915625 0.553032811627907 0.26284583437500003 0.5397218744186046 0.263604165625 0.5397609372093023 0.2809125 0.550725 0.28014375 0.5614 0.28168125 0.5726531255813954 0.285525
0 0.572075 0.30666875 0.5726531255813954 0.292060415625 0.567170311627907 0.29090833437499997 0.5527437488372093 0.289370834375 0.5394718744186047 0.288602084375 0.5397218744186046 0.3021 0.5541874999999999 0.30051875 0.5619765627906976 0.301670834375 0.572075 0.30666875
0 0.38805468837209306 0.40338124999999997 0.35665312558139534 0.401091665625 0.3566062511627907 0.417989584375 0.36843593720930234 0.4168375 0.388920311627907 0.41760624999999996 0.38805468837209306 0.40338124999999997
0 0.366704688372093 0.42375625 0.35602812558139535 0.42375625 0.3557015627906977 0.44085625000000006 0.3877656255813953 0.4402875 0.38689999999999997 0.42452500000000004 0.366704688372093 0.42375625