7 0.24265312558139535 0.266258334375 0.24701718837209305 0.276104165625 0.28695468837209304 0.26044166562500004 0.2856125 0.247016665625 0.24265312558139535 0.266258334375
7 0.2399687511627907 0.227775 0.243325 0.24522708437500002 0.27890000000000004 0.231354165625 0.27252343720930233 0.21434999999999998 0.2399687511627907 0.227775
7 0.3597843744186046 0.11187291562499999 0.36347656279069773 0.1270875 0.395025 0.11411041562499999 0.393682811627907 0.09531666562499999 0.3597843744186046 0.11187291562499999
7 0.38596406279069767 0.067570834375 0.35340781162790696 0.083233334375 0.3527375 0.096658334375 0.37153125116279073 0.08368125 0.392675 0.079654165625 0.38596406279069767 0.067570834375
7 0.5729031255813953 0.04564375 0.538 0.0514625 0.5373281255813953 0.063991665625 0.5608218744186046 0.058620834375 0.577267188372093 0.057727084375 0.5729031255813953 0.04564375
7 0.574917188372093 0.077864584375 0.5433687488372093 0.07831041562499999 0.5447124999999999 0.10113333437500001 0.5641781255813954 0.09486875 0.576595311627907 0.09486875 0.574917188372093 0.077864584375
0 0.2640031255813953 0.18510625 0.23441562558139536 0.19838125 0.23782968837209303 0.21355416562500001 0.267132811627907 0.201795834375 0.2640031255813953 0.18510625
0 0.25947187441860464 0.16601041562500002 0.247070311627907 0.168604165625 0.2288312488372093 0.17865625000000002 0.23345312558139536 0.190329165625 0.2614187488372093 0.17865625000000002 0.25947187441860464 0.16601041562500002
2 0.25922968837209304 0.150770834375 0.257770311627907 0.137477084375 0.23758593720930232 0.14623124999999998 0.22056406279069768 0.155310415625 0.22056406279069768 0.1650375 0.23953125116279067 0.15693125000000002 0.25922968837209304 0.150770834375
0 0.3997875 0.14558333437499998 0.3975984372093023 0.12937083437500002 0.37960312558139536 0.1332625 0.3667140627906977 0.14136875 0.36793125116279074 0.158877084375 0.3825218744186047 0.147204165625 0.3997875 0.14558333437499998
0 0.40416406279069766 0.166983334375 0.403192188372093 0.152716665625 0.38422343720930235 0.155958334375 0.37060624883720933 0.166658334375 0.3749828116279069 0.178979165625 0.38787187441860466 0.171197915625 0.40416406279069766 0.166983334375
2 0.41340468837209304 0.19130208437500001 0.4095140627906977 0.176385415625 0.389817188372093 0.181897915625 0.3744968744186047 0.192275 0.37401093720930234 0.20427083437500002 0.392492188372093 0.195839584375 0.41340468837209304 0.19130208437500001
2 0.5863062488372093 0.170875 0.5870359372093024 0.15758125 0.5658781255813954 0.157904165625 0.5483703116279071 0.16730833437499998 0.5473968744186046 0.17833125 0.5661218744186046 0.171847915625 0.5863062488372093 0.170875
0 0.5792812488372093 0.12639375 0.5784156255813954 0.108325 0.5648546883720931 0.10755624999999999 0.545432811627907 0.113004165625 0.546967188372093 0.131775 0.561970311627907 0.125241665625 0.5720687511627907 0.12408749999999999 0.5792812488372093 0.12639375
0 0.579570311627907 0.13523541562500002 0.5671640627906976 0.134083334375 0.557642188372093 0.136004165625 0.548120311627907 0.137541665625 0.549557811627907 0.151077084375 0.5683171883720931 0.146 0.5801468744186047 0.146383334375 0.579570311627907 0.13523541562500002