7 0.385575 0.8223333343749999 0.36622656279069765 0.8102583343750001 0.35884062558139534 0.7961875 0.34605312558139534 0.8108062500000001 0.3670484372093023 0.833308334375 0.38310468837209305 0.8431875 0.385575 0.8223333343749999
7 0.33699687441860465 0.8377000000000001 0.370754688372093 0.865689584375 0.3753109372093023 0.857264584375 0.3509937488372093 0.837152084375 0.3419359372093023 0.8239791656250001 0.33699687441860465 0.8377000000000001
7 0.5745375 0.7883041656249999 0.546954688372093 0.787208334375 0.5358937488372093 0.77971875 0.532545311627907 0.7954395843750001 0.5498359372093024 0.79983125 0.5749484372093023 0.800379165625 0.5745375 0.7883041656249999
7 0.570420311627907 0.818491665625 0.552717188372093 0.8173937499999999 0.5366624999999999 0.81135625 0.5378968744186047 0.830564584375 0.551482811627907 0.8316625 0.5708312488372093 0.833308334375 0.570420311627907 0.818491665625
7 0.803970311627907 0.7819208343749999 0.7978953116279071 0.7707375 0.7819875 0.788089584375 0.7630750000000001 0.799502084375 0.766657811627907 0.813925 0.7773593744186046 0.806597915625 0.7924000000000001 0.796572915625 0.803970311627907 0.7819208343749999
7 0.8007890627906976 0.8278062500000001 0.8126468744186046 0.811225 0.8068312488372092 0.80143125 0.7785171883720929 0.8278062500000001 0.7845906255813954 0.8393750000000001 0.8007890627906976 0.8278062500000001
2 0.39235937441860463 0.753675 0.41179531162790695 0.7677125 0.41705937441860463 0.757454165625 0.39600312558139533 0.744497915625 0.38507187441860463 0.731541665625 0.3822375 0.7277625 0.37778281162790694 0.7417979156250001 0.39235937441860463 0.753675
0 0.3996484372093023 0.789308334375 0.40491249999999995 0.777970834375 0.3883109372093023 0.766633334375 0.3769734372093023 0.754216665625 0.3709 0.767172915625 0.3838562511627907 0.77635 0.3996484372093023 0.789308334375
0 0.391954688372093 0.806585415625 0.3976234372093024 0.796327084375 0.38142656279069764 0.78876875 0.369279688372093 0.777970834375 0.3615859372093023 0.7876875 0.37332812558139533 0.798485415625 0.391954688372093 0.806585415625
0 0.5693062488372093 0.86543125 0.5713312511627907 0.84545625 0.5510843744186047 0.8481562500000001 0.536507811627907 0.843835415625 0.5369125 0.858952084375 0.5531093744186046 0.8627312500000001 0.5693062488372093 0.86543125
0 0.5668765627906976 0.884327084375 0.570520311627907 0.87083125 0.551895311627907 0.8724500000000001 0.5356984372093023 0.869210415625 0.5373187511627907 0.87946875 0.5514906255813954 0.882708334375 0.5668765627906976 0.884327084375
2 0.5693062488372093 0.910241665625 0.5713312511627907 0.8967437500000001 0.5494656255813953 0.901064584375 0.5332687488372093 0.894585415625 0.5300296883720931 0.9048437500000001 0.5510843744186047 0.9118625 0.5693062488372093 0.910241665625
0 0.8231859372093022 0.838977084375 0.816707811627907 0.826020834375 0.8065843744186046 0.8411375 0.792007811627907 0.849775 0.7956515627906977 0.8632729156250001 0.8122531255813954 0.8524749999999999 0.8231859372093022 0.838977084375
0 0.8300687511627907 0.856254165625 0.8276390627906977 0.847075 0.8158968744186046 0.8611125 0.8001062488372093 0.8719104156249999 0.8069890627906976 0.878929165625 0.8203515627906977 0.86975 0.8300687511627907 0.856254165625
2 0.8430265627906977 0.87515 0.8377625 0.864352084375 0.8252109372093024 0.8837875000000001 0.806179688372093 0.897285415625 0.8090140627906978 0.9059229156249999 0.82845 0.895125 0.8430265627906977 0.87515