7 0.39397812558139533 0.22117083437499999 0.3928687488372093 0.21192916562500003 0.37650156279069763 0.21377708437499998 0.360325 0.213602084375 0.35874531162790696 0.2285625 0.3737265627906977 0.22893333437500002 0.3956437488372093 0.227085415625 0.39397812558139533 0.22117083437499999
7 0.398417188372093 0.252960415625 0.398417188372093 0.24741458437500002 0.3795531255813953 0.24630625 0.3562484372093023 0.247045834375 0.357357811627907 0.25924375 0.39009531162790695 0.259983334375 0.39730781162790696 0.25961249999999997 0.398417188372093 0.252960415625
7 0.5047937488372093 0.12955624999999998 0.5042390627906977 0.12068541562499999 0.5036843744186047 0.111075 0.4856515627906977 0.112552084375 0.479825 0.115139584375 0.4670640627906977 0.11772708437499999 0.472057811627907 0.1266 0.4726125 0.13473125 0.4862062511627907 0.13251458437500002 0.5047937488372093 0.12955624999999998
7 0.4898125 0.094070834375 0.5061812511627907 0.09333125 0.5042390627906977 0.08778749999999999 0.5014640627906977 0.082241665625 0.48648437441860465 0.081872915625 0.4764968744186046 0.08482916562500001 0.465270311627907 0.086285415625 0.46540000000000004 0.09333125 0.46540000000000004 0.100725 0.47843906279069764 0.09555 0.4898125 0.094070834375
7 0.63965 0.063277084375 0.6499140627906977 0.065125 0.6476953116279069 0.056991665625 0.6440890627906977 0.050708334375 0.6324375 0.050708334375 0.6224500000000001 0.050708334375 0.610179688372093 0.04926875 0.6071906255813954 0.055883334375 0.6066359372093023 0.065125 0.624392188372093 0.06290625 0.63965 0.063277084375
7 0.6407593744186046 0.09913125 0.646307811627907 0.09913125 0.6443656255813954 0.090629165625 0.6446437511627907 0.08360625000000001 0.632992188372093 0.082866665625 0.6221718744186047 0.082127084375 0.608654688372093 0.084658334375 0.6135718744186047 0.09136875 0.6124625 0.099502084375 0.6285531255813954 0.098022915625 0.6407593744186046 0.09913125
0 0.3928437488372093 0.19970625 0.39196718837209304 0.181020834375 0.37751562558139534 0.18160416562499998 0.35912187441860466 0.181020834375 0.3595593744186047 0.197370834375 0.37401093720930234 0.19853749999999998 0.3928437488372093 0.19970625
0 0.3902156255813954 0.159414584375 0.3599968744186046 0.162335415625 0.3595593744186047 0.173429165625 0.38977812558139535 0.171677084375 0.3902156255813954 0.159414584375
0 0.5067109372093024 0.14248125 0.4747406255813953 0.150070834375 0.476492188372093 0.16175 0.5071484372093024 0.158247915625 0.5067109372093024 0.14248125
0 0.5102140627906977 0.166422915625 0.4799968744186046 0.17109375 0.479120311627907 0.184525 0.5102140627906977 0.177516665625 0.5102140627906977 0.166422915625
2 0.5167843744186047 0.193283334375 0.4944484372093023 0.196202084375 0.4782437511627907 0.202041665625 0.4778062488372093 0.21313749999999998 0.5167843744186047 0.2049625 0.5167843744186047 0.193283334375
0 0.6464187488372093 0.137808334375 0.6166375000000001 0.137808334375 0.6148859372093024 0.151239584375 0.6464187488372093 0.151239584375 0.6464187488372093 0.137808334375
0 0.6468562511627907 0.113866665625 0.6144468744186047 0.11561874999999999 0.6144468744186047 0.13021875 0.6455421883720931 0.13080208437500002 0.6468562511627907 0.113866665625
2 0.3936093744186046 0.14592291562499998 0.39456874883720927 0.13184374999999998 0.3728093744186047 0.133977084375 0.3545687488372093 0.13525625 0.3558484372093023 0.14763125 0.3756890627906977 0.14635 0.3936093744186046 0.14592291562499998
2 0.6375875 0.17634375 0.6530328116279069 0.17634375 0.6523312488372093 0.167458334375 0.648470311627907 0.160910415625 0.6372359372093024 0.160910415625 0.6295140627906978 0.1623125 0.6217906255813954 0.16278125000000002 0.6122625 0.16579375000000002 0.6116109372093024 0.17307083437499998 0.6112609372093023 0.17915 0.62495 0.17681249999999998 0.6375875 0.17634375