7 0.35865156279069765 0.371552084375 0.365570311627907 0.371552084375 0.37227187441860465 0.36636250000000004 0.3731359372093023 0.353679165625 0.35195000000000004 0.351372915625 0.3394109372093024 0.352527084375 0.33746562558139537 0.36838125 0.35000468837209303 0.36866875 0.35865156279069765 0.371552084375
7 0.37529843720930234 0.398070834375 0.376379688372093 0.38682916562499997 0.3510859372093023 0.386539584375 0.3346562488372093 0.38682916562499997 0.3344390627906977 0.39720625 0.35432812558139537 0.396339584375 0.37529843720930234 0.398070834375
7 0.5681921883720931 0.2439625 0.5696312511627907 0.233989584375 0.5667546883720931 0.22785208437499999 0.535107811627907 0.229004165625 0.535970311627907 0.23629166562499998 0.5368343744186047 0.243579165625 0.5681921883720931 0.2439625
7 0.572507811627907 0.2059875 0.5710687488372093 0.19678125 0.5336687511627907 0.197164584375 0.5316562511627907 0.21059166562499998 0.5581234372093024 0.20828958437499998 0.572507811627907 0.2059875
7 0.6867218744186047 0.151902084375 0.6654328116279069 0.15151874999999998 0.6510484372093023 0.154204165625 0.6542125 0.168779165625 0.6861468744186047 0.161491665625 0.6867218744186047 0.151902084375
7 0.6674468744186047 0.118145834375 0.6458687511627907 0.122364584375 0.647882811627907 0.133489584375 0.6622671883720931 0.129654165625 0.6870093744186047 0.127735415625 0.6849953116279069 0.11737916562499999 0.6674468744186047 0.118145834375
2 0.37803906279069766 0.28604375000000004 0.3777156255813954 0.27220625 0.3621375 0.270908334375 0.347207811627907 0.270908334375 0.33551718837209304 0.27225 0.33552343720930233 0.279558334375 0.3361734372093023 0.28604375000000004 0.3631109372093023 0.285179165625 0.37803906279069766 0.28604375000000004
2 0.5747062511627906 0.308570834375 0.5597765627906977 0.30770624999999996 0.5343062511627907 0.309366665625 0.5334875 0.324139584375 0.5516625000000001 0.323272915625 0.575679688372093 0.323272915625 0.5747062511627906 0.308570834375
2 0.685579688372093 0.241522915625 0.6975875 0.240658334375 0.6972625 0.23200833437499999 0.6959656255813954 0.22768541562500003 0.6842812488372092 0.22768541562500003 0.67065 0.230279165625 0.6570781255813953 0.232279165625 0.6534484372093022 0.23633333437499998 0.6550718744186046 0.246279165625 0.67065 0.24325208437499998 0.685579688372093 0.241522915625
0 0.6567875000000001 0.19865208437499998 0.669445311627907 0.195191665625 0.6895671883720931 0.195625 0.6881281255813952 0.176127084375 0.671392188372093 0.178760415625 0.6545156255813953 0.181354165625 0.6567875000000001 0.19865208437499998
0 0.6587359372093023 0.21767916562499998 0.6736640627906977 0.216814584375 0.690217188372093 0.215083334375 0.6895562488372093 0.204679165625 0.6795062511627906 0.20470625 0.6577609372093023 0.20643541562499998 0.6587359372093023 0.21767916562499998
0 0.570554688372093 0.2557125 0.553029688372093 0.2557125 0.5371625 0.257497915625 0.5381 0.27344375 0.5575734372093023 0.272577084375 0.5699062488372093 0.274308334375 0.570554688372093 0.2557125
0 0.5715281255813953 0.282091665625 0.5572484372093023 0.281227084375 0.53745 0.28079375 0.5364484372093024 0.295091665625 0.5523796883720931 0.2942 0.5712031255813954 0.295064584375 0.5715281255813953 0.282091665625
0 0.3734515627906977 0.29686666562499997 0.3575484372093023 0.29686666562499997 0.3394437511627907 0.29985 0.34002343720930234 0.31156875 0.352679688372093 0.31156875 0.3734515627906977 0.31373125 0.3734515627906977 0.29686666562499997
0 0.37247812558139537 0.319783334375 0.36014531162790697 0.31891875000000003 0.338725 0.31891875000000003 0.33837187441860467 0.336014584375 0.35560156279069766 0.33708125 0.37312656279069767 0.336647915625 0.37247812558139537 0.319783334375