7 0.4415 0.45971875000000006 0.43981093720930237 0.445327084375 0.43441093720930235 0.443977084375 0.4239468744186047 0.443977084375 0.4178718744186047 0.445327084375 0.40758281162790694 0.44892916562499996 0.4074093744186047 0.46151666562500004 0.4192218744186047 0.46061666562500003 0.43677343720930234 0.46061666562500003 0.4415 0.45971875000000006
7 0.44555 0.49209791562499994 0.446225 0.47815624999999995 0.43339843720930227 0.47815624999999995 0.42057187441860466 0.47950625 0.4057265627906977 0.480108334375 0.40572031162790695 0.48895 0.406057811627907 0.49389583437500006 0.42867343720930234 0.492547915625 0.44555 0.49209791562499994
7 0.5652640627906976 0.253595834375 0.5699906255813953 0.258991665625 0.5716781255813954 0.2661875 0.5794406255813953 0.259441665625 0.589567188372093 0.252695834375 0.6013796883720931 0.2464 0.5986796883720931 0.24010416562499998 0.5976218744186046 0.23167083437499997 0.587542188372093 0.237854165625 0.5791031255813953 0.242352084375 0.5652640627906976 0.253595834375
7 0.596654688372093 0.21446874999999999 0.595642188372093 0.20682499999999998 0.590242188372093 0.20187708437500002 0.5743781255813953 0.21042083437499998 0.5669515627906977 0.21626875 0.5579062488372093 0.220783334375 0.5575015627906977 0.23605625 0.5716781255813954 0.2261625 0.587542188372093 0.218966665625 0.596654688372093 0.21446874999999999
7 0.8409656255813954 0.251820834375 0.8504156255813954 0.25541874999999997 0.855142188372093 0.245975 0.859529688372093 0.23473125 0.863242188372093 0.219891665625 0.8666171883720931 0.20235208437500002 0.859295311627907 0.196533334375 0.855479688372093 0.21719375 0.8497406255813953 0.23293333437500002 0.8409656255813954 0.251820834375
2 0.437020311627907 0.36836458437499997 0.4187468744186047 0.368697915625 0.39797187441860465 0.37170208437499996 0.3987406255813954 0.38520208437500003 0.41198906279069764 0.385727084375 0.42350312558139536 0.381720834375 0.436770311627907 0.38071875 0.437020311627907 0.36836458437499997
0 0.435017188372093 0.408097915625 0.43526718837209305 0.394741665625 0.4179968744186046 0.39574375 0.40422968837209305 0.397747915625 0.4027281255813953 0.407095834375 0.41198906279069764 0.407095834375 0.435017188372093 0.408097915625
0 0.4357687488372093 0.41511041562499995 0.42124999999999996 0.41511041562499995 0.4046859372093023 0.41774583437499996 0.4062328116279069 0.43581041562499995 0.4162437511627907 0.433139584375 0.43827187441860466 0.433139584375 0.4357687488372093 0.41511041562499995
0 0.5947390627906977 0.2829375 0.609757811627907 0.277595834375 0.6070046883720931 0.264575 0.6022484372093023 0.260902084375 0.5842265627906976 0.27025 0.5767171883720931 0.277929165625 0.5802218744186046 0.295627084375 0.583225 0.29061875000000004 0.5947390627906977 0.2829375
0 0.6017484372093023 0.302304165625 0.6140125 0.2969625 0.6130125 0.2829375 0.6022484372093023 0.286277084375 0.5907343744186047 0.2922875 0.5802421883720931 0.30216875 0.5799718744186046 0.303639584375 0.586229688372093 0.31332291562500003 0.6017484372093023 0.302304165625
2 0.6272796883720929 0.3176625 0.6205218744186046 0.30764583437500004 0.6050015627906976 0.312989584375 0.5942390627906977 0.319666665625 0.5877531255813954 0.324283334375 0.586479688372093 0.338364584375 0.606754688372093 0.328347915625 0.6182687511627908 0.318664584375 0.6272796883720929 0.3176625
7 0.8308390627906977 0.241479165625 0.8382656255813954 0.223489584375 0.8429906255813954 0.20684999999999998 0.8450156255813953 0.192908334375 0.8359125000000001 0.187625 0.8298265627906977 0.211345834375 0.8224015627906978 0.231583334375 0.8308390627906977 0.241479165625
2 0.782782811627907 0.21187083437499998 0.786145311627907 0.19893958437499998 0.7942562511627907 0.171760415625 0.7972234372093023 0.158829165625 0.7882468744186046 0.152741665625 0.7829812511627907 0.1746625 0.772892188372093 0.20606458437500003 0.775067188372093 0.209760415625 0.782782811627907 0.21187083437499998
0 0.806917188372093 0.1960375 0.8136421883720931 0.173608334375 0.8045437511627908 0.16621875 0.7980156255813954 0.184427084375 0.7910906255813953 0.212397915625 0.8007843744186047 0.217939584375 0.806917188372093 0.1960375
0 0.8177968744186046 0.21714791562500002 0.827095311627907 0.191022915625 0.8261046883720929 0.181522915625 0.8177968744186046 0.177829165625 0.8110718744186046 0.197885415625 0.8041468744186047 0.21952291562499998 0.8168078116279069 0.226383334375 0.8177968744186046 0.21714791562500002