7 0.29422656279069764 0.198616665625 0.29422656279069764 0.181933334375 0.27546562558139537 0.17275625 0.26410312558139537 0.17023125 0.259832811627907 0.187564584375 0.28328281162790697 0.196739584375 0.29422656279069764 0.198616665625
7 0.2704625 0.218429165625 0.2912562488372093 0.23031666562500003 0.29361718837209305 0.218183334375 0.2737468744186047 0.207375 0.25248437441860466 0.202579165625 0.2518593744186047 0.216135415625 0.2704625 0.218429165625
7 0.476075 0.19770416562499998 0.45668906279069765 0.197914584375 0.4411875 0.19967916562500002 0.43730312558139534 0.21084375 0.47795156279069767 0.21105208437499998 0.476075 0.19770416562499998
7 0.47560624883720926 0.228570834375 0.4555937488372093 0.2296125 0.44020937441860464 0.23043125 0.44402499999999995 0.2454625 0.4759187511627907 0.2454625 0.47560624883720926 0.228570834375
7 0.7385734372093022 0.351108334375 0.7376343744186046 0.33984583437500004 0.7245015627906977 0.337552084375 0.701732811627907 0.335458334375 0.6990187488372093 0.346310415625 0.7235640627906976 0.349022915625 0.7385734372093022 0.351108334375
7 0.7265343744186047 0.369877084375 0.7104312488372093 0.365497915625 0.7038656255813953 0.36633125 0.7023187488372094 0.3675125 0.7021453116279069 0.383641665625 0.733882811627907 0.385310415625 0.733882811627907 0.37258749999999996 0.7265343744186047 0.369877084375
0 0.2729812488372093 0.118991665625 0.26911406279069766 0.132254165625 0.3030984372093023 0.14256875 0.304479688372093 0.1304125 0.2729812488372093 0.118991665625
0 0.26911406279069766 0.141833334375 0.265245311627907 0.158410415625 0.299229688372093 0.166514584375 0.3003359372093023 0.15030625 0.26911406279069766 0.141833334375
0 0.44373437441860464 0.257508334375 0.44400937441860466 0.275191665625 0.47854687441860466 0.27371875 0.478270311627907 0.256035415625 0.44373437441860464 0.257508334375
0 0.4459437488372093 0.28292916562500003 0.4459437488372093 0.298033334375 0.47854687441860466 0.296927084375 0.4791 0.282191665625 0.4459437488372093 0.28292916562500003
2 0.4404187511627907 0.309454165625 0.4415234372093023 0.3256625 0.48407343720930235 0.324558334375 0.48296875116279064 0.309454165625 0.4404187511627907 0.309454165625
2 0.313045311627907 0.106466665625 0.2956390627906977 0.09762499999999999 0.27187656279069766 0.0913625 0.26994218837209305 0.10499375 0.29121718837209304 0.111625 0.31028281162790694 0.12120208437499999 0.313045311627907 0.106466665625
2 0.6951640627906976 0.44944375000000003 0.6951640627906976 0.46159999999999995 0.7360562511627907 0.46417916562499995 0.735504688372093 0.44833958437500004 0.6951640627906976 0.44944375000000003
0 0.700967188372093 0.418129165625 0.6998609372093023 0.433970834375 0.733017188372093 0.43802291562500006 0.7327406255813953 0.425129165625 0.700967188372093 0.418129165625
0 0.7001375 0.39713125 0.7004140627906976 0.414814584375 0.7327406255813953 0.4162875 0.7332937488372092 0.399710415625 0.7001375 0.39713125