7 0.3867062488372093 0.790895834375 0.3867062488372093 0.7777499999999999 0.37037499999999995 0.78150625 0.3560156255813953 0.778877084375 0.3529187511627907 0.792772915625 0.36587031162790695 0.7957791656250001 0.3867062488372093 0.790895834375
7 0.388957811627907 0.825825 0.3912109372093023 0.8126791656250001 0.3720640627906977 0.8138062500000001 0.35263750000000005 0.8138062500000001 0.3506656255813953 0.8175625 0.35263750000000005 0.824322915625 0.388957811627907 0.825825
7 0.5984484372093023 0.565697915625 0.5650437488372093 0.563308334375 0.56635 0.5784687500000001 0.5973218744186046 0.580345834375 0.5984484372093023 0.565697915625
7 0.6026718744186047 0.5364020843749999 0.5639875 0.53326875 0.5635343744186047 0.545416665625 0.6023890627906976 0.54691875 0.6026718744186047 0.5364020843749999
7 0.8104250000000001 0.820291665625 0.7946578116279069 0.807897915625 0.7839937488372094 0.79469375 0.7741031255813954 0.80526875 0.8062015627906977 0.834939584375 0.8104250000000001 0.820291665625
7 0.7935312488372093 0.858977084375 0.8000078116279069 0.85334375 0.7836765627906978 0.839822915625 0.7665015627906976 0.815785415625 0.7636859372093023 0.82141875 0.7648125 0.831560415625 0.7935312488372093 0.858977084375
0 0.3555890627906977 0.747391665625 0.35622343720930233 0.76371875 0.3872437511627907 0.76545625 0.388475 0.7462187499999999 0.3654375 0.747627084375 0.3555890627906977 0.747391665625
0 0.38970625116279073 0.727216665625 0.38337499999999997 0.73003125 0.35666250000000005 0.728245834375 0.35611718837209305 0.741995834375 0.38917812558139536 0.7401187499999999 0.38970625116279073 0.727216665625
2 0.3921687511627907 0.7178333343750001 0.392520311627907 0.703054165625 0.37458281162790696 0.7028187499999999 0.353479688372093 0.702116665625 0.3538312488372093 0.715252084375 0.3742312511627907 0.716191665625 0.3921687511627907 0.7178333343750001
2 0.5714984372093023 0.6444354156250001 0.560420311627907 0.643029165625 0.5600359372093023 0.6567166656250001 0.575367188372093 0.658745834375 0.600692188372093 0.658041665625 0.600692188372093 0.647016665625 0.5714984372093023 0.6444354156250001
0 0.597175 0.6191 0.5843375000000001 0.6193354156249999 0.5653125 0.6162625 0.5653437511627907 0.630360415625 0.595767188372093 0.633175 0.597175 0.6191
0 0.597175 0.593764584375 0.578357811627907 0.59446875 0.5646531255813954 0.592516665625 0.5644640627906977 0.6097166656249999 0.5792375 0.611125 0.597175 0.613235415625 0.597175 0.593764584375
2 0.8303531255813954 0.7484375 0.8120625 0.728029165625 0.8083703116279071 0.73295625 0.8073828116279069 0.739972915625 0.815579688372093 0.7505499999999999 0.8387937488372093 0.773070834375 0.8444218744186046 0.76415625 0.8303531255813954 0.7484375
0 0.8250765627906976 0.792072915625 0.8317593744186046 0.779639584375 0.8171625 0.766266665625 0.804304688372093 0.752870834375 0.799225 0.763452084375 0.813470311627907 0.782689584375 0.8250765627906976 0.792072915625
0 0.7965875 0.7683791656250001 0.7900140627906977 0.782185415625 0.815932811627907 0.8108395843749999 0.8236703116279069 0.795591665625 0.8060843744186047 0.780341665625 0.7965875 0.7683791656250001