7 0.437029688372093 0.7840208343749999 0.4372359372093023 0.768654165625 0.418307811627907 0.7716729156250001 0.40740468837209304 0.774141665625 0.40617031162790695 0.78594375 0.41954218837209306 0.787589584375 0.437029688372093 0.7840208343749999
7 0.4436140627906977 0.814210415625 0.44402499999999995 0.8013104156249999 0.4185140627906977 0.808720834375 0.4041125 0.806525 0.4049359372093023 0.819972915625 0.43291562558139535 0.819697915625 0.4436140627906977 0.814210415625
7 0.6012234372093023 0.569604165625 0.5993718744186047 0.5534104156249999 0.5810625 0.565760415625 0.566867188372093 0.575366665625 0.5724218744186046 0.588814584375 0.5950515627906977 0.57399375 0.6012234372093023 0.569604165625
7 0.5586375 0.548470834375 0.558020311627907 0.5564312499999999 0.5615171883720931 0.558077084375 0.5851765627906976 0.541610415625 0.5960812488372093 0.535847915625 0.5911437488372093 0.526516665625 0.5586375 0.548470834375
7 0.83565 0.556916665625 0.8412062488372093 0.542645834375 0.8416171883720931 0.5278270843749999 0.8313515627906977 0.523745834375 0.8300953116279071 0.539079165625 0.8200156255813953 0.564327084375 0.8286562511627906 0.57420625 0.83565 0.556916665625
7 0.8568406255813953 0.56240625 0.8611609372093023 0.542920834375 0.8556062488372093 0.532766665625 0.8529328116279069 0.553622915625 0.8418234372093023 0.585458334375 0.8477890627906978 0.587654165625 0.8568406255813953 0.56240625
2 0.414992188372093 0.6953875 0.39759531162790696 0.697339584375 0.3964562511627907 0.704064584375 0.398245311627907 0.7112208343749999 0.40171406279069766 0.7120625 0.42588593720930235 0.70645 0.435804688372093 0.70558125 0.43547968837209305 0.693870834375 0.414992188372093 0.6953875
0 0.43450312558139537 0.73334375 0.43450312558139537 0.719679165625 0.420682811627907 0.720114584375 0.4025281255813954 0.7204645843749999 0.4019843744186047 0.733560415625 0.42328437441860467 0.7326937499999999 0.43450312558139537 0.73334375
0 0.43564218837209306 0.739633334375 0.4266984372093023 0.741152084375 0.4035437488372093 0.74160625 0.4037734372093023 0.7593708343750001 0.436292188372093 0.75741875 0.43564218837209306 0.739633334375
0 0.5828984372093023 0.620639584375 0.5879156255813953 0.636172915625 0.615092188372093 0.6180375 0.6131406255813954 0.605891665625 0.5999703116279069 0.611964584375 0.5828984372093023 0.620639584375
0 0.6107015627906976 0.60111875 0.6053359372093022 0.5824666656249999 0.576232811627907 0.600252084375 0.5815984372093024 0.61651875 0.5959062511627907 0.605022915625 0.6107015627906976 0.60111875
2 0.6024093744186046 0.655125 0.6175312511627906 0.6436291656249999 0.6264734372093024 0.639291665625 0.6237093744186046 0.628447915625 0.616229688372093 0.63105 0.6027343744186046 0.642545834375 0.5881187511627907 0.647827084375 0.5887515627906977 0.655125 0.5902156255813954 0.661414584375 0.6024093744186046 0.655125
2 0.781292188372093 0.537979165625 0.7912109372093024 0.5050125000000001 0.7947875 0.49243125 0.7847078116279069 0.48570833437500005 0.7835687488372094 0.498720834375 0.7703984372093022 0.5384125 0.7756015627906977 0.5427500000000001 0.781292188372093 0.537979165625
0 0.8006406255813954 0.541233334375 0.8100718744186047 0.506745834375 0.8001359372093023 0.4993 0.7921859372093023 0.529520834375 0.7881218744186046 0.542316665625 0.7980390627906976 0.5494749999999999 0.8006406255813954 0.541233334375
0 0.8136484372093024 0.5538125 0.8208031255813953 0.534291665625 0.8212906255813953 0.525833334375 0.823892188372093 0.5152062500000001 0.813145311627907 0.511225 0.8090968744186047 0.527785415625 0.8012921883720929 0.55164375 0.8118609372093024 0.5598854156249999 0.8136484372093024 0.5538125