7 0.39937187441860467 0.872408334375 0.3940484372093023 0.862220834375 0.38775312558139535 0.8746104156250001 0.39821406279069765 0.889079165625 0.41973593720930236 0.9035875000000001 0.4204312511627907 0.8863 0.39937187441860467 0.872408334375
7 0.4093218744186047 0.9316812499999999 0.41302500000000003 0.91995 0.4007593744186046 0.91439375 0.388957811627907 0.9026624999999999 0.37849531162790695 0.891585415625 0.37669218837209306 0.8983395843749999 0.377617188372093 0.906983334375 0.4007593744186046 0.927975 0.4093218744186047 0.9316812499999999
7 0.5372984372093024 0.8409208343750001 0.5518781255813954 0.8427729156250001 0.5521093744186046 0.8279562500000001 0.5396125 0.8279562500000001 0.5227187511627907 0.8211645843750001 0.515925 0.8155895843750001 0.5127687511627907 0.820545834375 0.513 0.8298083343749999 0.5372984372093024 0.8409208343750001
7 0.5421593744186046 0.874260415625 0.5430843744186047 0.857283334375 0.5301250000000001 0.858208334375 0.5224875 0.8535770843750001 0.5104281255813954 0.8464499999999999 0.511379688372093 0.863764584375 0.524107811627907 0.871175 0.5421593744186046 0.874260415625
7 0.6889687488372093 0.83853125 0.6908203116279069 0.8224770843749999 0.6734640627906976 0.819391665625 0.6697609372093024 0.8129083343750001 0.6582734372093023 0.810572915625 0.657495311627907 0.828035415625 0.6713812511627907 0.8348270843750001 0.6889687488372093 0.83853125
7 0.6963750000000001 0.806425 0.6977640627906977 0.791297915625 0.6831843744186046 0.787902084375 0.6605875 0.78086875 0.6579593744186046 0.79376875 0.6679093744186047 0.797472915625 0.6963750000000001 0.806425
2 0.4188437488372093 0.792866665625 0.4134156255813954 0.8095687500000001 0.44723906279069764 0.83518125 0.45183281162790695 0.8240458343749999 0.4188437488372093 0.792866665625
2 0.5349343744186047 0.9381875000000001 0.514054688372093 0.933177084375 0.49484531162790696 0.9209270843749999 0.493592188372093 0.9387437500000001 0.5123843744186046 0.9504374999999999 0.5328453116279069 0.952664584375 0.5349343744186047 0.9381875000000001
2 0.6848484372093023 0.898097915625 0.6639687488372092 0.896429165625 0.6451781255813954 0.888077084375 0.6435078116279069 0.9036666656250001 0.6668921883720931 0.913689584375 0.685267188372093 0.915358334375 0.6848484372093023 0.898097915625
0 0.517395311627907 0.9053375000000001 0.5040328116279069 0.8969854156249999 0.5036140627906976 0.915916665625 0.5336812488372092 0.9259375000000001 0.5353515627906977 0.910347915625 0.517395311627907 0.9053375000000001
0 0.5075968744186047 0.87464375 0.5055078116279069 0.8934541656249999 0.536595311627907 0.9046 0.5384234372093023 0.8878812500000001 0.5075968744186047 0.87464375
0 0.4031 0.8331937500000001 0.39682968837209304 0.850958334375 0.42817812558139534 0.877779165625 0.4341875 0.864195834375 0.4031 0.8331937500000001
0 0.41224218837209303 0.8171708343749999 0.40701875116279074 0.8318 0.435754688372093 0.8603624999999999 0.44254687441860463 0.842947915625 0.41224218837209303 0.8171708343749999
0 0.653632811627907 0.839464584375 0.6518031255813954 0.857925 0.6857656255813953 0.8708125000000001 0.6886390627906976 0.85130625 0.653632811627907 0.839464584375
0 0.6523265627906977 0.8607125 0.6502359372093023 0.87986875 0.6834140627906976 0.8903187499999999 0.6852421883720929 0.87499375 0.6523265627906977 0.8607125