7 0.439682811627907 0.145845834375 0.4211375 0.153220834375 0.3983625 0.1671 0.40259218837209304 0.18228125 0.41593125116279067 0.171004165625 0.4439125 0.15712500000000001 0.439682811627907 0.145845834375
7 0.569175 0.12762916562499999 0.5490031255813954 0.135002084375 0.5291562511627906 0.148883334375 0.5324093744186047 0.162329165625 0.542820311627907 0.1540875 0.5743812488372093 0.140208334375 0.569175 0.12762916562499999
7 0.7410749999999999 0.3222125 0.7179749999999999 0.33609374999999997 0.7017515627906977 0.34341875 0.7062625 0.358214584375 0.7183 0.35040625 0.745629688372093 0.335225 0.7410749999999999 0.3222125
8 0.4266656255813953 0.120725 0.39501718837209304 0.13819375 0.39996250000000005 0.15236875 0.40836874883720925 0.145445834375 0.4311156255813953 0.134239584375 0.4266656255813953 0.120725
8 0.57155 0.15797083437499998 0.54015 0.171485415625 0.5423749999999999 0.186977084375 0.553007811627907 0.178408334375 0.5740234372093023 0.16950833437499999 0.57155 0.15797083437499998
8 0.7452187488372093 0.35078125 0.714720311627907 0.368539584375 0.7185156255813954 0.37945625 0.7355750000000001 0.371216665625 0.7501625000000001 0.361658334375 0.7452187488372093 0.35078125
2 0.409267188372093 0.053685415624999996 0.40547812558139534 0.041685415625 0.38463593720930234 0.053054165625000003 0.36805625116279067 0.065685415625 0.373267188372093 0.077685415625 0.38937343720930234 0.06505416562500001 0.409267188372093 0.053685415624999996
0 0.41447812558139535 0.089054165625 0.4125843744186047 0.078947915625 0.39363593720930234 0.085264584375 0.379425 0.09536875 0.385582811627907 0.110527084375 0.39837343720930235 0.099158334375 0.41447812558139535 0.089054165625
0 0.42205781162790695 0.11368541562500001 0.42205781162790695 0.102316665625 0.40263593720930235 0.110527084375 0.3898468744186046 0.11810625 0.3931625 0.132633334375 0.40595156279069766 0.12315833437499998 0.42205781162790695 0.11368541562500001
0 0.5764796883720931 0.1882125 0.5741124999999999 0.17431875 0.5565859372093023 0.183791665625 0.5442687488372093 0.195791665625 0.5471109372093023 0.20968749999999997 0.5603750000000001 0.19831875000000002 0.5764796883720931 0.1882125
0 0.5821640627906977 0.216002084375 0.580270311627907 0.202108334375 0.5651109372093023 0.209054165625 0.5504265627906977 0.217897915625 0.554217188372093 0.228633334375 0.5660593744186047 0.22168749999999998 0.5821640627906977 0.216002084375
2 0.594479688372093 0.24695 0.5916390627906977 0.22926666562500003 0.5703218744186046 0.241266665625 0.554217188372093 0.252002084375 0.5565859372093023 0.265897915625 0.5769546883720931 0.25389791562499997 0.594479688372093 0.24695
2 0.7721140627906977 0.419372915625 0.7645343744186046 0.42632083437499996 0.734692188372093 0.44337291562500003 0.7413234372093023 0.456004165625 0.7744828116279069 0.431372915625 0.7721140627906977 0.419372915625
0 0.7555343744186046 0.38084583437499997 0.7536406255813953 0.36947708437500004 0.7380078116279071 0.379583334375 0.7223765627906976 0.388425 0.7261656255813953 0.39853125 0.7399031255813954 0.38905625 0.7555343744186046 0.38084583437499997
0 0.7631140627906977 0.40674166562499997 0.7607453116279069 0.390320834375 0.7451140627906977 0.40232083437500005 0.7299562511627907 0.40990000000000004 0.7342187511627907 0.42253125 0.7489031255813954 0.412425 0.7631140627906977 0.40674166562499997