7 0.39680312558139536 0.6423687499999999 0.4106062511627907 0.6415708343750001 0.4106062511627907 0.635572915625 0.40940624883720933 0.629175 0.38570156279069767 0.6299750000000001 0.36629999999999996 0.626114584375 0.3664968744186047 0.632775 0.3673968744186047 0.640770834375 0.3851015627906977 0.64196875 0.39680312558139536 0.6423687499999999
7 0.5084359372093024 0.737029165625 0.5162375 0.737829165625 0.5174375 0.732633334375 0.5171375 0.7234375 0.49703281162790697 0.724635415625 0.4877312511627907 0.7238374999999999 0.4741984372093023 0.7198249999999999 0.47452812558139534 0.727835415625 0.47512812558139533 0.73463125 0.497632811627907 0.73583125 0.5084359372093024 0.737029165625
7 0.5739265627906976 0.9624 0.5895312488372093 0.9687958343749999 0.5943312511627906 0.969595834375 0.5949312488372093 0.956802084375 0.5772281255813954 0.95120625 0.5679265627906978 0.9472083343750001 0.5550406255813953 0.934525 0.5538234372093024 0.9384124999999999 0.5517218744186047 0.9496062500000001 0.5592234372093023 0.956802084375 0.5739265627906976 0.9624
8 0.564254688372093 0.9118604156250001 0.5618546883720931 0.924654165625 0.576257811627907 0.93345 0.5882593744186047 0.939047915625 0.5954609372093024 0.9398479156249999 0.5959562511627907 0.9252854156250001 0.5843593744186046 0.924654165625 0.5738578116279069 0.92105625 0.564254688372093 0.9118604156250001
8 0.5113109372093023 0.75373125 0.49870781162790695 0.75413125 0.47749843720930235 0.748422915625 0.4768031255813953 0.760127084375 0.49750781162790697 0.762127084375 0.5104109372093023 0.762927084375 0.5113109372093023 0.75373125
8 0.40762031162790696 0.602158334375 0.39771874883720926 0.601758334375 0.37322812558139534 0.599716665625 0.3740125 0.611354165625 0.3881156255813954 0.612554165625 0.40762031162790696 0.613354165625 0.40762031162790696 0.602158334375
2 0.37347187441860463 0.5167875000000001 0.37212656279069767 0.5342666656249999 0.4165 0.536508334375 0.4165 0.521716665625 0.37347187441860463 0.5167875000000001
2 0.4665875 0.8265 0.4662515627906977 0.8453250000000001 0.5059187511627907 0.848910415625 0.5082718744186047 0.83143125 0.4665875 0.8265
2 0.5758390627906976 0.8345687500000001 0.571804688372093 0.851152084375 0.6134890627906977 0.866391665625 0.6165140627906976 0.8529458343749999 0.5758390627906976 0.8345687500000001
0 0.4743187511627907 0.793333334375 0.474654688372093 0.8108124999999999 0.5065906255813953 0.8144 0.5082718744186047 0.797814584375 0.4743187511627907 0.793333334375
0 0.4756640627906977 0.769129165625 0.47600000000000003 0.786610415625 0.5102875 0.785714584375 0.5099515627906976 0.770475 0.4756640627906977 0.769129165625
0 0.5714687488372093 0.86908125 0.5684437488372093 0.8838708343749999 0.6034031255813954 0.8995583343750001 0.6060937511627907 0.883422915625 0.5714687488372093 0.86908125
0 0.5677718744186047 0.8901458343750001 0.564745311627907 0.9062833343750001 0.5976890627906977 0.919729165625 0.60105 0.908522915625 0.5677718744186047 0.8901458343750001
0 0.37649687441860463 0.549954165625 0.37582499999999996 0.5665375 0.41112187441860465 0.568779165625 0.4094406255813954 0.552195834375 0.37649687441860463 0.549954165625
0 0.3731359372093023 0.5795375 0.3741437488372093 0.5916375 0.4087687511627907 0.5916375 0.40809531162790696 0.5786395843750001 0.3731359372093023 0.5795375