8 0.6236015627906977 0.6685770843750001 0.6228109372093023 0.65511875 0.602632811627907 0.6625062500000001 0.591554688372093 0.6659375 0.5919515627906977 0.6743812499999999 0.6127218744186047 0.671479165625 0.6236015627906977 0.6685770843750001
7 0.6206343744186046 0.62661875 0.6101500000000001 0.6303124999999999 0.5818625 0.639020834375 0.5834687511627906 0.652322915625 0.5978859372093024 0.649047915625 0.6148984372093023 0.6392854156250001 0.6228109372093023 0.6384937500000001 0.6206343744186046 0.62661875
8 0.5164234372093024 0.5338437500000001 0.5160265627906977 0.521177084375 0.49960781162790696 0.5256624999999999 0.4827937511627907 0.52671875 0.48397968837209304 0.538329165625 0.498817188372093 0.537272915625 0.5164234372093024 0.5338437500000001
7 0.498817188372093 0.4969 0.476067188372093 0.5008583343749999 0.4781625 0.514089584375 0.4936734372093023 0.514052084375 0.5164234372093024 0.507454165625 0.517807811627907 0.49241250000000003 0.498817188372093 0.4969
7 0.4242781255813953 0.604291665625 0.4242781255813953 0.5918895843749999 0.40093437441860463 0.592945834375 0.383142188372093 0.589339584375 0.3821421883720931 0.601389584375 0.40330937441860465 0.6061395843749999 0.4242781255813953 0.604291665625
8 0.42055781162790695 0.574325 0.42055781162790695 0.5632958343750001 0.40432343720930236 0.563095834375 0.38838750000000005 0.561091665625 0.3876359372093023 0.574125 0.405075 0.573925 0.42055781162790695 0.574325
2 0.42915156279069766 0.494985415625 0.42915156279069766 0.48084791562499996 0.4082437511627907 0.48084791562499996 0.3874718744186047 0.478660415625 0.3870234372093023 0.482927084375 0.38733437441860463 0.49332083437499996 0.4126125 0.49456875 0.42915156279069766 0.494985415625
2 0.5177781255813954 0.6151500000000001 0.5274531255813953 0.610575 0.526204688372093 0.5985166656249999 0.5140343744186047 0.6010125000000001 0.5049843744186047 0.600595834375 0.4849312488372093 0.606777084375 0.48594843720930236 0.613902084375 0.48657187441860467 0.618475 0.5015515627906977 0.6168125 0.5177781255813954 0.6151500000000001
2 0.6448437488372093 0.742408334375 0.6435953116279071 0.735339584375 0.6420359372093023 0.729102084375 0.6311125 0.735339584375 0.618629688372093 0.737833334375 0.60195 0.7422125 0.6024031255813953 0.7494770843749999 0.6049000000000001 0.7573770843750001 0.6245593744186048 0.751970834375 0.6448437488372093 0.742408334375
0 0.6323609372093024 0.699995834375 0.6205031255813954 0.706233334375 0.5985187511627907 0.706522915625 0.601154688372093 0.72245 0.6201906255813953 0.718708334375 0.6354812488372092 0.7128875 0.6323609372093024 0.699995834375
0 0.626120311627907 0.673802084375 0.6148859372093024 0.67754375 0.595429688372093 0.681358334375 0.5970968744186047 0.695422915625 0.6148859372093024 0.69168125 0.6298640627906976 0.685860415625 0.626120311627907 0.673802084375
0 0.5182031255813954 0.539870834375 0.5060312511627907 0.543197915625 0.4845875 0.548666665625 0.4866843744186047 0.561491665625 0.5025984372093023 0.55775 0.5185140627906977 0.5535916656250001 0.5182031255813954 0.539870834375
0 0.520075 0.563570834375 0.5041593744186047 0.5706395843750001 0.48793125116279074 0.573133334375 0.4887062488372093 0.583441665625 0.5100890627906977 0.58394375 0.5213234372093024 0.581033334375 0.520075 0.563570834375
0 0.42310937441860463 0.513497915625 0.39021718837209307 0.511604165625 0.38909531162790695 0.52805 0.40657031162790697 0.52888125 0.4237343744186047 0.530129165625 0.42310937441860463 0.513497915625
0 0.42310937441860463 0.5401083343749999 0.4071937488372093 0.5401083343749999 0.3871281255813953 0.537685415625 0.38753437441860467 0.55175 0.3987687488372093 0.552997915625 0.42310937441860463 0.55258125 0.42310937441860463 0.5401083343749999