7 0.4279687488372093 0.586914584375 0.425992188372093 0.571420834375 0.40299687441860466 0.579333334375 0.3815015627906977 0.584914584375 0.3842062488372093 0.598120834375 0.396075 0.595483334375 0.41882187441860463 0.5888916656250001 0.4279687488372093 0.586914584375
7 0.7216125000000001 0.46298333437499994 0.688482811627907 0.473202084375 0.6797906255813954 0.47322499999999995 0.6830421883720931 0.488033334375 0.6959000000000001 0.48308958437499994 0.7235906255813954 0.476827084375 0.7216125000000001 0.46298333437499994
7 0.9904015627906977 0.517627084375 0.9443875 0.50908125 0.9431765627906977 0.523560415625 0.9562812511627907 0.526527084375 0.9861984372093023 0.5334479156249999 0.9904015627906977 0.517627084375
8 0.9815 0.544325 0.9477875 0.53793125 0.9454015627906976 0.55190625 0.9607312511627907 0.553885415625 0.9815 0.55816875 0.9815 0.544325
8 0.7197656255813953 0.49282291562499997 0.6875187488372093 0.498364584375 0.6891062511627908 0.513258334375 0.7031999999999999 0.5096333343749999 0.7214953116279069 0.505016665625 0.7197656255813953 0.49282291562499997
8 0.416829688372093 0.545983334375 0.3833562488372093 0.554004165625 0.3841937488372093 0.57004375 0.39754531162790696 0.565429165625 0.4193031255813953 0.5594958343750001 0.416829688372093 0.545983334375
0 0.4151687511627907 0.526604165625 0.39794843720930234 0.53309375 0.38147656279069764 0.536089584375 0.3826 0.54806875 0.4155437488372093 0.539583334375 0.4151687511627907 0.526604165625
0 0.41170156279069764 0.51324375 0.41016406279069767 0.49929375 0.39539374883720935 0.50626875 0.37847031162790695 0.509139584375 0.3775468744186047 0.524320834375 0.39539374883720935 0.5177562499999999 0.41170156279069764 0.51324375
2 0.410779688372093 0.48001250000000006 0.40954843720930234 0.46606249999999994 0.38708593720930234 0.472216665625 0.36985468837209307 0.477139584375 0.3701625 0.490679165625 0.39077812558139535 0.485345834375 0.410779688372093 0.48001250000000006
2 0.7317296883720931 0.582508334375 0.7327828116279069 0.5684812499999999 0.7148968744186047 0.576195834375 0.694117188372093 0.579002084375 0.6930656255813953 0.592679165625 0.7141078116279069 0.588820834375 0.7317296883720931 0.582508334375
0 0.7256812488372093 0.5512958343750001 0.7246281255813954 0.536566665625 0.708320311627907 0.541125 0.694117188372093 0.547439584375 0.6946437511627908 0.561116665625 0.7093734372093023 0.554804165625 0.7256812488372093 0.5512958343750001
0 0.7233140627906977 0.526045834375 0.722525 0.5095625 0.7112140627906977 0.5144729156250001 0.6993781255813953 0.516927084375 0.6896468744186046 0.52464375 0.6909609372093023 0.5344625 0.7088468744186046 0.5334104156249999 0.7233140627906977 0.526045834375
0 0.9792343744186047 0.576545834375 0.9808125 0.5642729156249999 0.9613484372093023 0.563920834375 0.946882811627907 0.563220834375 0.9445156255813955 0.5740916656249999 0.9602968744186047 0.575845834375 0.9792343744186047 0.576545834375
0 0.9758156255813955 0.604602084375 0.978182811627907 0.5877687500000001 0.9587187511627906 0.588820834375 0.945042188372093 0.586014584375 0.9445156255813955 0.5968875 0.9592453116279069 0.6017958343750001 0.9758156255813955 0.604602084375
2 0.978182811627907 0.636164584375 0.9808125 0.6228374999999999 0.9553 0.61968125 0.9371515627906977 0.620033334375 0.9368875 0.63195625 0.9563515627906977 0.6347625 0.978182811627907 0.636164584375