7 0.6009 0.667166665625 0.6041124999999999 0.682154165625 0.6439359372093023 0.664170834375 0.6413671883720931 0.650895834375 0.6009 0.667166665625
7 0.47307656279069765 0.414089584375 0.475325 0.42950416562499993 0.5145062488372093 0.411947915625 0.512579688372093 0.396104165625 0.47307656279069765 0.414089584375
7 0.3308 0.391820834375 0.3327265627906976 0.405525 0.375120311627907 0.38839583437499997 0.3722312511627907 0.37555 0.3308 0.391820834375
8 0.32951562558139535 0.36141875 0.33112187441860463 0.37469375 0.3648437488372093 0.360989584375 0.3613109372093023 0.34814375000000003 0.32951562558139535 0.36141875
8 0.4817484372093023 0.441066665625 0.4846390627906977 0.453914584375 0.5145062488372093 0.43892499999999995 0.5141859372093023 0.42779166562500004 0.4817484372093023 0.441066665625
8 0.5999375 0.64233125 0.6028265627906977 0.654747915625 0.6343015627906976 0.6410458343750001 0.631732811627907 0.6269145843749999 0.5999375 0.64233125
0 0.5906640627906977 0.595422915625 0.5930437511627907 0.6102291656250001 0.6260937488372093 0.59471875 0.622920311627907 0.583085415625 0.5906640627906977 0.595422915625
0 0.5951593744186047 0.619747915625 0.598595311627907 0.634554165625 0.6308531255813953 0.6183375 0.6268859372093023 0.604235415625 0.5951593744186047 0.619747915625
2 0.5800875 0.56510625 0.5822031255813953 0.5816749999999999 0.6223921883720931 0.561933334375 0.6192187511627908 0.546420834375 0.5800875 0.56510625
2 0.49310156279069767 0.517514584375 0.495217188372093 0.53373125 0.5348765627906977 0.51645625 0.5332890627906977 0.5002395843749999 0.49310156279069767 0.517514584375
0 0.49072187441860465 0.48331875 0.49283750000000004 0.49918333437499995 0.5256218744186046 0.485785415625 0.523242188372093 0.47062708437499995 0.49072187441860465 0.48331875
0 0.48649062558139533 0.459345834375 0.48860625116279066 0.475914584375 0.5205984372093023 0.45758333437500004 0.5176906255813953 0.441720834375 0.48649062558139533 0.459345834375
0 0.31807031162790694 0.314104165625 0.3207140627906977 0.332083334375 0.35455624883720926 0.317277084375 0.35059062558139537 0.30106041562499997 0.31807031162790694 0.314104165625
0 0.3220359372093023 0.34125 0.3257375 0.354997915625 0.35878750000000004 0.339839584375 0.35640781162790697 0.32679583437500004 0.3220359372093023 0.34125
2 0.30855156279069773 0.283433334375 0.3104031255813953 0.29965 0.35138437441860465 0.280966665625 0.347682811627907 0.267922915625 0.30855156279069773 0.283433334375