8 0.42598124883720934 0.9292187500000001 0.411807811627907 0.9317125 0.391217188372093 0.926722915625 0.39094999999999996 0.940983334375 0.40271562558139534 0.9434791656250001 0.425179688372093 0.9452604156250001 0.42598124883720934 0.9292187500000001
8 0.5352968744186046 0.651327084375 0.5339593744186046 0.637779165625 0.5192515627906977 0.641345834375 0.501067188372093 0.6420583343749999 0.5016015627906977 0.642414584375 0.5024046883720931 0.653822915625 0.5117640627906976 0.652039584375 0.5352968744186046 0.651327084375
8 0.6379718744186046 0.405297915625 0.6422156255813953 0.414429165625 0.6686906255813954 0.381985415625 0.663342188372093 0.374141665625 0.6379718744186046 0.405297915625
7 0.6793874999999999 0.39196875000000003 0.646495311627907 0.431185415625 0.6531812488372093 0.44295 0.6636093744186047 0.4272625 0.6863406255813953 0.398385415625 0.6793874999999999 0.39196875000000003
7 0.538295311627907 0.621839584375 0.536957811627907 0.61043125 0.4932062511627907 0.614366665625 0.4947062511627907 0.6293270843750001 0.504867188372093 0.6271875 0.522517188372093 0.625047915625 0.538295311627907 0.621839584375
7 0.42751093720930233 0.97466875 0.42831406279069767 0.959695834375 0.38472343720930235 0.956485415625 0.38499218837209304 0.968964584375 0.3932812511627907 0.971816665625 0.4066531255813953 0.9750249999999999 0.42751093720930233 0.97466875
0 0.4264 0.9224333343750001 0.42752343720930236 0.91145 0.409554688372093 0.913447915625 0.394204688372093 0.90795625 0.39270781162790697 0.9199375 0.406932811627907 0.9239291656249999 0.4264 0.9224333343750001
0 0.42602656279069767 0.899470834375 0.4278984372093023 0.8825 0.411425 0.887491665625 0.3964515627906977 0.881502084375 0.392332811627907 0.895477084375 0.408804688372093 0.897972915625 0.42602656279069767 0.899470834375
2 0.43239062558139535 0.8665270843749999 0.43538437441860467 0.851054165625 0.4129234372093023 0.8520520843750001 0.394579688372093 0.84905625 0.3930812488372093 0.8600375 0.4129234372093023 0.8665270843749999 0.43239062558139535 0.8665270843749999
2 0.5458218744186046 0.729760415625 0.5465718744186047 0.715783334375 0.524857811627907 0.722272915625 0.5061390627906976 0.722272915625 0.5057656255813954 0.737745834375 0.5282265627906977 0.734252084375 0.5458218744186046 0.729760415625
0 0.5375859372093024 0.6728562499999999 0.5375859372093024 0.659379165625 0.5207406255813953 0.659379165625 0.504642188372093 0.660377084375 0.505017188372093 0.674354165625 0.5203656255813953 0.673854165625 0.5375859372093024 0.6728562499999999
0 0.539832811627907 0.685335415625 0.5053906255813954 0.689827084375 0.5076375 0.70230625 0.5390843744186047 0.700310415625 0.539832811627907 0.685335415625
0 0.6570078116279069 0.369870834375 0.6528906255813954 0.36038749999999997 0.6401625000000001 0.377858334375 0.627807811627907 0.390835415625 0.6330484372093023 0.398822915625 0.644654688372093 0.38434583437500003 0.6570078116279069 0.369870834375
0 0.6409109372093024 0.34141875 0.6274343744186047 0.358889584375 0.6162031255813955 0.37086874999999997 0.6229406255813953 0.381352084375 0.6457781255813954 0.350904165625 0.6409109372093024 0.34141875
2 0.6289312511627906 0.310970834375 0.598607811627907 0.352402084375 0.6038484372093024 0.36088749999999997 0.6334234372093023 0.322452084375 0.6289312511627906 0.310970834375