7 0.31627343720930234 0.21676041562499998 0.2901640627906977 0.21807500000000002 0.27390625116279066 0.22004375 0.2743984372093023 0.23186874999999998 0.3167656255813953 0.227270834375 0.31627343720930234 0.21676041562499998
8 0.5433781255813953 0.14779166562499998 0.5256437488372093 0.14779166562499998 0.5276140627906977 0.1583 0.5394375 0.15632916562500002 0.5601281255813954 0.15632916562500002 0.5601281255813954 0.14779166562499998 0.5433781255813953 0.14779166562499998
7 0.5399296883720931 0.11691875 0.520225 0.11954583437499999 0.522195311627907 0.131370834375 0.5399296883720931 0.128085415625 0.5635765627906977 0.12940000000000002 0.562592188372093 0.11691875 0.5399296883720931 0.11691875
7 0.8507843744186047 0.166839584375 0.8493062511627907 0.153702084375 0.824675 0.1569875 0.807925 0.162241665625 0.809895311627907 0.176691665625 0.8315718744186046 0.16946666562499998 0.8507843744186047 0.166839584375
8 0.8108812511627908 0.136625 0.8128515627906976 0.145164584375 0.8453656255813954 0.139252084375 0.8448734372093023 0.13005625 0.826645311627907 0.1307125 0.8108812511627908 0.136625
8 0.31036093720930236 0.187858334375 0.29114843720930234 0.186545834375 0.2768625 0.189172915625 0.2768625 0.202966665625 0.3098687488372093 0.199025 0.31036093720930236 0.187858334375
0 0.300204688372093 0.15256875 0.30862968837209304 0.152247915625 0.3081484372093023 0.135875 0.29105937441860463 0.137158334375 0.2756562488372093 0.137802084375 0.2746937511627907 0.156422915625 0.2855234372093023 0.15160625 0.300204688372093 0.15256875
0 0.2917812511627907 0.177291665625 0.307907811627907 0.175685415625 0.30862968837209304 0.164447915625 0.2765859372093023 0.165372915625 0.2737312488372093 0.16798125 0.2742125 0.180822915625 0.2917812511627907 0.177291665625
2 0.28720937441860467 0.103447915625 0.26747343720930233 0.10473333437500001 0.2686765627906977 0.12239166562499999 0.2778218744186047 0.116933334375 0.31127656279069765 0.117895834375 0.310554688372093 0.10473333437500001 0.28720937441860467 0.103447915625
2 0.568129688372093 0.23412916562500002 0.565242188372093 0.22481874999999998 0.530825 0.22546041562500002 0.525770311627907 0.230277084375 0.5250484372093023 0.24279791562500003 0.5366015627906977 0.241514584375 0.565482811627907 0.24022916562500002 0.568129688372093 0.23412916562500002
0 0.551282811627907 0.1622125 0.5269734372093023 0.166066665625 0.526932811627907 0.185033334375 0.5366015627906977 0.179229165625 0.5604281255813953 0.17762291562500002 0.5599468744186046 0.164460415625 0.551282811627907 0.1622125
0 0.5601875000000001 0.19175 0.5385265627906977 0.19110833437500002 0.5278359372093023 0.195141665625 0.5289 0.209729165625 0.536842188372093 0.20651875 0.5617687488372093 0.20844583437500003 0.5601875000000001 0.19175
2 0.8208109372093024 0.047922915625 0.8020375 0.054022915625 0.7979468744186047 0.059160415625 0.8004499999999999 0.068685415625 0.8111843744186047 0.06365416562500001 0.8429531255813955 0.061087499999999996 0.8391031255813953 0.046960415625 0.8208109372093024 0.047922915625
0 0.8393437488372094 0.08259791562499999 0.832845311627907 0.079066665625 0.8159968744186046 0.083560415625 0.8076718744186047 0.087941665625 0.8075734372093023 0.104429165625 0.8191265627906977 0.100254165625 0.8400656255813954 0.094154165625 0.8393437488372094 0.08259791562499999
0 0.8405468744186047 0.104429165625 0.8239390627906976 0.10763958437500001 0.8087765627906978 0.114702084375 0.809017188372093 0.129470834375 0.823457811627907 0.120802084375 0.8412687511627908 0.11855625 0.8405468744186047 0.104429165625