7 0.42969843720930234 0.62124375 0.45182812558139535 0.6287 0.45401562558139535 0.618 0.430670311627907 0.609245834375 0.41437812558139536 0.598220834375 0.412675 0.595627084375 0.410729688372093 0.608272915625 0.42969843720930234 0.62124375
8 0.437479688372093 0.592710415625 0.453529688372093 0.600816665625 0.456204688372093 0.58849375 0.4372375 0.5797395843750001 0.4262937488372093 0.57293125 0.4236187488372093 0.571633334375 0.42167343720930234 0.584279165625 0.437479688372093 0.592710415625
8 0.621567188372093 0.549910415625 0.6417515627906977 0.5657979156249999 0.650992188372093 0.57260625 0.6539093744186047 0.560610415625 0.6390765627906977 0.550883334375 0.6266734372093024 0.5431 0.6252140627906976 0.541804165625 0.6232687488372093 0.54115625 0.621567188372093 0.549910415625
7 0.6466140627906977 0.538885415625 0.66315 0.5486125000000001 0.6660687488372092 0.5385625 0.645154688372093 0.523322915625 0.632267188372093 0.511325 0.6295921883720931 0.509379165625 0.6249718744186047 0.522997915625 0.6466140627906977 0.538885415625
7 0.9161156255813953 0.567508334375 0.9335359372093024 0.580102084375 0.9364750000000001 0.5669500000000001 0.9222031255813954 0.5588333343749999 0.9102390627906978 0.5507187499999999 0.8982765627906977 0.544002084375 0.895967188372093 0.542322915625 0.8924000000000001 0.556035415625 0.9161156255813953 0.567508334375
8 0.9354250000000001 0.5498791656249999 0.938992188372093 0.535608334375 0.9318562511627907 0.536727084375 0.9207328116279069 0.529170834375 0.9073015627906977 0.52105625 0.9031031255813953 0.533089584375 0.9203140627906977 0.540645834375 0.9354250000000001 0.5498791656249999
0 0.4681437511627907 0.542652084375 0.4506687511627907 0.536414584375 0.43723124883720926 0.52533125 0.433504688372093 0.540989584375 0.44567500000000004 0.545979165625 0.4634625 0.558452084375 0.4681437511627907 0.542652084375
0 0.460967188372093 0.567183334375 0.4472359372093023 0.563858334375 0.4300234372093023 0.552785415625 0.4278875 0.563858334375 0.44380312558139534 0.5688479156249999 0.4594062488372093 0.576747915625 0.460967188372093 0.567183334375
0 0.6488312488372093 0.579241665625 0.6204812511627907 0.5559875 0.6154390627906977 0.569679165625 0.6301062488372093 0.58090625 0.6457109372093024 0.59046875 0.6488312488372093 0.579241665625
0 0.640717188372093 0.603772915625 0.6254265627906976 0.5929625 0.6129437488372093 0.579241665625 0.6077843744186047 0.593964584375 0.6254265627906976 0.608347915625 0.6375968744186046 0.615416665625 0.640717188372093 0.603772915625
0 0.9467765627906977 0.508470834375 0.9505218744186046 0.495164584375 0.9380390627906976 0.4885125 0.9183499999999999 0.475458334375 0.9133859372093023 0.49100625000000003 0.927117188372093 0.494747915625 0.9402234372093023 0.503064584375 0.9467765627906977 0.508470834375
0 0.9436562511627907 0.519695834375 0.9367906255813954 0.516785415625 0.926492188372093 0.504727084375 0.9102656255813953 0.4997375 0.9087046883720931 0.51304375 0.9252437488372093 0.5201125 0.9414718744186046 0.529675 0.9436562511627907 0.519695834375
2 0.9467968744186047 0.468047915625 0.9595906255813953 0.47594791562500005 0.9614640627906977 0.469710415625 0.9627125000000001 0.46430416562500004 0.9486687511627907 0.455158334375 0.9396187511627907 0.450583334375 0.9238406255813953 0.44388541562499995 0.9221437511627907 0.450583334375 0.9208953116279069 0.45931458437500006 0.934625 0.46097916562499996 0.9467968744186047 0.468047915625
2 0.6202875000000001 0.640020834375 0.6321468744186046 0.646258334375 0.6346437511627907 0.642514584375 0.6362031255813954 0.6358625 0.6224734372093023 0.6279625 0.5985187511627907 0.609064584375 0.5956343744186046 0.614658334375 0.5946984372093023 0.6225583343750001 0.608742188372093 0.632120834375 0.6202875000000001 0.640020834375
2 0.4646031255813954 0.52033125 0.4770859372093023 0.5282312499999999 0.47833437441860466 0.522827084375 0.47927031162790695 0.516172915625 0.46210624883720935 0.507441665625 0.4511843744186046 0.500789584375 0.439632811627907 0.49330208437499995 0.4374531255813954 0.49995833437500004 0.4371406255813954 0.508272915625 0.4530562511627907 0.515758334375 0.4646031255813954 0.52033125