7 0.5005234372093024 0.7264229156249999 0.5140250000000001 0.7304708343749999 0.5244875 0.731820834375 0.526175 0.725075 0.5265124999999999 0.719227084375 0.5062609372093023 0.716079165625 0.49343437441860466 0.710683334375 0.48478593720930235 0.7042937499999999 0.48364687441860466 0.709783334375 0.4829718744186047 0.716979165625 0.4907343744186047 0.722375 0.5005234372093024 0.7264229156249999
8 0.4937718744186047 0.678752084375 0.4907343744186047 0.690445834375 0.5011984372093023 0.6958416656249999 0.51335 0.698989584375 0.5255 0.7021375 0.5263562511627907 0.688952084375 0.51605 0.686847915625 0.5038984372093024 0.68415 0.4937718744186047 0.678752084375
8 0.639192188372093 0.715677084375 0.6390015627906976 0.7279020843749999 0.671742188372093 0.7279020843749999 0.672079688372093 0.718458334375 0.639192188372093 0.715677084375
8 0.846192188372093 0.71075625 0.844504688372093 0.6999625 0.832354688372093 0.703110415625 0.8129000000000001 0.7072625 0.8137906255813954 0.7192999999999999 0.8269531255813954 0.717502084375 0.841467188372093 0.713454165625 0.846192188372093 0.71075625
7 0.845517188372093 0.7431354156250001 0.8546312511627907 0.7381895843749999 0.8542937511627907 0.73189375 0.8529437511627906 0.723347915625 0.838092188372093 0.72874375 0.8283031255813953 0.73054375 0.8106718744186047 0.732997915625 0.8110890627906977 0.7390875 0.8131156255813954 0.75078125 0.8310046883720931 0.7462833343749999 0.845517188372093 0.7431354156250001
7 0.6681937488372093 0.70274375 0.6776453116279069 0.70274375 0.678320311627907 0.695997915625 0.6776453116279069 0.687452084375 0.654017188372093 0.688802084375 0.6351093744186047 0.6854875 0.6337656255813954 0.6924 0.6354531255813953 0.70094375 0.6573937511627906 0.70229375 0.6681937488372093 0.70274375
2 0.5288890627906977 0.62414375 0.5431312488372093 0.625627084375 0.5444656255813953 0.613160415625 0.5239937488372093 0.609004165625 0.50415 0.599125 0.5021875 0.611379165625 0.509529688372093 0.616425 0.5288890627906977 0.62414375
0 0.5344531255813953 0.641954165625 0.523104688372093 0.6410625 0.502632811627907 0.630079165625 0.499517188372093 0.649670834375 0.514870311627907 0.652935415625 0.5326718744186046 0.6600604156250001 0.5344531255813953 0.641954165625
0 0.5271093744186046 0.6793541656250001 0.5311156255813954 0.668370834375 0.5124234372093023 0.668075 0.4975140627906977 0.6573875 0.4975140627906977 0.6716354156250001 0.5168734372093023 0.6808375 0.5271093744186046 0.6793541656250001
0 0.670825 0.778908334375 0.6706031255813955 0.763472915625 0.6382406255813954 0.760852084375 0.6383375 0.776235415625 0.654357811627907 0.780985415625 0.670825 0.778908334375
0 0.8303265627906976 0.669629165625 0.8403406255813953 0.667254165625 0.8390046883720931 0.653895834375 0.8225390627906977 0.657754165625 0.8082187511627907 0.659958334375 0.8078515627906977 0.6758625 0.817420311627907 0.67645625 0.8303265627906976 0.669629165625
0 0.8236515627906976 0.697233334375 0.833220311627907 0.6945625 0.843232811627907 0.6907041656249999 0.842120311627907 0.676752084375 0.8392281255813954 0.676752084375 0.828325 0.683579165625 0.810445311627907 0.685552084375 0.8094093744186047 0.700497915625 0.8180890627906977 0.699904165625 0.8236515627906976 0.697233334375
2 0.839895311627907 0.620354165625 0.8229843744186047 0.623916665625 0.808742188372093 0.62955625 0.8011765627906977 0.6298520843750001 0.7984828116279069 0.642895834375 0.8200906255813953 0.64350625 0.8316625 0.636679165625 0.8401171883720929 0.634602084375 0.839895311627907 0.620354165625
2 0.6730421883720931 0.812314584375 0.6752687511627907 0.797472915625 0.6527937511627908 0.796583334375 0.634345311627907 0.7953479156250001 0.634325 0.81083125 0.652570311627907 0.812314584375 0.6730421883720931 0.812314584375
0 0.6463468744186046 0.7504125 0.668154688372093 0.75100625 0.6719375000000001 0.7358666656249999 0.6394500000000001 0.734383334375 0.6378921883720929 0.752489584375 0.641007811627907 0.7530833343750001 0.6463468744186046 0.7504125