2 0.3238109372093023 0.595854165625 0.3307468744186047 0.5943937499999999 0.330017188372093 0.580775 0.3117625 0.5866104156249999 0.2898937511627907 0.59529375 0.2905890627906977 0.6026625 0.29241406279069765 0.608014584375 0.307017188372093 0.60023125 0.3238109372093023 0.595854165625
2 0.3003312488372093 0.626875 0.3010859372093023 0.63808125 0.33357656279069764 0.625920834375 0.3306562488372093 0.615704165625 0.3003312488372093 0.626875
2 0.5135593744186047 0.602570834375 0.48362187441860466 0.597708334375 0.4821625 0.607435415625 0.4964 0.6113270843749999 0.5135593744186047 0.613272915625 0.5135593744186047 0.602570834375
2 0.514654688372093 0.64926875 0.5150187511627907 0.6371083343749999 0.49546562558139534 0.636464584375 0.47657187441860466 0.631691665625 0.4759562511627907 0.6429437499999999 0.49165468837209303 0.647808334375 0.5055265627906976 0.6507270843749999 0.514654688372093 0.64926875
2 0.6082734372093023 0.579552084375 0.606082811627907 0.571283334375 0.5900203116279069 0.575660415625 0.568504688372093 0.583516665625 0.5710359372093023 0.592685415625 0.591845311627907 0.588308334375 0.6082734372093023 0.5844166656249999 0.6082734372093023 0.579552084375
2 0.5684812488372093 0.5586375 0.5867343744186047 0.5528 0.598417188372093 0.5523125 0.5966062488372093 0.5412312499999999 0.5819875 0.545989584375 0.566654688372093 0.54939375 0.5684812488372093 0.5586375
0 0.5925109372093024 0.504575 0.590320311627907 0.4933875 0.5793687488372092 0.497279165625 0.5592718744186047 0.503760415625 0.561845311627907 0.5109 0.572067188372093 0.506035415625 0.58375 0.506035415625 0.5925109372093024 0.504575
0 0.5943359372093023 0.5181958343749999 0.5793687488372092 0.523060415625 0.5644 0.5274375 0.5664968744186046 0.536947915625 0.5822890627906977 0.530841665625 0.5957968744186046 0.5293833343750001 0.5943359372093023 0.5181958343749999
0 0.5177609372093023 0.557614584375 0.5016968744186047 0.558102084375 0.48741093720930234 0.552470834375 0.48672812558139533 0.56199375 0.5002359372093023 0.5668562500000001 0.5170296883720931 0.56734375 0.5177609372093023 0.557614584375
0 0.5166656255813954 0.5785312499999999 0.4980468744186047 0.579016665625 0.4849031255813953 0.5746395843750001 0.48419843720930233 0.586729165625 0.49987187441860464 0.590691665625 0.515204688372093 0.5916645843749999 0.5166656255813954 0.5785312499999999
0 0.3360734372093023 0.639022915625 0.30515 0.648820834375 0.30650312558139536 0.661397915625 0.3207406255813953 0.6560479156250001 0.3378984372093023 0.650697915625 0.3360734372093023 0.639022915625
0 0.3408187511627907 0.662370834375 0.3273109372093024 0.667722915625 0.30978750000000005 0.673560415625 0.3115718744186047 0.6846833343750001 0.32694687441860465 0.679395834375 0.342279688372093 0.673560415625 0.3408187511627907 0.662370834375
7 0.35176250000000003 0.697614584375 0.3521265627906977 0.693722915625 0.34920624883720924 0.686914584375 0.33350781162790694 0.691777084375 0.308682811627907 0.70150625 0.3112390627906977 0.711235415625 0.3254765627906977 0.705883334375 0.34263437441860467 0.700047915625 0.35176250000000003 0.697614584375
7 0.5236109372093023 0.543020834375 0.524342188372093 0.537183334375 0.524342188372093 0.5328062499999999 0.5046281255813954 0.530372915625 0.48500156279069767 0.526777084375 0.4838187511627907 0.534264584375 0.4955015627906977 0.536695834375 0.504992188372093 0.541075 0.5236109372093023 0.543020834375
7 0.5809281255813954 0.4788125 0.592245311627907 0.47686666562499996 0.5915156255813954 0.46762499999999996 0.5732609372093024 0.471516665625 0.5516437511627907 0.479672915625 0.5520875000000001 0.485135415625 0.552817188372093 0.489514584375 0.565595311627907 0.483677084375 0.5809281255813954 0.4788125