7 0.4672062488372093 0.9578729156250001 0.4690781255813954 0.9483874999999999 0.43987812558139533 0.94539375 0.4286468744186046 0.9369083343750001 0.4271484372093023 0.946891665625 0.4488625 0.9578729156250001 0.4672062488372093 0.9578729156250001
0 0.466457811627907 0.92991875 0.4687031255813954 0.9214333343750001 0.451107811627907 0.9189375 0.438754688372093 0.91195 0.436882811627907 0.9234312499999999 0.4492359372093024 0.92991875 0.466457811627907 0.92991875
0 0.47095 0.907458334375 0.47357031162790697 0.896975 0.45485156279069766 0.8944791656250001 0.43912812558139536 0.888489584375 0.441 0.90096875 0.4526062511627907 0.905960415625 0.47095 0.907458334375
2 0.4743187511627907 0.8844958343749999 0.47619062558139535 0.8735145843750001 0.4597187511627907 0.8750125000000001 0.44586718837209305 0.86403125 0.44399531162790695 0.8770104156249999 0.4570984372093023 0.8810020843749999 0.4743187511627907 0.8844958343749999
2 0.48367812558139534 0.855045834375 0.48667343720930234 0.839572915625 0.4597187511627907 0.8375770843750001 0.44699062558139535 0.8290916656249999 0.44549218837209303 0.8435666656249999 0.4672062488372093 0.84955625 0.48367812558139534 0.855045834375
2 0.5989812488372093 0.887991665625 0.6139562511627907 0.887991665625 0.615079688372093 0.8755124999999999 0.5952390627906977 0.878008334375 0.5798890627906976 0.8705208343749999 0.578017188372093 0.8665270843749999 0.576520311627907 0.877508334375 0.5989812488372093 0.887991665625
2 0.6132078116279069 0.851054165625 0.6154546883720929 0.839075 0.5948640627906977 0.838575 0.5836328116279069 0.832085415625 0.5847562511627907 0.8430666656250001 0.5956125 0.848058334375 0.6132078116279069 0.851054165625
0 0.6143312511627907 0.8285916656250001 0.6180749999999999 0.8161125 0.598607811627907 0.8161125 0.5873765627906977 0.811120834375 0.5862531255813953 0.821604165625 0.598607811627907 0.8270937500000001 0.6143312511627907 0.8285916656250001
0 0.6191984372093023 0.802635415625 0.6188234372093023 0.7941499999999999 0.6034750000000001 0.796645834375 0.5888734372093023 0.7891583343749999 0.5888734372093023 0.79764375 0.600104688372093 0.8021375000000001 0.6191984372093023 0.802635415625
7 0.6102124999999999 0.778677084375 0.6251875 0.7801750000000001 0.6266843744186047 0.769691665625 0.6016031255813954 0.769691665625 0.588125 0.76170625 0.5873765627906977 0.771189584375 0.5978593744186046 0.7746833343749999 0.6102124999999999 0.778677084375
7 0.708670311627907 0.7806729156250001 0.7071734372093024 0.770689584375 0.6824656255813953 0.7801750000000001 0.6674906255813953 0.779675 0.6693625 0.7881604156249999 0.6925734372093023 0.78366875 0.708670311627907 0.7806729156250001
0 0.6970656255813954 0.8086249999999999 0.7071734372093024 0.8086249999999999 0.70605 0.795147915625 0.686582811627907 0.80513125 0.6742296883720931 0.807129165625 0.6761015627906978 0.811120834375 0.6820906255813953 0.8096249999999999 0.6970656255813954 0.8086249999999999
0 0.7097937488372094 0.821604165625 0.679095311627907 0.8275937499999999 0.6802187488372092 0.8360791656250001 0.7097937488372094 0.83508125 0.7097937488372094 0.821604165625
2 0.710542188372093 0.8560458343749999 0.7116656255813953 0.8430666656250001 0.6974390627906977 0.85005625 0.6824656255813953 0.85355 0.6828390627906976 0.8600375 0.6989375 0.858541665625 0.710542188372093 0.8560458343749999
2 0.7064796883720931 0.8935770843749999 0.7196312511627907 0.88936875 0.7196312511627907 0.8767437499999999 0.7004296883720931 0.8851604156249999 0.682545311627907 0.8869145843749999 0.6801781255813953 0.8862125000000001 0.6814921883720931 0.8935770843749999 0.7064796883720931 0.8935770843749999