2 0.4955734372093023 0.296260415625 0.497645311627907 0.28166458437499997 0.47693437441860465 0.27692916562500003 0.4603656255813954 0.27180208437500003 0.45592812558139534 0.28481875 0.47663906279069773 0.288370834375 0.4955734372093023 0.296260415625
2 0.4875859372093024 0.32781875 0.48817812558139534 0.31795625 0.4727921883720931 0.31085625 0.45711093720930235 0.30888333437500004 0.45592812558139534 0.31992916562499996 0.4713125 0.321902084375 0.4875859372093024 0.32781875
0 0.4837390627906977 0.35069791562499997 0.4861062511627907 0.340047915625 0.46894687441860466 0.334525 0.45474531162790693 0.33294791562500003 0.453857811627907 0.343204165625 0.467467188372093 0.345570834375 0.4837390627906977 0.35069791562499997
0 0.47870937441860467 0.3747625 0.4825562511627907 0.363716665625 0.46628281162790697 0.358983334375 0.4517859372093023 0.35425 0.4485312488372093 0.367266665625 0.463917188372093 0.370029165625 0.47870937441860467 0.3747625
7 0.4790062511627907 0.40198124999999996 0.4819640627906977 0.392120834375 0.46155 0.387385415625 0.44172656279069766 0.38146874999999997 0.44113437441860465 0.390935415625 0.460957811627907 0.39606458437500003 0.4790062511627907 0.40198124999999996
2 0.6266421883720931 0.32860833437500003 0.6298968744186046 0.31835 0.6100734372093023 0.315195834375 0.591729688372093 0.312827084375 0.5920265627906977 0.32150625 0.608595311627907 0.32505625 0.6266421883720931 0.32860833437500003
2 0.6269375 0.29468125 0.6281218744186046 0.283635415625 0.613920311627907 0.280875 0.6006062488372094 0.28047916562499997 0.5991265627906976 0.288370834375 0.6115531255813954 0.291525 0.6269375 0.29468125
0 0.630192188372093 0.272195834375 0.6310796883720929 0.25996666562500004 0.6159906255813954 0.2548375 0.6011984372093023 0.25444374999999997 0.5994234372093022 0.265883334375 0.6159906255813954 0.26785625 0.630192188372093 0.272195834375
0 0.6322640627906976 0.24734375000000003 0.6340390627906977 0.23748125 0.61895 0.23432499999999998 0.6029734372093023 0.23353541562500002 0.6020859372093024 0.241820834375 0.6168781255813953 0.2441875 0.6322640627906976 0.24734375000000003
7 0.6381812488372093 0.219729165625 0.6405484372093023 0.21026250000000002 0.6222046883720931 0.206710415625 0.6026765627906976 0.204739584375 0.6006062488372094 0.211839584375 0.619245311627907 0.21578333437500002 0.6381812488372093 0.219729165625
7 0.7189515627906977 0.22130624999999998 0.7186562488372092 0.21262916562499998 0.6955781255813953 0.216179165625 0.6784187488372093 0.22248958437500002 0.6790109372093023 0.230775 0.698832811627907 0.223279165625 0.7189515627906977 0.22130624999999998
0 0.7186562488372092 0.25089375 0.7174734372093023 0.237875 0.7020875 0.2441875 0.6869984372093023 0.24931666562500002 0.6878859372093024 0.25444374999999997 0.7044546883720931 0.24852708437499998 0.7186562488372092 0.25089375
0 0.7204312511627907 0.27535208437500003 0.7204312511627907 0.2639125 0.702679688372093 0.267066665625 0.6887734372093023 0.27180208437500003 0.6914375 0.28126875 0.707117188372093 0.27614166562500003 0.7204312511627907 0.27535208437500003
2 0.7233906255813953 0.29823125 0.7242781255813954 0.286002084375 0.7041593744186045 0.2907375 0.6929156255813953 0.295077084375 0.6935078116279069 0.30296666562499996 0.7115562511627906 0.299414584375 0.7233906255813953 0.29823125
2 0.7142187488372093 0.332158334375 0.7307875 0.329395834375 0.7301953116279071 0.31953333437500003 0.7085968744186047 0.323872915625 0.6932124999999999 0.329002084375 0.6914375 0.332158334375 0.6926203116279069 0.340441665625 0.7142187488372093 0.332158334375