7 0.5662859372093023 0.534135415625 0.5656937488372094 0.5258499999999999 0.540545311627907 0.534135415625 0.5266406255813953 0.536895834375 0.5272312511627907 0.54596875 0.5476468744186047 0.541235415625 0.5662859372093023 0.534135415625
0 0.5657531255813953 0.561116665625 0.5660046883720931 0.552685415625 0.5500718744186046 0.55706875 0.5359093744186046 0.561116665625 0.5356562511627907 0.57190625 0.5505781255813953 0.566510415625 0.5657531255813953 0.561116665625
0 0.5683359372093023 0.586683334375 0.5680109372093023 0.5762625 0.551075 0.580604165625 0.53935 0.584947915625 0.539675 0.5958041656249999 0.553354688372093 0.591895834375 0.5683359372093023 0.586683334375
2 0.5715937511627907 0.6097 0.5715937511627907 0.601014584375 0.5562859372093023 0.604922915625 0.5435843744186046 0.6097 0.5455375 0.61708125 0.5575890627906976 0.614910415625 0.5715937511627907 0.6097
2 0.5820156255813953 0.6409666656249999 0.5810390627906977 0.629675 0.5601937488372093 0.639229165625 0.5455375 0.643572915625 0.5455375 0.6552979156250001 0.566382811627907 0.646177084375 0.5820156255813953 0.6409666656249999
2 0.6748390627906976 0.482027084375 0.6754906255813953 0.46769791562499996 0.6562734372093024 0.47464583437499996 0.6386859372093023 0.47811875 0.6377093744186046 0.48984375 0.6559484372093023 0.48506666562499995 0.6748390627906976 0.482027084375
2 0.6745125 0.5159 0.6754906255813953 0.504175 0.6608343744186046 0.508083334375 0.6452 0.51155625 0.6458515627906977 0.522847915625 0.6575765627906976 0.51850625 0.6745125 0.5159
0 0.6771187511627907 0.539783334375 0.6780953116279069 0.528058334375 0.6621359372093023 0.5324020843749999 0.6481312511627907 0.533270834375 0.6491093744186046 0.544995834375 0.6618109372093024 0.541520834375 0.6771187511627907 0.539783334375
0 0.6787468744186046 0.5645374999999999 0.6793984372093023 0.553245834375 0.6634390627906976 0.556720834375 0.6523656255813953 0.56019375 0.6517140627906978 0.5688791656250001 0.665067188372093 0.5645374999999999 0.6787468744186046 0.5645374999999999
7 0.6865468744186046 0.5879916656249999 0.6865468744186046 0.576483334375 0.662325 0.5850208343750001 0.6489609372093024 0.587247915625 0.6495187511627908 0.5969 0.6681718744186046 0.593558334375 0.6865468744186046 0.5879916656249999
7 0.775357811627907 0.47588749999999996 0.7739656255813954 0.46512083437499996 0.7489093744186046 0.47440208437500003 0.7369375 0.47551458437500005 0.7380515627906976 0.48590833437500003 0.7628296883720931 0.479597915625 0.775357811627907 0.47588749999999996
0 0.7642218744186047 0.504841665625 0.7747999999999999 0.5015 0.7747999999999999 0.49296249999999997 0.7580968744186046 0.49853125 0.7464031255813954 0.502985415625 0.7436187488372092 0.504097915625 0.7450109372093022 0.511522915625 0.7642218744186047 0.504841665625
0 0.7784203116279069 0.5278562499999999 0.778142188372093 0.5152354156250001 0.7592093744186047 0.5200604156249999 0.747795311627907 0.524514584375 0.7494656255813953 0.5345375 0.765892188372093 0.5304541656249999 0.7784203116279069 0.5278562499999999
2 0.780925 0.5508708343750001 0.7812046883720931 0.5397333343749999 0.7645000000000001 0.544189584375 0.7519718744186047 0.5482729156249999 0.7528062488372093 0.55829375 0.7675625 0.553839584375 0.780925 0.5508708343750001
2 0.7903906255813954 0.5835375 0.7895562488372093 0.570914584375 0.7692328116279069 0.578339584375 0.7519718744186047 0.583164584375 0.75225 0.590960415625 0.7767499999999999 0.586877084375 0.7903906255813954 0.5835375