2 0.4812734372093023 0.25245625 0.4827125 0.23997708437499998 0.45751562558139536 0.23709791562500002 0.4405968744186047 0.24045624999999998 0.43987812558139533 0.25005625 0.4618359372093023 0.24813541562500002 0.4812734372093023 0.25245625
2 0.47767343720930233 0.2846125 0.4783937511627907 0.27549375 0.4600359372093023 0.272133334375 0.4459968744186047 0.273572915625 0.44563749999999996 0.283652084375 0.462195311627907 0.282691665625 0.47767343720930233 0.2846125
0 0.4762343744186046 0.30861041562499997 0.47767343720930233 0.299970834375 0.460395311627907 0.29613125 0.44527656279069766 0.299010415625 0.44527656279069766 0.30861041562499997 0.460395311627907 0.306689584375 0.4762343744186046 0.30861041562499997
0 0.47731406279069766 0.33260833437500004 0.47803437441860464 0.323008334375 0.459675 0.320608334375 0.4445562511627907 0.322047915625 0.4463562511627907 0.33260833437500004 0.4589562511627907 0.33164791562499996 0.47731406279069766 0.33260833437500004
7 0.4812734372093023 0.360925 0.48235312558139537 0.351325 0.460395311627907 0.347966665625 0.440957811627907 0.348445834375 0.44167656279069767 0.35948541562499997 0.460395311627907 0.35660625 0.4812734372093023 0.360925
7 0.5928625 0.246216665625 0.5950218744186047 0.23709791562500002 0.575225 0.23325833437500001 0.5572265627906977 0.23325833437500001 0.5557859372093024 0.241895834375 0.5741437488372093 0.24381666562499998 0.5928625 0.246216665625
0 0.5892625 0.2750125 0.5889031255813953 0.264933334375 0.5730640627906977 0.261575 0.5568656255813954 0.262535415625 0.5590265627906976 0.270214584375 0.5770234372093024 0.27261458437499997 0.5892625 0.2750125
0 0.5872140627906977 0.30080625 0.587854688372093 0.286727084375 0.5705734372093023 0.28331249999999997 0.557132811627907 0.28416666562500004 0.553932811627907 0.2927 0.5728140627906977 0.297820834375 0.5872140627906977 0.30080625
2 0.5843343744186046 0.32299375 0.5856140627906976 0.312754165625 0.5692937488372093 0.307208334375 0.555532811627907 0.309341665625 0.5552140627906977 0.31872708437499997 0.5712140627906976 0.31829999999999997 0.5843343744186046 0.32299375
2 0.5849734372093023 0.357129165625 0.5868937511627907 0.346035415625 0.5692937488372093 0.342620834375 0.5497734372093024 0.3400625 0.5481734372093023 0.351154165625 0.5676937511627907 0.353714584375 0.5849734372093023 0.357129165625
7 0.6967156255813953 0.222847915625 0.6740125 0.223941665625 0.6751062488372093 0.234883334375 0.6876890627906976 0.232329165625 0.7136765627906977 0.232329165625 0.7134031255813954 0.22321249999999998 0.6967156255813953 0.222847915625
0 0.7098468744186046 0.26114375 0.7098468744186046 0.249472915625 0.6778421883720931 0.25275416562499997 0.6805765627906977 0.256766665625 0.6991781255813954 0.25822500000000004 0.7098468744186046 0.26114375
0 0.7098031255813954 0.286558334375 0.7107265627906977 0.274483334375 0.694279688372093 0.274977084375 0.6796812488372094 0.276702084375 0.680420311627907 0.285325 0.6957593744186047 0.285572915625 0.7098031255813954 0.286558334375
2 0.7110000000000001 0.3096875 0.7110000000000001 0.2977125 0.682175 0.299939584375 0.679042188372093 0.300497915625 0.6800875000000001 0.308295834375 0.7110000000000001 0.3096875
2 0.715804688372093 0.34310625 0.7176843744186047 0.329739584375 0.6967968744186047 0.332245834375 0.676745311627907 0.333916665625 0.6773718744186046 0.34255 0.701182811627907 0.340879165625 0.715804688372093 0.34310625