2 0.33284843720930235 0.8227333343750001 0.334270311627907 0.809835415625 0.31208125116279073 0.8151458343750001 0.2938734372093023 0.8170437500000001 0.2935890627906977 0.826525 0.3103734372093023 0.826145834375 0.33284843720930235 0.8227333343750001
2 0.33114062558139534 0.8557333343750001 0.3308562488372093 0.844733334375 0.30127031162790696 0.8508020843749999 0.30098593720930233 0.859145834375 0.31606406279069765 0.8583875000000001 0.33114062558139534 0.8557333343750001
0 0.33284843720930235 0.879629165625 0.33341718837209305 0.86825 0.31862343720930236 0.8716645843749999 0.30269218837209305 0.8724229156250001 0.30183906279069767 0.883422915625 0.31720156279069767 0.883802084375 0.33284843720930235 0.879629165625
0 0.33483906279069764 0.9031479156250001 0.33569374883720926 0.892147915625 0.31720156279069767 0.8982166656249999 0.3049687488372093 0.896697915625 0.3049687488372093 0.90731875 0.31919218837209307 0.90731875 0.33483906279069764 0.9031479156250001
7 0.34109843720930233 0.928560415625 0.34166718837209303 0.9190791656249999 0.31748593720930235 0.926285415625 0.30155468837209304 0.925147915625 0.30127031162790696 0.9342499999999999 0.32289062558139536 0.9323541656250001 0.34109843720930233 0.928560415625
7 0.39941718837209306 0.811354165625 0.4159187488372093 0.80945625 0.4164875 0.799972915625 0.3931593744186046 0.8030083343750001 0.3783656255813953 0.800733334375 0.376375 0.80945625 0.38803906279069766 0.8124916656250001 0.39941718837209306 0.811354165625
7 0.5069531255813954 0.8060437500000001 0.5075218744186046 0.795041665625 0.4859015627906977 0.8022500000000001 0.46684062558139533 0.8033875 0.46797968837209303 0.8121124999999999 0.492445311627907 0.810972915625 0.5069531255813954 0.8060437500000001
0 0.4096593744186046 0.833733334375 0.4110812511627907 0.826525 0.3965734372093023 0.8288020843749999 0.3812109372093023 0.826145834375 0.3812109372093023 0.8363875000000001 0.3945812511627907 0.837525 0.4096593744186046 0.833733334375
0 0.4099437488372093 0.86104375 0.409375 0.8508020843749999 0.38035781162790694 0.85118125 0.38206406279069766 0.8621812500000001 0.3925906255813953 0.864077084375 0.4099437488372093 0.86104375
0 0.4901687511627907 0.836008334375 0.5041093744186047 0.8325958343750001 0.5038234372093023 0.822354165625 0.48476406279069767 0.8288020843749999 0.4742375 0.827285415625 0.4748062488372093 0.834491665625 0.479642188372093 0.836766665625 0.4901687511627907 0.836008334375
0 0.493867188372093 0.859145834375 0.5046781255813954 0.8580083343749999 0.5046781255813954 0.844733334375 0.48846249999999997 0.850422915625 0.4756593744186047 0.851560415625 0.476229688372093 0.8549749999999999 0.4756593744186047 0.86104375 0.493867188372093 0.859145834375
2 0.4096593744186046 0.8826645843750001 0.4105125 0.873560415625 0.3940125 0.876595834375 0.38177968837209303 0.8746979156249999 0.38035781162790694 0.883802084375 0.3945812511627907 0.887595834375 0.4096593744186046 0.8826645843750001
2 0.41335781162790697 0.918320834375 0.4144953116279069 0.90731875 0.39202187441860464 0.9126291656250001 0.37552187441860463 0.9088375 0.37552187441860463 0.9217333343749999 0.3923062511627907 0.9213541656249999 0.41335781162790697 0.918320834375
2 0.5066687488372092 0.8781125 0.5075218744186046 0.8671125 0.487892188372093 0.8750770843750001 0.475375 0.8720437499999999 0.4748062488372093 0.8811479156249999 0.48988437441860466 0.88304375 0.5066687488372092 0.8781125
2 0.5117890627906977 0.914147915625 0.5129281255813953 0.899733334375 0.5024015627906977 0.906939584375 0.4907375 0.910354165625 0.47395312558139535 0.90731875 0.475945311627907 0.9187 0.49927187441860466 0.9190791656249999 0.5117890627906977 0.914147915625