7 0.7166906255813953 0.754966665625 0.7166906255813953 0.7463270843750001 0.6958125 0.7544875 0.679254688372093 0.755927084375 0.6785343744186048 0.76600625 0.7008515627906977 0.7597666656250001 0.7166906255813953 0.754966665625
0 0.7043859372093023 0.784422915625 0.7171890627906977 0.785560415625 0.7163343744186046 0.771525 0.7001187511627907 0.7775937500000001 0.687032811627907 0.783283334375 0.6853265627906977 0.784802084375 0.6893093744186046 0.785939584375 0.7043859372093023 0.784422915625
0 0.7194640627906977 0.807560415625 0.7191796883720931 0.795422915625 0.7043859372093023 0.8022500000000001 0.6901625 0.8049041656249999 0.6904468744186046 0.8124916656250001 0.7078 0.811733334375 0.7194640627906977 0.807560415625
2 0.7203171883720931 0.8310770843749999 0.7208875 0.8193187500000001 0.7066625 0.826904165625 0.6927234372093024 0.826904165625 0.6910156255813954 0.834491665625 0.7078 0.8333541656250001 0.7203171883720931 0.8310770843749999
2 0.7305593744186046 0.864077084375 0.730275 0.8508020843749999 0.7114984372093023 0.860285415625 0.6949984372093023 0.8621812500000001 0.694429688372093 0.8716645843749999 0.7174734372093023 0.8671125 0.7305593744186046 0.864077084375
2 0.8116375 0.8193187500000001 0.8124906255813954 0.8060437500000001 0.790017188372093 0.809835415625 0.7738015627906977 0.8079395843749999 0.7726624999999999 0.821214584375 0.7974140627906976 0.8219749999999999 0.8116375 0.8193187500000001
2 0.8068015627906976 0.853077084375 0.8068015627906976 0.84245625 0.7942843744186047 0.8462500000000001 0.7777843744186046 0.844354165625 0.775507811627907 0.85345625 0.7945687488372093 0.854216665625 0.8068015627906976 0.853077084375
0 0.8079390627906976 0.8781125 0.808792188372093 0.8671125 0.7937156255813953 0.8693875 0.7792062511627907 0.868629165625 0.7783531255813954 0.878870834375 0.7934312488372093 0.880008334375 0.8079390627906976 0.8781125
0 0.8073703116279071 0.9027687500000001 0.808507811627907 0.89176875 0.7922921883720929 0.8932854156250001 0.7786375 0.8925270843750001 0.7789218744186046 0.90390625 0.7945687488372093 0.9035270843750001 0.8073703116279071 0.9027687500000001
7 0.812082811627907 0.928029165625 0.8144656255813953 0.918954165625 0.788257811627907 0.9230375000000001 0.7739625 0.92076875 0.7739625 0.929391665625 0.7943843744186047 0.9316604156249999 0.812082811627907 0.928029165625
7 0.89615 0.770560415625 0.9097640627906978 0.7678375 0.9097640627906978 0.7560374999999999 0.9036375 0.760575 0.8845781255813953 0.763297915625 0.870282811627907 0.7623916656249999 0.867220311627907 0.766929165625 0.8794718744186046 0.772375 0.89615 0.770560415625
0 0.9084031255813954 0.7864416656250001 0.891725 0.7887125 0.8770906255813954 0.7900729156249999 0.8770906255813954 0.7977875 0.9073812511627908 0.795064584375 0.9084031255813954 0.7864416656250001
0 0.9106718744186046 0.8080875000000001 0.8792031255813954 0.8122833343750001 0.8792031255813954 0.8227708343750001 0.910042188372093 0.820254165625 0.9106718744186046 0.8080875000000001
2 0.9113 0.84375 0.9113 0.8320020843749999 0.8949375 0.836616665625 0.8817203116279069 0.8357791656250001 0.8804625 0.8454291656249999 0.8980843744186047 0.8454291656249999 0.9113 0.84375
2 0.9002875 0.88193125 0.9179093744186047 0.877735415625 0.9185374999999999 0.8655687500000001 0.8952515627906976 0.87228125 0.881092188372093 0.871022915625 0.8823500000000001 0.879833334375 0.8908468744186047 0.8840291656250001 0.9002875 0.88193125