7 0.5951890627906977 0.879970834375 0.5949140627906977 0.8913187499999999 0.636917188372093 0.8905854156249999 0.636917188372093 0.87850625 0.5951890627906977 0.879970834375
7 0.6981390627906976 0.8034687500000001 0.6986875 0.8166458343749999 0.7398671883720931 0.821404165625 0.7393187488372093 0.805297915625 0.6981390627906976 0.8034687500000001
7 0.8123437511627907 0.788460415625 0.8123437511627907 0.8020041656249999 0.8546218744186047 0.8016375 0.8543484372093023 0.789925 0.8123437511627907 0.788460415625
0 0.598482811627907 0.852152084375 0.5982078116279069 0.86679375 0.6306031255813953 0.8642312499999999 0.6303281255813953 0.851054165625 0.598482811627907 0.852152084375
0 0.5968359372093023 0.8272604156250001 0.5973843744186046 0.841170834375 0.6289562511627907 0.8404375 0.6297796883720931 0.8261625 0.5968359372093023 0.8272604156250001
0 0.7003343744186046 0.851054165625 0.7000609372093024 0.865329165625 0.732454688372093 0.86935625 0.7319062511627907 0.856910415625 0.7003343744186046 0.851054165625
0 0.701157811627907 0.828358334375 0.701157811627907 0.8415374999999999 0.7321812511627908 0.8451979156249999 0.732729688372093 0.833116665625 0.701157811627907 0.828358334375
0 0.8189328116279069 0.838608334375 0.8186593744186046 0.852152084375 0.850779688372093 0.85251875 0.850229688372093 0.8404375 0.8189328116279069 0.838608334375
0 0.8183843744186047 0.8159124999999999 0.8181093744186047 0.828358334375 0.8510531255813955 0.827627084375 0.850229688372093 0.8144500000000001 0.8183843744186047 0.8159124999999999
2 0.8186593744186046 0.863864584375 0.8175609372093023 0.875579165625 0.8513281255813954 0.875579165625 0.8510531255813955 0.8620354156250001 0.8186593744186046 0.863864584375
2 0.8156390627906978 0.896808334375 0.8161875 0.91071875 0.8568187511627907 0.91145 0.8568187511627907 0.8979083343750001 0.8156390627906978 0.896808334375
2 0.6986875 0.8752125 0.6989625 0.8887562499999999 0.7305328116279071 0.89205 0.730807811627907 0.8781416656250001 0.6986875 0.8752125
2 0.6937453116279069 0.909620834375 0.6926484372093022 0.926825 0.731082811627907 0.9293875 0.7321812511627908 0.9147458343749999 0.6937453116279069 0.909620834375
2 0.5968359372093023 0.8027354156250001 0.5973843744186046 0.815547915625 0.627857811627907 0.8144500000000001 0.6284062511627908 0.8027354156250001 0.5968359372093023 0.8027354156250001
2 0.5902468744186046 0.769791665625 0.590795311627907 0.7840666656249999 0.6314265627906976 0.781870834375 0.6317015627906977 0.767595834375 0.5902468744186046 0.769791665625