2 0.566067188372093 0.714264584375 0.5490609372093024 0.718583334375 0.5276 0.7196625 0.5263859372093024 0.730460415625 0.5668765627906976 0.7261416656249999 0.566067188372093 0.714264584375
2 0.5652562511627908 0.748277084375 0.5348890627906977 0.75475625 0.5352937511627907 0.7644729156250001 0.5652562511627908 0.7590749999999999 0.5652562511627908 0.748277084375
0 0.5664718744186047 0.772570834375 0.5361031255813954 0.77905 0.5361031255813954 0.788229165625 0.566067188372093 0.78336875 0.5664718744186047 0.772570834375
0 0.5684968744186046 0.79740625 0.5389375 0.80280625 0.538532811627907 0.811983334375 0.5684968744186046 0.8060437500000001 0.5684968744186046 0.79740625
7 0.574975 0.833579165625 0.5761890627906977 0.82278125 0.554325 0.82871875 0.5361031255813954 0.8292604156250001 0.5344843744186046 0.838977084375 0.550679688372093 0.838977084375 0.574975 0.833579165625
7 0.6940187511627908 0.720204165625 0.6952343744186047 0.710485415625 0.6693187488372092 0.7137249999999999 0.6575765627906976 0.711564584375 0.656767188372093 0.718583334375 0.6721531255813954 0.7223625 0.6940187511627908 0.720204165625
0 0.6919937488372093 0.73801875 0.6624359372093023 0.73801875 0.6596015627906977 0.745577084375 0.690779688372093 0.746116665625 0.6919937488372093 0.73801875
0 0.689382811627907 0.7729375 0.6906984372093024 0.7610125 0.6741281255813953 0.7599604156249999 0.6620296883720931 0.7599604156249999 0.659925 0.7575062499999999 0.6601875 0.771885415625 0.689382811627907 0.7729375
2 0.6901718744186047 0.784510415625 0.676495311627907 0.786614584375 0.6596625 0.783458334375 0.659925 0.794329165625 0.689382811627907 0.794329165625 0.6901718744186047 0.784510415625
2 0.6922765627906977 0.8322041656250001 0.6933281255813953 0.81993125 0.6730765627906977 0.822735415625 0.6551906255813953 0.817827084375 0.6541375 0.82659375 0.6730765627906977 0.830452084375 0.6922765627906977 0.8322041656250001
2 0.8227359372093024 0.797485415625 0.8219468744186047 0.7855624999999999 0.802482811627907 0.793627084375 0.7840718744186047 0.793627084375 0.7840718744186047 0.8020458343750001 0.8080062511627907 0.8020458343750001 0.8227359372093024 0.797485415625
2 0.8145828116279069 0.7645208343750001 0.8137937488372092 0.751895834375 0.802482811627907 0.7599604156249999 0.7851234372093023 0.758558334375 0.7838078116279069 0.765572915625 0.8045875 0.766625 0.8145828116279069 0.7645208343750001
0 0.8122156255813954 0.7305020843750001 0.783545311627907 0.7375166656250001 0.7838078116279069 0.74523125 0.8127406255813954 0.743127084375 0.8122156255813954 0.7305020843750001
0 0.8101109372093024 0.718229165625 0.8098484372093023 0.705954165625 0.796170311627907 0.7108625 0.7817046883720931 0.71366875 0.7817046883720931 0.717177084375 0.794592188372093 0.717877084375 0.8101109372093024 0.718229165625
7 0.8124781255813953 0.687366665625 0.8124781255813953 0.6793 0.7901218744186047 0.684560415625 0.7730250000000001 0.6870166656250001 0.7714468744186046 0.695433334375 0.7972234372093023 0.693329165625 0.8124781255813953 0.687366665625