7 0.3365812511627907 0.54426875 0.3365812511627907 0.5579708343750001 0.378975 0.55925625 0.378975 0.5464083343749999 0.3365812511627907 0.54426875
7 0.210042188372093 0.6393333343750001 0.210042188372093 0.652608334375 0.25275781162790695 0.653464584375 0.2514718744186047 0.64233125 0.210042188372093 0.6393333343750001
7 0.4952375 0.584520834375 0.4952375 0.596939584375 0.536667188372093 0.60079375 0.536025 0.5900875 0.4952375 0.584520834375
0 0.498770311627907 0.612783334375 0.498770311627907 0.623916665625 0.5302437488372093 0.6277708343749999 0.5299234372093024 0.617064584375 0.498770311627907 0.612783334375
0 0.4965218744186046 0.637191665625 0.49812812558139535 0.651752084375 0.5296015627906977 0.653464584375 0.529279688372093 0.637191665625 0.4965218744186046 0.637191665625
2 0.49684218837209304 0.6598875 0.49684218837209304 0.67230625 0.5270328116279069 0.67573125 0.5279953116279069 0.664170834375 0.49684218837209304 0.6598875
2 0.491704688372093 0.692004165625 0.49074062558139536 0.704422915625 0.529279688372093 0.7108458343749999 0.5308859372093023 0.695858334375 0.491704688372093 0.692004165625
2 0.33625937441860465 0.653035415625 0.3359390627906977 0.66888125 0.37608437441860465 0.6693083343749999 0.37576406279069763 0.653035415625 0.33625937441860465 0.653035415625
2 0.3404359372093023 0.6174937500000001 0.34011406279069767 0.6320541656249999 0.37351562558139534 0.631625 0.3731937488372093 0.618779165625 0.3404359372093023 0.6174937500000001
2 0.214217188372093 0.56268125 0.21518125116279072 0.579810415625 0.24890312558139535 0.5776687500000001 0.2482609372093023 0.563110415625 0.214217188372093 0.56268125
2 0.2094 0.525427084375 0.20907812558139535 0.542127084375 0.25307812558139536 0.544695834375 0.25275781162790695 0.52928125 0.2094 0.525427084375
0 0.21389531162790698 0.5862333343749999 0.214217188372093 0.60165 0.2485812511627907 0.6012208343750001 0.2485812511627907 0.588375 0.21389531162790698 0.5862333343749999
0 0.21453906279069768 0.612354165625 0.21325312558139534 0.626485415625 0.2482609372093023 0.62734375 0.2479390627906977 0.611497915625 0.21453906279069768 0.612354165625
0 0.339792188372093 0.593941665625 0.3404359372093023 0.610214584375 0.37415781162790696 0.608929165625 0.37447812558139537 0.594797915625 0.339792188372093 0.593941665625
0 0.34107812558139533 0.571245834375 0.3404359372093023 0.583235415625 0.37447812558139537 0.584520834375 0.37479999999999997 0.57253125 0.34107812558139533 0.571245834375