7 0.34513593720930236 0.15503125 0.3444656255813953 0.172010415625 0.3873562488372093 0.1715625 0.3870218744186047 0.158158334375 0.34513593720930236 0.15503125
7 0.5056406255813953 0.197475 0.5029593744186046 0.21266666562499997 0.5451812488372093 0.21802708437499999 0.546520311627907 0.205070834375 0.5056406255813953 0.197475
7 0.215457811627907 0.248408334375 0.215457811627907 0.26270625000000003 0.26203437441860467 0.265385415625 0.26203437441860467 0.251983334375 0.215457811627907 0.248408334375
0 0.22216093720930233 0.222047915625 0.22216093720930233 0.234558334375 0.2549984372093023 0.236345834375 0.2549984372093023 0.222941665625 0.22216093720930233 0.222047915625
0 0.221825 0.197922915625 0.22216093720930233 0.21400625 0.2563390627906977 0.213560415625 0.2556687488372093 0.197475 0.221825 0.197922915625
0 0.34949218837209306 0.207304165625 0.3488218744186046 0.22472916562499998 0.38199531162790695 0.22472916562499998 0.3826656255813954 0.21087916562500003 0.34949218837209306 0.207304165625
0 0.34949218837209306 0.18451875 0.34949218837209306 0.199710415625 0.383 0.20015624999999998 0.3833359372093023 0.184966665625 0.34949218837209306 0.18451875
0 0.5073156255813954 0.251089584375 0.5066453116279069 0.266727084375 0.5388140627906977 0.2703 0.5394843744186046 0.25555625000000004 0.5073156255813954 0.251089584375
0 0.5069812511627907 0.226516665625 0.5076515627906977 0.23991875000000001 0.540154688372093 0.24528124999999998 0.5394843744186046 0.230089584375 0.5069812511627907 0.226516665625
2 0.5365098860465116 0.293039834375 0.5378093744186047 0.27745000000000003 0.5063109372093023 0.27566250000000003 0.5063109372093023 0.290852084375 0.5365098860465116 0.293039834375
2 0.4989390627906977 0.307383334375 0.49927343720930234 0.32078541562499996 0.5404890627906977 0.327935415625 0.5411593744186046 0.31453125000000004 0.4989390627906977 0.307383334375
2 0.3434609372093023 0.266279165625 0.34279062558139534 0.280129165625 0.38568125116279073 0.28504375 0.3850109372093023 0.266727084375 0.3434609372093023 0.266279165625
2 0.3484859372093023 0.231877084375 0.3488218744186046 0.24617499999999998 0.3826656255813954 0.2479625 0.382329688372093 0.23366458437499998 0.3484859372093023 0.231877084375
2 0.22282968837209302 0.17335 0.2235 0.187645834375 0.2563390627906977 0.188539584375 0.2556687488372093 0.17379583437499999 0.22282968837209302 0.17335
2 0.21746875116279069 0.135372915625 0.21746875116279069 0.149670834375 0.26136562558139537 0.153691665625 0.26136562558139537 0.137608334375 0.21746875116279069 0.135372915625