7 0.6610765627906977 0.505508334375 0.6605281255813953 0.519052084375 0.7022562511627907 0.52088125 0.7014328116279069 0.5073375 0.6610765627906977 0.505508334375
7 0.777204688372093 0.4828125 0.7774781255813953 0.494160415625 0.8197562488372093 0.485375 0.8181093744186047 0.476225 0.777204688372093 0.4828125
7 0.540007811627907 0.625935415625 0.5408312488372092 0.636916665625 0.583932811627907 0.630329165625 0.5828343744186046 0.61898125 0.540007811627907 0.625935415625
0 0.5424781255813953 0.5970187499999999 0.5427531255813953 0.610195834375 0.5762453116279069 0.605070834375 0.5756968744186046 0.5929916656249999 0.5424781255813953 0.5970187499999999
0 0.5402812488372093 0.572127084375 0.541379688372093 0.5860375 0.5751468744186047 0.583475 0.5745984372093023 0.568466665625 0.5402812488372093 0.572127084375
0 0.6657437511627907 0.555289584375 0.6654687511627907 0.568833334375 0.6973156255813953 0.569564584375 0.6975890627906977 0.5563875 0.6657437511627907 0.555289584375
0 0.664370311627907 0.533327084375 0.664920311627907 0.545039584375 0.6978640627906977 0.545772915625 0.6973156255813953 0.5340583343749999 0.664370311627907 0.533327084375
0 0.7873625 0.530764584375 0.7879109372093023 0.543210415625 0.8200312511627906 0.538816665625 0.8178343744186047 0.525272915625 0.7873625 0.530764584375
0 0.7835187511627908 0.50660625 0.7851656255813954 0.519416665625 0.8170109372093023 0.515025 0.8164625 0.50148125 0.7835187511627908 0.50660625
2 0.5375359372093024 0.54796875 0.5389093744186046 0.56224375 0.5726765627906977 0.557120834375 0.571304688372093 0.545772915625 0.5375359372093024 0.54796875
2 0.532595311627907 0.5153916656249999 0.532320311627907 0.52856875 0.5735 0.523077084375 0.5732265627906977 0.508802084375 0.532595311627907 0.5153916656249999
2 0.6602531255813954 0.61385625 0.6602531255813954 0.6274 0.6981390627906976 0.628864584375 0.6992359372093023 0.61641875 0.6602531255813954 0.61385625
2 0.6627234372093023 0.577983334375 0.6632734372093023 0.592260415625 0.6964906255813954 0.592260415625 0.6973156255813953 0.579083334375 0.6627234372093023 0.577983334375
2 0.789557811627907 0.588233334375 0.789557811627907 0.5992145843750001 0.8299140627906977 0.59445625 0.8290906255813953 0.58420625 0.789557811627907 0.588233334375
2 0.7890093744186046 0.5527270843750001 0.7901078116279069 0.566270834375 0.821129688372093 0.5615125 0.8203062488372094 0.549797915625 0.7890093744186046 0.5527270843750001