7 0.23926093720930233 0.777741665625 0.23897656279069768 0.791827084375 0.27980468837209305 0.792589584375 0.27980468837209305 0.777741665625 0.23926093720930233 0.777741665625
7 0.3149234372093023 0.715689584375 0.31720624883720927 0.727872915625 0.3586062511627907 0.716452084375 0.3568937511627907 0.7061729156250001 0.3149234372093023 0.715689584375
7 0.4031468744186047 0.910220834375 0.403432811627907 0.92506875 0.4451171883720931 0.9246874999999999 0.4454031255813954 0.910602084375 0.4031468744186047 0.910220834375
0 0.24211718837209303 0.8043895843750001 0.241545311627907 0.816191665625 0.27637812558139535 0.816572915625 0.27637812558139535 0.804770834375 0.24211718837209303 0.8043895843750001
0 0.2429734372093023 0.825708334375 0.2429734372093023 0.842839584375 0.27494999999999997 0.8432208343750001 0.27494999999999997 0.8276125000000001 0.2429734372093023 0.825708334375
0 0.32662812558139537 0.7640374999999999 0.3286281255813953 0.77621875 0.36174687441860465 0.76784375 0.35946249999999996 0.7549 0.32662812558139537 0.7640374999999999
0 0.324345311627907 0.741958334375 0.3263437511627907 0.752997915625 0.3586062511627907 0.7450041656249999 0.3560375 0.729775 0.324345311627907 0.741958334375
0 0.40771562558139535 0.8580666656249999 0.40771562558139535 0.8748166656249999 0.4419765627906977 0.87329375 0.44055 0.85730625 0.40771562558139535 0.8580666656249999
0 0.40771562558139535 0.8839541656250001 0.408 0.896516665625 0.4402640627906977 0.8953749999999999 0.4391218744186047 0.88243125 0.40771562558139535 0.8839541656250001
2 0.40771562558139535 0.832941665625 0.408 0.8477874999999999 0.4419765627906977 0.8470270843750001 0.4416906255813954 0.8325604156249999 0.40771562558139535 0.832941665625
2 0.403432811627907 0.7994416656250001 0.403717188372093 0.81466875 0.44483125116279065 0.81466875 0.44397499999999995 0.7986791656250001 0.403432811627907 0.7994416656250001
2 0.3303406255813954 0.7880208343749999 0.3323390627906977 0.80134375 0.36431718837209304 0.791827084375 0.36174687441860465 0.778883334375 0.3303406255813954 0.7880208343749999
2 0.3303406255813954 0.822283334375 0.3323390627906977 0.8359875000000001 0.3743093744186047 0.824566665625 0.371454688372093 0.8093395843750001 0.3303406255813954 0.822283334375
2 0.23612031162790698 0.88661875 0.23640625116279068 0.901845834375 0.27723437441860466 0.901085415625 0.27723437441860466 0.885477084375 0.23612031162790698 0.88661875
2 0.2418312488372093 0.850454165625 0.2418312488372093 0.86568125 0.27523593720930234 0.86491875 0.27523593720930234 0.850833334375 0.2418312488372093 0.850454165625