0 0.47143906279069764 0.797491665625 0.43994687441860464 0.794966665625 0.43994687441860464 0.80633125 0.45367968837209305 0.8082270843750001 0.47120156279069764 0.8082270843750001 0.47143906279069764 0.797491665625
0 0.4707281255813954 0.832852084375 0.4707281255813954 0.8186458343749999 0.439 0.81611875 0.4387625 0.8300104156250001 0.4489437511627907 0.8315895843750001 0.46125781162790697 0.832535415625 0.4707281255813954 0.832852084375
0 0.597882811627907 0.765604165625 0.5974093744186046 0.753608334375 0.5663906255813953 0.7551875 0.565679688372093 0.76086875 0.577282811627907 0.7627645843749999 0.5884109372093024 0.765604165625 0.597882811627907 0.765604165625
0 0.5966984372093024 0.79149375 0.5969359372093024 0.779495834375 0.5794125 0.7782333343750001 0.5652062511627907 0.777602084375 0.5652062511627907 0.787389584375 0.5732562511627907 0.7896 0.5827281255813953 0.7908625 0.5966984372093024 0.79149375
7 0.47712187441860465 0.780127084375 0.47570156279069764 0.7687625 0.4560484372093023 0.769710415625 0.43710468837209304 0.7675 0.43757812558139536 0.7782333343750001 0.4477609372093023 0.780127084375 0.46433593720930233 0.780758334375 0.47712187441860465 0.780127084375
7 0.602854688372093 0.73876875 0.603092188372093 0.7296145843749999 0.5839125000000001 0.728666665625 0.5635484372093024 0.725825 0.5637859372093024 0.736560415625 0.5749140627906977 0.7371916656249999 0.5884109372093024 0.7394000000000001 0.602854688372093 0.73876875
2 0.4700187511627907 0.854635415625 0.4697812511627907 0.843902084375 0.4382890627906976 0.840745834375 0.4387625 0.8530583343749999 0.44847031162790696 0.8536895843750001 0.46409843720930233 0.854635415625 0.4700187511627907 0.854635415625
2 0.46528281162790697 0.8918895843750001 0.47191249999999996 0.891258334375 0.47167656279069764 0.8776833343750001 0.4513125 0.880208334375 0.43142187441860463 0.876104165625 0.43189531162790695 0.8868395843749999 0.43734218837209304 0.8899958343750001 0.44870781162790696 0.8915749999999999 0.46528281162790697 0.8918895843750001
2 0.5957515627906977 0.8019125 0.5642593744186046 0.8012812500000001 0.5642593744186046 0.810120834375 0.5723093744186046 0.8120145843750001 0.5872265627906976 0.8151729156249999 0.5950406255813954 0.8135937500000001 0.5957515627906977 0.8019125
2 0.5971718744186046 0.8495854156249999 0.5985921883720929 0.835377084375 0.5789390627906976 0.8369562500000001 0.5581031255813953 0.831904165625 0.55905 0.8426395843750001 0.5668640627906977 0.8461124999999999 0.578229688372093 0.8489541656249999 0.5971718744186046 0.8495854156249999
2 0.6880968744186047 0.8164354156250001 0.6880968744186047 0.8025437500000001 0.6637093744186047 0.802858334375 0.6466593744186047 0.798754165625 0.6464234372093024 0.810435415625 0.6580250000000001 0.8142250000000001 0.6727062511627907 0.8158041656250001 0.6880968744186047 0.8164354156250001
2 0.6821781255813953 0.84926875 0.6819406255813953 0.8363250000000001 0.664892188372093 0.837272915625 0.6497390627906976 0.8334833343750001 0.6502125000000001 0.8461124999999999 0.6622874999999999 0.8480062500000001 0.676495311627907 0.8499000000000001 0.6821781255813953 0.84926875
0 0.6812312511627907 0.8732625 0.681467188372093 0.8618979156250001 0.663945311627907 0.8615812500000001 0.6495015627906976 0.858108334375 0.6499750000000001 0.8694750000000001 0.6592093744186047 0.8720000000000001 0.6686812511627906 0.8732625 0.6812312511627907 0.8732625
0 0.680282811627907 0.8975729156250001 0.6809937511627907 0.8852604156250001 0.656842188372093 0.8855770843749999 0.6487906255813953 0.8821041656249999 0.6490281255813953 0.8953625000000001 0.6592093744186047 0.8975729156250001 0.6701015627906977 0.8978895843749999 0.680282811627907 0.8975729156250001
7 0.6843093744186047 0.924408334375 0.6838359372093024 0.9120958343750001 0.6663125 0.915254165625 0.644054688372093 0.909254165625 0.6447656255813953 0.9203041656250001 0.6570781255813953 0.9234625 0.669154688372093 0.9250395843750001 0.6843093744186047 0.924408334375