2 0.5530453116279069 0.8016083343749999 0.5549843744186047 0.81410625 0.5921562511627907 0.8054874999999999 0.5915093744186046 0.792558334375 0.5530453116279069 0.8016083343749999
2 0.6248015627906977 0.789970834375 0.6254484372093023 0.804625 0.6645593744186047 0.799883334375 0.6632656255813955 0.7847999999999999 0.6248015627906977 0.789970834375
2 0.5617718744186047 0.83479375 0.5633875 0.8464291656249999 0.594095311627907 0.836516665625 0.591832811627907 0.825310415625 0.5617718744186047 0.83479375
2 0.630620311627907 0.82445 0.6309437511627907 0.837379165625 0.6622968744186047 0.8356541656250001 0.6619734372093022 0.821864584375 0.630620311627907 0.82445
2 0.726295311627907 0.9046104156249999 0.7256484372093023 0.9171083343750001 0.7579718744186047 0.9158145843750001 0.7570015627906976 0.905041665625 0.726295311627907 0.9046104156249999
2 0.722417188372093 0.9408125 0.7233859372093023 0.954172915625 0.7615281255813953 0.9524479156250001 0.7605578116279069 0.9395187500000001 0.722417188372093 0.9408125
0 0.565004688372093 0.8546166656249999 0.5659734372093024 0.8679770843749999 0.5970046883720931 0.860220834375 0.5953875 0.8464291656249999 0.565004688372093 0.8546166656249999
0 0.568882811627907 0.8813375000000001 0.571145311627907 0.8942666656249999 0.6002359372093024 0.8860791656250001 0.5989437511627907 0.87271875 0.568882811627907 0.8813375000000001
0 0.6328828116279069 0.8731500000000001 0.635145311627907 0.8847854156249999 0.6645593744186047 0.8830625 0.6655281255813954 0.871425 0.6328828116279069 0.8731500000000001
0 0.6335281255813954 0.8477229156250001 0.6335281255813954 0.8615125000000001 0.6635890627906977 0.858495834375 0.6648812488372092 0.8464291656249999 0.6335281255813954 0.8477229156250001
0 0.7256484372093023 0.855479165625 0.7256484372093023 0.870133334375 0.7576484372093024 0.867545834375 0.7563562488372093 0.8576333343749999 0.7256484372093023 0.855479165625
0 0.7253265627906976 0.8796145843750001 0.7253265627906976 0.895129165625 0.7573249999999999 0.893835415625 0.7573249999999999 0.8796145843750001 0.7253265627906976 0.8796145843750001
7 0.7602343744186046 0.831775 0.7208 0.831775 0.7214468744186047 0.8434125 0.7421343744186046 0.8451354156249999 0.7605578116279069 0.8425499999999999 0.7602343744186046 0.831775
7 0.6319125 0.8994375 0.6319125 0.9119375 0.6726390627906977 0.9093500000000001 0.6726390627906977 0.8985770843750001 0.6319125 0.8994375
7 0.567267188372093 0.9084895843749999 0.5685593744186047 0.9209875000000001 0.6079937488372094 0.912366665625 0.6073468744186047 0.8998687500000001 0.567267188372093 0.9084895843749999