7 0.25029687441860465 0.606477084375 0.25279218837209305 0.619783334375 0.29381406279069766 0.604260415625 0.29159687441860466 0.59354375 0.25029687441860465 0.606477084375
7 0.37586093720930236 0.5259104156250001 0.375029688372093 0.538475 0.41383593720930234 0.544758334375 0.4152218744186047 0.533670834375 0.37586093720930236 0.5259104156250001
7 0.4809140627906977 0.5691499999999999 0.4831312511627907 0.580977084375 0.5222140627906976 0.5661937499999999 0.521382811627907 0.55769375 0.4809140627906977 0.5691499999999999
0 0.38334531162790697 0.500039584375 0.38168281162790696 0.513714584375 0.4143890627906977 0.5188875000000001 0.41466718837209304 0.505583334375 0.38334531162790697 0.500039584375
0 0.3847312511627907 0.47527708437499994 0.3839 0.490060415625 0.41660781162790694 0.494495834375 0.41743906279069765 0.48082083437499995 0.3847312511627907 0.47527708437499994
0 0.2508515627906977 0.578020834375 0.25334531162790697 0.591325 0.2841140627906977 0.5802375 0.28161874883720933 0.5684125 0.2508515627906977 0.578020834375
0 0.245307811627907 0.552889584375 0.24724843720930234 0.5684125 0.2791234372093023 0.5562145843749999 0.27718437441860466 0.542910415625 0.245307811627907 0.552889584375
0 0.4889515627906976 0.5931729156250001 0.491170311627907 0.604260415625 0.5233234372093023 0.5946520843750001 0.5202734372093023 0.58245625 0.4889515627906976 0.5931729156250001
0 0.49560468837209304 0.615716665625 0.4978218744186046 0.6282833343750001 0.5277578116279069 0.61904375 0.5249859372093023 0.606108334375 0.49560468837209304 0.615716665625
2 0.4997625 0.639370834375 0.5017031255813954 0.6500874999999999 0.5319156255813953 0.6401104156249999 0.5280343744186047 0.6282833343750001 0.4997625 0.639370834375
2 0.5005937511627907 0.6726333343750001 0.5030890627906976 0.684089584375 0.5427265627906976 0.671522915625 0.5391218744186047 0.65821875 0.5005937511627907 0.6726333343750001
2 0.3858390627906977 0.452364584375 0.3858390627906977 0.46529999999999994 0.41910156279069766 0.470104165625 0.4196562488372093 0.45716875 0.3858390627906977 0.452364584375
2 0.38556250000000003 0.41651458437500005 0.385007811627907 0.433145834375 0.4252 0.4353625 0.4254765627906977 0.42095000000000005 0.38556250000000003 0.41651458437500005
2 0.23172500000000001 0.50151875 0.23394374883720928 0.514452084375 0.2744125 0.499670834375 0.2710859372093023 0.48636458437499996 0.23172500000000001 0.50151875
2 0.24198124883720928 0.533302084375 0.24364531162790698 0.545866665625 0.276075 0.534410415625 0.27330312558139536 0.520735415625 0.24198124883720928 0.533302084375