6 0.42434999999999995 0.393866665625 0.4249265627906977 0.38886875 0.4217531255813954 0.38271875 0.4050187488372093 0.384641665625 0.38298593720930235 0.38839999999999997 0.383667188372093 0.39425208437500003 0.384245311627907 0.398864584375 0.4044406255813954 0.39309791562499996 0.42434999999999995 0.393866665625
6 0.42261875116279074 0.408475 0.38933281162790695 0.41293541562499997 0.39059218837209303 0.42462083437500003 0.4073265627906977 0.421545834375 0.4217531255813954 0.41962291562500004 0.42261875116279074 0.408475
6 0.5157890627906977 0.417279165625 0.513479688372093 0.406129165625 0.49934218837209304 0.406897915625 0.47531406279069766 0.41039791562500005 0.47510624883720926 0.414202084375 0.4759718744186046 0.42266041562499995 0.495592188372093 0.41843125 0.5157890627906977 0.417279165625
6 0.514345311627907 0.443035415625 0.5137687511627906 0.43150208437500004 0.4805890627906977 0.4349625 0.48116562558139536 0.43880625 0.48116562558139536 0.447647915625 0.49703437441860465 0.44457291562499995 0.514345311627907 0.443035415625
6 0.6270671883720931 0.510514584375 0.5961968744186047 0.514464584375 0.5970593744186046 0.527429165625 0.6114859372093023 0.5243541656249999 0.6282203116279069 0.51935625 0.6270671883720931 0.510514584375
6 0.6365875 0.532427084375 0.6207187511627907 0.535502084375 0.5939765627906977 0.543654165625 0.5961937511627907 0.555491665625 0.6149484372093023 0.5481874999999999 0.6365875 0.545495834375 0.6365875 0.532427084375
0 0.5930234372093023 0.49331250000000004 0.593654688372093 0.504810415625 0.6245265627906977 0.49865833437499996 0.6233718744186048 0.488279165625 0.5930234372093023 0.49331250000000004
0 0.5022156255813953 0.455602084375 0.482929688372093 0.4582 0.48374999999999996 0.46905625000000006 0.5166406255813953 0.4652125 0.5151984372093024 0.45252708437500005 0.5022156255813953 0.455602084375
0 0.42264531162790697 0.44271874999999994 0.42351093720930233 0.42811041562499996 0.40735312558139536 0.42811041562499996 0.39028437441860464 0.43281875000000003 0.390907811627907 0.446947915625 0.40244843720930235 0.443104165625 0.41052656279069766 0.43964375 0.42264531162790697 0.44271874999999994
2 0.42546562558139533 0.45461041562500004 0.4136359372093023 0.456147915625 0.39282187441860467 0.45947083437499997 0.39286249999999995 0.4730625 0.4107515627906977 0.46921666562500003 0.425754688372093 0.468833334375 0.42546562558139533 0.45461041562500004
2 0.4228687511627907 0.497664584375 0.4318140627906977 0.49728125 0.43210156279069767 0.49151458437500006 0.431525 0.483441665625 0.415367188372093 0.48305625 0.3912359372093023 0.48569791562500003 0.39113125116279074 0.49112916562500003 0.39113125116279074 0.5030479156250001 0.40844218837209306 0.49920208437499997 0.4228687511627907 0.497664584375
2 0.5179515627906977 0.48113124999999995 0.5043906255813954 0.4819 0.48610156279069766 0.48400625 0.48650312558139536 0.496125 0.5023718744186046 0.494202084375 0.518529688372093 0.49266458437500005 0.5179515627906977 0.48113124999999995
2 0.5245875 0.521495834375 0.5245875 0.514577084375 0.5240109372093024 0.5076562499999999 0.5107390627906977 0.5103479156249999 0.484832811627907 0.51235 0.4850609372093023 0.518804165625 0.4859265627906977 0.5268770843749999 0.5072765627906977 0.52341875 0.5245875 0.521495834375
2 0.621025 0.46293749999999995 0.608042188372093 0.464860415625 0.5895343744186047 0.468354165625 0.591307811627907 0.481775 0.6054453116279069 0.47831458437499996 0.6218906255813953 0.47523958437499997 0.621025 0.46293749999999995
2 0.6107625 0.443704165625 0.6208609372093024 0.44293541562499994 0.62115 0.43255625000000003 0.6025593744186046 0.43718124999999997 0.5960484372093023 0.43755416562500005 0.5796015627906976 0.442166665625 0.580179688372093 0.44793333437499994 0.5807562511627907 0.453314584375 0.5948937511627908 0.446010415625 0.6107625 0.443704165625