6 0.24976093720930234 0.68091875 0.25001406279069766 0.693439584375 0.293417188372093 0.686672915625 0.291895311627907 0.67415 0.24976093720930234 0.68091875
6 0.25559843720930236 0.704608334375 0.2561062488372093 0.7154375 0.28910312558139534 0.7107 0.28910312558139534 0.701902084375 0.25559843720930236 0.704608334375
0 0.25762968837209305 0.725252084375 0.257375 0.73980625 0.291132811627907 0.734729165625 0.2903718744186046 0.722545834375 0.25762968837209305 0.725252084375
2 0.25839062558139536 0.74928125 0.2586437511627907 0.767895834375 0.2926562511627907 0.761804165625 0.29214843720930234 0.74961875 0.25839062558139536 0.74928125
2 0.2553437488372093 0.78143125 0.2563593744186047 0.79936875 0.2984937511627907 0.792939584375 0.29874843720930233 0.778047915625 0.2553437488372093 0.78143125
2 0.3789562511627907 0.6687354156249999 0.380732811627907 0.682272915625 0.41499843720930235 0.678210415625 0.41423750000000004 0.664335415625 0.3789562511627907 0.6687354156249999
2 0.37413281162790696 0.637260415625 0.3746406255813954 0.650460415625 0.41626718837209303 0.6457229156250001 0.4155062488372093 0.634214584375 0.37413281162790696 0.637260415625
2 0.4982515627906977 0.7431895843749999 0.4990125 0.759095834375 0.5327718744186046 0.7530041656249999 0.5312484372093023 0.7367604156249999 0.4982515627906977 0.7431895843749999
2 0.49622187441860466 0.770602084375 0.4972359372093023 0.789554165625 0.5383562511627907 0.780079165625 0.5381015627906977 0.7658645843749999 0.49622187441860466 0.770602084375
0 0.4957140627906977 0.716791665625 0.4977437488372093 0.731683334375 0.5309953116279069 0.72660625 0.5289640627906976 0.710022915625 0.4957140627906977 0.716791665625
0 0.38225468837209303 0.694116665625 0.38301718837209303 0.7056250000000001 0.41652187441860467 0.701225 0.41626718837209303 0.6914104156249999 0.38225468837209303 0.694116665625
6 0.384032811627907 0.716454165625 0.384032811627907 0.728297915625 0.41702812558139535 0.7239 0.41652187441860467 0.7134083343750001 0.384032811627907 0.716454165625
6 0.38301718837209303 0.7431895843749999 0.3827625 0.753341665625 0.4241359372093023 0.749958334375 0.423120311627907 0.737775 0.38301718837209303 0.7431895843749999
6 0.49545937441860466 0.695810415625 0.49622187441860466 0.709685415625 0.529979688372093 0.703254165625 0.5294718744186047 0.6910708343749999 0.49545937441860466 0.695810415625
6 0.48860625116279066 0.6738125 0.489875 0.685995834375 0.5307406255813953 0.677535415625 0.5307406255813953 0.66704375 0.48860625116279066 0.6738125