6 0.2733156255813953 0.313547915625 0.2526812511627907 0.3177 0.232825 0.32600625 0.232825 0.33535 0.273704688372093 0.32600625 0.2733156255813953 0.313547915625
6 0.262025 0.3519625 0.27175781162790696 0.350404165625 0.2725375 0.34261875 0.25384843720930234 0.34521250000000003 0.24061093720930235 0.34832708437500004 0.2421687511627907 0.36130625 0.25073437441860463 0.3540375 0.262025 0.3519625
6 0.3951781255813953 0.41062291562500003 0.363642188372093 0.41737083437500005 0.36558906279069764 0.429310415625 0.39556718837209304 0.42308124999999996 0.3951781255813953 0.41062291562500003
6 0.4037437511627907 0.44488333437499994 0.4029656255813953 0.433983334375 0.3792156255813953 0.4402125 0.3640312488372093 0.446441665625 0.3667562488372093 0.45474791562499994 0.3870015627906977 0.44540208437500006 0.4037437511627907 0.44488333437499994
6 0.4839468744186047 0.27928541562500003 0.45085312558139534 0.276170834375 0.45202187441860464 0.286552084375 0.4812218744186047 0.29122499999999996 0.4839468744186047 0.27928541562500003
6 0.48706249999999995 0.26682708437499997 0.488620311627907 0.258002084375 0.473045311627907 0.25332916562499996 0.44968593720930233 0.250214584375 0.44968593720930233 0.259558334375 0.473045311627907 0.262154165625 0.48706249999999995 0.26682708437499997
0 0.4816109372093023 0.29953124999999997 0.46175468837209305 0.295377084375 0.44929687441860466 0.297454165625 0.44735 0.306797915625 0.47810781162790694 0.311989584375 0.4816109372093023 0.29953124999999997
0 0.39167500000000005 0.38881875 0.36208437441860464 0.39556874999999997 0.3624734372093023 0.40543125 0.39284218837209306 0.399720834375 0.39167500000000005 0.38881875
0 0.27642968837209303 0.37065000000000003 0.2702015627906977 0.3607875 0.2421687511627907 0.36909375 0.24372656279069768 0.382589584375 0.2616359372093023 0.375841665625 0.27642968837209303 0.37065000000000003
2 0.27759843720930233 0.3893375 0.25696406279069767 0.392452084375 0.24606250000000002 0.39764374999999996 0.24645156279069766 0.409583334375 0.2779875 0.403354165625 0.27759843720930233 0.3893375
2 0.2846062488372093 0.4334625 0.2834390627906977 0.41737083437500005 0.2589093744186046 0.42048541562499997 0.24645156279069766 0.42619583437499997 0.24722968837209303 0.4402125 0.2713687488372093 0.43086874999999997 0.2846062488372093 0.4334625
2 0.3870015627906977 0.361825 0.358970311627907 0.372208334375 0.35935937441860466 0.382070834375 0.390117188372093 0.37532291562500003 0.3870015627906977 0.361825
2 0.38894843720930233 0.344175 0.3897281255813953 0.331716665625 0.364420311627907 0.3343125 0.348457811627907 0.342097915625 0.3500156255813954 0.3540375 0.36558906279069764 0.34469375 0.38894843720930233 0.344175
2 0.47810781162790694 0.328083334375 0.446570311627907 0.31977708437499996 0.44423437441860464 0.33379375 0.47577187441860463 0.340541665625 0.47810781162790694 0.328083334375
2 0.475382811627907 0.36753541562500003 0.47655000000000003 0.357152084375 0.4551359372093023 0.350922915625 0.43917343720930235 0.345733334375 0.43839531162790696 0.36130625 0.44696093720930236 0.361825 0.475382811627907 0.36753541562500003