2 0.44463593720930233 0.50253125 0.44741562558139536 0.520595834375 0.48805781162790696 0.509941665625 0.48632187441860464 0.494195834375 0.44463593720930233 0.50253125
2 0.4463734372093023 0.47427916562499994 0.4477625 0.49002708437500003 0.4811109372093023 0.482616665625 0.4790265627906977 0.46779374999999995 0.4463734372093023 0.47427916562499994
2 0.5359953116279069 0.348297915625 0.5359953116279069 0.363120834375 0.5693437511627907 0.355245834375 0.5683015627906977 0.34135208437500003 0.5359953116279069 0.348297915625
2 0.5269640627906977 0.31958333437499997 0.5290484372093023 0.333477084375 0.5700375 0.323752084375 0.5683015627906977 0.30985625 0.5269640627906977 0.31958333437499997
2 0.6367328116279071 0.452972915625 0.637775 0.46733125 0.6707765627906976 0.46223749999999997 0.6693859372093024 0.44973124999999997 0.6367328116279071 0.452972915625
2 0.6356921883720931 0.482152084375 0.6370812511627907 0.49697500000000006 0.6777234372093024 0.4895625 0.6777234372093024 0.47613125 0.6356921883720931 0.482152084375
0 0.6343015627906976 0.426110415625 0.6349968744186046 0.43907916562500005 0.6693859372093024 0.434447915625 0.6690390627906977 0.422404165625 0.6343015627906976 0.426110415625
0 0.5373843744186046 0.376552084375 0.5391218744186047 0.38813125 0.5714281255813953 0.37933125 0.571079688372093 0.368214584375 0.5373843744186046 0.376552084375
0 0.4435937488372093 0.450658334375 0.4435937488372093 0.46408958437500003 0.476942188372093 0.455289584375 0.47555312558139534 0.44046874999999996 0.4435937488372093 0.450658334375
6 0.44151093720930235 0.42888958437499997 0.4429 0.443710415625 0.47346874883720935 0.43305833437499996 0.47346874883720935 0.42101458437500006 0.44151093720930235 0.42888958437499997
6 0.5415531255813953 0.394152084375 0.5415531255813953 0.40990000000000004 0.5738593744186047 0.399245834375 0.5714281255813953 0.387204165625 0.5415531255813953 0.394152084375
6 0.5370375000000001 0.42379375 0.5405109372093023 0.43676250000000005 0.581154688372093 0.42564791562500004 0.5801125 0.41499375 0.5370375000000001 0.42379375
6 0.6325656255813954 0.40434166562499996 0.6332593744186047 0.416383334375 0.6662609372093024 0.412214584375 0.6652187488372093 0.40063541562499994 0.6325656255813954 0.40434166562499996
6 0.625270311627907 0.377014584375 0.6277015627906977 0.390445834375 0.6690390627906977 0.386741665625 0.666954688372093 0.373772915625 0.625270311627907 0.377014584375
6 0.433520311627907 0.40526875 0.4345625 0.417310415625 0.476942188372093 0.404804165625 0.474857811627907 0.39739375 0.433520311627907 0.40526875