6 0.22450625116279072 0.313341665625 0.2266687511627907 0.32651875 0.26897656279069765 0.310870834375 0.2661968744186047 0.300166665625 0.22450625116279072 0.313341665625
6 0.23438906279069766 0.339283334375 0.23624218837209304 0.349577084375 0.26897656279069765 0.337222915625 0.2668140627906977 0.32569375 0.23438906279069766 0.339283334375
6 0.34648749999999995 0.36851666562499996 0.3471062488372093 0.38128125 0.38014843720930236 0.379633334375 0.37922187441860467 0.36645833437499997 0.34648749999999995 0.36851666562499996
6 0.34340000000000004 0.39281041562499996 0.34340000000000004 0.405985415625 0.38632500000000003 0.40557499999999996 0.38632500000000003 0.391985415625 0.34340000000000004 0.39281041562499996
6 0.4984234372093023 0.348752084375 0.49934999999999996 0.363164584375 0.5339375 0.362339584375 0.5330109372093024 0.347516665625 0.4984234372093023 0.348752084375
6 0.49440937441860466 0.323635415625 0.4953359372093023 0.335164584375 0.5376437511627907 0.33392916562499997 0.536407811627907 0.324047915625 0.49440937441860466 0.323635415625
0 0.23855781162790698 0.3578375 0.24092968837209303 0.373197915625 0.2741375 0.360095834375 0.27108906279069767 0.345185415625 0.23855781162790698 0.3578375
0 0.3456375 0.345185415625 0.3456375 0.3582875 0.37884531162790697 0.35693333437499997 0.3785062511627907 0.345185415625 0.3456375 0.345185415625
0 0.500157811627907 0.37093958437499996 0.5004968744186046 0.38494583437499996 0.5333656255813953 0.383589584375 0.5333656255813953 0.370035415625 0.500157811627907 0.37093958437499996
2 0.5004968744186046 0.39624166562499996 0.5004968744186046 0.41115 0.5337046883720931 0.410247915625 0.5333656255813953 0.397595834375 0.5004968744186046 0.39624166562499996
2 0.49676875116279073 0.424254165625 0.49710781162790696 0.440066665625 0.537432811627907 0.440970834375 0.5381109372093023 0.42335 0.49676875116279073 0.424254165625
2 0.2443187511627907 0.41431250000000003 0.2477062511627907 0.42967500000000003 0.288370311627907 0.4138625 0.28430312558139537 0.39804791562499997 0.2443187511627907 0.41431250000000003
2 0.24465781162790698 0.384041665625 0.24669062558139537 0.39895208437499996 0.28057656279069765 0.385397915625 0.2778656255813953 0.374554165625 0.24465781162790698 0.384041665625
2 0.34462031162790696 0.320335415625 0.3452984372093023 0.335245834375 0.3781687488372093 0.332535415625 0.377829688372093 0.317625 0.34462031162790696 0.320335415625
2 0.3378437488372093 0.28825625 0.33852187441860465 0.302714584375 0.37986250000000005 0.3018125 0.37986250000000005 0.286902084375 0.3378437488372093 0.28825625