0 0.466620311627907 0.694945834375 0.43358749999999996 0.6917 0.43289218837209303 0.7046812499999999 0.445757811627907 0.707927084375 0.466620311627907 0.708854165625 0.466620311627907 0.694945834375
0 0.5514593744186047 0.564672915625 0.5173843744186046 0.567454165625 0.5191234372093023 0.5767270843750001 0.534075 0.5767270843750001 0.5525031255813954 0.575335415625 0.5514593744186047 0.564672915625
0 0.6098734372093024 0.734352084375 0.608482811627907 0.720908334375 0.5928359372093024 0.729716665625 0.574407811627907 0.729252084375 0.5764937511627907 0.744552084375 0.5879687488372093 0.743625 0.602920311627907 0.738525 0.6098734372093024 0.734352084375
2 0.46731562558139533 0.666666665625 0.4360218744186047 0.663883334375 0.4360218744186047 0.677329165625 0.4488875 0.67871875 0.4680109372093023 0.679183334375 0.46731562558139533 0.666666665625
2 0.4732265627906977 0.637922915625 0.4321968744186046 0.632358334375 0.4321968744186046 0.648585415625 0.44819062558139533 0.650439584375 0.47287812558139536 0.652758334375 0.4732265627906977 0.637922915625
2 0.552154688372093 0.58924375 0.5198187511627907 0.592489584375 0.5215578116279069 0.6054708343749999 0.5413765627906977 0.603614584375 0.5538937511627907 0.6026875 0.552154688372093 0.58924375
2 0.5594562511627907 0.6175229156250001 0.5434625 0.624941665625 0.5180796883720931 0.621695834375 0.5201656255813953 0.635604165625 0.5344218744186047 0.63606875 0.559804688372093 0.632822915625 0.5594562511627907 0.6175229156250001
2 0.60605 0.665739584375 0.5865781255813953 0.674083334375 0.565020311627907 0.6754749999999999 0.5681499999999999 0.68891875 0.584492188372093 0.687991665625 0.607092188372093 0.682429165625 0.60605 0.665739584375
2 0.6043109372093023 0.69448125 0.5914453116279069 0.69958125 0.5723218744186047 0.701435415625 0.574407811627907 0.716735415625 0.5872734372093024 0.71534375 0.6063968744186047 0.7093166656250001 0.6043109372093023 0.69448125
6 0.4662718744186046 0.7176625 0.4332406255813953 0.716735415625 0.4332406255813953 0.726008334375 0.4394984372093023 0.726008334375 0.4662718744186046 0.729252084375 0.4662718744186046 0.7176625
6 0.4680109372093023 0.742697915625 0.428025 0.7403791656250001 0.428025 0.752433334375 0.4401937488372093 0.753360415625 0.4687062488372093 0.75405625 0.4680109372093023 0.742697915625
6 0.552154688372093 0.516920834375 0.5288593744186046 0.5206291656250001 0.510082811627907 0.5206291656250001 0.5114734372093024 0.53129375 0.5229484372093023 0.5308291656249999 0.5525031255813954 0.5275833343749999 0.552154688372093 0.516920834375
6 0.5500687488372094 0.542883334375 0.516342188372093 0.544272915625 0.5180796883720931 0.5572541656250001 0.5274687488372093 0.556791665625 0.5514593744186047 0.5554 0.5500687488372094 0.542883334375
6 0.6102218744186046 0.7440875 0.578232811627907 0.750579165625 0.5792765627906976 0.761704165625 0.59075 0.761241665625 0.6123078116279069 0.754752084375 0.6102218744186046 0.7440875
6 0.6189140627906976 0.7774687499999999 0.6171765627906977 0.768658334375 0.5761468744186047 0.7797854156249999 0.5785812488372093 0.787666665625 0.5942281255813954 0.78535 0.6091781255813954 0.78303125 0.6189140627906976 0.7774687499999999