6 0.4286437488372093 0.652129165625 0.4278234372093023 0.6441041656250001 0.40566562558139535 0.647752084375 0.38980000000000004 0.647022915625 0.3867906255813953 0.655775 0.41250468837209303 0.65468125 0.4286437488372093 0.652129165625
6 0.42459218837209306 0.66858125 0.39297812558139533 0.6731208343749999 0.3941937488372093 0.6822 0.42410468837209303 0.678633334375 0.42459218837209306 0.66858125
6 0.5031390627906976 0.652045834375 0.503625 0.643939584375 0.48076562558139535 0.6436145843750001 0.4630140627906977 0.6445875 0.46277031162790694 0.654314584375 0.482225 0.654639584375 0.5031390627906976 0.652045834375
6 0.480279688372093 0.6792812500000001 0.4997343744186047 0.6789583343750001 0.49949062558139534 0.667933334375 0.46836406279069764 0.6695541656249999 0.4671484372093023 0.677335415625 0.4759031255813953 0.6792812500000001 0.480279688372093 0.6792812500000001
6 0.581442188372093 0.729214584375 0.5503156255813954 0.7334291656249999 0.551775 0.744777084375 0.581442188372093 0.739914584375 0.581442188372093 0.729214584375
6 0.5875218744186047 0.765854165625 0.5863062488372093 0.75645 0.5675812511627907 0.7596937500000001 0.5486125000000001 0.7616375 0.5483703116279071 0.769420834375 0.575120311627907 0.767475 0.5875218744186047 0.765854165625
0 0.4248343744186046 0.6873875 0.3932218744186047 0.6925749999999999 0.39370781162790697 0.704895834375 0.42410468837209303 0.701654165625 0.4248343744186046 0.6873875
0 0.5004640627906977 0.6912791656249999 0.47055312558139534 0.6948458343749999 0.46836406279069764 0.70100625 0.50095 0.703275 0.5004640627906977 0.6912791656249999
0 0.5807125 0.7091125 0.5481265627906977 0.71138125 0.5488562488372093 0.7198125 0.5790109372093023 0.717866665625 0.5807125 0.7091125
2 0.425807811627907 0.715920834375 0.3956531255813953 0.7188395843750001 0.394679688372093 0.730835415625 0.4248343744186046 0.729539584375 0.425807811627907 0.715920834375
2 0.43091406279069766 0.7457499999999999 0.3917625 0.747695834375 0.3917625 0.761314584375 0.42969843720930234 0.758395834375 0.43091406279069766 0.7457499999999999
2 0.5007062488372093 0.7298625000000001 0.5011937511627907 0.718514584375 0.4717687511627907 0.7194875 0.4698234372093023 0.7204604156250001 0.4693359372093023 0.7301875 0.5007062488372093 0.7298625000000001
2 0.5053265627906977 0.758720834375 0.5058140627906976 0.744777084375 0.4846562488372093 0.7499666656249999 0.466175 0.749316665625 0.4673906255813954 0.760666665625 0.48538593720930234 0.760666665625 0.5053265627906977 0.758720834375
2 0.5785234372093023 0.681552084375 0.5593125 0.68446875 0.5476406255813954 0.6831729156249999 0.5461812488372093 0.69581875 0.5792531255813954 0.69581875 0.5785234372093023 0.681552084375
2 0.5797406255813954 0.66339375 0.5807125 0.652045834375 0.5593125 0.653341665625 0.5405875 0.6565854156250001 0.541317188372093 0.6663125 0.5602859372093023 0.66306875 0.5797406255813954 0.66339375