6 0.3591796883720931 0.60869375 0.3381734372093023 0.613820834375 0.3192390627906977 0.6173729156250001 0.31775937441860463 0.6252625 0.35888437441860466 0.6173729156250001 0.3591796883720931 0.60869375
6 0.35533437441860466 0.633939584375 0.3254515627906977 0.6398583343750001 0.3254515627906977 0.650114584375 0.35562968837209297 0.64616875 0.35533437441860466 0.633939584375
6 0.4588875 0.6019875 0.420425 0.616583334375 0.4195375 0.6252625 0.45859062558139535 0.61224375 0.4588875 0.6019875
6 0.4414312511627907 0.6430125 0.459182811627907 0.637491665625 0.459182811627907 0.630389584375 0.429004688372093 0.6398583343750001 0.42929999999999996 0.64261875 0.43137187441860464 0.64538125 0.4414312511627907 0.6430125
6 0.5976468744186046 0.680489584375 0.5662859372093023 0.685222915625 0.5680609372093023 0.696664584375 0.5982390627906977 0.690745834375 0.5976468744186046 0.680489584375
6 0.6038609372093023 0.705341665625 0.5659906255813953 0.7144166656250001 0.5680609372093023 0.7227 0.6047484372093024 0.715204165625 0.6038609372093023 0.705341665625
0 0.5961687488372093 0.6658937500000001 0.5952812511627906 0.6583979156249999 0.5651031255813954 0.66234375 0.5645109372093023 0.674177084375 0.5843343744186046 0.669839584375 0.5961687488372093 0.6658937500000001
0 0.4624375 0.6520875 0.429004688372093 0.657214584375 0.43166718837209306 0.670627084375 0.46273281162790697 0.660370834375 0.4624375 0.6520875
0 0.35770156279069765 0.667470834375 0.35829218837209303 0.652875 0.3275234372093023 0.6591875 0.32485937441860463 0.6729937500000001 0.34054062558139536 0.6666833343749999 0.35770156279069765 0.667470834375
2 0.3594765627906976 0.681279165625 0.3278187511627907 0.6860125 0.32929843720930235 0.699425 0.35888437441860466 0.693902084375 0.3594765627906976 0.681279165625
2 0.3656890627906977 0.70968125 0.347345311627907 0.7140208343750001 0.32485937441860463 0.7148104156249999 0.32485937441860463 0.7298 0.3642093744186046 0.725460415625 0.3656890627906977 0.70968125
2 0.46480468837209304 0.6753604156249999 0.4355140627906977 0.6856187499999999 0.434329688372093 0.697452084375 0.464507811627907 0.68916875 0.46480468837209304 0.6753604156249999
2 0.459775 0.7227 0.473679688372093 0.717570834375 0.4713125 0.7021875 0.45474531162790693 0.70889375 0.4322593744186047 0.713627084375 0.434329688372093 0.713627084375 0.43521718837209306 0.728222915625 0.459775 0.7227
2 0.5923218744186046 0.631179165625 0.5615515627906977 0.6398583343750001 0.5615515627906977 0.650114584375 0.5932093744186047 0.6445916656249999 0.5923218744186046 0.631179165625
2 0.5940968744186047 0.614610415625 0.5943937488372093 0.6008041656249999 0.5526765627906977 0.60948125 0.5520843744186046 0.620527084375 0.577825 0.6130333343750001 0.5940968744186047 0.614610415625