6 0.39808906279069767 0.787645834375 0.39905 0.778258334375 0.376329688372093 0.778685415625 0.3590484372093023 0.7744187499999999 0.3564890627906977 0.782952084375 0.37760937441860465 0.786364584375 0.39808906279069767 0.787645834375
6 0.38560937441860466 0.81239375 0.39264999999999994 0.811539584375 0.39264999999999994 0.8008729156250001 0.3606484372093023 0.8000187499999999 0.36128906279069767 0.8111124999999999 0.3734484372093023 0.8132458343750001 0.38560937441860466 0.81239375
6 0.5094515627906977 0.7795395843749999 0.5184124999999999 0.776552084375 0.5193718744186047 0.768445834375 0.4947312488372093 0.770152084375 0.4793718744186047 0.77143125 0.4809718744186046 0.7803916656250001 0.49537187441860464 0.78081875 0.5094515627906977 0.7795395843749999
6 0.4979312488372093 0.8047124999999999 0.5104124999999999 0.804285415625 0.5145718744186046 0.802579165625 0.514892188372093 0.79361875 0.4835312488372093 0.795325 0.48801249999999996 0.802579165625 0.4931312488372093 0.805566665625 0.4979312488372093 0.8047124999999999
6 0.6131343744186046 0.8021520843750001 0.5824140627906977 0.794045834375 0.5830546883720931 0.806845834375 0.611854688372093 0.8128187499999999 0.6131343744186046 0.8021520843750001
6 0.615695311627907 0.8298875000000001 0.5900937511627906 0.8260458343750001 0.5756937511627908 0.82220625 0.5753734372093023 0.828179165625 0.6124953116279069 0.8401270843749999 0.615695311627907 0.8298875000000001
0 0.615695311627907 0.7803916656250001 0.5977750000000001 0.77783125 0.5833734372093023 0.77143125 0.5852937511627907 0.78423125 0.6147343744186047 0.791485415625 0.615695311627907 0.7803916656250001
0 0.5164921883720931 0.81580625 0.49985156279069765 0.820927084375 0.484492188372093 0.820927084375 0.48577187441860464 0.828179165625 0.5164921883720931 0.827327084375 0.5164921883720931 0.81580625
0 0.39072968837209304 0.8205 0.35840937441860465 0.821354165625 0.3564890627906977 0.832020834375 0.3897687488372093 0.835433334375 0.39072968837209304 0.8205
2 0.38880937441860464 0.8490875000000001 0.3580890627906977 0.845672915625 0.3558484372093023 0.858047915625 0.38592968837209307 0.86359375 0.38880937441860464 0.8490875000000001
2 0.387529688372093 0.890475 0.3904093744186047 0.8781020843749999 0.38625000000000004 0.8810874999999999 0.3644890627906977 0.87596875 0.34912812558139533 0.871275 0.3481687488372093 0.88578125 0.3664093744186046 0.891754165625 0.387529688372093 0.890475
2 0.5168125 0.854633334375 0.5177718744186046 0.842260415625 0.492492188372093 0.84780625 0.4854515627906977 0.8439666656249999 0.4854515627906977 0.854633334375 0.49217187441860466 0.855914584375 0.5168125 0.854633334375
2 0.5209718744186047 0.8717 0.5024125 0.876820834375 0.48417187441860465 0.875541665625 0.4835312488372093 0.8874875 0.5200125 0.88578125 0.5209718744186047 0.8717
2 0.618575 0.753085415625 0.5872140627906977 0.7475375 0.5856140627906976 0.758204165625 0.617295311627907 0.765458334375 0.618575 0.753085415625
2 0.6224156255813953 0.73601875 0.6249750000000001 0.7253499999999999 0.6016140627906977 0.721510415625 0.5849734372093023 0.716816665625 0.5830546883720931 0.727058334375 0.6064140627906976 0.7321770843750001 0.6224156255813953 0.73601875