2 0.5012968744186047 0.7956458343749999 0.5038359372093023 0.811891665625 0.5439390627906977 0.7969999999999999 0.5403859372093023 0.781770834375 0.5012968744186047 0.7956458343749999
2 0.509420311627907 0.822720834375 0.5106890627906977 0.8386270843749999 0.5441937488372093 0.825427084375 0.5421625 0.8112145843749999 0.509420311627907 0.822720834375
2 0.4025609372093023 0.9384625 0.40382968837209304 0.9543687500000001 0.443679688372093 0.9516625 0.4441875 0.9360937500000001 0.4025609372093023 0.9384625
2 0.40382968837209304 0.907666665625 0.4061140627906977 0.9239104156250001 0.43936562558139536 0.921204165625 0.43987343720930233 0.905635415625 0.40382968837209304 0.907666665625
2 0.3281906255813954 0.8196749999999999 0.3302218744186047 0.834227084375 0.3637265627906977 0.834564584375 0.3634718744186046 0.816966665625 0.3281906255813954 0.8196749999999999
2 0.32260781162790697 0.78989375 0.32387656279069765 0.805460415625 0.36550312558139536 0.80376875 0.36601093720930233 0.786847915625 0.32260781162790697 0.78989375
0 0.3292062511627907 0.845733334375 0.330729688372093 0.861302084375 0.36397968837209305 0.859270834375 0.36525 0.845733334375 0.3292062511627907 0.845733334375
6 0.33225312558139536 0.868408334375 0.3325062511627907 0.8839750000000001 0.3637265627906977 0.881945834375 0.3634718744186046 0.8687458343750001 0.33225312558139536 0.868408334375
6 0.327429688372093 0.8951437500000001 0.32768437441860465 0.9090187500000001 0.37057968837209304 0.904958334375 0.3700718744186047 0.8954833343749999 0.327429688372093 0.8951437500000001
6 0.40335 0.8619520843749999 0.4030062488372093 0.8748166656249999 0.4360875 0.874127084375 0.43505312558139536 0.8596541656250001 0.40335 0.8619520843749999
6 0.39680312558139536 0.8364104156250001 0.397492188372093 0.8513437500000001 0.4376375 0.8495062499999999 0.4388437511627907 0.837329165625 0.39680312558139536 0.8364104156250001
6 0.5162062511627906 0.899858334375 0.5182734372093023 0.91433125 0.5594531255813954 0.89733125 0.558075 0.885614584375 0.5162062511627906 0.899858334375
6 0.5151718744186047 0.871370834375 0.5181015627906976 0.886072915625 0.5508375 0.8745875 0.5477375 0.8624104156250001 0.5151718744186047 0.871370834375
0 0.5136218744186046 0.8488562500000001 0.515517188372093 0.862870834375 0.5477375 0.8555187500000001 0.5454968744186047 0.839897915625 0.5136218744186046 0.8488562500000001
0 0.4031781255813953 0.883316665625 0.40335 0.896870834375 0.43677656279069765 0.895952084375 0.43660468837209304 0.883545834375 0.4031781255813953 0.883316665625