6 0.5440140627906977 0.78276875 0.547732811627907 0.7951625 0.5861484372093023 0.771204165625 0.5827406255813954 0.762116665625 0.5440140627906977 0.78276875
6 0.540917188372093 0.7575729156250001 0.5430859372093023 0.7691375 0.5756140627906977 0.749725 0.5718968744186047 0.7414625 0.540917188372093 0.7575729156250001
6 0.6642187488372093 0.603497915625 0.6676265627906978 0.615475 0.6979875000000001 0.60184375 0.6958187511627907 0.59275625 0.6642187488372093 0.603497915625
6 0.6543046883720931 0.584083334375 0.6574031255813952 0.593583334375 0.6967484372093024 0.575820834375 0.6933406255813953 0.565908334375 0.6543046883720931 0.584083334375
6 0.801770311627907 0.719983334375 0.801770311627907 0.734439584375 0.83585 0.7327874999999999 0.8346109372093024 0.719983334375 0.801770311627907 0.719983334375
6 0.799292188372093 0.746833334375 0.8002218744186047 0.759225 0.8404968744186047 0.756333334375 0.8398765627906977 0.746833334375 0.799292188372093 0.746833334375
0 0.5334812511627907 0.734854165625 0.5359593744186046 0.747658334375 0.5684890627906977 0.728658334375 0.5644609372093023 0.719570834375 0.5334812511627907 0.734854165625
0 0.670104688372093 0.626216665625 0.6725828116279069 0.634889584375 0.7038734372093023 0.622910415625 0.699845311627907 0.6117583343749999 0.670104688372093 0.626216665625
0 0.7999125 0.698504165625 0.8005312511627907 0.712547915625 0.8343 0.710483334375 0.8336812511627907 0.697677084375 0.7999125 0.698504165625
2 0.7974343744186045 0.6712395843750001 0.7980531255813954 0.685697915625 0.8318218744186047 0.68321875 0.8312031255813954 0.671654165625 0.7974343744186045 0.6712395843750001
2 0.7909281255813952 0.642325 0.7918578116279069 0.6580229156249999 0.8324421883720929 0.6543041656249999 0.8321312488372093 0.638195834375 0.7909281255813952 0.642325
2 0.6766109372093023 0.648520834375 0.6800187488372093 0.661739584375 0.7100687511627907 0.64686875 0.7079 0.633652084375 0.6766109372093023 0.648520834375
2 0.678779688372093 0.6782625 0.6818765627906977 0.69106875 0.7215312488372093 0.67289375 0.7187437488372094 0.6633916656250001 0.678779688372093 0.6782625
2 0.5257359372093023 0.70965625 0.5297640627906977 0.725352084375 0.5607437488372093 0.706352084375 0.5564062511627906 0.695197915625 0.5257359372093023 0.70965625
2 0.513654688372093 0.6869375 0.5170625 0.699329165625 0.5542375 0.6774375 0.550520311627907 0.6658708343749999 0.513654688372093 0.6869375