2 0.45047812558139533 0.638214584375 0.42610000000000003 0.64056875 0.4102015627906977 0.6368 0.4087875 0.649047915625 0.4289265627906977 0.6523458343749999 0.4508312488372093 0.6504624999999999 0.45047812558139533 0.638214584375
2 0.5557718744186047 0.642347915625 0.5271531255813954 0.642347915625 0.5165546883720931 0.6404625 0.5151406255813954 0.65176875 0.5310406255813953 0.654125 0.5550656255813954 0.652239584375 0.5557718744186047 0.642347915625
2 0.678954688372093 0.733260415625 0.6584625 0.73844375 0.637617188372093 0.737029165625 0.6386765627906976 0.749747915625 0.6588156255813954 0.749747915625 0.6775406255813954 0.746922915625 0.678954688372093 0.733260415625
0 0.4463156255813953 0.728658334375 0.42865000000000003 0.730070834375 0.41345781162790696 0.726302084375 0.413104688372093 0.7361958343749999 0.425470311627907 0.7394937500000001 0.4470234372093023 0.7366666656249999 0.4463156255813953 0.728658334375
0 0.41343281162790696 0.6971499999999999 0.414492188372093 0.707985415625 0.44593750000000004 0.707985415625 0.44593750000000004 0.6957375 0.41343281162790696 0.6971499999999999
0 0.5216562511627907 0.696414584375 0.5205968744186046 0.7091333343749999 0.553454688372093 0.7091333343749999 0.5527468744186046 0.6982999999999999 0.5216562511627907 0.696414584375
0 0.5217859372093023 0.727035415625 0.520725 0.7383416656249999 0.5549968744186046 0.7383416656249999 0.5535828116279069 0.7308041656250001 0.5217859372093023 0.727035415625
0 0.6741125 0.67668125 0.658567188372093 0.679508334375 0.6405484372093023 0.678566665625 0.6409015627906977 0.6926979156249999 0.6613937511627908 0.69175625 0.6737593744186046 0.6879875 0.6741125 0.67668125
0 0.6735500000000001 0.653910415625 0.658357811627907 0.6548520843750001 0.6413984372093023 0.653910415625 0.6403390627906976 0.66191875 0.6618906255813954 0.66191875 0.6731968744186047 0.660033334375 0.6735500000000001 0.653910415625
6 0.43074687441860465 0.67001875 0.41378750000000003 0.669547915625 0.41378750000000003 0.679441665625 0.4441718744186047 0.681325 0.4441718744186047 0.6686062500000001 0.43074687441860465 0.67001875
6 0.5217468744186047 0.671675 0.520332811627907 0.683452084375 0.5528375 0.682510415625 0.5524843744186047 0.672616665625 0.5217468744186047 0.671675
6 0.6760875 0.625958334375 0.6601890627906977 0.627841665625 0.6365171883720929 0.6264291656250001 0.6361640627906977 0.6344375 0.655242188372093 0.6353791656250001 0.678207811627907 0.631610415625 0.6760875 0.625958334375
6 0.6747281255813954 0.7077020843749999 0.6598890627906977 0.709585415625 0.6404578116279069 0.706289584375 0.6404578116279069 0.7194791656249999 0.6605953116279071 0.71995 0.6747281255813954 0.715710415625 0.6747281255813954 0.7077020843749999
6 0.44871249999999996 0.754814584375 0.4285734372093023 0.758583334375 0.4080812511627907 0.7510458343749999 0.407375 0.761408334375 0.42715937441860463 0.76611875 0.44835781162790694 0.76329375 0.44871249999999996 0.754814584375
6 0.55615 0.755770834375 0.5377765627906976 0.758597915625 0.517992188372093 0.7538875 0.5172859372093023 0.7628375000000001 0.535304688372093 0.765191665625 0.5579156255813953 0.762366665625 0.55615 0.755770834375