0 0.585275 0.691247915625 0.584929688372093 0.708333334375 0.6195609372093023 0.7092562499999999 0.6195609372093023 0.6921708343749999 0.585275 0.691247915625
0 0.5842359372093023 0.72495625 0.584929688372093 0.7369625 0.6195609372093023 0.738347915625 0.6192140627906977 0.724033334375 0.5842359372093023 0.72495625
0 0.49073124883720926 0.750352084375 0.49107656279069767 0.76328125 0.5257093744186047 0.762820834375 0.526054688372093 0.750814584375 0.49073124883720926 0.750352084375
0 0.49142343720930237 0.7766729156250001 0.49073124883720926 0.79514375 0.526054688372093 0.793758334375 0.5257093744186047 0.7766729156250001 0.49142343720930237 0.7766729156250001
0 0.4124625 0.6704687500000001 0.412117188372093 0.68570625 0.44847968837209307 0.687554165625 0.44778749999999995 0.673239584375 0.4124625 0.6704687500000001
0 0.41419531162790696 0.63953125 0.4138484372093023 0.657079165625 0.44847968837209307 0.658925 0.44847968837209307 0.642302084375 0.41419531162790696 0.63953125
6 0.41488749999999996 0.6122875 0.41523437441860467 0.6307583343750001 0.4491734372093023 0.633066665625 0.4491734372093023 0.61644375 0.41488749999999996 0.6122875
6 0.4072687511627907 0.697252084375 0.40692187441860467 0.7120270843750001 0.45263593720930234 0.714335415625 0.452982811627907 0.70140625 0.4072687511627907 0.697252084375
6 0.4921156255813954 0.807147915625 0.49177031162790696 0.8228479156249999 0.5264015627906977 0.8214625 0.5264015627906977 0.8057645843750001 0.4921156255813954 0.807147915625
6 0.5800812511627906 0.749429165625 0.5807734372093023 0.76328125 0.620945311627907 0.7637437499999999 0.621292188372093 0.750814584375 0.5800812511627906 0.749429165625
6 0.5856218744186047 0.668160415625 0.585275 0.681089584375 0.6199062488372092 0.683397915625 0.6195609372093023 0.667697915625 0.5856218744186047 0.668160415625
6 0.48622812558139533 0.72541875 0.485882811627907 0.7365 0.5274406255813954 0.7346541656250001 0.528479688372093 0.724033334375 0.48622812558139533 0.72541875
2 0.41350156279069766 0.584120834375 0.4131562511627907 0.6012062499999999 0.4550609372093023 0.6039770843750001 0.4554062488372093 0.58550625 0.41350156279069766 0.584120834375
2 0.48726718837209304 0.835777084375 0.486575 0.8523999999999999 0.5309031255813953 0.8519395843750001 0.5315968744186047 0.83393125 0.48726718837209304 0.835777084375
2 0.5828515627906977 0.635375 0.582504688372093 0.652922915625 0.6261406255813954 0.65476875 0.6254484372093023 0.639070834375 0.5828515627906977 0.635375