6 0.31952031162790695 0.739389584375 0.28604999999999997 0.739389584375 0.28564218837209304 0.752995834375 0.2991109372093023 0.755172915625 0.31952031162790695 0.754085415625 0.31952031162790695 0.739389584375
6 0.477520311627907 0.73275625 0.4587437511627907 0.7343875 0.44568281162790696 0.7300333343750001 0.444867188372093 0.7414625 0.4583359372093023 0.744729165625 0.4767031255813954 0.743639584375 0.477520311627907 0.73275625
6 0.6289031255813953 0.728447915625 0.6101281255813954 0.7317125 0.595025 0.727360415625 0.595025 0.73824375 0.6109437511627906 0.742054165625 0.6305359372093023 0.7387875 0.6289031255813953 0.728447915625
6 0.6342093744186047 0.8214937499999999 0.6342093744186047 0.8127854156250001 0.615842188372093 0.8193166656249999 0.5925765627906977 0.8133312500000001 0.5929843744186046 0.823127084375 0.6113515627906977 0.826935415625 0.6268625 0.824758334375 0.6342093744186047 0.8214937499999999
6 0.47992968837209304 0.824754165625 0.48074531162790696 0.8160458343749999 0.4562562511627907 0.8193125 0.4370718744186047 0.8127812499999999 0.4370718744186047 0.81985625 0.45013281162790697 0.825297915625 0.4648265627906976 0.82801875 0.47992968837209304 0.824754165625
6 0.32409374883720926 0.831929165625 0.3232765627906977 0.8243104156250001 0.2987875 0.8292083343750001 0.28082812558139536 0.822133334375 0.2820515627906977 0.8346500000000001 0.30041874883720926 0.8379145843750001 0.3130718744186046 0.83519375 0.32409374883720926 0.831929165625
0 0.3187515627906977 0.7687645843750001 0.30038437441860466 0.770397915625 0.28569062558139535 0.76713125 0.284875 0.77965 0.2979359372093023 0.7807375000000001 0.3187515627906977 0.77965 0.3187515627906977 0.7687645843750001
0 0.3188062511627907 0.8007625 0.2837031255813954 0.799672915625 0.2841125 0.810558334375 0.30207187441860467 0.812735415625 0.3196218744186047 0.809470834375 0.3188062511627907 0.8007625
0 0.47712499999999997 0.758897915625 0.44324687441860466 0.755633334375 0.442429688372093 0.765972915625 0.4595734372093023 0.772504165625 0.47712499999999997 0.769783334375 0.47712499999999997 0.758897915625
0 0.4758781255813953 0.788864584375 0.4571031255813953 0.7904958343749999 0.44363437441860465 0.7872312499999999 0.4424093744186046 0.795939584375 0.45628749999999996 0.799204165625 0.4758781255813953 0.797570834375 0.4758781255813953 0.788864584375
0 0.6296656255813953 0.7877270843749999 0.609257811627907 0.7888145843750001 0.5970125 0.7866375 0.5957875 0.794802084375 0.6112984372093022 0.799154165625 0.629257811627907 0.7953458343750001 0.6296656255813953 0.7877270843749999
0 0.629329688372093 0.75673125 0.6097390627906977 0.759452084375 0.5950437488372092 0.7561875 0.5954531255813954 0.769791665625 0.6130031255813954 0.77196875 0.6289218744186046 0.7681604156249999 0.629329688372093 0.75673125
2 0.32278437441860464 0.7121208343750001 0.29584531162790695 0.7137541656249999 0.2811515627906977 0.7121208343750001 0.2811515627906977 0.72355 0.2933968744186047 0.725183334375 0.32482656279069766 0.725183334375 0.32278437441860464 0.7121208343750001
2 0.482832811627907 0.7121291656250001 0.482832811627907 0.702333334375 0.4417437511627907 0.7010791656250001 0.442017188372093 0.709952084375 0.4550781255813953 0.7153937499999999 0.46854687441860465 0.7153937499999999 0.482832811627907 0.7121291656250001
2 0.631795311627907 0.700670834375 0.589925 0.6983583343750001 0.590329688372093 0.715635415625 0.6113859372093023 0.714820834375 0.6334281255813954 0.7110125 0.631795311627907 0.700670834375