2 0.49153437441860465 0.6952520843750001 0.49153437441860465 0.710947915625 0.5332109372093023 0.710522915625 0.533529688372093 0.69313125 0.49153437441860465 0.6952520843750001
2 0.585704688372093 0.49461041562499997 0.5853875 0.510304165625 0.6280187511627907 0.512425 0.6273812488372092 0.49715416562500003 0.585704688372093 0.49461041562499997
2 0.4135890627906977 0.44328124999999996 0.41295156279069767 0.45855208437500006 0.45590156279069766 0.461522915625 0.45685624883720927 0.446252084375 0.4135890627906977 0.44328124999999996
6 0.41772499999999996 0.472127084375 0.4170875 0.48909583437500004 0.4517656255813954 0.491639584375 0.452720311627907 0.475520834375 0.41772499999999996 0.472127084375
6 0.410725 0.557389584375 0.409770311627907 0.5718125 0.452720311627907 0.573510415625 0.45303906279069767 0.56163125 0.410725 0.557389584375
6 0.48930781162790693 0.583266665625 0.48803437441860464 0.596839584375 0.531620311627907 0.59514375 0.531620311627907 0.58156875 0.48930781162790693 0.583266665625
6 0.5837968744186046 0.60829375 0.5834781255813953 0.621866665625 0.6257906255813953 0.6231395843749999 0.6257906255813953 0.6116875 0.5837968744186046 0.60829375
6 0.6229281255813954 0.526 0.5882499999999999 0.527272915625 0.5895234372093023 0.541270834375 0.5885687511627907 0.541695834375 0.6232468744186046 0.540845834375 0.6229281255813954 0.526
0 0.41645156279069767 0.5001249999999999 0.41581562558139534 0.51581875 0.45017500000000005 0.517939584375 0.4508109372093023 0.503941665625 0.41645156279069767 0.5001249999999999
0 0.414542188372093 0.52939375 0.41486093720930234 0.544664584375 0.45017500000000005 0.5472104156250001 0.4504937488372093 0.5336354156249999 0.414542188372093 0.52939375
0 0.494079688372093 0.610414584375 0.49376093720930236 0.6248375 0.5297109372093023 0.6222916656249999 0.5297109372093023 0.608716665625 0.494079688372093 0.610414584375
0 0.494079688372093 0.6371374999999999 0.494079688372093 0.654954165625 0.5287562488372093 0.651985415625 0.529075 0.635016665625 0.494079688372093 0.6371374999999999
0 0.5879312511627907 0.582841665625 0.5876140627906977 0.595566665625 0.622292188372093 0.596839584375 0.622292188372093 0.583266665625 0.5879312511627907 0.582841665625
0 0.5872953116279069 0.551027084375 0.5876140627906977 0.56884375 0.6232468744186046 0.567995834375 0.6229281255813954 0.5514520843749999 0.5872953116279069 0.551027084375
6 0.49439687441860464 0.665983334375 0.494079688372093 0.682527084375 0.5293937511627906 0.679558334375 0.529075 0.66683125 0.49439687441860464 0.665983334375