2 0.4158765627906977 0.352141665625 0.4158765627906977 0.36381874999999997 0.4548359372093023 0.364220834375 0.4548359372093023 0.35254375 0.4158765627906977 0.352141665625
2 0.4733890627906977 0.352227084375 0.472179688372093 0.364710415625 0.5123484372093023 0.36390625 0.5108374999999999 0.353839584375 0.4733890627906977 0.352227084375
2 0.5429234372093024 0.48534166562500003 0.5223875 0.48574375 0.5220843744186047 0.498227084375 0.56195 0.495810415625 0.5628562511627907 0.482925 0.5429234372093024 0.48534166562500003
0 0.41819999999999996 0.409016665625 0.4178968744186047 0.4198875 0.451420311627907 0.42069375000000003 0.4502125 0.408210415625 0.41819999999999996 0.409016665625
0 0.4766781255813954 0.408429165625 0.4763765627906977 0.41930208437500005 0.5083890627906976 0.41930208437500005 0.5080875 0.408429165625 0.4766781255813954 0.408429165625
0 0.41892968837209305 0.43974375 0.418325 0.4502125 0.45064062558139534 0.449408334375 0.45033906279069763 0.44135416562499996 0.41892968837209305 0.43974375
0 0.5246718744186046 0.42877708437499995 0.523767188372093 0.44126041562499996 0.5569875 0.43924583437500003 0.5560812488372093 0.427164584375 0.5246718744186046 0.42877708437499995
0 0.5239953116279069 0.401172915625 0.5236937488372093 0.410435415625 0.555404688372093 0.409629165625 0.5557062511627907 0.40157499999999996 0.5239953116279069 0.401172915625
6 0.419532811627907 0.3820375 0.4192312488372093 0.39250625 0.45033906279069763 0.392908334375 0.449432811627907 0.38123125 0.419532811627907 0.3820375
6 0.4771125 0.38242916562499996 0.47681093720930234 0.39410625 0.5073140627906977 0.39410625 0.5073140627906977 0.382027084375 0.4771125 0.38242916562499996
6 0.518432811627907 0.374779165625 0.518432811627907 0.38283125 0.5595062511627907 0.381220834375 0.557392188372093 0.373166665625 0.518432811627907 0.374779165625
6 0.5431687488372093 0.45786458437500005 0.5274640627906977 0.456254165625 0.5274640627906977 0.469139584375 0.559175 0.46591875 0.559779688372093 0.45826666562499996 0.5431687488372093 0.45786458437500005
6 0.4129656255813954 0.465429165625 0.41266406279069767 0.474689584375 0.4522281255813953 0.47710625 0.45283125116279066 0.46784375 0.4129656255813954 0.465429165625
6 0.47436093720930234 0.46565 0.47405937441860463 0.475716665625 0.5118109372093023 0.475716665625 0.5121125 0.46685625000000003 0.47436093720930234 0.46565
0 0.47648124883720927 0.439522915625 0.4758765627906977 0.44797916562499995 0.5090984372093024 0.44838125 0.5084937488372093 0.441133334375 0.47648124883720927 0.439522915625