2 0.44885312558139534 0.46997916562500003 0.40817187441860464 0.46353125000000006 0.4073187511627907 0.474152084375 0.42239687441860463 0.47680625 0.44913749999999997 0.48173750000000004 0.44885312558139534 0.46997916562500003
2 0.5080656255813953 0.46291874999999993 0.5086343744186047 0.474679165625 0.5493156255813954 0.475058334375 0.5487468744186046 0.46291874999999993 0.5080656255813953 0.46291874999999993
2 0.6060234372093023 0.47464375 0.6057390627906977 0.48678125000000005 0.6467046883720929 0.486402084375 0.6458515627906977 0.473504165625 0.6060234372093023 0.47464375
0 0.41004999999999997 0.5202125 0.4083437488372093 0.5315916656249999 0.43992187441860464 0.538039584375 0.44162812558139536 0.527797915625 0.41004999999999997 0.5202125
0 0.5108874999999999 0.5176999999999999 0.5108874999999999 0.529839584375 0.5430343744186047 0.53135625 0.5421812488372093 0.5192187500000001 0.5108874999999999 0.5176999999999999
0 0.609842188372093 0.5313125000000001 0.6104109372093023 0.544210415625 0.6431265627906977 0.542691665625 0.6431265627906977 0.530933334375 0.609842188372093 0.5313125000000001
0 0.510532811627907 0.5493166656249999 0.510817188372093 0.5576625 0.5421109372093023 0.5599375 0.542395311627907 0.553110415625 0.510532811627907 0.5493166656249999
0 0.6124953116279069 0.561785415625 0.6119265627906977 0.56975 0.6435046883720931 0.5708895843749999 0.6435046883720931 0.562922915625 0.6124953116279069 0.561785415625
0 0.40816406279069767 0.55164375 0.40702656279069765 0.5603687500000001 0.44031093720930237 0.566058334375 0.44031093720930237 0.55885 0.40816406279069767 0.55164375
6 0.41044843720930235 0.49137083437499995 0.40987968837209304 0.505783334375 0.4423109372093023 0.511472915625 0.44316562558139533 0.49971458437500005 0.41044843720930235 0.49137083437499995
6 0.442045311627907 0.5855479156250001 0.40250312558139534 0.5779625 0.402217188372093 0.587825 0.42867500000000003 0.5916166656249999 0.4429 0.591995834375 0.442045311627907 0.5855479156250001
6 0.5462468744186046 0.5845020843750001 0.5468156255813953 0.578433334375 0.5084109372093023 0.574260415625 0.5072718744186047 0.58260625 0.5214968744186046 0.582985415625 0.5377125 0.585639584375 0.5462468744186046 0.5845020843750001
6 0.6470859372093024 0.5896604156249999 0.6354218744186046 0.5896604156249999 0.6203453116279071 0.590797915625 0.6081109372093023 0.587764584375 0.6081109372093023 0.5964875000000001 0.6234734372093023 0.59686875 0.646517188372093 0.597627084375 0.6470859372093024 0.5896604156249999
6 0.510767188372093 0.492947915625 0.510767188372093 0.50356875 0.5434843744186046 0.50356875 0.5434843744186046 0.494085415625 0.510767188372093 0.492947915625
6 0.6098453116279069 0.5017145843749999 0.6098453116279069 0.511577084375 0.6428453116279069 0.512335415625 0.6434140627906977 0.503989584375 0.6098453116279069 0.5017145843749999