2 0.46137343720930235 0.548889584375 0.4616375 0.56510625 0.5049984372093023 0.562285415625 0.504470311627907 0.548183334375 0.46137343720930235 0.548889584375
2 0.5176906255813953 0.658525 0.518482811627907 0.674389584375 0.5610515627906977 0.672627084375 0.5607875 0.656410415625 0.5176906255813953 0.658525
2 0.6215984372093023 0.5252687500000001 0.6218625 0.541485415625 0.6639015627906977 0.541839584375 0.6633734372093024 0.528089584375 0.6215984372093023 0.5252687500000001
6 0.6245062511627907 0.557702084375 0.6253000000000001 0.57391875 0.660729688372093 0.573214584375 0.6602 0.555235415625 0.6245062511627907 0.557702084375
6 0.6234500000000001 0.6426624999999999 0.6237140627906976 0.654647915625 0.6683968744186047 0.654647915625 0.6683968744186047 0.640547915625 0.6234500000000001 0.6426624999999999
6 0.5211281255813953 0.630322915625 0.521392188372093 0.644072915625 0.5565562511627907 0.642310415625 0.5565562511627907 0.6289125 0.5211281255813953 0.630322915625
6 0.46692656279069766 0.663108334375 0.46692656279069766 0.676152084375 0.5108156255813954 0.672275 0.5102875 0.6595833343749999 0.46692656279069766 0.663108334375
6 0.4666609372093023 0.580264584375 0.4677187488372093 0.59471875 0.5031484372093024 0.592602084375 0.5023546883720931 0.576033334375 0.4666609372093023 0.580264584375
6 0.5147812488372093 0.546775 0.5161031255813954 0.559816665625 0.5586718744186047 0.557702084375 0.5586718744186047 0.546775 0.5147812488372093 0.546775
0 0.4687765627906977 0.63490625 0.4693062488372093 0.6497124999999999 0.50685 0.64795 0.5052640627906977 0.634202084375 0.4687765627906977 0.63490625
0 0.46798281162790695 0.60529375 0.4687765627906977 0.619041665625 0.5049984372093023 0.6172791656250001 0.5036765627906976 0.602120834375 0.46798281162790695 0.60529375
0 0.5205984372093023 0.598595834375 0.520070311627907 0.6172791656250001 0.5581437488372093 0.615516665625 0.5570859372093023 0.5968333343750001 0.5205984372093023 0.598595834375
0 0.5190125 0.574622915625 0.5203343744186046 0.587314584375 0.5565562511627907 0.5866104156249999 0.556292188372093 0.57391875 0.5190125 0.574622915625
0 0.6260937488372093 0.584141665625 0.6260937488372093 0.5993 0.6599359372093023 0.59824375 0.6599359372093023 0.5848479156249999 0.6260937488372093 0.584141665625
0 0.6258281255813953 0.615164584375 0.6258281255813953 0.62785625 0.6623156255813953 0.626445834375 0.6623156255813953 0.615870834375 0.6258281255813953 0.615164584375