2 0.455729688372093 0.842477084375 0.43319531162790703 0.843091665625 0.41526093720930235 0.8375729156249999 0.41526093720930235 0.85045 0.43089687441860464 0.8541270843750001 0.455729688372093 0.8535145843749999 0.455729688372093 0.842477084375
2 0.5352859372093023 0.859645834375 0.5159718744186047 0.863325 0.494817188372093 0.8602604156250001 0.49619687441860466 0.8725229156250001 0.5155125 0.8755875 0.5329875000000001 0.873135415625 0.5352859372093023 0.859645834375
2 0.6291 0.6524 0.590470311627907 0.6468812500000001 0.5890906255813954 0.657916665625 0.607945311627907 0.660983334375 0.6295593744186047 0.660983334375 0.6291 0.6524
0 0.45067031162790694 0.8976625 0.43135624883720924 0.8976625 0.4189390627906977 0.893370834375 0.41847968837209304 0.9056333343749999 0.43181562558139536 0.909925 0.45067031162790694 0.909925 0.45067031162790694 0.8976625
0 0.45112968837209305 0.9295458343749999 0.43089687441860464 0.9295458343749999 0.418020311627907 0.9264812499999999 0.41664062558139536 0.936291665625 0.4299765627906977 0.93935625 0.45112968837209305 0.9369041656249999 0.45112968837209305 0.9295458343749999
0 0.532067188372093 0.800170834375 0.5104531255813953 0.802622915625 0.4980375 0.800783334375 0.49849687441860463 0.8124333343749999 0.5136718744186046 0.8154999999999999 0.5325265627906977 0.8124333343749999 0.532067188372093 0.800170834375
0 0.5311468744186046 0.776870834375 0.5086140627906977 0.778095834375 0.49849687441860463 0.774416665625 0.4980375 0.7811625 0.5127531255813954 0.785454165625 0.5311468744186046 0.784227084375 0.5311468744186046 0.776870834375
0 0.6254203116279069 0.703904165625 0.6028875 0.703904165625 0.5927703116279069 0.703904165625 0.5923093744186047 0.714327084375 0.6056453116279069 0.714941665625 0.6249609372093023 0.715554165625 0.6254203116279069 0.703904165625
0 0.6258796883720931 0.737014584375 0.5936890627906977 0.733335415625 0.5923093744186047 0.743145834375 0.6125437511627908 0.742533334375 0.6263406255813952 0.742533334375 0.6258796883720931 0.737014584375
6 0.45204999999999995 0.8719104156249999 0.41985937441860466 0.8676166656250001 0.41985937441860466 0.8792666656250001 0.43181562558139536 0.885397915625 0.4525093744186046 0.8823333343750001 0.45204999999999995 0.8719104156249999
6 0.45618906279069765 0.96204375 0.45435 0.954685415625 0.43825468837209297 0.958977084375 0.41388125116279073 0.952233334375 0.41434062558139534 0.96265625 0.43089687441860464 0.965722915625 0.44285312558139533 0.966947915625 0.45618906279069765 0.96204375
6 0.5329875000000001 0.838185415625 0.531607811627907 0.8345062499999999 0.516892188372093 0.83328125 0.5003359372093024 0.829602084375 0.496657811627907 0.8418645843749999 0.511832811627907 0.844316665625 0.5237890627906977 0.8437041656250001 0.5329875000000001 0.838185415625
6 0.6291 0.7695125 0.627720311627907 0.765220834375 0.611625 0.765833334375 0.5890906255813954 0.7590895843750001 0.5890906255813954 0.770125 0.6051859372093024 0.7713520843749999 0.6185218744186046 0.771964584375 0.6291 0.7695125
6 0.6254203116279069 0.6806041656249999 0.607025 0.679991665625 0.5936890627906977 0.6763125 0.5923093744186047 0.68735 0.6061062511627907 0.690414584375 0.6272593744186047 0.690414584375 0.6254203116279069 0.6806041656249999
6 0.5366656255813954 0.750504165625 0.5132125 0.750504165625 0.49527812558139533 0.748052084375 0.4957375 0.756022915625 0.516892188372093 0.758475 0.5366656255813954 0.7547958343750001 0.5366656255813954 0.750504165625