2 0.42335937441860466 0.37409375 0.42264375116279074 0.38793125 0.464157811627907 0.391747915625 0.46487343720930235 0.376479165625 0.42335937441860466 0.37409375
2 0.5024500000000001 0.396520834375 0.5031656255813953 0.410835415625 0.5446781255813953 0.410835415625 0.5450359372093023 0.394610415625 0.5024500000000001 0.396520834375
2 0.5944218744186046 0.181320834375 0.5937062488372093 0.1961125 0.6373656255813954 0.19754375 0.637007811627907 0.18275208437499998 0.5944218744186046 0.181320834375
6 0.42658124883720927 0.40463125 0.42622343720930234 0.4199 0.4612937511627907 0.42228750000000004 0.4616515627906977 0.4060625 0.42658124883720927 0.40463125
6 0.5071015627906977 0.36741250000000003 0.5063859372093023 0.38172708437499997 0.5421734372093023 0.38220416562500004 0.5411 0.36788958437499997 0.5071015627906977 0.36741250000000003
6 0.5035234372093023 0.28295625 0.5035234372093023 0.294885415625 0.5453937511627908 0.295839584375 0.5453937511627908 0.284864584375 0.5035234372093023 0.28295625
6 0.5933484372093023 0.294408334375 0.5933484372093023 0.30920000000000003 0.6377234372093022 0.308722915625 0.636292188372093 0.295839584375 0.5933484372093023 0.294408334375
6 0.598357811627907 0.211858334375 0.598357811627907 0.22760625 0.634145311627907 0.227127084375 0.634145311627907 0.2128125 0.598357811627907 0.211858334375
0 0.42586562558139535 0.431352084375 0.42550781162790696 0.447097915625 0.4605781255813954 0.448052084375 0.4605781255813954 0.4337375 0.42586562558139535 0.431352084375
0 0.42443437441860465 0.46236875 0.42586562558139535 0.47620625 0.4609359372093023 0.478114584375 0.4612937511627907 0.46284583437500004 0.42443437441860465 0.46236875
0 0.5067437488372093 0.336875 0.5074593744186047 0.35500625 0.5418156255813953 0.355483334375 0.5421734372093023 0.336397915625 0.5067437488372093 0.336875
0 0.508175 0.310154165625 0.5074593744186047 0.32351458437499997 0.543604688372093 0.32351458437499997 0.5425312511627908 0.310154165625 0.508175 0.310154165625
0 0.598 0.238102084375 0.5976421883720929 0.25432708437499996 0.6334296883720931 0.25528125 0.6327140627906976 0.238102084375 0.598 0.238102084375
0 0.5965687511627907 0.271027084375 0.5962109372093023 0.28295625 0.634145311627907 0.28391041562499997 0.6334296883720931 0.27054999999999996 0.5965687511627907 0.271027084375