2 0.374645311627907 0.579879165625 0.374645311627907 0.595204165625 0.41917187441860465 0.595625 0.4191843744186046 0.5810291656250001 0.374645311627907 0.579879165625
2 0.470475 0.5803875 0.4724859372093023 0.5968625000000001 0.514482811627907 0.595802084375 0.514482811627907 0.580979165625 0.470475 0.5803875
2 0.576329688372093 0.575866665625 0.5769046883720931 0.591191665625 0.620042188372093 0.5903104156250001 0.619145311627907 0.574333334375 0.576329688372093 0.575866665625
6 0.47625 0.5501583343750001 0.4762515627906977 0.5654250000000001 0.50985 0.565745834375 0.5110843744186047 0.550097915625 0.47625 0.5501583343750001
6 0.4700109372093023 0.46921875 0.4708718744186047 0.48262916562499997 0.514482811627907 0.48092499999999994 0.5141734372093023 0.468983334375 0.4700109372093023 0.46921875
6 0.5748359372093023 0.465466665625 0.5745484372093023 0.478491665625 0.6194781255813953 0.476395834375 0.618142188372093 0.462952084375 0.5748359372093023 0.465466665625
0 0.6141875 0.489633334375 0.5800156255813954 0.490589584375 0.5803031255813954 0.507447915625 0.5935375 0.506041665625 0.6150718744186047 0.50668125 0.6141875 0.489633334375
6 0.3798390627906976 0.5472166656249999 0.3791234372093023 0.56575625 0.4165609372093023 0.56631875 0.4165609372093023 0.551597915625 0.3798390627906976 0.5472166656249999
0 0.3808640627906977 0.494802084375 0.3808640627906977 0.508979165625 0.4166859372093023 0.5106604156250001 0.4178062511627907 0.49295833437500003 0.3808640627906977 0.494802084375
0 0.3795031255813953 0.5216937500000001 0.3795031255813953 0.5377854156249999 0.4165718744186046 0.5362520843749999 0.416595311627907 0.5227354156249999 0.3795031255813953 0.5216937500000001
0 0.474917188372093 0.525095834375 0.47557187441860466 0.540216665625 0.5108468744186047 0.539339584375 0.509232811627907 0.523745834375 0.474917188372093 0.525095834375
0 0.47436562558139533 0.49689375 0.474645311627907 0.5085124999999999 0.5095406255813953 0.5081 0.509232811627907 0.49657083437500005 0.47436562558139533 0.49689375
6 0.579217188372093 0.54878125 0.5786437488372093 0.563339584375 0.6162859372093024 0.562189584375 0.6137562511627906 0.548875 0.579217188372093 0.54878125
0 0.578542188372093 0.516691665625 0.578829688372093 0.534697915625 0.6153234372093023 0.532783334375 0.6148984372093023 0.516872915625 0.578542188372093 0.516691665625
6 0.42276406279069767 0.4673375 0.3776312511627907 0.46700208437499996 0.3773437488372093 0.479645834375 0.42152968837209304 0.48298333437499996 0.42276406279069767 0.47104166562499994 0.42276406279069767 0.4673375