2 0.4498125 0.493445834375 0.4091312488372093 0.48699791562500006 0.40827812558139537 0.49761875 0.4233562488372093 0.500272915625 0.45009687441860463 0.505204165625 0.4498125 0.493445834375
2 0.5064656255813953 0.48595833437499997 0.5070343744186047 0.49771875000000004 0.5477156255813953 0.498097915625 0.5471468744186047 0.48595833437499997 0.5064656255813953 0.48595833437499997
2 0.6060234372093023 0.497258334375 0.6057390627906977 0.509395834375 0.6467046883720929 0.509016665625 0.6458515627906977 0.49611875000000005 0.6060234372093023 0.497258334375
0 0.41069062558139535 0.543679165625 0.40898437441860463 0.555058334375 0.4405625 0.56150625 0.44226875116279074 0.5512645843749999 0.41069062558139535 0.543679165625
0 0.5099281255813953 0.539460415625 0.5099281255813953 0.5516 0.542075 0.553116665625 0.5412218744186046 0.540979165625 0.5099281255813953 0.539460415625
0 0.608882811627907 0.5543520843749999 0.6094515627906977 0.56725 0.642167188372093 0.56573125 0.642167188372093 0.553972915625 0.608882811627907 0.5543520843749999
0 0.5102125000000001 0.5715041656250001 0.5104968744186047 0.57985 0.5417906255813953 0.582125 0.542075 0.575297915625 0.5102125000000001 0.5715041656250001
0 0.6105750000000001 0.58311875 0.6100062488372093 0.591083334375 0.6415843744186046 0.5922229156250001 0.6415843744186046 0.5842562499999999 0.6105750000000001 0.58311875
0 0.4065640627906976 0.574258334375 0.4054265627906977 0.5829833343749999 0.4387109372093023 0.588672915625 0.4387109372093023 0.581464584375 0.4065640627906976 0.574258334375
6 0.4117281255813953 0.515691665625 0.4111593744186046 0.530104165625 0.44359062558139534 0.5357937500000001 0.44444531162790696 0.524035415625 0.4117281255813953 0.515691665625
6 0.44172500000000003 0.6081624999999999 0.40218281162790703 0.600577084375 0.4018968744186046 0.610439584375 0.42835468837209306 0.61423125 0.44257968837209305 0.614610415625 0.44172500000000003 0.6081624999999999
6 0.5472062488372093 0.608822915625 0.547775 0.6027541656250001 0.509370311627907 0.59858125 0.5082312488372093 0.606927084375 0.5224562511627907 0.6073062499999999 0.5386718744186046 0.609960415625 0.5472062488372093 0.608822915625
6 0.6470859372093024 0.6131270843750001 0.6354218744186046 0.6131270843750001 0.6203453116279071 0.614264584375 0.6081109372093023 0.61123125 0.6081109372093023 0.619954165625 0.6234734372093023 0.6203354156249999 0.646517188372093 0.62109375 0.6470859372093024 0.6131270843750001
6 0.510767188372093 0.5155624999999999 0.510767188372093 0.526183334375 0.5434843744186046 0.526183334375 0.5434843744186046 0.5166999999999999 0.510767188372093 0.5155624999999999
6 0.6098453116279069 0.525608334375 0.6098453116279069 0.535470834375 0.6428453116279069 0.536229165625 0.6434140627906977 0.527883334375 0.6098453116279069 0.525608334375