6 0.42562500000000003 0.46474583437500006 0.42562500000000003 0.48239375000000007 0.459157811627907 0.483179165625 0.4594515627906977 0.46553125 0.42562500000000003 0.46474583437500006
6 0.420625 0.5494583343749999 0.42032968837209306 0.563185415625 0.463275 0.563577084375 0.464157811627907 0.549852084375 0.420625 0.5494583343749999
6 0.5053375 0.428664584375 0.5047499999999999 0.44356666562499997 0.5409281255813954 0.44278333437499995 0.5409281255813954 0.42827291562500003 0.5053375 0.428664584375
6 0.5021015627906976 0.343166665625 0.501807811627907 0.35493333437499996 0.5456359372093024 0.35689375 0.5453406255813953 0.343558334375 0.5021015627906976 0.343166665625
6 0.5918156255813953 0.357677084375 0.5918156255813953 0.37062083437500004 0.636525 0.371404165625 0.6359375 0.35650208437500003 0.5918156255813953 0.357677084375
6 0.5971109372093023 0.27375 0.5974046883720929 0.288652084375 0.6318187488372092 0.28904375 0.6324078116279069 0.27414166562500003 0.5971109372093023 0.27375
0 0.42562500000000003 0.493375 0.42503593720930233 0.507102084375 0.4606281255813954 0.5078875 0.46092187441860466 0.494160415625 0.42562500000000003 0.493375
0 0.424742188372093 0.5216125 0.42385937441860466 0.537302084375 0.46121562558139534 0.538085415625 0.46121562558139534 0.52318125 0.424742188372093 0.5216125
0 0.5047499999999999 0.398466665625 0.5047499999999999 0.414545834375 0.5418109372093023 0.413760415625 0.5418109372093023 0.396504165625 0.5047499999999999 0.398466665625
0 0.5059265627906977 0.370227084375 0.5047499999999999 0.383954165625 0.5412234372093023 0.38434583437500003 0.5412234372093023 0.37062083437500004 0.5059265627906977 0.370227084375
0 0.5965218744186047 0.30041875 0.5974046883720929 0.31610625 0.6327015627906977 0.31688958437500003 0.6327015627906977 0.299241665625 0.5965218744186047 0.30041875
0 0.5968156255813953 0.33140208437499996 0.5971109372093023 0.343166665625 0.6318187488372092 0.343558334375 0.631525 0.329833334375 0.5968156255813953 0.33140208437499996
2 0.5012203116279069 0.458470834375 0.5015140627906977 0.47180625000000004 0.5450468744186047 0.471020834375 0.5447531255813953 0.45690208437499996 0.5012203116279069 0.458470834375
2 0.42238906279069766 0.43415416562500003 0.42238906279069766 0.450235415625 0.46504062558139536 0.452195834375 0.464157811627907 0.437685415625 0.42238906279069766 0.43415416562500003
2 0.5932859372093023 0.242372915625 0.5932859372093023 0.258454165625 0.636525 0.259629165625 0.636525 0.242766665625 0.5932859372093023 0.242372915625