6 0.416892188372093 0.6621166656249999 0.3945343744186046 0.660714584375 0.37612343720930236 0.658960415625 0.3755968744186046 0.667727084375 0.39321874883720925 0.66983125 0.416892188372093 0.66983125 0.416892188372093 0.6621166656249999
6 0.509475 0.660714584375 0.4684437488372093 0.660714584375 0.4684437488372093 0.6691312500000001 0.4905375 0.670533334375 0.509475 0.667727084375 0.509475 0.660714584375
6 0.613895311627907 0.6554541656249999 0.574179688372093 0.655102084375 0.5736531255813954 0.663870834375 0.5910125 0.664220834375 0.6141593744186046 0.6635187499999999 0.613895311627907 0.6554541656249999
6 0.60995 0.740322915625 0.5923281255813954 0.741022915625 0.5775984372093023 0.737866665625 0.5765468744186046 0.750491665625 0.5939062511627907 0.751895834375 0.6107390627906977 0.7462833343749999 0.60995 0.740322915625
6 0.5057937511627907 0.740672915625 0.4879078116279069 0.7424270843749999 0.473442188372093 0.741375 0.4731781255813953 0.751895834375 0.500532811627907 0.752245834375 0.5057937511627907 0.750491665625 0.5057937511627907 0.740672915625
6 0.3984796883720931 0.755402084375 0.40926406279069766 0.754 0.40952656279069766 0.7424270843749999 0.3895375 0.7434791656249999 0.3769125 0.737166665625 0.3769125 0.75084375 0.38453906279069766 0.754 0.39321874883720925 0.75435 0.3984796883720931 0.755402084375
0 0.4116312511627907 0.697185415625 0.412682811627907 0.687366665625 0.38980000000000004 0.686314584375 0.3792796883720931 0.68245625 0.37822656279069766 0.692277084375 0.3819093744186047 0.696133334375 0.39532343720930235 0.69438125 0.4116312511627907 0.697185415625
0 0.410842188372093 0.7168249999999999 0.3926937511627907 0.716125 0.3779640627906977 0.711916665625 0.3774375 0.724891665625 0.38980000000000004 0.727345834375 0.410579688372093 0.728047915625 0.410842188372093 0.7168249999999999
0 0.505529688372093 0.714720834375 0.48422499999999996 0.716475 0.47238906279069764 0.71366875 0.47212656279069765 0.727345834375 0.48764531162790703 0.727345834375 0.5063187488372093 0.725241665625 0.505529688372093 0.714720834375
0 0.5039515627906976 0.6870166656250001 0.47238906279069764 0.686314584375 0.4726531255813954 0.695783334375 0.4894859372093023 0.695783334375 0.505004688372093 0.69438125 0.5039515627906976 0.6870166656250001
0 0.5770718744186046 0.681054165625 0.5770718744186046 0.690522915625 0.6104765627906977 0.691225 0.60995 0.6831583343750001 0.5770718744186046 0.681054165625
0 0.6104765627906977 0.70735625 0.5928531255813954 0.709460415625 0.5770718744186046 0.708058334375 0.5768093744186047 0.720683334375 0.5954843744186047 0.7224375000000001 0.6104765627906977 0.7210333343750001 0.6104765627906977 0.70735625
2 0.4118937511627907 0.7725854156249999 0.3916406255813954 0.7736375 0.37191406279069766 0.767325 0.37165156279069766 0.77925 0.38532812558139534 0.784158334375 0.4116312511627907 0.783808334375 0.4118937511627907 0.7725854156249999
2 0.5110531255813954 0.77013125 0.4905375 0.7736375 0.46975937441860466 0.77013125 0.47002187441860466 0.784158334375 0.4873812488372093 0.7848604156250001 0.5107906255813953 0.78240625 0.5110531255813954 0.77013125
2 0.616 0.768027084375 0.5944312488372093 0.770833334375 0.5739156255813953 0.766272915625 0.5731265627906977 0.77995 0.5965359372093023 0.7796000000000001 0.613370311627907 0.7803020843749999 0.616 0.768027084375