2 0.4184515627906977 0.49510208437500003 0.41959062558139537 0.48296041562500003 0.3994687488372093 0.4809375 0.376642188372093 0.47659375 0.377067188372093 0.484985415625 0.3782062488372093 0.492066665625 0.4059234372093023 0.494089584375 0.4184515627906977 0.49510208437500003
2 0.5148906255813954 0.49358541562499997 0.51565 0.4809375 0.49286874883720927 0.47942083437500005 0.4735062488372093 0.480489584375 0.47426406279069766 0.486502084375 0.4750234372093023 0.494595834375 0.5057781255813953 0.49358541562499997 0.5148906255813954 0.49358541562499997
2 0.6187468744186047 0.49024791562500003 0.6206453116279069 0.486202084375 0.6206453116279069 0.476083334375 0.6028 0.475579165625 0.5787187511627907 0.47714999999999996 0.5785015627906976 0.482154165625 0.5792609372093023 0.490754165625 0.599382811627907 0.48974375 0.6187468744186047 0.49024791562500003
6 0.3837406255813953 0.448202084375 0.38194687441860464 0.46216666562500003 0.41497812558139535 0.46570833437500003 0.41497812558139535 0.4510375 0.3837406255813953 0.448202084375
6 0.47726406279069766 0.449872915625 0.477492188372093 0.462879165625 0.510904688372093 0.46237291562499994 0.5112843744186046 0.44972500000000004 0.47726406279069766 0.449872915625
6 0.5820593744186047 0.448758334375 0.5813484372093023 0.462122915625 0.6155187511627908 0.46060625 0.6158984372093023 0.448970834375 0.5820593744186047 0.448758334375
6 0.4226875 0.36856875 0.398767188372093 0.36755625 0.3795656255813954 0.36525625 0.37978437441860463 0.37716875 0.410917188372093 0.379191665625 0.4226875 0.38020416562500003 0.4226875 0.36856875
6 0.5136843744186046 0.36912708437499997 0.49545937441860466 0.367104165625 0.4730875 0.36915208437499997 0.472679688372093 0.3807625 0.498117188372093 0.379245834375 0.5152031255813954 0.38025625 0.5136843744186046 0.36912708437499997
6 0.620379688372093 0.36468124999999996 0.597220311627907 0.364175 0.5783015627906977 0.36469999999999997 0.5786156255813953 0.376316665625 0.6025359372093024 0.375304165625 0.6215187488372093 0.375304165625 0.620379688372093 0.36468124999999996
0 0.4038093744186047 0.394033334375 0.38332187441860466 0.39253333437500004 0.38368593720930233 0.40465625000000005 0.41785781162790697 0.40667916562500006 0.41899687441860467 0.39605625 0.4038093744186047 0.394033334375
0 0.382904688372093 0.420925 0.3829265627906977 0.43450208437500004 0.41595937441860464 0.43855000000000005 0.415579688372093 0.425902084375 0.382904688372093 0.420925
0 0.49153281162790696 0.395147915625 0.47642812558139536 0.394204165625 0.476725 0.406277084375 0.510517188372093 0.405266665625 0.5101375 0.396160415625 0.49153281162790696 0.395147915625
0 0.47642812558139536 0.423152084375 0.477104688372093 0.436629165625 0.5112765627906977 0.43713541562499997 0.5116562488372093 0.4255 0.47642812558139536 0.423152084375
0 0.5966781255813953 0.392570834375 0.5824765627906977 0.39142083437499997 0.5830109372093023 0.40218125000000005 0.6168015627906976 0.40268750000000003 0.6156625 0.392064584375 0.5966781255813953 0.392570834375
0 0.6069296883720929 0.418875 0.5830109372093023 0.418370834375 0.582895311627907 0.432614584375 0.6156625 0.43253541562500003 0.6149031255813954 0.418370834375 0.6069296883720929 0.418875