6 0.380192188372093 0.32660625 0.3800437511627907 0.339152084375 0.4224859372093023 0.340814584375 0.4234218744186046 0.330004165625 0.380192188372093 0.32660625
6 0.3841687511627907 0.40804999999999997 0.382954688372093 0.42339583437500006 0.4175937511627907 0.42547499999999994 0.41821875116279067 0.412170834375 0.3841687511627907 0.40804999999999997
6 0.47799374883720924 0.410885415625 0.4781062511627907 0.42449583437499994 0.5105609372093023 0.423247915625 0.5105609372093023 0.41243749999999996 0.47799374883720924 0.410885415625
6 0.5839593744186047 0.40804999999999997 0.5829968744186047 0.420875 0.6176359372093023 0.42004374999999994 0.6170125000000001 0.410064584375 0.5839593744186047 0.40804999999999997
6 0.578745311627907 0.324864584375 0.579154688372093 0.336183334375 0.6215953116279069 0.335352084375 0.621282811627907 0.32454166562500003 0.578745311627907 0.324864584375
6 0.47250312558139534 0.328345834375 0.4726390627906976 0.341777084375 0.515392188372093 0.3401125 0.515079688372093 0.328470834375 0.47250312558139534 0.328345834375
0 0.38465312558139536 0.35378125 0.38519062558139533 0.366533334375 0.41733437441860466 0.36778125 0.4185812488372093 0.35655416562500003 0.38465312558139536 0.35378125
0 0.41709687441860466 0.3842375 0.38334843720930234 0.38188125 0.3827687511627907 0.39671249999999997 0.399932811627907 0.397960415625 0.41678437441860466 0.398791665625 0.41709687441860466 0.3842375
0 0.47925468837209306 0.355722915625 0.478942188372093 0.36695 0.512957811627907 0.366533334375 0.512645311627907 0.355722915625 0.47925468837209306 0.355722915625
0 0.583892188372093 0.35076666562500003 0.5838687488372093 0.363827084375 0.617882811627907 0.363827084375 0.617882811627907 0.352183334375 0.583892188372093 0.35076666562500003
0 0.5842359372093023 0.378310415625 0.5835562511627908 0.39223125 0.6160109372093023 0.39223125 0.6166343744186047 0.379341665625 0.5842359372093023 0.378310415625
0 0.47792031162790694 0.385810415625 0.479145311627907 0.398645834375 0.512225 0.398645834375 0.5125359372093024 0.386172915625 0.47792031162790694 0.385810415625
2 0.41884062558139534 0.455004165625 0.4210265627906977 0.442947915625 0.39980468837209304 0.441283334375 0.3775812511627907 0.436329165625 0.3779609372093023 0.441283334375 0.379520311627907 0.4512625 0.400742188372093 0.453341665625 0.41884062558139534 0.455004165625
2 0.515579688372093 0.445585415625 0.515267188372093 0.44018125 0.48905312558139535 0.44018125 0.47359999999999997 0.44191041562500005 0.4740734372093023 0.44808125 0.4753218744186047 0.45431666562500006 0.5146421883720931 0.453485415625 0.515579688372093 0.445585415625
2 0.6206109372093024 0.437947915625 0.6003265627906976 0.43753125 0.5781984372093023 0.43650833437500003 0.579729688372093 0.450420834375 0.6025109372093023 0.4508375 0.6193625 0.44958958437499996 0.6206109372093024 0.437947915625