2 0.41843281162790696 0.6414125 0.4180890627906977 0.655635415625 0.4600687511627907 0.658389584375 0.4600687511627907 0.64233125 0.41843281162790696 0.6414125
2 0.4975765627906977 0.66251875 0.49688906279069767 0.678116665625 0.540245311627907 0.679035415625 0.540245311627907 0.663435415625 0.4975765627906977 0.66251875
2 0.5911734372093023 0.451008334375 0.5918625000000001 0.46477291562499995 0.6341875 0.467066665625 0.6341875 0.451925 0.5911734372093023 0.451008334375
6 0.41705624883720926 0.75565625 0.41705624883720926 0.76804375 0.4600687511627907 0.769420834375 0.4600687511627907 0.75795 0.41705624883720926 0.75565625
6 0.50205 0.632695834375 0.50205 0.646460415625 0.5371484372093023 0.647835415625 0.5357718744186046 0.636366665625 0.50205 0.632695834375
6 0.42152968837209304 0.6703187500000001 0.4211859372093023 0.686377084375 0.457317188372093 0.688210415625 0.45628437441860464 0.6726125 0.42152968837209304 0.6703187500000001
6 0.49688906279069767 0.549652084375 0.49620000000000003 0.5629562499999999 0.5426546883720931 0.5634166656249999 0.541967188372093 0.551945834375 0.49688906279069767 0.549652084375
6 0.5897968744186046 0.5634166656249999 0.5901406255813954 0.576720834375 0.6341875 0.5762625 0.6334984372093023 0.56525 0.5897968744186046 0.5634166656249999
6 0.5949593744186046 0.479454165625 0.5946140627906976 0.49642916562500006 0.6314343744186046 0.495970834375 0.6300578116279071 0.48037083437500006 0.5949593744186046 0.479454165625
0 0.42152968837209304 0.6950937500000001 0.4218734372093023 0.7129875 0.45697187441860465 0.71528125 0.45662812558139537 0.698764584375 0.42152968837209304 0.6950937500000001
0 0.42015312558139534 0.728127084375 0.42015312558139534 0.7428104156249999 0.4552515627906977 0.74464375 0.4542187511627907 0.73225625 0.42015312558139534 0.728127084375
0 0.50205 0.603791665625 0.5017062511627907 0.6207666656249999 0.536804688372093 0.620308334375 0.5364609372093023 0.601495834375 0.50205 0.603791665625
0 0.5013624999999999 0.5771791656249999 0.5013624999999999 0.5914020843750001 0.5371484372093023 0.5918625 0.5371484372093023 0.5762625 0.5013624999999999 0.5771791656249999
0 0.594270311627907 0.506522915625 0.5935828116279069 0.523039584375 0.6293687488372093 0.5216645843750001 0.6279921883720929 0.504229165625 0.594270311627907 0.506522915625
0 0.5939265627906977 0.5358875000000001 0.5932375 0.551027084375 0.6307453116279069 0.5514875 0.6317781255813955 0.5363458343749999 0.5939265627906977 0.5358875000000001