0 0.4392937511627907 0.6655875 0.4220468744186046 0.66449375 0.40647343720930235 0.6593875 0.40603125116279065 0.6727000000000001 0.42615312558139534 0.677077084375 0.43806249999999997 0.67871875 0.4392937511627907 0.6655875
0 0.43806249999999997 0.69568125 0.4220468744186046 0.6945875 0.40421562558139534 0.68949375 0.40356718837209304 0.701152084375 0.4208140627906977 0.7049833343749999 0.43765156279069767 0.706077084375 0.43806249999999997 0.69568125
0 0.5410031255813954 0.6571625 0.5249875 0.659352084375 0.508079688372093 0.655775 0.50815 0.670841665625 0.5212906255813954 0.6724833343750001 0.5401812511627907 0.670841665625 0.5410031255813954 0.6571625
0 0.5395218744186047 0.6901145843750001 0.523095311627907 0.6901145843750001 0.5076281255813954 0.688289584375 0.5054375 0.69886875 0.5185781255813954 0.7010562499999999 0.5407546883720931 0.6999625 0.5395218744186047 0.6901145843750001
0 0.6397437488372093 0.670364584375 0.6192109372093023 0.670910415625 0.6056218744186047 0.6702250000000001 0.6056593744186047 0.6845895843750001 0.626192188372093 0.684041665625 0.6401546883720931 0.683495834375 0.6397437488372093 0.670364584375
0 0.639332811627907 0.699910415625 0.6224968744186047 0.701552084375 0.6056593744186047 0.700458334375 0.6060703116279069 0.710854165625 0.626192188372093 0.7119479156249999 0.6401546883720931 0.710854165625 0.639332811627907 0.699910415625
6 0.6440109372093024 0.727275 0.6234781255813954 0.730010415625 0.6020093744186047 0.727427084375 0.603767188372093 0.7382187499999999 0.6243000000000001 0.7393125 0.6436015627906977 0.737125 0.6440109372093024 0.727275
6 0.6060734372093023 0.641927084375 0.6074624999999999 0.653408334375 0.6403156255813953 0.653408334375 0.6403156255813953 0.642466665625 0.6060734372093023 0.641927084375
6 0.5418281255813954 0.632839584375 0.526632811627907 0.633933334375 0.508079688372093 0.631089584375 0.5093859372093024 0.643783334375 0.5315609372093023 0.643783334375 0.5410062511627907 0.6443291656250001 0.5418281255813954 0.632839584375
6 0.4411640627906977 0.638254165625 0.42432656279069764 0.6366125 0.40782812558139536 0.631691665625 0.4074906255813953 0.646460415625 0.421042188372093 0.650291665625 0.44075312558139534 0.651385415625 0.4411640627906977 0.638254165625
6 0.4404734372093024 0.732539584375 0.44129375116279074 0.721595834375 0.4191187488372093 0.720502084375 0.3978937511627907 0.7165895843750001 0.3994062488372093 0.7281625 0.41706562558139537 0.7314437500000001 0.4330812511627907 0.733085415625 0.4404734372093024 0.732539584375
6 0.5443406255813954 0.7153625 0.522575 0.7153625 0.5017578116279069 0.7129749999999999 0.5032734372093023 0.725210415625 0.5229859372093023 0.726852084375 0.543929688372093 0.726304165625 0.5443406255813954 0.7153625
2 0.44677656279069766 0.6212875 0.44677656279069766 0.608154165625 0.427475 0.6087020843750001 0.40647343720930235 0.6003812500000001 0.40488906279069764 0.605966665625 0.4053 0.61526875 0.4254218744186047 0.619645834375 0.44677656279069766 0.6212875
2 0.5035640627906977 0.601585415625 0.5050906255813953 0.615814584375 0.5461562511627907 0.615814584375 0.5461562511627907 0.601589584375 0.5035640627906977 0.601585415625
2 0.6445656255813954 0.613358334375 0.6015578116279069 0.613025 0.6026781255813953 0.6270374999999999 0.6285499999999999 0.6264916656249999 0.6445656255813954 0.625395834375 0.6445656255813954 0.613358334375