2 0.3855265627906977 0.687979165625 0.3855265627906977 0.703304165625 0.4297781255813954 0.703304165625 0.4300656255813954 0.689127084375 0.3855265627906977 0.687979165625
2 0.49556093720930233 0.7847062499999999 0.4975718744186047 0.80118125 0.5386625 0.7984979156249999 0.5401 0.780875 0.49556093720930233 0.7847062499999999
2 0.6073390627906977 0.653275 0.6079140627906977 0.6686 0.649867188372093 0.667833334375 0.650154688372093 0.651741665625 0.6073390627906977 0.653275
6 0.49842031162790695 0.7580916656250001 0.49870781162790695 0.771502084375 0.5349140627906976 0.7676708343749999 0.5340515627906977 0.7531104156249999 0.49842031162790695 0.7580916656250001
6 0.490982811627907 0.67538125 0.49184531162790696 0.6887916656249999 0.5355218744186047 0.68189375 0.5346593744186047 0.670783334375 0.490982811627907 0.67538125
6 0.6129218744186046 0.76668125 0.6126343744186046 0.77970625 0.6554484372093023 0.779322915625 0.6557359372093023 0.7662979156249999 0.6129218744186046 0.76668125
6 0.6128203116279071 0.680520834375 0.6131062488372093 0.697379165625 0.6478765627906977 0.6966125 0.6478765627906977 0.679370834375 0.6128203116279071 0.680520834375
6 0.390057811627907 0.718714584375 0.39034531162790703 0.732125 0.4256890627906977 0.7305937499999999 0.4254015627906977 0.71565 0.390057811627907 0.718714584375
6 0.38758437441860466 0.802035415625 0.38729687441860466 0.8146791656250001 0.42838750000000003 0.814295834375 0.42924999999999996 0.8005020843749999 0.38758437441860466 0.802035415625
0 0.3903437511627907 0.744591665625 0.3903437511627907 0.75876875 0.4256875 0.7583854156250001 0.42626250000000004 0.744208334375 0.3903437511627907 0.744591665625
0 0.389582811627907 0.7732833343750001 0.389582811627907 0.7893749999999999 0.42665 0.787841665625 0.42693749999999997 0.774814584375 0.389582811627907 0.7732833343750001
0 0.498675 0.72638125 0.4995375 0.745920834375 0.5354562511627907 0.738641665625 0.533157811627907 0.721783334375 0.498675 0.72638125
0 0.4954265627906977 0.7028770843750001 0.49657500000000004 0.716670834375 0.5324937488372092 0.712839584375 0.531345311627907 0.6986625 0.4954265627906977 0.7028770843750001
0 0.614525 0.7383729156250001 0.61395 0.7529312499999999 0.651592188372093 0.75178125 0.651592188372093 0.7383729156250001 0.614525 0.7383729156250001
0 0.6126656255813954 0.706795834375 0.6129531255813954 0.7248041656249999 0.6494468744186047 0.7228875 0.6485843744186046 0.7075625 0.6126656255813954 0.706795834375