2 0.41321562558139535 0.5167937499999999 0.41321562558139535 0.528470834375 0.452175 0.5288729156249999 0.452175 0.517195834375 0.41321562558139535 0.5167937499999999
2 0.4707281255813954 0.516879165625 0.46951875116279074 0.5293625 0.5096875 0.528558334375 0.5081765627906977 0.518491665625 0.4707281255813954 0.516879165625
2 0.5407937511627907 0.6499937499999999 0.520257811627907 0.650395834375 0.519954688372093 0.6628791656249999 0.559820311627907 0.6604625000000001 0.5607265627906977 0.6475770843750001 0.5407937511627907 0.6499937499999999
0 0.41660312558139534 0.574377084375 0.41629999999999995 0.585247915625 0.44982343720930235 0.586054165625 0.44861562558139534 0.573570834375 0.41660312558139534 0.574377084375
0 0.4745484372093023 0.57308125 0.47424687441860464 0.583954165625 0.5062593744186047 0.583954165625 0.505957811627907 0.57308125 0.4745484372093023 0.57308125
0 0.41679999999999995 0.603685415625 0.416195311627907 0.614154165625 0.4485109372093023 0.61335 0.44820937441860464 0.605295834375 0.41679999999999995 0.603685415625
0 0.4743515627906977 0.604175 0.47374687441860464 0.61263125 0.5069687488372093 0.6130333343750001 0.5063640627906977 0.605785415625 0.4743515627906977 0.604175
0 0.522542188372093 0.592008334375 0.5216375 0.604491665625 0.554857811627907 0.602477084375 0.5539515627906977 0.590395834375 0.522542188372093 0.592008334375
0 0.5213343744186046 0.5651145843750001 0.5210328116279069 0.574377084375 0.5527437488372093 0.573570834375 0.5530453116279069 0.5655166656249999 0.5213343744186046 0.5651145843750001
6 0.4174031255813953 0.5473979156250001 0.41710156279069766 0.557866665625 0.44820937441860464 0.55826875 0.44730312558139534 0.5465916656250001 0.4174031255813953 0.5473979156250001
6 0.4739187488372093 0.54708125 0.47361718837209305 0.558758334375 0.504120311627907 0.558758334375 0.504120311627907 0.546679165625 0.4739187488372093 0.54708125
6 0.5173687488372093 0.53943125 0.5173687488372093 0.5474833343750001 0.558442188372093 0.5458729156250001 0.5563281255813953 0.53781875 0.5173687488372093 0.53943125
6 0.5383781255813953 0.62180625 0.5226734372093024 0.620195834375 0.5226734372093024 0.63308125 0.5543843744186047 0.629860415625 0.5549890627906977 0.622208334375 0.5383781255813953 0.62180625
6 0.4119015627906977 0.629370834375 0.4116 0.63863125 0.4511640627906977 0.641047915625 0.45176718837209306 0.631785415625 0.4119015627906977 0.629370834375
6 0.47169999999999995 0.62888125 0.4713984372093023 0.638947915625 0.50915 0.638947915625 0.5094515627906977 0.6300874999999999 0.47169999999999995 0.62888125