6 0.26853437441860467 0.52315 0.26997343720930234 0.514510415625 0.24981562558139536 0.510670834375 0.23217812558139536 0.502510415625 0.22929843720930232 0.5097104156250001 0.24801562558139537 0.519310415625 0.26853437441860467 0.52315
6 0.26025468837209303 0.550027084375 0.260975 0.540427084375 0.24549687441860463 0.5365875 0.23001718837209303 0.5293895843749999 0.22785781162790697 0.540908334375 0.24369687441860463 0.5485875 0.26025468837209303 0.550027084375
6 0.4006406255813953 0.573064584375 0.39776093720930233 0.562025 0.38192343720930233 0.576425 0.368604688372093 0.58314375 0.3725640627906977 0.593702084375 0.38732187441860466 0.584104165625 0.4006406255813953 0.573064584375
6 0.412520311627907 0.5965812500000001 0.411079688372093 0.586022915625 0.3930812488372093 0.6018625 0.3761640627906977 0.6119416656250001 0.37832343720930234 0.6201 0.3959609372093023 0.610020834375 0.412520311627907 0.5965812500000001
6 0.5226687488372093 0.559145834375 0.520870311627907 0.55050625 0.5014312488372092 0.568745834375 0.4863125 0.581222915625 0.490992188372093 0.58794375 0.5071906255813954 0.57354375 0.5226687488372093 0.559145834375
6 0.51835 0.59898125 0.5309484372093023 0.58794375 0.5277093744186047 0.580264584375 0.513670311627907 0.590822915625 0.5007109372093023 0.600902084375 0.5007109372093023 0.603302084375 0.5043109372093023 0.609060415625 0.51835 0.59898125
0 0.25616093720930233 0.5772645843750001 0.257604688372093 0.562816665625 0.245329688372093 0.56378125 0.22573437441860467 0.554535415625 0.22342812558139535 0.569239584375 0.24147968837209302 0.575339584375 0.25616093720930233 0.5772645843750001
0 0.2547156255813954 0.587539584375 0.2369062488372093 0.583364584375 0.2217437488372093 0.575339584375 0.21957656279069768 0.588502084375 0.23594374883720928 0.5946020843750001 0.2527906255813953 0.6013437500000001 0.2547156255813954 0.587539584375
2 0.23425937441860467 0.627670834375 0.2511062488372093 0.629595834375 0.2515875 0.622533334375 0.22631562558139534 0.616433334375 0.21068906279069768 0.6070916656249999 0.21067187441860463 0.619002084375 0.2217437488372093 0.6247812500000001 0.23425937441860467 0.627670834375
2 0.36418437441860463 0.49444166562499997 0.3487812488372093 0.50535625 0.3408390627906977 0.507925 0.341079688372093 0.52173125 0.343967188372093 0.52173125 0.366592188372093 0.507925 0.37934843720930234 0.4966875 0.37549687441860463 0.48705625 0.36418437441860463 0.49444166562499997
2 0.5543343744186047 0.648702084375 0.5312296883720931 0.6682875 0.5252125 0.673422915625 0.5281 0.678560415625 0.5521687488372092 0.6592979156250001 0.560592188372093 0.6531979156250001 0.560832811627907 0.64228125 0.5543343744186047 0.648702084375
0 0.5367640627906977 0.60215 0.508604688372093 0.622054165625 0.5131781255813953 0.63265 0.5225640627906977 0.6230187500000001 0.5398937488372093 0.610497915625 0.5367640627906977 0.60215
0 0.548317188372093 0.6262291656250001 0.5451890627906977 0.6210916656250001 0.5285812488372094 0.636822915625 0.5167031255813953 0.6391875 0.5216015627906977 0.6519125 0.537004688372093 0.640033334375 0.548317188372093 0.6262291656250001
0 0.37416249999999995 0.549341665625 0.35996249999999996 0.557045834375 0.363545311627907 0.568979165625 0.3876406255813954 0.554477084375 0.392454688372093 0.548377084375 0.3888437511627907 0.537141665625 0.37416249999999995 0.549341665625
0 0.382104688372093 0.5191625 0.368867188372093 0.5297562499999999 0.35421718837209304 0.537283334375 0.3573156255813954 0.5506249999999999 0.3744031255813954 0.537783334375 0.3861968744186047 0.52783125 0.382104688372093 0.5191625