6 0.7303515627906977 0.403639584375 0.7168109372093023 0.398479165625 0.713117188372093 0.41185 0.7249 0.41114791562499997 0.7430140627906976 0.4271 0.746179688372093 0.41701249999999995 0.7303515627906977 0.403639584375
6 0.7384421883720931 0.45618749999999997 0.741079688372093 0.446570834375 0.7169859372093023 0.4271 0.7047062488372093 0.421904165625 0.7025656255813955 0.43061875 0.7266593744186046 0.44563125000000003 0.7384421883720931 0.45618749999999997
6 0.5910578116279069 0.326495834375 0.5933437488372093 0.314297915625 0.5738234372093023 0.30491458437499996 0.5643265627906977 0.300222915625 0.5611609372093024 0.310310415625 0.575757811627907 0.31758125000000004 0.5910578116279069 0.326495834375
6 0.5829687511627907 0.27676249999999997 0.565557811627907 0.271133334375 0.5625687488372093 0.279579165625 0.563975 0.281220834375 0.5787468744186046 0.2859125 0.600729688372093 0.298345834375 0.6035437488372094 0.28919583437499996 0.5829687511627907 0.27676249999999997
6 0.4292 0.18507708437499998 0.4413343744186047 0.196104165625 0.442917188372093 0.182497915625 0.4182968744186047 0.1681875 0.4073937511627907 0.159741665625 0.40246874883720934 0.1712375 0.4102062488372093 0.173583334375 0.4292 0.18507708437499998
6 0.44432343720930234 0.16419999999999998 0.4467859372093023 0.15246875 0.43043125116279074 0.14097500000000002 0.417125 0.1357875 0.415482811627907 0.1449625 0.42832031162790696 0.152235415625 0.44432343720930234 0.16419999999999998
2 0.471395311627907 0.078770834375 0.457242188372093 0.06851458437499999 0.45170312558139536 0.062770834375 0.4350875 0.057847915625 0.4335484372093023 0.068104165625 0.446779688372093 0.072616665625 0.45847187441860465 0.080822915625 0.4704734372093023 0.090258334375 0.471395311627907 0.078770834375
0 0.458779688372093 0.118566665625 0.4600109372093023 0.107489584375 0.4449343744186046 0.101335415625 0.431395311627907 0.090258334375 0.42801093720930233 0.10051458437500001 0.4480109372093023 0.10831041562499999 0.458779688372093 0.118566665625
0 0.4529343744186047 0.138260415625 0.4541640627906977 0.12759375 0.4400109372093023 0.11815625 0.4252406255813953 0.11282291562499999 0.42031718837209303 0.12184999999999999 0.4363187511627907 0.129233334375 0.4529343744186047 0.138260415625
0 0.5886296883720931 0.340110415625 0.5606281255813954 0.326572915625 0.5563218744186046 0.336008334375 0.5855531255813954 0.349547915625 0.5886296883720931 0.340110415625
0 0.5840140627906977 0.36103333437499996 0.5557062511627907 0.347495834375 0.5520140627906976 0.357341665625 0.5818609372093023 0.37211249999999996 0.5840140627906977 0.36103333437499996
2 0.5815531255813954 0.39590625 0.544320311627907 0.378264584375 0.5415515627906977 0.387702084375 0.5775531255813954 0.40534375 0.5815531255813954 0.39590625
2 0.76925 0.3557 0.7741718744186047 0.343804165625 0.754479688372093 0.32944375 0.7387875 0.323289584375 0.7326328116279069 0.33190624999999996 0.7498640627906977 0.340520834375 0.76925 0.3557
0 0.7560187488372092 0.380727084375 0.7612484372093024 0.37334166562500004 0.7474031255813954 0.36267499999999997 0.7307875 0.35488125 0.726479688372093 0.365958334375 0.7418640627906977 0.36965 0.7560187488372092 0.380727084375
0 0.7504796883720931 0.40247083437500003 0.7541718744186047 0.39344583437499997 0.7415562511627907 0.38277916562500003 0.7258640627906977 0.374572915625 0.7218640627906977 0.386060415625 0.7366328116279071 0.390983334375 0.7504796883720931 0.40247083437500003