6 0.49279218837209304 0.4444375 0.492432811627907 0.435797915625 0.470475 0.445877084375 0.4528359372093023 0.45163541562500004 0.4535562511627907 0.45979583437500005 0.472275 0.45355625 0.49279218837209304 0.4444375
6 0.49315156279069766 0.477072915625 0.492432811627907 0.46747500000000003 0.47731406279069766 0.473233334375 0.4629156255813954 0.476114584375 0.463275 0.487633334375 0.47803437441860464 0.482354165625 0.49315156279069766 0.477072915625
6 0.6216593744186046 0.42955833437499996 0.6220203116279069 0.417560415625 0.6011421883720931 0.42140000000000005 0.5820640627906977 0.425239584375 0.5831437488372093 0.434358334375 0.6007812511627907 0.431479165625 0.6216593744186046 0.42955833437499996
6 0.6209406255813953 0.45835625 0.620579688372093 0.448277084375 0.6054609372093024 0.45115625000000004 0.5892625 0.452595834375 0.5889031255813953 0.46267500000000006 0.6051015627906977 0.45979583437500005 0.6209406255813953 0.45835625
6 0.7649265627906977 0.523629165625 0.7652859372093023 0.514510415625 0.7487281255813955 0.516429165625 0.7343296883720931 0.517870834375 0.7332484372093023 0.527947915625 0.748367188372093 0.526508334375 0.7649265627906977 0.523629165625
6 0.769245311627907 0.5543458343750001 0.7699656255813954 0.5437875 0.7501671883720931 0.547147915625 0.7307296883720931 0.5485875 0.7300093744186046 0.558185415625 0.7494468744186047 0.556745834375 0.769245311627907 0.5543458343750001
0 0.498370311627907 0.49086875 0.48254218837209306 0.49532499999999996 0.4660109372093023 0.501658334375 0.467067188372093 0.5084625 0.4690125 0.513366665625 0.4802562488372093 0.509166665625 0.48588437441860466 0.5054125 0.49854531162790694 0.504475 0.498370311627907 0.49086875
0 0.5006562511627907 0.524179165625 0.5006562511627907 0.5133875 0.48623593720930236 0.51995625 0.4696718744186047 0.522747915625 0.470232811627907 0.5342666656249999 0.492567188372093 0.529810415625 0.5006562511627907 0.524179165625
2 0.5098015627906977 0.557727084375 0.5103281255813953 0.545995834375 0.4929187511627907 0.5499854156249999 0.4712875 0.5558500000000001 0.4723421883720931 0.567110415625 0.4999531255813954 0.557960415625 0.5098015627906977 0.557727084375
2 0.6145812488372093 0.537154165625 0.6316406255813954 0.5390312500000001 0.631992188372093 0.527535415625 0.6214406255813953 0.528239584375 0.6094812488372092 0.531525 0.5921359372093022 0.5327145843750001 0.5924234372093024 0.54114375 0.601392188372093 0.5395 0.6145812488372093 0.537154165625
0 0.6231984372093023 0.486014584375 0.6231984372093023 0.47451875 0.6117687511627907 0.47756875 0.5912562488372093 0.476722915625 0.5915437511627907 0.48859375 0.613175 0.48765625 0.6231984372093023 0.486014584375
0 0.6256609372093023 0.506658334375 0.6251343744186046 0.49610208437500003 0.6086031255813953 0.5007937499999999 0.5921359372093022 0.5007604156250001 0.593829688372093 0.51181875 0.6119437488372093 0.50783125 0.6256609372093023 0.506658334375
0 0.7626781255813954 0.46666458437499997 0.731375 0.4678375 0.7319015627906976 0.480270834375 0.7628531255813953 0.47839375000000006 0.7626781255813954 0.46666458437499997
0 0.7640843744186047 0.498804165625 0.7642609372093023 0.488716665625 0.7317499999999999 0.4910875 0.7320781255813953 0.5002125000000001 0.7436843744186047 0.500445834375 0.7640843744186047 0.498804165625
2 0.740870311627907 0.43335416562500007 0.724867188372093 0.434291665625 0.7257468744186046 0.43968749999999995 0.7262531255813953 0.44711458437499996 0.7457953116279069 0.44578749999999995 0.7660187488372093 0.444614584375 0.7653156255813953 0.43335416562500007 0.740870311627907 0.43335416562500007