6 0.8422593744186047 0.37722500000000003 0.8425093744186046 0.38323333437499996 0.8652875 0.387908334375 0.8758 0.392583334375 0.8747984372093023 0.377891665625 0.8422593744186047 0.37722500000000003
6 0.879054688372093 0.41896041562499997 0.8783031255813953 0.40694166562499995 0.8542734372093024 0.407608334375 0.8384140627906977 0.40898333437499995 0.8370031255813953 0.416958334375 0.8607812511627907 0.416622915625 0.879054688372093 0.41896041562499997
6 0.6296859372093023 0.34765 0.6565656255813953 0.37296874999999996 0.6605703116279069 0.363954165625 0.6352906255813953 0.337577084375 0.6296859372093023 0.34765
6 0.6365421883720931 0.321883334375 0.6718343744186046 0.35093125000000003 0.6747484372093022 0.34389375 0.6585687488372094 0.325889584375 0.6412968744186046 0.311533334375 0.6365421883720931 0.321883334375
6 0.47288437441860465 0.379375 0.46090000000000003 0.372779165625 0.4601984372093023 0.38181875 0.4753562511627907 0.390285415625 0.4905734372093023 0.39840624999999996 0.4928562511627907 0.389016665625 0.47288437441860465 0.379375
6 0.48695937441860465 0.427077084375 0.48924218837209305 0.417689584375 0.46660624883720936 0.40652499999999997 0.45235156279069766 0.39862291562499996 0.44948750000000004 0.408554165625 0.47174218837209303 0.420227084375 0.48695937441860465 0.427077084375
2 0.5129484372093023 0.32304374999999996 0.5140015627906976 0.31789999999999996 0.503470311627907 0.31088333437500004 0.49188593720930235 0.30620625 0.47792812558139536 0.29498125000000003 0.47292968837209304 0.304804165625 0.48240781162790697 0.30948125000000004 0.49679999999999996 0.31415833437499996 0.5129484372093023 0.32304374999999996
2 0.6298531255813953 0.44598541562499994 0.6340656255813953 0.434760415625 0.6210765627906977 0.42166458437500004 0.6000156255813953 0.40342291562500004 0.5958031255813953 0.41558333437500006 0.6098437511627908 0.427277084375 0.6224812488372093 0.43943750000000004 0.6298531255813953 0.44598541562499994
2 0.8700562511627907 0.303835415625 0.8840968744186046 0.307577084375 0.8840968744186046 0.298222915625 0.8672484372093023 0.296820834375 0.8438718744186047 0.29240625 0.8419734372093024 0.296352084375 0.842325 0.30336875 0.8549609372093023 0.30336875 0.8700562511627907 0.303835415625
0 0.878129688372093 0.327220834375 0.8626843744186046 0.32581875 0.845132811627907 0.324883334375 0.8454843744186047 0.338445834375 0.859525 0.338914584375 0.878129688372093 0.341720834375 0.878129688372093 0.327220834375
0 0.876375 0.352010415625 0.8672484372093023 0.35060625 0.8446437511627908 0.347479165625 0.844079688372093 0.361364584375 0.8647906255813953 0.361364584375 0.8770765627906977 0.36370208437499996 0.876375 0.352010415625
0 0.6479671883720931 0.39495 0.6532328116279069 0.38653125 0.6363843744186046 0.372966665625 0.6242281255813953 0.36086041562500004 0.6205875 0.370629165625 0.6293625 0.379047915625 0.6441062511627907 0.390739584375 0.6479671883720931 0.39495
0 0.6437562511627907 0.4029 0.6269062511627906 0.38980416562500003 0.6167265627906977 0.379983334375 0.6126484372093023 0.387625 0.6276078116279069 0.40196458437500004 0.6384906255813954 0.412722915625 0.6437562511627907 0.4029
0 0.503704688372093 0.34437916562500004 0.492120311627907 0.335960415625 0.47252343720930234 0.326891665625 0.47105781162790694 0.33689583437500004 0.4882593744186046 0.34110625 0.5012468744186047 0.35279791562499996 0.503704688372093 0.34437916562500004
0 0.4984390627906977 0.364022915625 0.4879078116279069 0.359345834375 0.4678984372093023 0.34765416562499996 0.4659625 0.35674375 0.4851 0.368233334375 0.496682811627907 0.37711875 0.4984390627906977 0.364022915625