6 0.497982811627907 0.26536875000000004 0.502154688372093 0.277608334375 0.5315703116279069 0.2539625 0.5267734372093023 0.24255833437500002 0.497982811627907 0.26536875000000004
6 0.48421406279069773 0.243114584375 0.4888031255813953 0.253129165625 0.5251031255813954 0.22364375 0.5203046883720931 0.21502083437500003 0.48421406279069773 0.243114584375
6 0.6528718744186047 0.138147915625 0.6548343744186046 0.149797915625 0.6869343744186046 0.13553125 0.6839015627906977 0.122454165625 0.6528718744186047 0.138147915625
6 0.6437781255813954 0.109377084375 0.6462734372093023 0.119125 0.6849718744186047 0.104620834375 0.6826531255813953 0.092970834375 0.6437781255813954 0.109377084375
6 0.781092188372093 0.164064584375 0.781092188372093 0.17714375 0.8226437488372093 0.176904165625 0.8217531255813953 0.1626375 0.781092188372093 0.164064584375
6 0.786620311627907 0.13458125 0.7869781255813953 0.146945834375 0.8181859372093023 0.148133334375 0.817829688372093 0.13481875000000001 0.786620311627907 0.13458125
0 0.5074890627906976 0.288927084375 0.510545311627907 0.300810415625 0.5416109372093023 0.2780625 0.5367718744186046 0.264141665625 0.5074890627906976 0.288927084375
0 0.5143640627906977 0.3096375 0.5197109372093024 0.32118125000000003 0.5510312511627906 0.296395834375 0.5431375 0.284172915625 0.5143640627906977 0.3096375
2 0.5220031255813954 0.34019374999999996 0.5304062488372093 0.35207708437499996 0.5642734372093023 0.32389583437499997 0.5584156255813953 0.307939584375 0.5220031255813954 0.34019374999999996
2 0.6633265627906976 0.2149125 0.6666359372093024 0.2295125 0.7066140627906976 0.21593125 0.7043218744186046 0.200652084375 0.6633265627906976 0.2149125
2 0.7837687511627907 0.047870834375 0.783004688372093 0.065527084375 0.8262937488372093 0.066545834375 0.825020311627907 0.050587499999999994 0.7837687511627907 0.047870834375
0 0.7863156255813953 0.084539584375 0.7863156255813953 0.099816665625 0.8204359372093024 0.099816665625 0.8191625 0.08521875 0.7863156255813953 0.084539584375
0 0.786570311627907 0.10762708437499999 0.7858062488372093 0.121545834375 0.8201812511627906 0.119847915625 0.8196718744186047 0.10694791562499999 0.786570311627907 0.10762708437499999
0 0.6577234372093024 0.162966665625 0.660525 0.1768875 0.6918453116279071 0.161947915625 0.6890437511627907 0.146670834375 0.6577234372093024 0.162966665625
0 0.6617984372093023 0.1813 0.6643453116279069 0.196579165625 0.6951562511627907 0.18231875 0.6931187511627908 0.16975625 0.6617984372093023 0.1813