6 0.268254688372093 0.30005000000000004 0.2702015627906977 0.29070625 0.24917656279069766 0.2834375 0.22970937441860464 0.277208334375 0.22737343720930234 0.284995834375 0.24645156279069766 0.2922625 0.268254688372093 0.30005000000000004
6 0.2589093744186046 0.329639584375 0.2608562511627907 0.3187375 0.24567187441860466 0.3099125 0.22815156279069768 0.304722915625 0.22581562558139534 0.315104165625 0.24177968837209302 0.32392916562499996 0.2589093744186046 0.329639584375
6 0.4002390627906977 0.3519625 0.39673593720930234 0.341060415625 0.382720311627907 0.3540375 0.367925 0.36130625 0.37103906279069765 0.372208334375 0.38661249999999997 0.363902084375 0.4002390627906977 0.3519625
6 0.4107515627906977 0.374802084375 0.4095843744186047 0.366497915625 0.39284218837209306 0.379475 0.3737640627906977 0.39297291562500003 0.3761015627906977 0.40023958437499996 0.39556718837209304 0.3883 0.4107515627906977 0.374802084375
6 0.52405 0.337427084375 0.5217140627906977 0.328602084375 0.5034140627906977 0.34365625 0.4874515627906977 0.358710415625 0.49212343720930235 0.367016665625 0.5076968744186047 0.350404165625 0.52405 0.337427084375
6 0.5329359372093023 0.367597915625 0.5289359372093023 0.357341665625 0.5135515627906977 0.368829165625 0.5009343744186047 0.380727084375 0.5049359372093023 0.38852291562499996 0.5172437511627908 0.376214584375 0.5329359372093023 0.367597915625
0 0.25536562558139536 0.35545625 0.25736875116279073 0.342395834375 0.24624218837209302 0.33883333437499996 0.22443593720930233 0.33111666562500003 0.22198749999999998 0.345364584375 0.2377875 0.348629165625 0.25536562558139536 0.35545625
0 0.2506937488372093 0.378608334375 0.2533640627906977 0.364658334375 0.2198312511627907 0.35245833437499996 0.21864999999999998 0.366439584375 0.2337812488372093 0.37029791562500003 0.2506937488372093 0.378608334375
2 0.250470311627907 0.407104165625 0.25091562558139535 0.39879375 0.23533906279069766 0.393154165625 0.21108437441860467 0.384841665625 0.20930468837209304 0.397308334375 0.23222343720930233 0.403839584375 0.250470311627907 0.407104165625
2 0.36274218837209304 0.284822915625 0.3780968744186047 0.275620834375 0.3732015627906977 0.263747915625 0.363632811627907 0.27354375000000003 0.3408468744186046 0.28754583437500003 0.3407125 0.29224375 0.3431609372093023 0.299664584375 0.36274218837209304 0.284822915625
0 0.38299218837209303 0.297585415625 0.37075312558139534 0.304710415625 0.35364531162790697 0.31758958437499996 0.35517656279069765 0.32964375 0.3843265627906977 0.31153749999999997 0.38299218837209303 0.297585415625
0 0.391670311627907 0.32726875 0.38810937441860466 0.31688125 0.36032187441860464 0.337620834375 0.36274218837209304 0.35071875 0.3734234372093023 0.342408334375 0.391670311627907 0.32726875
0 0.5423437511627907 0.3899 0.5381156255813954 0.3792125 0.5087421883720931 0.401475 0.5138609372093024 0.410975 0.5285468744186047 0.399991665625 0.5423437511627907 0.3899
0 0.547242188372093 0.399972915625 0.5176468744186047 0.42074999999999996 0.523432811627907 0.43084375 0.5367843744186047 0.418079165625 0.550357811627907 0.409470834375 0.547242188372093 0.399972915625
2 0.564154688372093 0.43173333437499994 0.5634859372093024 0.425795834375 0.5563656255813954 0.42609375 0.5403437511627907 0.44063749999999996 0.5261265627906977 0.45483333437500006 0.5292187511627907 0.46022916562500005 0.5543625 0.43559166562499996 0.564154688372093 0.43173333437499994