6 0.4318625 0.30345208437500004 0.41521718837209304 0.296766665625 0.40122343720930237 0.285227084375 0.396975 0.294639584375 0.4129375 0.30679375000000003 0.428670311627907 0.314691665625 0.4318625 0.30345208437500004
6 0.6654390627906978 0.33418749999999997 0.669770311627907 0.326289584375 0.6570015627906977 0.31292083437499996 0.6462843744186046 0.306845834375 0.6319125 0.2972625 0.6287265627906976 0.30593333437500003 0.644004688372093 0.315352084375 0.6540375 0.3241625 0.6654390627906978 0.33418749999999997
6 0.6576859372093024 0.349379165625 0.6451437488372093 0.339960415625 0.6274 0.326683334375 0.6232546883720931 0.335708334375 0.6392156255813954 0.3460375 0.6528968744186047 0.358189584375 0.6576859372093024 0.349379165625
6 0.8464781255813953 0.5291479156250001 0.8494437488372093 0.520033334375 0.8384984372093023 0.513958334375 0.830745311627907 0.5103125000000001 0.8099437511627907 0.49719166562500006 0.8063468744186046 0.509095834375 0.8216234372093023 0.51486875 0.8378140627906976 0.523072915625 0.8464781255813953 0.5291479156250001
6 0.8528640627906976 0.48995625 0.8412343744186046 0.482360415625 0.821979688372093 0.47145000000000004 0.8182031255813953 0.48357708437499997 0.8366734372093024 0.491475 0.8492156255813953 0.49967916562500003 0.8528640627906976 0.48995625
6 0.43117968837209303 0.285222915625 0.4409843744186046 0.289170834375 0.44189531162790696 0.280360415625 0.4225140627906977 0.26911874999999996 0.40398281162790695 0.256139584375 0.4031312511627907 0.261220834375 0.4026765627906977 0.26608125 0.41795312558139536 0.27610833437500004 0.43117968837209303 0.285222915625
0 0.40983124883720934 0.336108334375 0.4197484372093023 0.340879165625 0.4236515627906977 0.328083334375 0.41096874883720935 0.32244375000000003 0.393582811627907 0.30984791562499997 0.392107811627907 0.311597915625 0.391132811627907 0.320925 0.40983124883720934 0.336108334375
0 0.41796093720930233 0.34781875 0.406417188372093 0.343697915625 0.38850156279069764 0.331258334375 0.3843031255813954 0.341529165625 0.39649843720930233 0.348470834375 0.41535937441860465 0.361483334375 0.41796093720930233 0.34781875
2 0.3843031255813954 0.37991874999999997 0.3976359372093023 0.387727084375 0.4095062511627907 0.390764584375 0.412920311627907 0.37991874999999997 0.40446562558139537 0.377966665625 0.3882062488372093 0.368425 0.3752890627906977 0.35755 0.37308437441860465 0.36321875000000003 0.37373437441860463 0.371460415625 0.3843031255813954 0.37991874999999997
2 0.6250234372093024 0.42518124999999996 0.6316906255813953 0.433639584375 0.6362437488372094 0.4243125 0.6155937488372093 0.409347915625 0.5986890627906978 0.3976625 0.5967328116279069 0.405877084375 0.6100656255813953 0.413033334375 0.6250234372093024 0.42518124999999996
0 0.6209593744186047 0.3792 0.612104688372093 0.37137291562499997 0.6105531255813954 0.38266875 0.6381937511627908 0.40132291562500005 0.640795311627907 0.39242916562499996 0.6209593744186047 0.3792
0 0.6157562511627908 0.359895834375 0.6255125 0.366402084375 0.6435593744186047 0.382885415625 0.6473 0.37290833437500004 0.6310406255813953 0.358377084375 0.6199843744186047 0.34991875 0.6157562511627908 0.359895834375
0 0.8559031255813954 0.47580833437500003 0.8586671883720931 0.463010415625 0.8456593744186046 0.45758958437499997 0.8277812488372094 0.44807499999999995 0.8267984372093024 0.45932291562499994 0.8448468744186046 0.46799999999999997 0.8559031255813954 0.47580833437500003
0 0.8333031255813953 0.42787499999999995 0.8310265627906978 0.4372 0.841432811627907 0.442622915625 0.8614312488372093 0.45455208437500005 0.8643578116279069 0.44457500000000005 0.8559031255813954 0.43871874999999994 0.8411062488372093 0.42917500000000003 0.8333031255813953 0.42787499999999995
2 0.8467984372093024 0.396641665625 0.838017188372093 0.39425625000000003 0.836229688372093 0.405535415625 0.8552531255813953 0.41290833437499996 0.8733156255813953 0.42395208437500004 0.8731375 0.411825 0.8611062488372093 0.40380000000000005 0.8467984372093024 0.396641665625