6 0.4932484372093023 0.613083334375 0.49142343720930237 0.603841665625 0.47572499999999995 0.6106520843750001 0.46294687441860466 0.616002084375 0.45087812558139534 0.619916665625 0.452725 0.62865 0.466232811627907 0.62524375 0.47974062558139535 0.618920834375 0.4932484372093023 0.613083334375
6 0.4925187488372093 0.6335145843750001 0.4837562488372093 0.638377084375 0.474995311627907 0.6412958343749999 0.4605125 0.644539584375 0.462582811627907 0.6573479156250001 0.47572499999999995 0.6524833343750001 0.4950734372093023 0.644214584375 0.4925187488372093 0.6335145843750001
6 0.621995311627907 0.595764584375 0.6209 0.584089584375 0.5891375 0.591872915625 0.579745311627907 0.592616665625 0.5814718744186046 0.6016 0.5920578116279069 0.601114584375 0.6084875000000001 0.598195834375 0.621995311627907 0.595764584375
6 0.6190734372093023 0.615220834375 0.5975343744186046 0.6205708343749999 0.5869718744186047 0.619916665625 0.5876781255813953 0.6298125 0.613232811627907 0.628839584375 0.6216296883720931 0.62738125 0.6190734372093023 0.615220834375
6 0.7639906255813953 0.68153125 0.7471968744186046 0.683477084375 0.7318968744186047 0.683614584375 0.732229688372093 0.69515 0.7566890627906977 0.694179165625 0.7647203116279069 0.694664584375 0.7639906255813953 0.68153125
6 0.7709281255813953 0.722877084375 0.7709281255813953 0.712175 0.750482811627907 0.714120834375 0.7384359372093022 0.71558125 0.7286859372093023 0.715195834375 0.7289437488372092 0.7257958343750001 0.745007811627907 0.724822915625 0.7603406255813953 0.7233625 0.7709281255813953 0.722877084375
0 0.49785312558139533 0.6598229156250001 0.48024687441860464 0.665154165625 0.4652687488372093 0.6696479156249999 0.46637656279069767 0.681858334375 0.479179688372093 0.678660415625 0.4994531255813954 0.671195834375 0.49785312558139533 0.6598229156250001
0 0.502654688372093 0.691454165625 0.500520311627907 0.681502084375 0.4930515627906977 0.684702084375 0.4821140627906977 0.688610415625 0.469082811627907 0.6907687499999999 0.4698437511627907 0.7028291656250001 0.4847812511627907 0.699629165625 0.49358437441860464 0.697141665625 0.502654688372093 0.691454165625
0 0.622895311627907 0.652997915625 0.6218281255813953 0.6423354156250001 0.6108906255813954 0.644822915625 0.5890578116279069 0.64500625 0.589017188372093 0.655841665625 0.5980859372093024 0.656552084375 0.6087562488372094 0.656552084375 0.622895311627907 0.652997915625
0 0.624495311627907 0.67325625 0.6234281255813954 0.663660415625 0.613557811627907 0.667214584375 0.5925781255813953 0.668472915625 0.5924843744186047 0.6785875 0.6060890627906976 0.677877084375 0.6156921883720929 0.676810415625 0.624495311627907 0.67325625
0 0.7611765627906977 0.634654165625 0.7307421883720929 0.634445834375 0.7310343744186046 0.646027084375 0.745704688372093 0.6467375 0.7627781255813953 0.645316665625 0.7611765627906977 0.634654165625
0 0.7641109372093023 0.655979165625 0.732795311627907 0.657522915625 0.731567188372093 0.669485415625 0.7465062488372093 0.668775 0.7641109372093023 0.667708334375 0.7641109372093023 0.655979165625
2 0.765445311627907 0.613329165625 0.7657125 0.6069312499999999 0.7649125 0.60124375 0.7459718744186046 0.6026666656249999 0.7245812511627906 0.601202084375 0.7235640627906976 0.6065750000000001 0.7240984372093023 0.61510625 0.7435718744186046 0.613683334375 0.765445311627907 0.613329165625
2 0.614995311627907 0.707160415625 0.631267188372093 0.706804165625 0.631267188372093 0.6943645843749999 0.6155281255813954 0.696141665625 0.607525 0.699341665625 0.5893515627906977 0.700545834375 0.5896531255813954 0.70609375 0.591520311627907 0.709291665625 0.604325 0.706804165625 0.614995311627907 0.707160415625
2 0.5009750000000001 0.7274229156249999 0.5095109372093023 0.7245812500000001 0.5089781255813953 0.71925 0.509245311627907 0.711429165625 0.49804062558139534 0.71640625 0.4900390627906977 0.721027084375 0.46878906279069765 0.72323125 0.46949843720930234 0.731689584375 0.47136562558139533 0.735597915625 0.48843749999999997 0.7302666656250001 0.5009750000000001 0.7274229156249999