6 0.64725 0.567891665625 0.6328093744186046 0.575022915625 0.617832811627907 0.576091665625 0.6183687488372094 0.5892833343749999 0.6362859372093024 0.582508334375 0.6499234372093023 0.576091665625 0.64725 0.567891665625
6 0.6328093744186046 0.6170916656250001 0.6453781255813953 0.610316665625 0.6603531255813954 0.6031875 0.6593687488372093 0.594308334375 0.6191703116279069 0.607464584375 0.6191703116279069 0.619229165625 0.6328093744186046 0.6170916656250001
6 0.7839015627906977 0.605683334375 0.7812265627906976 0.5957 0.7416484372093024 0.6046125 0.7419156255813955 0.616020834375 0.7507406255813953 0.615308334375 0.7678562488372093 0.6113875 0.7839015627906977 0.605683334375
6 0.7809593744186046 0.6224375 0.7667859372093023 0.62885625 0.7479656255813953 0.6308604156250001 0.749404688372093 0.6438291656249999 0.7609031255813953 0.642760415625 0.782029688372093 0.6356291656249999 0.7809593744186046 0.6224375
6 0.9181468744186047 0.6702104156249999 0.905042188372093 0.67948125 0.8857109372093024 0.6843541656250001 0.8876609372093024 0.6944541656250001 0.9037062488372093 0.690889584375 0.9213562511627906 0.682689584375 0.9181468744186047 0.6702104156249999
6 0.9307156255813953 0.70764375 0.9285765627906977 0.698375 0.887717188372093 0.715558334375 0.8903343744186046 0.726183334375 0.9026359372093022 0.72261875 0.9157390627906976 0.716914584375 0.9307156255813953 0.70764375
0 0.6118875 0.552672915625 0.6138937488372093 0.5638229156250001 0.6466796883720931 0.55445625 0.6443375 0.5424125 0.6118875 0.552672915625
0 0.6082062488372093 0.5317062499999999 0.6102140627906977 0.542858334375 0.6426656255813954 0.5321520843750001 0.6403234372093023 0.52055625 0.6082062488372093 0.5317062499999999
0 0.7517281255813953 0.658835415625 0.7534 0.6722166656249999 0.7865203116279069 0.663741665625 0.7838437511627907 0.650360415625 0.7517281255813953 0.658835415625
0 0.7554078116279069 0.680245834375 0.7564109372093024 0.694072915625 0.7895312511627908 0.683814584375 0.787857811627907 0.66909375 0.7554078116279069 0.680245834375
0 0.878520311627907 0.658835415625 0.882870311627907 0.671770834375 0.9156562511627907 0.65928125 0.9136484372093023 0.646345834375 0.878520311627907 0.658835415625
0 0.8751749999999999 0.635639584375 0.878854688372093 0.649914584375 0.9113062511627907 0.6378708343749999 0.908629688372093 0.625827084375 0.8751749999999999 0.635639584375
2 0.8658078116279069 0.606645834375 0.8668109372093024 0.620027084375 0.908629688372093 0.606645834375 0.9062875 0.5905875 0.8658078116279069 0.606645834375
2 0.7537343744186046 0.711025 0.756745311627907 0.727083334375 0.7962218744186046 0.71726875 0.7955531255813953 0.703441665625 0.7537343744186046 0.711025
2 0.598170311627907 0.501375 0.6011812488372094 0.515202084375 0.640657811627907 0.5004833343749999 0.639320311627907 0.492008334375 0.598170311627907 0.501375