6 0.739532811627907 0.761922915625 0.7385781255813954 0.772110415625 0.7710499999999999 0.7806 0.7716859372093023 0.7704125000000001 0.739532811627907 0.761922915625
6 0.7369484372093024 0.731891665625 0.7373671883720929 0.744010415625 0.7764234372093023 0.753114584375 0.7802640627906977 0.73860625 0.7369484372093024 0.731891665625
6 0.6647203116279069 0.8035229156250001 0.6628093744186047 0.81668125 0.6927359372093024 0.8311125 0.6959187488372094 0.822622915625 0.6647203116279069 0.8035229156250001
6 0.667267188372093 0.77635625 0.6650390627906977 0.78654375 0.7038781255813954 0.808614584375 0.706742188372093 0.798852084375 0.667267188372093 0.77635625
6 0.8987093744186045 0.894783334375 0.8929796883720931 0.9058187500000001 0.9235406255813954 0.9338333343749999 0.9273609372093022 0.92195 0.8987093744186045 0.894783334375
6 0.8853390627906977 0.918977084375 0.8805625 0.927466665625 0.9155812488372093 0.9618499999999999 0.9213125 0.9520854156249999 0.8853390627906977 0.918977084375
2 0.9226375 0.820733334375 0.9182296883720931 0.8343208343749999 0.9567890627906976 0.8651666656250001 0.960920311627907 0.852314584375 0.9226375 0.820733334375
2 0.728195311627907 0.839095834375 0.726817188372093 0.852314584375 0.7662015627906977 0.8633312500000001 0.7684046883720931 0.8493770843749999 0.728195311627907 0.839095834375
2 0.6439187511627907 0.877652084375 0.6417140627906976 0.8945458343749999 0.6761421883720931 0.91290625 0.6827515627906976 0.8989520843750001 0.6439187511627907 0.877652084375
0 0.6590656255813954 0.8269770843750001 0.6563109372093023 0.8423999999999999 0.687432811627907 0.858189584375 0.6918406255813954 0.8442354156249999 0.6590656255813954 0.8269770843750001
0 0.6546593744186047 0.84974375 0.6521796883720931 0.8651666656250001 0.6827515627906976 0.878754165625 0.687157811627907 0.863697915625 0.6546593744186047 0.84974375
0 0.7334281255813954 0.809716665625 0.7342531255813953 0.821835415625 0.767854688372093 0.8277104156249999 0.767579688372093 0.8152250000000001 0.7334281255813954 0.809716665625
0 0.7364578116279069 0.784379165625 0.7364578116279069 0.8001687499999999 0.7692312488372093 0.807514584375 0.7697828116279071 0.793560415625 0.7364578116279069 0.784379165625
0 0.9157515627906977 0.8501104156249999 0.909142188372093 0.865535415625 0.9394375 0.889404165625 0.9460468744186047 0.876552084375 0.9157515627906977 0.8501104156249999
0 0.9072140627906977 0.87214375 0.902807811627907 0.8857312500000001 0.9328281255813953 0.9096 0.9377843744186046 0.8963812499999999 0.9072140627906977 0.87214375