6 0.2544734372093023 0.088283334375 0.2299437488372093 0.080875 0.229492188372093 0.08918958437499999 0.24336562558139538 0.092297915625 0.26928437441860464 0.10618958437499999 0.2706734372093023 0.0972375 0.2544734372093023 0.088283334375
6 0.22739687441860462 0.12100625000000001 0.24567968837209303 0.12718125 0.257482811627907 0.134589584375 0.26160781162790697 0.12660833437500002 0.253779688372093 0.119154165625 0.240125 0.10927708437500001 0.22832343720930234 0.10896666562499999 0.22739687441860462 0.12100625000000001
6 0.41230312558139537 0.185527084375 0.4111468744186047 0.17595624999999998 0.39008750000000003 0.186760415625 0.3747343744186047 0.19797499999999998 0.376895311627907 0.20682708437500003 0.4000375 0.19324375 0.41230312558139537 0.185527084375
6 0.520870311627907 0.134508334375 0.5088359372093023 0.14500416562500001 0.48777656279069764 0.16414375 0.49219999999999997 0.175602084375 0.49703281162790697 0.164760415625 0.5146218744186046 0.14994375 0.5268875 0.144077084375 0.520870311627907 0.134508334375
6 0.5241093744186046 0.178652084375 0.5324406255813954 0.175875 0.530820311627907 0.166304165625 0.5187875 0.170316665625 0.5067531255813953 0.182047915625 0.5035125 0.190383334375 0.5058281255813953 0.195939584375 0.5109187511627907 0.18945625 0.5241093744186046 0.178652084375
2 0.252475 0.213502084375 0.2526656255813954 0.2041125 0.225275 0.191679165625 0.21097968837209302 0.187770834375 0.20967656279069768 0.19878541562500002 0.23592656279069765 0.207410415625 0.252475 0.213502084375
0 0.2205187511627907 0.157679165625 0.21994843720930232 0.167320834375 0.22089999999999999 0.170872915625 0.2520937488372093 0.181785415625 0.2532359372093023 0.169352084375 0.2306 0.1599625 0.2205187511627907 0.157679165625
0 0.2245140627906977 0.135097915625 0.22375312558139535 0.14626250000000002 0.22470468837209304 0.148291665625 0.25722968837209303 0.1599625 0.25627968837209303 0.144739584375 0.23592656279069765 0.13890416562500002 0.2245140627906977 0.135097915625
6 0.4009640627906977 0.162064584375 0.3963359372093023 0.149408334375 0.3812937488372093 0.159904165625 0.3672109372093023 0.16942916562500002 0.3724984372093023 0.178735415625 0.38545937441860467 0.171016665625 0.4009640627906977 0.162064584375
0 0.35976562558139535 0.143216665625 0.36246093720930234 0.15447708437500002 0.39343281162790694 0.133829165625 0.38886718837209305 0.12545625 0.3675640627906977 0.13865 0.35976562558139535 0.143216665625
0 0.3860140627906977 0.11835 0.38259062558139534 0.103633334375 0.3685140627906977 0.11327499999999999 0.352917188372093 0.12317083437500001 0.35786250000000003 0.135858334375 0.37003593720930233 0.123679165625 0.3860140627906977 0.11835
2 0.3515859372093023 0.09754375 0.367182811627907 0.087902084375 0.37954687441860463 0.08384375 0.37365 0.070395834375 0.358432811627907 0.081558334375 0.339632811627907 0.091697915625 0.3394125 0.09830625 0.34302656279069765 0.10667916562499999 0.3515859372093023 0.09754375
0 0.5437437488372093 0.19679375 0.5395593744186046 0.18740625 0.5193968744186046 0.199839584375 0.5108515627906977 0.20901458437499998 0.5154031255813953 0.21810833437500002 0.526054688372093 0.20466041562499998 0.5437437488372093 0.19679375
0 0.5509718744186046 0.21633125 0.5496406255813954 0.2064375 0.5315703116279069 0.216585415625 0.5184609372093023 0.22930625 0.5241531255813954 0.23840625000000001 0.5338531255813954 0.22724166562499998 0.5509718744186046 0.21633125
2 0.5568687511627907 0.24068958437500002 0.5646671883720931 0.239929165625 0.562004688372093 0.23028749999999998 0.550782811627907 0.238660415625 0.5351843744186047 0.251854165625 0.528717188372093 0.260735415625 0.531 0.266570834375 0.5454562511627907 0.250585415625 0.5568687511627907 0.24068958437500002