6 0.647342188372093 0.788 0.638954688372093 0.794170834375 0.6148140627906977 0.7980562499999999 0.6163937488372093 0.810752084375 0.6343265627906977 0.804195834375 0.6487875000000001 0.7984125 0.647342188372093 0.788
6 0.7809718744186046 0.8257895843749999 0.7783687488372093 0.8142208343749999 0.7653531255813955 0.82231875 0.7384859372093023 0.8255375 0.7410562511627906 0.8377437499999999 0.7526265627906976 0.8365875 0.7789468744186047 0.828489584375 0.7809718744186046 0.8257895843749999
6 0.6169718744186047 0.840441665625 0.6253593744186047 0.8396708343749999 0.6392437488372094 0.834658334375 0.6586218744186046 0.8242479156250001 0.6567609372093023 0.8154125000000001 0.6340375 0.8261749999999999 0.6163937488372093 0.8277187500000001 0.6169718744186047 0.840441665625
6 0.7803937511627907 0.8562520843750001 0.7783687488372093 0.8442979156250001 0.764775 0.852395834375 0.747420311627907 0.854325 0.7494437488372093 0.865891665625 0.7581218744186047 0.865120834375 0.7743187511627907 0.8593375 0.7803937511627907 0.8562520843750001
6 0.9186515627906977 0.9063812499999999 0.9143125000000001 0.891341665625 0.9070812511627907 0.8990541656250001 0.8845781255813953 0.907504165625 0.8877015627906977 0.91640625 0.8972468744186046 0.9133208343750001 0.9102625 0.9110083343750001 0.9186515627906977 0.9063812499999999
6 0.928775 0.9302875 0.9261718744186046 0.92141875 0.8867468744186047 0.937397915625 0.8891484372093023 0.9457125 0.9015859372093024 0.9453270843749999 0.9189406255813953 0.937229165625 0.928775 0.9302875
2 0.6285515627906977 0.716247915625 0.6112234372093023 0.723633334375 0.598467188372093 0.721064584375 0.59945 0.7330687499999999 0.6145937488372093 0.7313375 0.6376984372093023 0.720102084375 0.636254688372093 0.711433334375 0.6285515627906977 0.716247915625
0 0.6396234372093023 0.754133334375 0.638420311627907 0.7403270843749999 0.624942188372093 0.749316665625 0.6075734372093023 0.753129165625 0.6083359372093023 0.76344375 0.6254234372093023 0.756702084375 0.6396234372093023 0.754133334375
0 0.6345687511627907 0.776927084375 0.6427531255813954 0.77660625 0.6427531255813954 0.76344375 0.6278296883720931 0.7698645843749999 0.6126890627906977 0.7727875 0.611945311627907 0.78335 0.6215718744186047 0.782064584375 0.6345687511627907 0.776927084375
0 0.7821796883720931 0.88445625 0.782420311627907 0.8693666656250001 0.7691828116279069 0.8783562500000001 0.7511031255813952 0.878302084375 0.752095311627907 0.889914584375 0.7696656255813953 0.8879895843750001 0.7821796883720931 0.88445625
0 0.77135 0.9085354156250001 0.7862718744186046 0.9066104156250001 0.7845875000000001 0.89055625 0.7720718744186046 0.8989041656250001 0.7538109372093024 0.9019729156249999 0.7545015627906977 0.9111041656250001 0.7634078116279069 0.911425 0.77135 0.9085354156250001
0 0.8959734372093023 0.8656708343749999 0.9082484372093024 0.859891665625 0.9056000000000001 0.8460875 0.8877906255813954 0.8570020843749999 0.874470311627907 0.861452084375 0.8764781255813954 0.8682395843749999 0.8820140627906977 0.869845834375 0.8959734372093023 0.8656708343749999
0 0.9034343744186046 0.8875020843750001 0.911857811627907 0.882366665625 0.9104140627906977 0.86791875 0.8974171883720929 0.878835415625 0.8786828116279071 0.880308334375 0.8812921883720931 0.8900708343750001 0.8870687511627907 0.890714584375 0.9034343744186046 0.8875020843750001
2 0.8897156255813954 0.8338875 0.9039156255813954 0.827466665625 0.9043968744186046 0.814302084375 0.8991031255813954 0.819439584375 0.882254688372093 0.828429165625 0.8660453116279069 0.828152084375 0.8666109372093023 0.838060415625 0.8762375 0.8387020843749999 0.8897156255813954 0.8338875
2 0.7775593744186047 0.94465 0.7927218744186046 0.939191665625 0.794407811627907 0.923460415625 0.7727453116279069 0.93501875 0.7532093744186046 0.9352729156249999 0.7568609372093023 0.94625625 0.7672109372093023 0.9465770843750001 0.7775593744186047 0.94465