6 0.37234531162790696 0.581202084375 0.3795234372093023 0.5799562500000001 0.37858749999999997 0.568729165625 0.357054688372093 0.5728875 0.336682811627907 0.575204165625 0.336457811627907 0.5807875 0.33708281162790693 0.585777084375 0.35424531162790696 0.584945834375 0.37234531162790696 0.581202084375
6 0.37609062558139533 0.60365625 0.36017499999999997 0.602408334375 0.34354531162790697 0.60174375 0.3436359372093023 0.615297915625 0.3604875 0.613635415625 0.37609062558139533 0.61155625 0.37609062558139533 0.60365625
6 0.5309375 0.437454165625 0.5150218744186047 0.434960415625 0.4972843744186046 0.43473541562499995 0.4966093744186047 0.444939584375 0.509717188372093 0.444939584375 0.530625 0.44785 0.5309375 0.437454165625
6 0.5356187488372093 0.40710208437500006 0.5153343744186046 0.4054375 0.49411406279069764 0.40751666562500005 0.4947375 0.415416665625 0.509092188372093 0.416664584375 0.5353062511627907 0.41749583437500004 0.5356187488372093 0.40710208437500006
6 0.6706218744186047 0.128089584375 0.6637562511627907 0.126425 0.6568906255813953 0.12434583437499999 0.6386687511627908 0.123597915625 0.6394156255813953 0.135989584375 0.6500265627906976 0.133910415625 0.6703093744186046 0.139314584375 0.6706218744186047 0.128089584375
6 0.662507811627907 0.1642625 0.674367188372093 0.168420834375 0.673742188372093 0.155945834375 0.6587640627906977 0.153452084375 0.646904688372093 0.15262083437500001 0.6314625 0.151966665625 0.6319265627906977 0.158025 0.6309890627906977 0.164679165625 0.646904688372093 0.163014584375 0.662507811627907 0.1642625
2 0.37468437441860464 0.6923083343750001 0.3828140627906977 0.6934375 0.3828140627906977 0.6807854156250001 0.36232031162790695 0.68553125 0.3424359372093023 0.685266665625 0.3426734372093023 0.693889584375 0.357070311627907 0.69501875 0.37468437441860464 0.6923083343750001
0 0.37011249999999996 0.660677084375 0.37875000000000003 0.65864375 0.3784109372093023 0.64938125 0.36553906279069764 0.6507375 0.345892188372093 0.6509625 0.3472468744186047 0.659322915625 0.3467390627906977 0.6629375 0.37011249999999996 0.660677084375
0 0.37875000000000003 0.637408334375 0.378579688372093 0.626110415625 0.35927187441860464 0.62814375 0.3451875 0.6279541656250001 0.3445375 0.64011875 0.36147343720930236 0.639891665625 0.37875000000000003 0.637408334375
2 0.5191343744186047 0.526075 0.532682811627907 0.528333334375 0.5330218744186047 0.517489584375 0.5223515627906977 0.516810415625 0.492520311627907 0.5155875 0.49186562558139535 0.522460415625 0.5028750000000001 0.5231375 0.5191343744186047 0.526075
0 0.5286187488372093 0.495122915625 0.5286187488372093 0.48495625000000003 0.5125281255813954 0.48631041562500005 0.4957609372093023 0.48382500000000006 0.4967765627906977 0.493991665625 0.5176093744186047 0.49444375 0.5286187488372093 0.495122915625
0 0.512020311627907 0.46416874999999996 0.4965859372093023 0.45940416562499997 0.49643906279069766 0.47230416562500005 0.5294656255813953 0.47523958437499997 0.5299734372093023 0.46462083437499996 0.512020311627907 0.46416874999999996
0 0.6730734372093023 0.100716665625 0.6622328116279069 0.097102084375 0.6409968744186046 0.0966125 0.6410625 0.10997916562500001 0.6566437488372093 0.108172915625 0.6725656255813953 0.1120125 0.6730734372093023 0.100716665625
0 0.6729031255813953 0.078125 0.6541031255813954 0.07518749999999999 0.6422484372093024 0.076091665625 0.6420781255813953 0.08761250000000001 0.6554593744186047 0.087160415625 0.6722265627906976 0.08942083437500001 0.6729031255813953 0.078125
2 0.6554593744186047 0.051237500000000005 0.6703625 0.054627084375 0.6798484372093023 0.058016665625 0.6796781255813954 0.0449125 0.6642656255813952 0.039489584375 0.6414015627906976 0.039716665625 0.6388609372093023 0.045364584375 0.6383531255813953 0.051689584375 0.6554593744186047 0.051237500000000005