6 0.48663281162790695 0.8067624999999999 0.49203437441860465 0.8043645843749999 0.48933437441860467 0.79516875 0.4755312488372093 0.8043645843749999 0.46442812558139535 0.8083625 0.4494515627906977 0.810016665625 0.44972500000000004 0.816358334375 0.450925 0.82035625 0.47192968837209304 0.8147604156250001 0.48663281162790695 0.8067624999999999
6 0.4917343744186047 0.835947915625 0.48993437441860466 0.826354165625 0.4800312511627907 0.8315520843750001 0.459020311627907 0.8355333343750001 0.4602281255813953 0.8471437500000001 0.471329688372093 0.8451437500000001 0.48753281162790696 0.8379479156249999 0.4917343744186047 0.835947915625
6 0.6078593744186046 0.789970834375 0.6198625000000001 0.7867729156250001 0.6189609372093023 0.773979165625 0.6072593744186047 0.780377084375 0.5940562511627907 0.7831750000000001 0.5781390627906977 0.78361875 0.5787531255813954 0.789572915625 0.5802531255813954 0.7931708343749999 0.5955562488372093 0.792370834375 0.6078593744186046 0.789970834375
6 0.6177609372093024 0.817958334375 0.6177609372093024 0.806364584375 0.6096593744186046 0.8103624999999999 0.5973562488372093 0.8123604156249999 0.586057811627907 0.810895834375 0.5868546883720931 0.8215562500000001 0.5967562488372093 0.82235625 0.6114593744186047 0.81955625 0.6177609372093024 0.817958334375
6 0.7619406255813954 0.8847041656249999 0.7619406255813954 0.8727104156250001 0.7466375 0.8763083343750001 0.7289343744186046 0.8751312499999999 0.7292343744186047 0.8879020843750001 0.7376359372093023 0.8871020843749999 0.7496375000000001 0.885904165625 0.7619406255813954 0.8847041656249999
6 0.7637406255813954 0.9158875 0.767642188372093 0.915089584375 0.767642188372093 0.902295834375 0.7562390627906976 0.90589375 0.7448375 0.907491665625 0.7266250000000001 0.906366665625 0.7271328116279069 0.9186875000000001 0.7409359372093024 0.9174875 0.7526390627906977 0.9186875000000001 0.7637406255813954 0.9158875
0 0.49589375116279066 0.8627958343750001 0.49470781162790695 0.8498416656250001 0.4840359372093024 0.8548979156250001 0.4771593744186046 0.858372915625 0.46369218837209303 0.860960415625 0.46459062558139536 0.873539584375 0.47478750000000003 0.871327084375 0.4902015627906977 0.86595625 0.49589375116279066 0.8627958343750001
0 0.49945 0.8839666656249999 0.49802812558139536 0.873222915625 0.4873562488372093 0.878279165625 0.48095312558139536 0.88301875 0.46786406279069764 0.883560415625 0.46838437441860464 0.894708334375 0.48047968837209304 0.893129165625 0.49138750000000003 0.890602084375 0.49945 0.8839666656249999
0 0.6214484372093023 0.844627084375 0.6197874999999999 0.831041665625 0.6091156255813953 0.8379916656249999 0.5986812488372093 0.838622915625 0.5883437511627907 0.8359249999999999 0.5887218744186047 0.848102084375 0.600104688372093 0.848102084375 0.608879688372093 0.848102084375 0.6214484372093023 0.844627084375
0 0.6216062488372093 0.8529729156249999 0.6104593744186047 0.8605562499999999 0.6007374999999999 0.8621375 0.5912125 0.8602645843750001 0.5914890627906977 0.8722479156249999 0.6090375 0.8706687499999999 0.6232656255813953 0.8656124999999999 0.6216062488372093 0.8529729156249999
0 0.7601249999999999 0.8377166656249999 0.7594140627906977 0.824760415625 0.7501640627906976 0.827920834375 0.7399671883720931 0.82886875 0.7278609372093023 0.8248 0.7285843744186047 0.8377166656249999 0.7380703116279069 0.8383479156250001 0.7475562488372093 0.8389791656250001 0.7601249999999999 0.8377166656249999
0 0.7617843744186046 0.8592020843749999 0.7605984372093023 0.846247915625 0.7501640627906976 0.8516187499999999 0.7383078116279069 0.8516187499999999 0.7304687488372094 0.849485415625 0.7307187511627907 0.8614145843750001 0.7416281255813955 0.861729165625 0.751825 0.8607812499999999 0.7617843744186046 0.8592020843749999
2 0.762732811627907 0.8045395843750001 0.7615484372093023 0.79126875 0.754432811627907 0.7934812499999999 0.7402046883720931 0.793795834375 0.7213406255813953 0.79350625 0.721707811627907 0.806435415625 0.735225 0.806752084375 0.7487421883720929 0.8054874999999999 0.762732811627907 0.8045395843750001
2 0.6298156255813954 0.8973812499999999 0.6300531255813954 0.886954165625 0.6215156255813953 0.889164584375 0.6079984372093022 0.8923249999999999 0.5883437511627907 0.8926020843750001 0.5895015627906977 0.9005395843749999 0.6101328116279069 0.898960415625 0.6272078116279071 0.898960415625 0.6298156255813954 0.8973812499999999
2 0.5013281255813953 0.9167229156250001 0.5082046883720931 0.916408334375 0.5077312488372093 0.90376875 0.4989562488372093 0.9100875 0.4956375 0.912616665625 0.49350312558139536 0.91293125 0.4906562488372093 0.914195834375 0.4771390627906976 0.9167229156250001 0.46682031162790694 0.915202084375 0.4676531255813954 0.9214625 0.47026249999999997 0.928097915625 0.49042031162790695 0.92304375 0.5013281255813953 0.9167229156250001