9 0.42967343720930234 0.41906458437499994 0.41819999999999996 0.41879999999999995 0.41826093720930235 0.427429165625 0.43165156279069766 0.426452084375 0.458357811627907 0.42882708437500006 0.458357811627907 0.41853541562499996 0.42967343720930234 0.41906458437499994
9 0.5115718744186046 0.482395834375 0.4856562511627907 0.48424375 0.48701562558139533 0.493710415625 0.5058343744186047 0.49163125 0.526407811627907 0.488202084375 0.524429688372093 0.478172915625 0.5115718744186046 0.482395834375
9 0.6490734372093023 0.48674999999999996 0.6271156255813953 0.48015208437499995 0.626007811627907 0.48942291562499995 0.6468968744186047 0.49545833437500003 0.665492188372093 0.499152084375 0.6660859372093023 0.49044375 0.6490734372093023 0.48674999999999996
8 0.4219718744186046 0.45875625 0.45292343720930234 0.45990416562499997 0.45351718837209304 0.445654165625 0.42186562558139534 0.445916665625 0.4219718744186046 0.45875625
0 0.4531218744186047 0.47125000000000006 0.42172343720930233 0.46864791562499997 0.42226093720930236 0.48180625 0.45351718837209304 0.48338958437499996 0.4531218744186047 0.47125000000000006
2 0.4533187511627907 0.495 0.42245937441860465 0.49394375 0.421470311627907 0.505554165625 0.45292343720930234 0.506083334375 0.4533187511627907 0.495
2 0.45727500000000004 0.527985415625 0.41702500000000003 0.527675 0.416525 0.5385395843749999 0.455495311627907 0.5403875 0.45727500000000004 0.527985415625
2 0.5335937488372093 0.600008334375 0.5335937488372093 0.584177084375 0.5146031255813953 0.591302084375 0.4919625 0.59230625 0.49462187441860467 0.605022915625 0.517767188372093 0.603966665625 0.5335937488372093 0.600008334375
2 0.5076781255813954 0.558052084375 0.494820311627907 0.560954165625 0.4961656255813953 0.56889375 0.5140093744186046 0.56834375 0.525679688372093 0.563858334375 0.5252843744186046 0.55409375 0.5076781255813954 0.558052084375
0 0.525482811627907 0.53245625 0.49418750000000006 0.53591875 0.4938312511627907 0.547233334375 0.525482811627907 0.544858334375 0.525482811627907 0.53245625
8 0.524295311627907 0.5073875 0.4924468744186047 0.511608334375 0.49284218837209304 0.524539584375 0.5231093744186046 0.5224270843750001 0.524295311627907 0.5073875
8 0.6370171883720931 0.5110812499999999 0.6271265627906977 0.510552084375 0.626254688372093 0.5220687500000001 0.6407765627906977 0.524275 0.6571953116279069 0.5298166656250001 0.6595687511627907 0.516622915625 0.6370171883720931 0.5110812499999999
0 0.6550187488372092 0.5408999999999999 0.6413687511627907 0.53746875 0.624770311627907 0.53295 0.6229718744186047 0.544329165625 0.654425 0.5506624999999999 0.6550187488372092 0.5408999999999999
2 0.6518531255813954 0.575204165625 0.6530406255813954 0.563858334375 0.6376109372093024 0.558052084375 0.6213078116279069 0.55768125 0.6221812488372093 0.5651770843749999 0.6366218744186046 0.57309375 0.6518531255813954 0.575204165625
2 0.6508640627906978 0.608454165625 0.6522499999999999 0.597635415625 0.6263343744186046 0.591564584375 0.6148781255813954 0.58538125 0.6122890627906976 0.598689584375 0.635632811627907 0.6052875 0.6508640627906978 0.608454165625