2 0.499054688372093 0.92715625 0.5013109372093023 0.9161250000000001 0.479875 0.9126145843750001 0.460695311627907 0.900079165625 0.459942188372093 0.9121124999999999 0.46859218837209304 0.91863125 0.48288281162790697 0.924147915625 0.499054688372093 0.92715625
2 0.5013109372093023 0.8935604156249999 0.5013109372093023 0.881025 0.47122499999999995 0.87049375 0.469345311627907 0.8805229156250001 0.4802515627906977 0.8885458343750001 0.48814843720930234 0.8920562500000001 0.5013109372093023 0.8935604156249999
2 0.5765265627906977 0.813329165625 0.5772781255813954 0.7992895843750001 0.5509531255813953 0.7987875 0.5355343744186046 0.792270834375 0.5362859372093024 0.8058083343750001 0.5486968744186047 0.810822915625 0.5596031255813954 0.813329165625 0.5765265627906977 0.813329165625
2 0.574270311627907 0.766695834375 0.5434312488372093 0.762685415625 0.5430562488372093 0.772714584375 0.5517062511627907 0.77471875 0.574270311627907 0.776222915625 0.574270311627907 0.766695834375
2 0.6938625 0.851941665625 0.6938625 0.8379 0.671675 0.8404083343750001 0.6513656255813953 0.8333875000000001 0.6524937511627907 0.8454229156249999 0.6626484372093023 0.851439584375 0.6758109372093023 0.85294375 0.6938625 0.851941665625
2 0.6912296883720931 0.8053062499999999 0.6596390627906976 0.8033020843750001 0.6577593744186047 0.811825 0.6697937511627906 0.8148354156250001 0.6912296883720931 0.817341665625 0.6912296883720931 0.8053062499999999
0 0.6927343744186046 0.7827416656249999 0.6750593744186046 0.783745834375 0.6600156255813954 0.77873125 0.6596390627906976 0.790764584375 0.6694171883720931 0.79176875 0.6927343744186046 0.793775 0.6927343744186046 0.7827416656249999
0 0.5765265627906977 0.7551625 0.5769031255813953 0.743129165625 0.5580984372093023 0.7421270843750001 0.5438078116279069 0.7376125 0.5441843744186047 0.7491458343749999 0.5539625 0.75265625 0.5648687511627907 0.753158334375 0.5765265627906977 0.7551625
0 0.5043203116279069 0.8694916656249999 0.5065765627906976 0.857958334375 0.47385781162790697 0.846425 0.473104688372093 0.8569541656249999 0.4836359372093023 0.863472915625 0.49755 0.868989584375 0.5043203116279069 0.8694916656249999
8 0.5088328116279071 0.832885415625 0.4930375 0.830379165625 0.47837031162790694 0.8233583343750001 0.4764906255813954 0.8374 0.49078125116279064 0.843416665625 0.5069531255813954 0.846425 0.5088328116279071 0.832885415625
8 0.577654688372093 0.718558334375 0.561107811627907 0.71805625 0.5456890627906977 0.7145479156250001 0.5456890627906977 0.727585415625 0.5554656255813953 0.729089584375 0.5761499999999999 0.731595834375 0.577654688372093 0.718558334375
8 0.6675375 0.7571687500000001 0.6615203116279069 0.7546625 0.6611437488372093 0.7682 0.6927343744186046 0.7712104156249999 0.692357811627907 0.759677084375 0.6675375 0.7571687500000001
9 0.517482811627907 0.81784375 0.5186109372093023 0.8073124999999999 0.49792656279069764 0.8043041656250001 0.47837031162790694 0.792770834375 0.47573750000000004 0.8048062500000001 0.48777187441860465 0.8103208343749999 0.5050718744186047 0.8163395843749999 0.517482811627907 0.81784375
9 0.584425 0.7015104156249999 0.5840484372093023 0.688472915625 0.5629875 0.6894750000000001 0.5430562488372093 0.683960415625 0.5423031255813954 0.6964958343750001 0.5562187511627906 0.698502084375 0.5720140627906977 0.70000625 0.584425 0.7015104156249999
9 0.691982811627907 0.741625 0.6991281255813954 0.739116665625 0.699504688372093 0.7305937499999999 0.6773156255813954 0.729589584375 0.6585109372093023 0.725077084375 0.6581359372093023 0.734104165625 0.6664093744186047 0.735608334375 0.678820311627907 0.7376125 0.691982811627907 0.741625