9 0.50015 0.558052084375 0.5008984372093023 0.547070834375 0.47993437441860465 0.5490666656250001 0.4623390627906977 0.550564584375 0.46121562558139534 0.55955 0.48517499999999997 0.558052084375 0.50015 0.558052084375
9 0.6293062488372093 0.527604165625 0.6045968744186047 0.527604165625 0.5899968744186046 0.5256062499999999 0.590745311627907 0.534591665625 0.628182811627907 0.537585415625 0.6293062488372093 0.527604165625
9 0.7356250000000001 0.49715416562500003 0.7363734372093024 0.486172915625 0.7150343744186047 0.48567499999999997 0.6989375 0.48168125 0.695567188372093 0.49366041562499996 0.7131625 0.49366041562499996 0.7356250000000001 0.49715416562500003
8 0.4967812511627907 0.5730270843749999 0.465707811627907 0.579016665625 0.46608281162790693 0.589 0.4967812511627907 0.587502084375 0.4967812511627907 0.5730270843749999
8 0.6248125 0.55555625 0.5948640627906977 0.55505625 0.591495311627907 0.5665375 0.622567188372093 0.567535415625 0.6248125 0.55555625
8 0.7315062488372093 0.513127084375 0.701932811627907 0.513127084375 0.6996859372093024 0.5241083343749999 0.7315062488372093 0.526604165625 0.7315062488372093 0.513127084375
0 0.4986531255813953 0.59998125 0.46795468837209303 0.602975 0.46832968837209304 0.611960415625 0.49827812558139534 0.6104625 0.4986531255813953 0.59998125
0 0.6233156255813953 0.579514584375 0.606095311627907 0.5805125 0.5922437511627907 0.5775187500000001 0.5918687488372093 0.5885 0.622567188372093 0.59199375 0.6233156255813953 0.579514584375
0 0.731132811627907 0.538085415625 0.7120406255813952 0.539583334375 0.6993109372093024 0.536089584375 0.6989375 0.547070834375 0.7303843744186047 0.550064584375 0.731132811627907 0.538085415625
2 0.7292609372093023 0.574522915625 0.7300093744186046 0.560047915625 0.7146609372093022 0.5630437500000001 0.6989375 0.560047915625 0.6989375 0.57003125 0.7131625 0.571029165625 0.7292609372093023 0.574522915625
2 0.7318812488372093 0.607966665625 0.7337531255813954 0.596485415625 0.7116656255813953 0.5954875000000001 0.694070311627907 0.593491665625 0.6948187511627907 0.6044729156249999 0.708670311627907 0.607966665625 0.7318812488372093 0.607966665625
2 0.622567188372093 0.602477084375 0.592617188372093 0.602477084375 0.5952390627906977 0.612958334375 0.6214437488372093 0.6104625 0.622567188372093 0.602477084375
2 0.6236906255813953 0.648897915625 0.6270593744186047 0.63591875 0.598232811627907 0.63591875 0.585504688372093 0.636916665625 0.5862531255813953 0.64390625 0.607592188372093 0.648397915625 0.6236906255813953 0.648897915625
2 0.48929375116279067 0.635420834375 0.4986531255813953 0.633922915625 0.499775 0.62144375 0.4687031255813954 0.6254375 0.46832968837209304 0.633422915625 0.4791859372093023 0.635420834375 0.48929375116279067 0.635420834375
2 0.504642188372093 0.667366665625 0.505017188372093 0.655385415625 0.481057811627907 0.656883334375 0.4645859372093023 0.656883334375 0.4649593744186047 0.6688625 0.4889187488372093 0.6688625 0.504642188372093 0.667366665625