9 0.451270311627907 0.3569125 0.409495311627907 0.3569125 0.40922031162790695 0.36753749999999996 0.42543593720930234 0.366072915625 0.45154531162790695 0.36753749999999996 0.451270311627907 0.3569125
9 0.5337187488372094 0.404183334375 0.5326187488372093 0.3942875 0.49221874883720934 0.3964875 0.4933187488372093 0.4082125 0.5032125 0.40638125 0.522175 0.40235000000000004 0.5337187488372094 0.404183334375
8 0.44797187441860464 0.38732708437499996 0.414442188372093 0.385127084375 0.414442188372093 0.399052084375 0.42900781162790697 0.39831875 0.4476968744186047 0.39868541562500004 0.44797187441860464 0.38732708437499996
8 0.5301453116279069 0.421770834375 0.49744062558139535 0.425802084375 0.49826562558139537 0.43862708437500003 0.5098078116279069 0.43532916562499996 0.531245311627907 0.4349625 0.5301453116279069 0.421770834375
0 0.4490718744186047 0.41041249999999996 0.415267188372093 0.41041249999999996 0.415267188372093 0.421770834375 0.436429688372093 0.421770834375 0.449345311627907 0.421404165625 0.4490718744186047 0.41041249999999996
0 0.531795311627907 0.44485625000000006 0.49991406279069767 0.4488875 0.5004640627906977 0.461345834375 0.5142062511627907 0.458414584375 0.531795311627907 0.458047915625 0.531795311627907 0.44485625000000006
2 0.4490718744186047 0.43313125 0.41554218837209306 0.43459583437499993 0.41609218837209305 0.444125 0.435329688372093 0.443758334375 0.449620311627907 0.44558958437499996 0.4490718744186047 0.43313125
2 0.454567188372093 0.46574375 0.4127937488372093 0.466477084375 0.41334375116279065 0.480035415625 0.4257109372093023 0.480035415625 0.454292188372093 0.47893541562499997 0.454567188372093 0.46574375
2 0.5328937511627907 0.469775 0.5010140627906977 0.473072915625 0.5015640627906977 0.485897915625 0.515579688372093 0.48223333437499993 0.5342687511627907 0.481135415625 0.5328937511627907 0.469775
2 0.5408640627906977 0.51448125 0.5394906255813953 0.50055625 0.49854062558139534 0.506785415625 0.4996390627906977 0.5181458343750001 0.5139312488372093 0.515945834375 0.5276718744186046 0.5152125 0.5408640627906977 0.51448125
2 0.2803265627906977 0.5229083343750001 0.24789531162790696 0.5313375 0.24899531162790697 0.5419625 0.2608125 0.5401312500000001 0.281425 0.534635415625 0.2803265627906977 0.5229083343750001
2 0.2907687511627907 0.569079165625 0.28967031162790696 0.554422915625 0.24542187441860466 0.564316665625 0.24762187441860464 0.577508334375 0.2610875 0.576775 0.27537968837209303 0.573477084375 0.2907687511627907 0.569079165625
0 0.27895156279069766 0.501654165625 0.24432343720930233 0.50751875 0.24569687441860463 0.519610415625 0.26026406279069764 0.518510415625 0.2803265627906977 0.513747915625 0.27895156279069766 0.501654165625
8 0.2756531255813954 0.47747083437500004 0.24212499999999998 0.485897915625 0.242675 0.497991665625 0.25614062558139533 0.495791665625 0.27675312558139537 0.4906625 0.2756531255813954 0.47747083437500004
9 0.23375051627906976 0.458862153125 0.23415468837209302 0.467210415625 0.24817031162790698 0.46354583437499997 0.2660343744186046 0.459147915625 0.27702812558139533 0.456583334375 0.275104688372093 0.44668958437499995 0.23375051627906976 0.458862153125