9 0.391642188372093 0.584104165625 0.3718437488372093 0.5869833343749999 0.35384531162790694 0.586504165625 0.3534859372093023 0.596102084375 0.39056250000000003 0.593222915625 0.391642188372093 0.584104165625
9 0.49819218837209306 0.5610666656250001 0.46075468837209305 0.5644250000000001 0.4600359372093023 0.574504165625 0.4971125 0.5701854156249999 0.49819218837209306 0.5610666656250001
9 0.6072609372093024 0.579783334375 0.568745311627907 0.580264584375 0.5712640627906977 0.589383334375 0.6058218744186046 0.58794375 0.6072609372093024 0.579783334375
8 0.6033015627906977 0.547627084375 0.572704688372093 0.550027084375 0.5737843744186046 0.5610666656250001 0.6018625000000001 0.561545834375 0.6033015627906977 0.547627084375
8 0.4920718744186046 0.52986875 0.463275 0.53226875 0.46363437441860467 0.544266665625 0.4935125 0.541866665625 0.4920718744186046 0.52986875
8 0.38696250000000004 0.551945834375 0.35600624883720927 0.5557854156250001 0.35528593720930235 0.5682645843749999 0.38696250000000004 0.5644250000000001 0.38696250000000004 0.551945834375
0 0.3855234372093023 0.528908334375 0.3531265627906977 0.53226875 0.3531265627906977 0.543308334375 0.3851625 0.540427084375 0.3855234372093023 0.528908334375
0 0.49423281162790694 0.507791665625 0.46111562558139535 0.50875 0.46075468837209305 0.52026875 0.49315156279069766 0.519789584375 0.49423281162790694 0.507791665625
0 0.6040218744186047 0.5245895843749999 0.572345311627907 0.526508334375 0.5719843744186046 0.5365875 0.6040218744186047 0.5361083343749999 0.6040218744186047 0.5245895843749999
2 0.6040218744186047 0.502510415625 0.570904688372093 0.502991665625 0.5730640627906977 0.514510415625 0.6040218744186047 0.51403125 0.6040218744186047 0.502510415625
2 0.6094203116279069 0.46747500000000003 0.567304688372093 0.46891458437500005 0.5683843744186047 0.479472915625 0.6065406255813954 0.47803333437499995 0.6094203116279069 0.46747500000000003
2 0.49603124883720934 0.449716665625 0.47191406279069764 0.45163541562500004 0.4553562511627907 0.454995834375 0.4546359372093023 0.46603541562500006 0.4953125 0.462195834375 0.49603124883720934 0.449716665625
2 0.4913531255813954 0.48427291562499997 0.4618359372093023 0.487152084375 0.4618359372093023 0.4977125 0.492432811627907 0.493872915625 0.4913531255813954 0.48427291562499997
2 0.3851625 0.47179374999999996 0.37148437441860466 0.47467499999999996 0.34844687441860467 0.47755416562499997 0.34844687441860467 0.486672915625 0.3851625 0.48427291562499997 0.3851625 0.47179374999999996
2 0.3851625 0.507791665625 0.37148437441860466 0.512110415625 0.3516859372093023 0.50875 0.35276562558139535 0.519789584375 0.3855234372093023 0.5183500000000001 0.3851625 0.507791665625