2 0.561407811627907 0.362733334375 0.562792188372093 0.35258124999999996 0.5389093744186046 0.35304375 0.5233343744186046 0.35350416562500003 0.521257811627907 0.3668875 0.5361406255813953 0.365041665625 0.561407811627907 0.362733334375
2 0.5551765627906977 0.331814584375 0.556907811627907 0.31843125 0.5409859372093023 0.3207375 0.5250640627906976 0.324891665625 0.5264484372093023 0.3327375 0.5423703116279069 0.332275 0.5551765627906977 0.331814584375
2 0.6413609372093024 0.334120834375 0.6098640627906977 0.33550625 0.6105562488372094 0.344275 0.6410156255813955 0.344275 0.6413609372093024 0.334120834375
2 0.6441296883720931 0.380270834375 0.6451687511627907 0.3668875 0.6219781255813954 0.368733334375 0.6050187488372092 0.368733334375 0.603979688372093 0.378885415625 0.622670311627907 0.380733334375 0.6441296883720931 0.380270834375
2 0.7202765627906977 0.32396875 0.7310062511627907 0.325814584375 0.7323906255813953 0.311970834375 0.7008937511627907 0.3156625 0.7005468744186046 0.318891665625 0.701932811627907 0.325814584375 0.7202765627906977 0.32396875
2 0.738275 0.346120834375 0.7192375000000001 0.34658125 0.6977781255813954 0.348889584375 0.6977781255813954 0.36088749999999997 0.7358515627906977 0.35858124999999996 0.738275 0.346120834375
0 0.7323906255813953 0.29074166562500003 0.717507811627907 0.290279165625 0.7002015627906977 0.2925875 0.6998546883720931 0.302279165625 0.7310062511627907 0.302279165625 0.7323906255813953 0.29074166562500003
0 0.6417078116279069 0.31058541562499997 0.6112484372093023 0.311045834375 0.6122875 0.323045834375 0.6413609372093024 0.32350625 0.6417078116279069 0.31058541562499997
0 0.5558687488372093 0.295816665625 0.5257562488372093 0.2985875 0.5257562488372093 0.3096625 0.5555234372093023 0.307354165625 0.5558687488372093 0.295816665625
8 0.5541390627906977 0.27228125 0.5389093744186046 0.27274375 0.523679688372093 0.276895834375 0.523679688372093 0.287510415625 0.5544843744186047 0.285204165625 0.5541390627906977 0.27228125
8 0.6413609372093024 0.2865875 0.6119406255813954 0.287972915625 0.6102109372093023 0.2985875 0.6413609372093024 0.2985875 0.6413609372093024 0.2865875
8 0.7320437511627907 0.26674375 0.7168156255813954 0.26674375 0.7012390627906977 0.2695125 0.6991625 0.279204165625 0.7310062511627907 0.278741665625 0.7320437511627907 0.26674375
9 0.7337750000000001 0.24874583437500003 0.7348140627906977 0.237208334375 0.7105843744186047 0.239514584375 0.6970859372093023 0.23905416562499998 0.6946640627906977 0.24874583437500003 0.7095468744186048 0.245977084375 0.7337750000000001 0.24874583437500003
9 0.6441296883720931 0.268127084375 0.6444765627906978 0.257975 0.6250937511627908 0.2575125 0.6064031255813954 0.260283334375 0.6067484372093024 0.268589584375 0.6237093744186046 0.267666665625 0.6441296883720931 0.268127084375
9 0.5548312511627908 0.253820834375 0.5558687488372093 0.245054165625 0.5347562511627907 0.245054165625 0.51745 0.24689999999999998 0.5177953116279069 0.256129165625 0.5396015627906977 0.2524375 0.5548312511627908 0.253820834375