2 0.6282109372093023 0.673675 0.610742188372093 0.680841665625 0.586217188372093 0.682633334375 0.5885687511627907 0.695175 0.601670311627907 0.693383334375 0.6292187488372093 0.688904165625 0.6282109372093023 0.673675
2 0.6208203116279071 0.6441125000000001 0.587225 0.647695834375 0.5885687511627907 0.662029165625 0.5993187511627908 0.661133334375 0.6211562511627907 0.65620625 0.6208203116279071 0.6441125000000001
2 0.7132031255813953 0.5128708343749999 0.6806171883720931 0.515558334375 0.6812890627906977 0.525860415625 0.6943906255813953 0.522725 0.7128671883720931 0.52138125 0.7132031255813953 0.5128708343749999
2 0.71925 0.558558334375 0.7189140627906976 0.541985415625 0.6970781255813953 0.547360415625 0.677257811627907 0.549152084375 0.6789375 0.55900625 0.6900234372093024 0.560797915625 0.7064843744186046 0.5594541656249999 0.71925 0.558558334375
2 0.8089468744186046 0.619475 0.776025 0.620370834375 0.7763609372093023 0.630227084375 0.7891265627906977 0.631122915625 0.8089468744186046 0.6333624999999999 0.8089468744186046 0.619475
2 0.8149937511627907 0.651727084375 0.7941656255813954 0.6539666656249999 0.7719937511627907 0.65351875 0.7726656255813953 0.6669562499999999 0.7914781255813954 0.667404165625 0.8156656255813953 0.665164584375 0.8149937511627907 0.651727084375
0 0.6188046883720929 0.617683334375 0.6043593744186047 0.6239541656250001 0.5852093744186047 0.625297915625 0.586217188372093 0.63605 0.5999906255813954 0.636497915625 0.6198125000000001 0.631570834375 0.6188046883720929 0.617683334375
0 0.7132031255813953 0.48778750000000004 0.6977500000000001 0.490922915625 0.6796093744186047 0.490922915625 0.679945311627907 0.50256875 0.6937187488372093 0.502120834375 0.7132031255813953 0.502120834375 0.7132031255813953 0.48778750000000004
0 0.808275 0.597527084375 0.776025 0.597975 0.7766968744186046 0.608725 0.7887906255813955 0.61006875 0.8086109372093023 0.609620834375 0.808275 0.597527084375
8 0.6154453116279069 0.594391665625 0.5835296883720931 0.601110415625 0.5848734372093023 0.6141 0.5969671883720931 0.612308334375 0.6167890627906977 0.608725 0.6154453116279069 0.594391665625
8 0.7108515627906977 0.464047915625 0.6933828116279069 0.46852708437499996 0.6792734372093023 0.46718333437500004 0.679945311627907 0.47927708437499994 0.688007811627907 0.48017291562500003 0.7111875000000001 0.47838125 0.7108515627906977 0.464047915625
8 0.8086109372093023 0.5737875 0.775017188372093 0.573339584375 0.776025 0.58588125 0.7854312488372093 0.586329165625 0.8086109372093023 0.58588125 0.8086109372093023 0.5737875
9 0.6164531255813953 0.56706875 0.5749562488372093 0.575579165625 0.5768109372093023 0.587225 0.5895765627906977 0.583641665625 0.6174609372093023 0.577370834375 0.6164531255813953 0.56706875
9 0.7158906255813954 0.447027084375 0.713875 0.435379165625 0.672554688372093 0.439410415625 0.6728906255813953 0.45061041562500004 0.6846484372093022 0.447475 0.7017812511627907 0.44612916562500005 0.7158906255813954 0.447027084375
9 0.8126421883720931 0.5540791656249999 0.8126421883720931 0.543329165625 0.7696421883720931 0.546464584375 0.7709859372093023 0.5527354156250001 0.780392188372093 0.556766665625 0.788454688372093 0.5558708343750001 0.8126421883720931 0.5540791656249999