9 0.7517218744186047 0.531595834375 0.7277625000000001 0.532095834375 0.7112906255813953 0.532095834375 0.710542188372093 0.5420791656249999 0.7505999999999999 0.5420791656249999 0.7517218744186047 0.531595834375
9 0.8295906255813954 0.6244395843749999 0.7902812488372093 0.613458334375 0.7921531255813953 0.623939584375 0.828092188372093 0.632425 0.8295906255813954 0.6244395843749999
9 0.8936062511627908 0.5885 0.8539234372093023 0.583008334375 0.85355 0.5914937499999999 0.892857811627907 0.5979833343750001 0.8936062511627908 0.5885
8 0.886867188372093 0.616452084375 0.856170311627907 0.611960415625 0.8550468744186047 0.623439584375 0.8879906255813953 0.626935415625 0.886867188372093 0.616452084375
8 0.819482811627907 0.662375 0.8209796883720931 0.651891665625 0.791404688372093 0.64340625 0.7887843744186046 0.64390625 0.7906562511627907 0.6548875 0.819482811627907 0.662375
8 0.7464812511627907 0.5605479156250001 0.7169062488372092 0.561045834375 0.7154093744186046 0.5720270843749999 0.7464812511627907 0.574522915625 0.7464812511627907 0.5605479156250001
0 0.7464812511627907 0.585504165625 0.7154093744186046 0.587002084375 0.7165328116279069 0.594989584375 0.7457328116279069 0.5954875000000001 0.7464812511627907 0.585504165625
0 0.8202312488372093 0.6753520843749999 0.7887843744186046 0.667864584375 0.7884093744186046 0.6768500000000001 0.8164875 0.6843375 0.8202312488372093 0.6753520843749999
0 0.887242188372093 0.6389145843749999 0.856170311627907 0.635420834375 0.8546718744186047 0.646402084375 0.8864937511627907 0.65089375 0.887242188372093 0.6389145843749999
2 0.8849953116279069 0.662375 0.8741390627906976 0.663372915625 0.8550468744186047 0.6588812500000001 0.8528 0.670360415625 0.8827499999999999 0.673854165625 0.8849953116279069 0.662375
2 0.887617188372093 0.695816665625 0.8655296883720931 0.697814584375 0.8479343744186046 0.6933208343749999 0.843067188372093 0.704302084375 0.8864937511627907 0.7077979156249999 0.887617188372093 0.695816665625
2 0.8127437488372092 0.7067979156249999 0.8149906255813953 0.69531875 0.7996406255813953 0.696816665625 0.7857890627906977 0.690327084375 0.782795311627907 0.6858354156249999 0.782420311627907 0.6993125 0.8127437488372092 0.7067979156249999
2 0.8146156255813953 0.729760415625 0.7891593744186046 0.7287625 0.775307811627907 0.720275 0.7730609372093024 0.730258334375 0.8097484372093023 0.741739584375 0.8146156255813953 0.729760415625
2 0.7461062511627907 0.619945834375 0.747604688372093 0.607966665625 0.715782811627907 0.6104625 0.72065 0.618947915625 0.7296343744186046 0.620445834375 0.7461062511627907 0.619945834375
2 0.7517218744186047 0.6429083343750001 0.7303843744186047 0.6429083343750001 0.7101687511627908 0.64340625 0.7139109372093023 0.6533895843749999 0.7505999999999999 0.653889584375 0.7517218744186047 0.6429083343750001