9 0.2878234372093023 0.713489584375 0.27374062558139534 0.71739375 0.24722031162790697 0.7166625 0.2483687488372093 0.725972915625 0.2624015627906977 0.726908334375 0.278129688372093 0.725933334375 0.288554688372093 0.7247125 0.2878234372093023 0.713489584375
9 0.39445156279069765 0.7483791656250001 0.410729688372093 0.7464270843749999 0.4101812511627907 0.735204165625 0.38512343720930237 0.740083334375 0.37070000000000003 0.739083334375 0.37067500000000003 0.745695834375 0.37982031162790697 0.749841665625 0.39445156279069765 0.7483791656250001
9 0.49720312558139534 0.6841541656250001 0.4736093744186046 0.682445834375 0.473975 0.69245 0.49555781162790696 0.69269375 0.5147609372093024 0.690010415625 0.5140296883720931 0.68000625 0.49720312558139534 0.6841541656250001
8 0.28535781162790697 0.755202084375 0.2862734372093023 0.741783334375 0.253170311627907 0.74518125 0.2539 0.757885415625 0.2709093744186047 0.756422915625 0.28535781162790697 0.755202084375
8 0.3755265627906977 0.77935625 0.4068015627906976 0.778622915625 0.4062531255813953 0.764716665625 0.3753437488372093 0.766425 0.3755265627906977 0.77935625
8 0.47908437441860463 0.722925 0.511470311627907 0.72209375 0.5109218744186046 0.710870834375 0.478732811627907 0.710383334375 0.47908437441860463 0.722925
0 0.254170311627907 0.76905 0.25408437441860465 0.780241665625 0.2867265627906977 0.7792958343749999 0.285995311627907 0.765877084375 0.269717188372093 0.7683187499999999 0.254170311627907 0.76905
0 0.37524843720930234 0.7902750000000001 0.3743593744186047 0.800364584375 0.3854906255813953 0.80320625 0.4068890627906977 0.801741665625 0.4063406255813954 0.788566665625 0.37524843720930234 0.7902750000000001
0 0.47872968837209307 0.7367250000000001 0.47977031162790695 0.7460958343749999 0.5112859372093024 0.744777084375 0.5107375 0.7320895843749999 0.49939687441860464 0.7350187499999999 0.47872968837209307 0.7367250000000001
2 0.5110968744186046 0.768014584375 0.5112468744186046 0.7549812499999999 0.5016265627906976 0.7571875 0.48059999999999997 0.7585770843749999 0.47997812558139535 0.769820834375 0.49080156279069764 0.7692187500000001 0.5110968744186046 0.768014584375
2 0.5053843744186046 0.8047124999999999 0.5172593744186046 0.8005020843749999 0.5174109372093023 0.789270834375 0.5029781255813953 0.792279165625 0.47624062558139535 0.791704165625 0.4751687511627907 0.8005020843749999 0.4778734372093023 0.8051125000000001 0.5053843744186046 0.8047124999999999
2 0.406004688372093 0.81125 0.37591718837209304 0.81325 0.374782811627907 0.823783334375 0.40585937441860465 0.8218562500000001 0.406004688372093 0.81125
2 0.39892187441860466 0.861189584375 0.4104843744186047 0.857333334375 0.410629688372093 0.8438375 0.37044531162790695 0.8465354156249999 0.3711687511627907 0.8577187500000001 0.376517188372093 0.861189584375 0.39892187441860466 0.861189584375
2 0.2813890627906977 0.7896062500000001 0.2743062511627907 0.7934625 0.25551562558139534 0.794233334375 0.25464843720930236 0.801754165625 0.2864484372093023 0.80271875 0.2854359372093023 0.789220834375 0.2813890627906977 0.7896062500000001
2 0.2926640627906977 0.833183334375 0.29295312558139536 0.82315625 0.250682811627907 0.825539584375 0.2519015627906977 0.838775 0.2855812488372093 0.838389584375 0.2926640627906977 0.833183334375