9 0.401607811627907 0.742966665625 0.39460937441860466 0.74796875 0.37148906279069766 0.749802084375 0.3608656255813954 0.74946875 0.36175 0.758166665625 0.38561093720930234 0.757304165625 0.399857811627907 0.7556375 0.401607811627907 0.753802084375 0.401607811627907 0.742966665625
9 0.5158593744186046 0.691520834375 0.535854688372093 0.6886875 0.535604688372093 0.677183334375 0.5157343744186047 0.682185415625 0.49596875116279066 0.682333334375 0.49598749999999997 0.691354165625 0.5069859372093023 0.6923541656250001 0.5158593744186046 0.691520834375
9 0.6440687511627907 0.6790625 0.6440687511627907 0.66839375 0.6335703116279069 0.67339375 0.6159484372093023 0.677729165625 0.6064375 0.679 0.6062 0.689066665625 0.6189484372093024 0.686564584375 0.6440687511627907 0.6790625
8 0.6451343744186047 0.711058334375 0.6442593744186046 0.697054165625 0.6280125 0.70455625 0.6137812488372092 0.706291665625 0.6141406255813954 0.7175583343749999 0.6266375 0.7168916656250001 0.6451343744186047 0.711058334375
8 0.5333593744186046 0.719477084375 0.5332343744186047 0.705639584375 0.5183625 0.709808334375 0.5019062511627908 0.710458334375 0.5017406255813953 0.7234791656249999 0.5193625 0.722479165625 0.5333593744186046 0.719477084375
8 0.40002031162790697 0.7875979156249999 0.399645311627907 0.773427084375 0.3835234372093023 0.7777624999999999 0.36721875116279074 0.778375 0.36677656279069765 0.789266665625 0.378025 0.7887666656250001 0.40002031162790697 0.7875979156249999
0 0.40027031162790694 0.8086020843749999 0.40064531162790695 0.796264584375 0.38427343720930235 0.801433334375 0.3681562488372093 0.80275 0.3679 0.812435415625 0.39039687441860466 0.8131020843749999 0.40027031162790694 0.8086020843749999
2 0.40115937441860466 0.832539584375 0.40115937441860466 0.8190416656249999 0.3893109372093023 0.824191665625 0.36933906279069767 0.82508125 0.368407811627907 0.834314584375 0.3830531255813953 0.834670834375 0.40115937441860466 0.832539584375
2 0.40728437441860466 0.8668166656249999 0.4067515627906977 0.8524312500000001 0.38811249999999997 0.85758125 0.3647265627906977 0.85870625 0.3665437488372093 0.8700125 0.3885125 0.8712562500000001 0.40728437441860466 0.8668166656249999
0 0.5350515627906977 0.744072915625 0.534520311627907 0.731108334375 0.504045311627907 0.733979165625 0.503232811627907 0.745847915625 0.5100218744186047 0.74726875 0.5350515627906977 0.744072915625
2 0.5358515627906977 0.763252084375 0.5353187488372093 0.7545499999999999 0.504045311627907 0.757060415625 0.5045640627906977 0.766983334375 0.5209390627906977 0.767514584375 0.5358515627906977 0.763252084375
2 0.534120311627907 0.800727084375 0.542507811627907 0.7978854156249999 0.5431734372093023 0.78403125 0.5297265627906976 0.789360415625 0.5017140627906976 0.7912375 0.5037640627906977 0.803745834375 0.5210734372093023 0.8032125000000001 0.534120311627907 0.800727084375
0 0.6475062488372093 0.732310415625 0.6475062488372093 0.7189895843749999 0.6352578116279071 0.724316665625 0.6175640627906976 0.7273208343750001 0.617682811627907 0.740125 0.6333937488372092 0.738170834375 0.6475062488372093 0.732310415625
2 0.6507015627906977 0.75344375 0.6501687511627907 0.742610415625 0.6389859372093024 0.748827084375 0.6205609372093024 0.753066665625 0.621145311627907 0.762679165625 0.6308640627906976 0.759660415625 0.6507015627906977 0.75344375
2 0.6592218744186046 0.787366665625 0.6606875 0.7731583343749999 0.646175 0.780616665625 0.6207453116279069 0.78665625 0.623542188372093 0.799264584375 0.6504359372093024 0.794114584375 0.6592218744186046 0.787366665625