2 0.743 0.563908334375 0.7257812511627907 0.55625625 0.7059156255813954 0.545660415625 0.7045906255813954 0.555079165625 0.740792188372093 0.575091665625 0.743 0.563908334375
2 0.7443234372093023 0.542716665625 0.7487390627906977 0.532710415625 0.7324046883720929 0.519760415625 0.7191593744186047 0.5150520843749999 0.7165109372093023 0.522704165625 0.723575 0.5315333343749999 0.7443234372093023 0.542716665625
2 0.789354688372093 0.693995834375 0.757567188372093 0.68634375 0.7584515627906976 0.697527084375 0.7871468744186046 0.703414584375 0.789354688372093 0.693995834375
2 0.7871468744186046 0.739908334375 0.7906781255813954 0.7251937500000001 0.7677218744186046 0.726958334375 0.750504688372093 0.71930625 0.749179688372093 0.731079165625 0.7668390627906977 0.735789584375 0.7871468744186046 0.739908334375
2 0.8502765627906976 0.756391665625 0.8299703116279069 0.745795834375 0.8118687511627907 0.73814375 0.8109859372093023 0.7493270843750001 0.8485109372093024 0.766985415625 0.8502765627906976 0.756391665625
2 0.8538093744186047 0.7228395843750001 0.8361500000000001 0.716952084375 0.8233468744186047 0.706945834375 0.8220234372093024 0.720483334375 0.8516015627906977 0.731079165625 0.8538093744186047 0.7228395843750001
0 0.7920031255813954 0.668685415625 0.7739031255813954 0.669272915625 0.758892188372093 0.663975 0.7619828116279069 0.6763375 0.7902374999999999 0.6822229156249999 0.7920031255813954 0.668685415625
0 0.8582234372093023 0.708122915625 0.8604312511627906 0.698116665625 0.8282031255813953 0.685166665625 0.8277625000000001 0.6892875 0.826879688372093 0.69635 0.8582234372093023 0.708122915625
0 0.7540359372093023 0.509166665625 0.7385843744186046 0.502691665625 0.7240156255813954 0.49444999999999995 0.721367188372093 0.50386875 0.750504688372093 0.5185833343749999 0.7540359372093023 0.509166665625
8 0.7593343744186046 0.486208334375 0.731520311627907 0.472670834375 0.7271062488372093 0.48385416562500005 0.7580093744186046 0.49680416562499996 0.7593343744186046 0.486208334375
8 0.7942109372093022 0.645727084375 0.7831734372093022 0.64690625 0.7637484372093024 0.64101875 0.7628656255813954 0.65338125 0.7902374999999999 0.658089584375 0.7942109372093022 0.645727084375
8 0.8639625 0.6757479156249999 0.8458625 0.671039584375 0.8348249999999999 0.6651520843750001 0.8335015627906976 0.6763375 0.8621968744186047 0.68693125 0.8639625 0.6757479156249999
9 0.873675 0.651025 0.85425 0.6439625 0.8361500000000001 0.6351333343750001 0.8348249999999999 0.64455 0.8710265627906977 0.6592666656249999 0.873675 0.651025
9 0.7999499999999999 0.619239584375 0.7796421883720931 0.616885415625 0.7641906255813954 0.613354165625 0.7655140627906977 0.622770834375 0.799067188372093 0.6286583343750001 0.7999499999999999 0.619239584375
9 0.7522703116279069 0.46089791562500004 0.767279688372093 0.469139584375 0.7699296883720931 0.46148749999999994 0.7496218744186046 0.45383541562499996 0.7363765627906977 0.44736041562500006 0.7332875 0.4420625 0.7306375 0.45265625 0.7522703116279069 0.46089791562500004