9 0.5761843744186046 0.748822915625 0.5621937488372093 0.748272915625 0.5621890627906977 0.7567229156249999 0.592467188372093 0.756345834375 0.6014890627906976 0.7551354156250001 0.6008718744186047 0.747177084375 0.5761843744186046 0.748822915625
8 0.5821 0.776385415625 0.566875 0.7752895843750001 0.5682265627906977 0.788158334375 0.598557811627907 0.78489375 0.5995859372093023 0.771720834375 0.5901234372093023 0.773916665625 0.5821 0.776385415625
0 0.599792188372093 0.796695834375 0.567454688372093 0.799816665625 0.5681093744186047 0.8106916656250001 0.5991749999999999 0.8106916656250001 0.599792188372093 0.796695834375
2 0.5989687488372093 0.8320979156250001 0.5993812488372093 0.82139375 0.5816875 0.823314584375 0.5687406255813954 0.822452084375 0.5691375000000001 0.8353895843749999 0.5893 0.836214584375 0.5989687488372093 0.8320979156250001
2 0.5796312488372093 0.869695834375 0.6047296883720931 0.8680479156249999 0.604525 0.854875 0.5816875 0.8606395843750001 0.5661687488372094 0.8560604156249999 0.5644062511627908 0.86393125 0.566257811627907 0.8694208343750001 0.5796312488372093 0.869695834375
9 0.6608484372093023 0.622079165625 0.6743906255813954 0.624189584375 0.6888109372093023 0.624425 0.6893390627906977 0.61480625 0.6742140627906976 0.61480625 0.6501796883720931 0.6104 0.6490656255813952 0.61269375 0.6487140627906977 0.618560415625 0.6608484372093023 0.622079165625
9 0.784920311627907 0.590060415625 0.762057811627907 0.586541665625 0.7464062488372093 0.5827875 0.7465812511627907 0.5872437500000001 0.746757811627907 0.591233334375 0.7574859372093024 0.5938125000000001 0.7778859372093023 0.59944375 0.7850953116279069 0.60085 0.784920311627907 0.590060415625
8 0.6841515627906978 0.6433125000000001 0.6510890627906977 0.640027084375 0.6507375 0.6512875 0.6830953116279069 0.655745834375 0.6841515627906978 0.6433125000000001
8 0.7476375000000001 0.611172915625 0.7480187511627906 0.623297915625 0.7757750000000001 0.629470834375 0.7782375 0.6200875 0.7613546883720931 0.615395834375 0.7476375000000001 0.611172915625
0 0.6825687511627907 0.6672395843750001 0.6507375 0.664660415625 0.6502093744186047 0.67545 0.682217188372093 0.678266665625 0.6825687511627907 0.6672395843750001
0 0.7429625000000001 0.644697915625 0.7734890627906977 0.652460415625 0.774895311627907 0.642139584375 0.744295311627907 0.635570834375 0.7429625000000001 0.644697915625
2 0.6714890627906976 0.7017249999999999 0.6801062488372094 0.70219375 0.6808093744186047 0.6883520843750001 0.6499609372093024 0.6869125 0.6488031255813953 0.697033334375 0.6660375 0.698910415625 0.6714890627906976 0.7017249999999999
2 0.7726093744186047 0.6770937499999999 0.7731374999999999 0.666066665625 0.7418640627906977 0.660235415625 0.7423609372093023 0.669352084375 0.750275 0.6733395843750001 0.7726093744186047 0.6770937499999999
2 0.6839749999999999 0.736210415625 0.6845031255813954 0.723072915625 0.6597062488372092 0.72330625 0.6435265627906978 0.719554165625 0.6449343744186046 0.731283334375 0.6512656255813953 0.733864584375 0.6839749999999999 0.736210415625
2 0.7743687511627907 0.69914375 0.7520328116279069 0.695391665625 0.7332890627906977 0.6892583343750001 0.7349749999999999 0.701960415625 0.7727859372093023 0.710872915625 0.7743687511627907 0.69914375