2 0.38706562558139535 0.8045958343749999 0.39482812558139535 0.803247915625 0.40427968837209305 0.801447915625 0.40427968837209305 0.795602084375 0.404617188372093 0.787058334375 0.3860531255813954 0.792904165625 0.3641562488372093 0.790404165625 0.363775 0.794702084375 0.3641125 0.804147915625 0.3745765627906977 0.805045834375 0.38706562558139535 0.8045958343749999
2 0.5140015627906976 0.8179562499999999 0.5268281255813954 0.81930625 0.5285156255813953 0.806714584375 0.5086015627906977 0.8031166656250001 0.4870125 0.79881875 0.48598593720930233 0.8040145843750001 0.4856484372093023 0.813460415625 0.49442499999999995 0.816158334375 0.5140015627906976 0.8179562499999999
2 0.6073890627906977 0.825827084375 0.6286546883720929 0.8271770843749999 0.628992188372093 0.814585415625 0.6094156255813954 0.8141354156249999 0.5883421883720931 0.8052520843750001 0.5851125 0.8100875000000001 0.5864625 0.81998125 0.5955765627906976 0.8235791656250001 0.6073890627906977 0.825827084375
2 0.6057015627906976 0.858658334375 0.6192031255813953 0.859108334375 0.6198781255813953 0.847864584375 0.6043515627906977 0.8465145843749999 0.5890843744186047 0.8408833343750001 0.5884874999999999 0.847414584375 0.5878125 0.8528125 0.5938890627906976 0.856408334375 0.6057015627906976 0.858658334375
2 0.5198999999999999 0.8493 0.520575 0.83850625 0.5053859372093024 0.8398562500000001 0.4884984372093023 0.8349458343749999 0.4878343744186046 0.845252084375 0.5016734372093024 0.84795 0.5128125 0.8493 0.5198999999999999 0.8493
2 0.4021765627906977 0.821860415625 0.39002499999999996 0.8250083343749999 0.3812484372093023 0.826358334375 0.3693531255813953 0.823066665625 0.36977343720930234 0.837152084375 0.387325 0.836252084375 0.40183906279069764 0.833554165625 0.4021765627906977 0.821860415625
0 0.40318906279069766 0.845695834375 0.3944125 0.847945834375 0.38293750000000004 0.84884375 0.36977343720930234 0.847945834375 0.36977343720930234 0.8596375 0.38766249999999997 0.8600875 0.40285156279069767 0.857389584375 0.40318906279069766 0.845695834375
0 0.5192218744186047 0.87423125 0.5188843744186047 0.8634375000000001 0.502007811627907 0.862089584375 0.4873843744186046 0.85573125 0.48580624883720924 0.868835415625 0.49897031162790695 0.872433334375 0.5138218744186047 0.87423125 0.5192218744186047 0.87423125
0 0.6163875 0.8815625 0.6174000000000001 0.8707687500000001 0.6005234372093023 0.8707687500000001 0.586857811627907 0.863154165625 0.5863468744186047 0.877064584375 0.5974859372093023 0.8802125000000001 0.6096359372093024 0.8815625 0.6163875 0.8815625
8 0.6147 0.895054165625 0.5988359372093024 0.8941541656249999 0.5916015627906978 0.8914562500000001 0.5828749999999999 0.887808334375 0.5828249999999999 0.9009 0.5983515627906977 0.903597915625 0.6136859372093023 0.9067458343749999 0.6147 0.895054165625
8 0.51645 0.898108334375 0.5172203116279069 0.8847791656249999 0.5000343744186047 0.883754165625 0.48517031162790697 0.8800687500000001 0.48336250000000003 0.8922979156249999 0.491570311627907 0.8950312500000001 0.507217188372093 0.8974229156250001 0.51645 0.898108334375
8 0.40294843720930235 0.8821833343750001 0.4034609372093023 0.86885625 0.39166249999999997 0.8719312499999999 0.37093593720930235 0.8717937499999999 0.37088593720930235 0.883208334375 0.37960781162790697 0.883891665625 0.38884062558139537 0.883208334375 0.40294843720930235 0.8821833343750001
9 0.39704843720930233 0.91465 0.40807812558139533 0.911916665625 0.40756562558139536 0.8999541656250001 0.3919187488372093 0.9030312500000001 0.3790937488372093 0.9037145843750001 0.366704688372093 0.902633334375 0.36703906279069765 0.908497915625 0.36729531162790696 0.9149916656249999 0.38602031162790695 0.91465 0.39704843720930233 0.91465
9 0.4980812488372093 0.9276375 0.5083406255813954 0.9276375 0.5168062488372093 0.928322915625 0.5186015627906977 0.9255875 0.5196265627906977 0.917727084375 0.5050062511627907 0.91806875 0.493207811627907 0.91704375 0.477554688372093 0.91090625 0.47679218837209303 0.91704375 0.477304688372093 0.9235374999999999 0.48782187441860464 0.924904165625 0.4980812488372093 0.9276375
9 0.599720311627907 0.93505625 0.615367188372093 0.93608125 0.6166499999999999 0.929929165625 0.6171625000000001 0.9268541656249999 0.5994640627906976 0.9261708343749999 0.5876656255813953 0.9237770843750001 0.576275 0.918427084375 0.5756109372093023 0.922752084375 0.5750968744186046 0.9289041656249999 0.5835609372093024 0.931979165625 0.599720311627907 0.93505625