0 0.232754688372093 0.645970834375 0.1988265627906977 0.647227084375 0.19965156279069768 0.660241665625 0.22009843720930233 0.6585125 0.23307968837209303 0.658079165625 0.232754688372093 0.645970834375
0 0.298757811627907 0.4587875 0.2998359372093023 0.472154165625 0.3329390627906976 0.469991665625 0.33261562558139535 0.45788333437500006 0.298757811627907 0.4587875
0 0.49747812558139537 0.449152084375 0.4861187488372093 0.4482875 0.46471250000000003 0.452125 0.46567187441860464 0.46428541562500003 0.481575 0.46255625 0.4978015627906977 0.460827084375 0.49747812558139537 0.449152084375
2 0.497395311627907 0.402108334375 0.49707031162790694 0.39691875 0.4960968744186046 0.391297915625 0.4762984372093023 0.3921625 0.45507656279069764 0.395020834375 0.45520312558139536 0.39908125 0.45520312558139536 0.410322915625 0.47305312558139534 0.40686458437499995 0.497395311627907 0.402108334375
2 0.334795311627907 0.413783334375 0.33512031162790695 0.3995125 0.3114281255813954 0.3995125 0.29197656279069767 0.40168333437500003 0.290332811627907 0.410322915625 0.29422656279069764 0.416377084375 0.31402500000000005 0.41335 0.334795311627907 0.413783334375
2 0.33126093720930233 0.436241665625 0.32022656279069767 0.436672915625 0.2976859372093023 0.43546874999999996 0.2981562511627907 0.44878125 0.31211249999999996 0.44835 0.3315859372093023 0.447052084375 0.33126093720930233 0.436241665625
2 0.49427031162790697 0.424645834375 0.47674531162790695 0.42810625 0.4622140627906977 0.430235415625 0.4627890627906977 0.440645834375 0.4747984372093023 0.438916665625 0.49427031162790697 0.436754165625 0.49427031162790697 0.424645834375
8 0.498582811627907 0.472439584375 0.4878718744186047 0.47373750000000003 0.4672109372093023 0.475441665625 0.468075 0.488439584375 0.4856 0.48584583437499995 0.49923124883720926 0.48498125 0.498582811627907 0.472439584375
9 0.5050734372093023 0.511358334375 0.504425 0.501845834375 0.4849515627906976 0.503575 0.46471250000000003 0.5078 0.4638562511627907 0.513520834375 0.46482968837209304 0.518277084375 0.48689843720930237 0.514385415625 0.5050734372093023 0.511358334375
9 0.33790156279069766 0.51144375 0.3200515627906977 0.513172915625 0.29661562558139537 0.5144624999999999 0.2966843744186046 0.52528125 0.32297187441860464 0.52311875 0.33855 0.5222541656249999 0.33790156279069766 0.51144375
9 0.24040781162790698 0.711352084375 0.24008281162790696 0.697945834375 0.2193109372093023 0.7018375 0.19740000000000002 0.702902084375 0.19724218837209304 0.708325 0.19789062558139534 0.7148104156249999 0.2225562511627907 0.712216665625 0.24040781162790698 0.711352084375
8 0.20178593720930235 0.670270834375 0.20146093720930233 0.6841083343750001 0.233267188372093 0.682810415625 0.23359218837209303 0.66940625 0.20178593720930235 0.670270834375
8 0.3001843744186047 0.48305625 0.3011359372093023 0.495141665625 0.33261718837209303 0.49384375 0.33294218837209305 0.48173750000000004 0.3001843744186047 0.48305625
2 0.2353375 0.601479165625 0.2356625 0.588939584375 0.22008437441860465 0.58850625 0.19240312558139536 0.5906 0.19152343720930234 0.5975875 0.19152343720930234 0.6058041656250001 0.21683906279069767 0.60234375 0.2353375 0.601479165625
2 0.23306562558139535 0.6231 0.21911093720930233 0.623964584375 0.198470311627907 0.6258125 0.19963750000000002 0.6365062499999999 0.214892188372093 0.635208334375 0.23306562558139535 0.63434375 0.23306562558139535 0.6231