2 0.4537234372093023 0.546133334375 0.452957811627907 0.559735415625 0.496570311627907 0.560077084375 0.496570311627907 0.548854165625 0.4537234372093023 0.546133334375
2 0.45703906279069767 0.5781 0.45703906279069767 0.5917020843749999 0.49045 0.592722915625 0.4901937488372093 0.580479165625 0.45703906279069767 0.5781
2 0.522329688372093 0.68521875 0.523095311627907 0.700520834375 0.5661968744186047 0.6978 0.5661968744186047 0.683177084375 0.522329688372093 0.68521875
2 0.5276859372093023 0.65053125 0.5274312488372093 0.66379375 0.5598218744186046 0.66379375 0.5600765627906976 0.6512125 0.5276859372093023 0.65053125
2 0.6592890627906978 0.624347915625 0.6582687511627907 0.639310415625 0.6985656255813953 0.64543125 0.6998406255813954 0.6314895843749999 0.6592890627906978 0.624347915625
2 0.6666843744186046 0.5923812500000001 0.6651546883720931 0.60734375 0.6985656255813953 0.610404165625 0.6980546883720931 0.5981625 0.6666843744186046 0.5923812500000001
0 0.6682156255813954 0.56891875 0.6666843744186046 0.582520834375 0.6993296883720931 0.5866 0.6998406255813954 0.57401875 0.6682156255813954 0.56891875
0 0.526154688372093 0.627747915625 0.5259 0.6420312499999999 0.5603312511627907 0.6399895843750001 0.5608406255813954 0.626727084375 0.526154688372093 0.627747915625
0 0.4565281255813954 0.601222915625 0.4565281255813954 0.614485415625 0.48917343720930234 0.615845834375 0.4899390627906977 0.60224375 0.4565281255813954 0.601222915625
8 0.4562734372093023 0.62400625 0.455507811627907 0.638970834375 0.48713437441860463 0.640670834375 0.48687812558139537 0.6291083343749999 0.4562734372093023 0.62400625
8 0.5264109372093023 0.604964584375 0.5264109372093023 0.619245834375 0.5600765627906976 0.61720625 0.5598218744186046 0.603604165625 0.5264109372093023 0.604964584375
8 0.6677046883720931 0.5447729156250001 0.6669390627906977 0.559735415625 0.700604688372093 0.56415625 0.7011156255813953 0.548514584375 0.6677046883720931 0.5447729156250001
9 0.44887656279069765 0.655633334375 0.448367188372093 0.668554165625 0.491725 0.669235415625 0.49146875116279065 0.6586937500000001 0.44887656279069765 0.655633334375
9 0.521054688372093 0.575039584375 0.5215640627906977 0.586941665625 0.5631375 0.5855812499999999 0.5631375 0.5764 0.521054688372093 0.575039584375
9 0.6669390627906977 0.51756875 0.6669390627906977 0.529810415625 0.7080015627906977 0.533891665625 0.7074921883720929 0.5230104156250001 0.6669390627906977 0.51756875