2 0.32406093720930235 0.739916665625 0.31954062558139534 0.72508125 0.28824687441860464 0.745479165625 0.2899859372093023 0.754752084375 0.29902656279069767 0.75150625 0.309804688372093 0.745479165625 0.32406093720930235 0.739916665625
2 0.33692656279069766 0.768658334375 0.33483906279069764 0.75660625 0.29311562558139537 0.774685415625 0.29554843720930235 0.7909125 0.306675 0.78535 0.31815 0.778858334375 0.33692656279069766 0.768658334375
2 0.465925 0.663883334375 0.4638375 0.653220834375 0.4321968744186046 0.667129165625 0.43463124883720927 0.67871875 0.4433234372093023 0.6754749999999999 0.45166874883720926 0.670375 0.465925 0.663883334375
2 0.4767031255813954 0.6935541656249999 0.4753125 0.681502084375 0.4356734372093023 0.701435415625 0.4377609372093023 0.7125625 0.44819062558139533 0.706535415625 0.4603609372093024 0.7019 0.4767031255813954 0.6935541656249999
2 0.6738515627906977 0.6179875 0.671417188372093 0.60500625 0.6390812488372093 0.616595834375 0.640820311627907 0.6244770843749999 0.6505562511627907 0.624014584375 0.6589 0.619841665625 0.6738515627906977 0.6179875
2 0.6818484372093022 0.635604165625 0.6415156255813954 0.649977084375 0.6418625 0.659247915625 0.6550750000000001 0.6606395843749999 0.6846312488372093 0.649047915625 0.6818484372093022 0.635604165625
0 0.31536875116279073 0.705608334375 0.2819890627906977 0.720908334375 0.28581406279069765 0.733889584375 0.29902656279069767 0.7278625 0.31849687441860464 0.7181270843750001 0.31536875116279073 0.705608334375
0 0.4610562511627907 0.640704165625 0.458275 0.6295770843749999 0.42663437441860463 0.644877084375 0.429067188372093 0.655075 0.43810781162790696 0.650439584375 0.44853906279069766 0.64719375 0.4610562511627907 0.640704165625
0 0.6689843744186046 0.584608334375 0.6363 0.593879165625 0.637342188372093 0.604079165625 0.6488171883720931 0.601297915625 0.670375 0.596197915625 0.6689843744186046 0.584608334375
8 0.6655062488372093 0.560035415625 0.631779688372093 0.569308334375 0.6342140627906976 0.582289584375 0.6533375 0.575335415625 0.6668984372093023 0.573016665625 0.6655062488372093 0.560035415625
8 0.4541031255813953 0.607325 0.42141875116279065 0.621695834375 0.42385156279069763 0.633285415625 0.43358749999999996 0.629114584375 0.4565359372093023 0.619841665625 0.4541031255813953 0.607325
8 0.3087625 0.68335625 0.27712031162790696 0.69958125 0.27990156279069767 0.711635415625 0.2906812488372093 0.7074625 0.31189062558139535 0.6958729156250001 0.3087625 0.68335625
9 0.305632811627907 0.656466665625 0.26425624883720933 0.6736208343750001 0.2670375 0.685672915625 0.2819890627906977 0.677791665625 0.3077187511627907 0.665739584375 0.305632811627907 0.656466665625
9 0.45097343720930233 0.5790437500000001 0.40959687441860465 0.59480625 0.41307343720930234 0.603614584375 0.42489531162790695 0.601297915625 0.45375468837209304 0.5864625 0.45097343720930233 0.5790437500000001
9 0.6662015627906978 0.540564584375 0.662725 0.53129375 0.6230874999999999 0.5452 0.6237828116279069 0.551227084375 0.6349093744186046 0.5498375 0.6495124999999999 0.546129165625 0.6662015627906978 0.540564584375