9 0.38545 0.8403729156249999 0.38578437441860464 0.8532895843749999 0.42820312558139534 0.850170834375 0.42753593720930233 0.83725625 0.38545 0.8403729156249999
9 0.522395311627907 0.869766665625 0.5230625 0.8826812500000001 0.5641453116279069 0.873329165625 0.5631437488372093 0.8630875 0.522395311627907 0.869766665625
9 0.6429734372093023 0.7824791656250001 0.6426390627906976 0.7936124999999999 0.684725 0.794947915625 0.6823859372093023 0.78336875 0.6429734372093023 0.7824791656250001
8 0.3911281255813953 0.867539584375 0.391795311627907 0.8808999999999999 0.42586562558139535 0.8773375 0.42486250000000003 0.863977084375 0.3911281255813953 0.867539584375
8 0.5243984372093023 0.83725625 0.5257343744186046 0.854179165625 0.5574656255813953 0.847945834375 0.555795311627907 0.8332479156250001 0.5243984372093023 0.83725625
8 0.6469812488372093 0.75175 0.6463125000000001 0.76778125 0.6787125 0.7673375 0.6790468744186047 0.75219375 0.6469812488372093 0.75175
0 0.39212968837209305 0.891589584375 0.3927984372093023 0.905395834375 0.42653281162790696 0.902722915625 0.42586562558139535 0.887135415625 0.39212968837209305 0.891589584375
0 0.5217265627906976 0.8127625 0.5227281255813954 0.829239584375 0.5554625 0.8238958343749999 0.554125 0.8100895843749999 0.5217265627906976 0.8127625
0 0.6469812488372093 0.7290375 0.6469812488372093 0.741952084375 0.679379688372093 0.741952084375 0.6790468744186047 0.7277 0.6469812488372093 0.7290375
6 0.39413437441860466 0.9156375000000001 0.39346562558139536 0.930335415625 0.4278687511627907 0.924989584375 0.426867188372093 0.9102937499999999 0.39413437441860466 0.9156375000000001
6 0.5200562511627908 0.793166665625 0.520725 0.8056374999999999 0.5531234372093023 0.799402084375 0.5521218744186046 0.787822915625 0.5200562511627908 0.793166665625
6 0.6453109372093023 0.707660415625 0.6463125000000001 0.719239584375 0.6790468744186047 0.719239584375 0.6787125 0.70676875 0.6453109372093023 0.707660415625
2 0.3911281255813953 0.949929165625 0.3924640627906977 0.9655166656249999 0.4342156255813953 0.958391665625 0.4338812511627907 0.9432499999999999 0.3911281255813953 0.949929165625
2 0.512707811627907 0.759320834375 0.5137109372093023 0.77268125 0.5571312511627907 0.7642187500000001 0.5564640627906977 0.752639584375 0.512707811627907 0.759320834375
2 0.641970311627907 0.6720312500000001 0.641970311627907 0.686283334375 0.6837218744186047 0.6858375 0.683054688372093 0.6715875 0.641970311627907 0.6720312500000001