2 0.3862406255813954 0.818716665625 0.36529843720930233 0.825641665625 0.3438734372093023 0.8277541656249999 0.34647187441860466 0.8446187500000001 0.3647234372093023 0.839233334375 0.38758593720930234 0.8343604156250001 0.3862406255813954 0.818716665625
2 0.5020640627906977 0.6291375 0.46114218837209303 0.6345229156250001 0.4599890627906977 0.646064584375 0.482275 0.6447812500000001 0.5018718744186046 0.640679165625 0.5020640627906977 0.6291375
2 0.6148156255813954 0.718714584375 0.595795311627907 0.721279165625 0.5735140627906977 0.717822915625 0.5740859372093023 0.7335875 0.5977171883720931 0.7341 0.6153921883720931 0.731535415625 0.6148156255813954 0.718714584375
8 0.37340468837209306 0.7432562500000001 0.355729688372093 0.745820834375 0.3392062511627907 0.74966875 0.3409359372093023 0.764029165625 0.361492188372093 0.7596708343749999 0.3737890627906977 0.755054165625 0.37340468837209306 0.7432562500000001
8 0.502654688372093 0.70973125 0.4696093744186046 0.712808334375 0.47076250000000003 0.728452084375 0.4892062511627907 0.7269125 0.5036156255813954 0.722297915625 0.502654688372093 0.70973125
8 0.611129688372093 0.8105479156250001 0.611129688372093 0.7972125 0.594992188372093 0.801316665625 0.5788531255813953 0.800033334375 0.5780843744186046 0.81388125 0.5982578116279069 0.81465 0.611129688372093 0.8105479156250001
9 0.374570311627907 0.7231395843749999 0.37371249999999995 0.714633334375 0.3316875 0.722647915625 0.33524062558139534 0.7327874999999999 0.34786093720930233 0.7306625 0.36121562558139536 0.7267375 0.374570311627907 0.7231395843749999
9 0.5097140627906976 0.739108334375 0.4899875 0.74466875 0.46804687441860465 0.7451770843750001 0.4687921883720931 0.7567708343749999 0.4826375 0.756116665625 0.5098374999999999 0.750229165625 0.5097140627906976 0.739108334375
9 0.6163781255813954 0.8404979156250001 0.6149078116279071 0.829377084375 0.5986125 0.8341208343750001 0.574842188372093 0.833139584375 0.5750875 0.8427875 0.591382811627907 0.84360625 0.6078015627906976 0.8440958343749999 0.6163781255813954 0.8404979156250001
0 0.375570311627907 0.762027084375 0.341495311627907 0.77410625 0.3429140627906977 0.787904165625 0.35748593720930233 0.783041665625 0.37674062558139537 0.7776562499999999 0.375570311627907 0.762027084375
0 0.5021249999999999 0.683316665625 0.48807343720930235 0.6871375 0.4680375 0.68800625 0.4688187488372093 0.704679165625 0.4858625 0.702420834375 0.5026453116279069 0.699989584375 0.5021249999999999 0.683316665625
0 0.609367188372093 0.7721916656250001 0.6057234372093023 0.7758375 0.595054688372093 0.778095834375 0.5911515627906977 0.777575 0.5769703116279069 0.7758375 0.5777515627906977 0.789558334375 0.595445311627907 0.7879937499999999 0.610407811627907 0.7873 0.609367188372093 0.7721916656250001
6 0.3776812511627907 0.7879125 0.3441734372093023 0.796089584375 0.34633437441860465 0.8090729156249999 0.359425 0.8055479156249999 0.3791218744186046 0.800577084375 0.3776812511627907 0.7879125
6 0.5006609372093023 0.662089584375 0.4665515627906977 0.6657770843749999 0.46871406279069766 0.68100625 0.4827656255813954 0.679564584375 0.5005406255813953 0.6763583343749999 0.5006609372093023 0.662089584375
6 0.6109640627906976 0.7539020843750001 0.5767359372093024 0.7523 0.579017188372093 0.767047915625 0.5971531255813953 0.767208334375 0.6116843744186046 0.766085415625 0.6109640627906976 0.7539020843750001