9 0.4377375 0.547891665625 0.4368125 0.538939584375 0.39787968837209303 0.5420791656249999 0.3986265627906977 0.55190625 0.4118187511627907 0.5503625000000001 0.4377375 0.547891665625
9 0.559492188372093 0.6258229156249999 0.5593468744186046 0.615795834375 0.5197625 0.617841665625 0.5194531255813953 0.6264000000000001 0.5454703116279069 0.627364584375 0.559492188372093 0.6258229156249999
9 0.6743109372093024 0.6157375 0.6743109372093024 0.6098375 0.6342562488372093 0.609508334375 0.6327812488372093 0.619014584375 0.6548984372093024 0.618360415625 0.6743109372093024 0.6157375
8 0.43422187441860466 0.5662375 0.40345156279069766 0.5698875 0.40178437441860465 0.581972915625 0.43569687441860466 0.5800062500000001 0.43422187441860466 0.5662375
8 0.5556187511627907 0.585579165625 0.5248062488372093 0.584633334375 0.5256375 0.600329165625 0.5553718744186047 0.59901875 0.5556187511627907 0.585579165625
8 0.6666937511627907 0.5770562499999999 0.6531781255813954 0.5767270843750001 0.6335656255813954 0.578489584375 0.6354843744186047 0.5895125 0.6666937511627907 0.587545834375 0.6666937511627907 0.5770562499999999
0 0.43569687441860466 0.6019687499999999 0.43495937441860466 0.589185415625 0.403504688372093 0.591479165625 0.40448749999999994 0.60623125 0.4130890627906977 0.60623125 0.43569687441860466 0.6019687499999999
0 0.523179688372093 0.5619770843749999 0.5229343744186047 0.5754166656249999 0.5553718744186047 0.57410625 0.5551265627906976 0.561320834375 0.523179688372093 0.5619770843749999
0 0.6649734372093024 0.553125 0.6344859372093024 0.553091665625 0.6340093744186046 0.564270834375 0.6659562488372093 0.5632875 0.6649734372093024 0.553125
6 0.43667968837209303 0.623604165625 0.43618749999999995 0.6124583343750001 0.40448749999999994 0.6157375 0.40571562558139534 0.627866665625 0.42193437441860465 0.626554165625 0.43667968837209303 0.623604165625
6 0.5543890627906977 0.5393583343749999 0.524192188372093 0.539572915625 0.5246546883720931 0.553125 0.5546359372093023 0.5514875 0.5543890627906977 0.5393583343749999
6 0.6642359372093023 0.541652084375 0.6637437488372093 0.528539584375 0.6566187511627908 0.53050625 0.6323359372093023 0.529741665625 0.6327812488372093 0.5442750000000001 0.6440859372093023 0.54361875 0.6642359372093023 0.541652084375
2 0.6684140627906977 0.50625 0.6671843744186046 0.497070834375 0.6268062488372093 0.49820000000000003 0.627375 0.510183334375 0.6519484372093023 0.508872915625 0.6684140627906977 0.50625
2 0.560532811627907 0.506577084375 0.5189687488372093 0.5072125 0.5192484372093024 0.517395834375 0.560042188372093 0.5177229156250001 0.560532811627907 0.506577084375
2 0.4415937488372093 0.645895834375 0.40178437441860465 0.649172915625 0.403995311627907 0.662941665625 0.44184062558139536 0.658679165625 0.4415937488372093 0.645895834375