9 0.44294374883720933 0.38798750000000004 0.4042031255813954 0.390197915625 0.40360937441860467 0.4000375 0.4434984372093023 0.398183334375 0.44294374883720933 0.38798750000000004
9 0.565945311627907 0.46474374999999996 0.5256390627906977 0.46585625 0.525917188372093 0.476979165625 0.564417188372093 0.476422915625 0.565945311627907 0.46474374999999996
9 0.6794453116279069 0.45797708437500007 0.6399968744186048 0.45808125000000005 0.6419187488372092 0.468360415625 0.6794453116279069 0.46706250000000005 0.6794453116279069 0.45797708437500007
8 0.44206093720930234 0.416397915625 0.42240937441860466 0.41751250000000006 0.4096046883720931 0.41964166562500005 0.4096562488372093 0.43145625 0.4428968744186047 0.428945834375 0.44206093720930234 0.416397915625
8 0.5616390627906976 0.43480208437499995 0.529307811627907 0.43392916562500006 0.5304906255813954 0.449304165625 0.5618484372093023 0.44958333437500003 0.5616390627906976 0.43480208437499995
8 0.6741109372093024 0.426714584375 0.6419546883720931 0.42835416562499995 0.643170311627907 0.43870624999999996 0.675154688372093 0.43926458437499993 0.6741109372093024 0.426714584375
0 0.444104688372093 0.437064584375 0.41112031162790696 0.440658334375 0.41112031162790696 0.45655416562499995 0.4435234372093023 0.45348750000000004 0.444104688372093 0.437064584375
0 0.5298625 0.409704165625 0.529445311627907 0.423647915625 0.5618484372093023 0.426158334375 0.5622656255813954 0.41249375 0.5298625 0.409704165625
0 0.6406609372093023 0.40412708437499995 0.6412890627906976 0.413608334375 0.6722281255813953 0.413608334375 0.672020311627907 0.40412708437499995 0.6406609372093023 0.40412708437499995
6 0.44456874883720926 0.46268958437499996 0.41117343720930233 0.46320208437500004 0.41174687441860464 0.477747915625 0.44394218837209304 0.474960415625 0.44456874883720926 0.46268958437499996
6 0.5292359372093023 0.388510415625 0.5296531255813953 0.402175 0.5626843744186046 0.401895834375 0.5626843744186046 0.387952084375 0.5292359372093023 0.388510415625
6 0.6716015627906977 0.38042291562499997 0.640125 0.381308334375 0.6394078116279069 0.394366665625 0.6722281255813953 0.391579165625 0.6716015627906977 0.38042291562499997
2 0.44937656279069765 0.506470834375 0.44937656279069765 0.495875 0.40882031162790694 0.49874583437500003 0.41028437441860466 0.511770834375 0.44854062558139535 0.5087020843750001 0.44937656279069765 0.506470834375
2 0.5269359372093023 0.355045834375 0.5248453116279069 0.366479165625 0.5664468744186046 0.365922915625 0.5643562488372094 0.35393125 0.5269359372093023 0.355045834375
2 0.6730656255813954 0.34612291562499997 0.6348984372093023 0.34750625 0.6337625 0.35950833437499996 0.6734828116279069 0.35755625 0.6730656255813954 0.34612291562499997