2 0.494204688372093 0.746602084375 0.493867188372093 0.76009375 0.5360593744186046 0.754697915625 0.5350468744186047 0.7412062500000001 0.494204688372093 0.746602084375
2 0.5812906255813953 0.7448750000000001 0.5812890627906977 0.75874375 0.6207796883720931 0.757395834375 0.6207796883720931 0.744354165625 0.5812906255813953 0.7448750000000001
2 0.43616249999999995 0.878495834375 0.43851249999999997 0.8918625 0.48002812558139535 0.8810687500000001 0.47834062558139534 0.865779165625 0.43616249999999995 0.878495834375
6 0.4376468744186046 0.843854165625 0.43851249999999997 0.858583334375 0.4726031255813954 0.847789584375 0.47057812558139533 0.836545834375 0.4376468744186046 0.843854165625
6 0.4992609372093023 0.779516665625 0.5002812488372093 0.795172915625 0.5343718744186047 0.7888770843749999 0.5330218744186047 0.775833334375 0.4992609372093023 0.779516665625
6 0.5846312488372093 0.7790229156249999 0.5846640627906977 0.793372915625 0.618079688372093 0.792472915625 0.618417188372093 0.7785333343749999 0.5846312488372093 0.7790229156249999
0 0.5857437488372093 0.8022812500000001 0.5866890627906977 0.8145104156249999 0.618417188372093 0.8136104156249999 0.6187546883720931 0.8010187500000001 0.5857437488372093 0.8022812500000001
0 0.5018593744186046 0.8003020843750001 0.5026437511627907 0.816758334375 0.5357218744186046 0.8122624999999999 0.5343718744186047 0.797420834375 0.5018593744186046 0.8003020843750001
0 0.4343062511627907 0.820097915625 0.43547500000000006 0.835197915625 0.4678781255813953 0.826202084375 0.4668656255813953 0.8109125 0.4343062511627907 0.820097915625
8 0.43170937441860463 0.797333334375 0.4337875 0.8109125 0.46450312558139534 0.803266665625 0.4634890627906977 0.7902250000000001 0.43170937441860463 0.797333334375
8 0.5029734372093023 0.8255416656250001 0.5036562488372094 0.8410437500000001 0.5360593744186046 0.836545834375 0.5357218744186046 0.82260625 0.5029734372093023 0.8255416656250001
8 0.586857811627907 0.8260375 0.5870265627906976 0.8396958343750001 0.6187546883720931 0.837895834375 0.6187546883720931 0.8230541656250001 0.586857811627907 0.8260375
9 0.4242859372093023 0.771104165625 0.4253484372093024 0.782579165625 0.4668656255813953 0.773135415625 0.46551562558139536 0.76054375 0.4242859372093023 0.771104165625
9 0.5014890627906977 0.856720834375 0.5023062511627907 0.868927084375 0.5417968744186047 0.8648791656249999 0.5417968744186047 0.8531875 0.5014890627906977 0.856720834375
9 0.582775 0.85573125 0.5826390627906977 0.868477084375 0.622804688372093 0.868027084375 0.6217921883720929 0.855885415625 0.582775 0.85573125