9 0.3980812488372093 0.60150625 0.372882811627907 0.60150625 0.35792031162790694 0.5999749999999999 0.3570812511627907 0.61231875 0.38057031162790694 0.6128875 0.398507811627907 0.61231875 0.3980812488372093 0.60150625
9 0.5121125 0.505908334375 0.48862343720930235 0.5064770843749999 0.472045311627907 0.50541875 0.473675 0.517858334375 0.4993 0.51671875 0.5121125 0.51671875 0.5121125 0.505908334375
9 0.6496984372093023 0.503745834375 0.625782811627907 0.504883334375 0.6077734372093023 0.506670834375 0.609979688372093 0.517970834375 0.6296265627906976 0.516264584375 0.6501265627906977 0.515127084375 0.6496984372093023 0.503745834375
8 0.615757811627907 0.534225 0.615532811627907 0.5475625 0.6467093744186047 0.545854165625 0.6471359372093024 0.5333354156250001 0.615757811627907 0.534225
8 0.4762718744186047 0.535477084375 0.4754484372093023 0.5487 0.5091875 0.5469937500000001 0.5096156255813953 0.534472915625 0.4762718744186047 0.535477084375
8 0.3621468744186046 0.571795834375 0.36251093720930233 0.585352084375 0.39368906279069765 0.585352084375 0.39497031162790697 0.573402084375 0.3621468744186046 0.571795834375
0 0.4762718744186047 0.559270834375 0.476542188372093 0.573402084375 0.508575 0.571695834375 0.5090015627906977 0.5597458343749999 0.4762718744186047 0.559270834375
0 0.36167812558139534 0.548627084375 0.36251093720930233 0.563160415625 0.39411562558139535 0.5637291656250001 0.39411562558139535 0.548933334375 0.36167812558139534 0.548627084375
0 0.6162265627906977 0.558645834375 0.6165468744186047 0.57255 0.6485781255813954 0.57198125 0.649004688372093 0.557754165625 0.6162265627906977 0.558645834375
6 0.615757811627907 0.581189584375 0.6165468744186047 0.5958812499999999 0.6494312511627908 0.5918979156249999 0.649004688372093 0.579379165625 0.615757811627907 0.581189584375
6 0.4758015627906977 0.5805625 0.475020311627907 0.59309375 0.5070531255813954 0.5936625 0.5079062488372093 0.580572915625 0.4758015627906977 0.5805625
2 0.46969687441860464 0.6156291656249999 0.47245781162790695 0.628941665625 0.5096156255813953 0.627804165625 0.510042188372093 0.6164229156250001 0.46969687441860464 0.6156291656249999
2 0.6542937511627908 0.614495834375 0.628242188372093 0.616770834375 0.6129390627906978 0.617508334375 0.6141484372093022 0.628152084375 0.6367843744186046 0.6275833343749999 0.6542937511627908 0.6253062500000001 0.6542937511627908 0.614495834375
2 0.40127812558139536 0.50526875 0.4017062511627907 0.49502708437500004 0.3812062511627907 0.49388750000000003 0.35885937441860466 0.48976458437500003 0.35771562558139536 0.49502708437500004 0.35771562558139536 0.50413125 0.38205937441860466 0.50526875 0.40127812558139536 0.50526875
6 0.3635562488372093 0.52545625 0.36412187441860466 0.538272915625 0.39444531162790697 0.538272915625 0.39487187441860466 0.5274625000000001 0.3635562488372093 0.52545625