9 0.33744999999999997 0.16889375 0.3365718744186047 0.1618625 0.30729062558139536 0.1618625 0.2984359372093023 0.162641665625 0.298504688372093 0.1743625 0.3178312511627907 0.169285415625 0.33744999999999997 0.16889375
9 0.49059687441860467 0.44349375 0.45146093720930236 0.439891665625 0.45077343720930235 0.45403958437499997 0.49059687441860467 0.454820834375 0.49059687441860467 0.44349375
9 0.6288093744186046 0.300529165625 0.6071406255813954 0.29896875 0.5938687511627907 0.299802084375 0.592792188372093 0.308733334375 0.629979688372093 0.311858334375 0.6288093744186046 0.300529165625
8 0.3154890627906977 0.19115833437500002 0.3038375 0.19233125 0.30412968837209303 0.20405 0.3365718744186047 0.20365833437499997 0.33569374883720926 0.19076875 0.3154890627906977 0.19115833437500002
0 0.33663437441860466 0.22592500000000001 0.3380984372093023 0.21420625000000001 0.31584374883720934 0.21342500000000003 0.3055937511627907 0.21537708437499997 0.3053015627906977 0.22826875000000002 0.3184781255813953 0.22709583437499997 0.33663437441860466 0.22592500000000001
6 0.3392687488372093 0.249752084375 0.337804688372093 0.236470834375 0.33077656279069767 0.23881458437499997 0.305757811627907 0.2387875 0.30617968837209303 0.252095834375 0.3246281255813953 0.249752084375 0.3392687488372093 0.249752084375
2 0.34366093720930235 0.26928125 0.3246281255813953 0.26928125 0.3029593744186046 0.27084375 0.3029593744186046 0.28490625 0.3433687488372093 0.282954165625 0.34366093720930235 0.26928125
2 0.49265312558139535 0.342814584375 0.49294687441860463 0.3346125 0.4525593744186046 0.33299375000000003 0.45282968837209303 0.34320625 0.4744984372093023 0.34476874999999996 0.49265312558139535 0.342814584375
2 0.6346718744186046 0.201414584375 0.6343796883720931 0.188522915625 0.5957 0.188022915625 0.5954343744186047 0.199852084375 0.6235453116279069 0.20180416562499998 0.6346718744186046 0.201414584375
6 0.4870906255813954 0.37953125 0.487382811627907 0.36703333437499996 0.4569296883720931 0.366252084375 0.4572218744186046 0.37875208437499996 0.4800625 0.379922915625 0.4870906255813954 0.37953125
6 0.6296953116279069 0.22485 0.6004125 0.222116665625 0.5980703116279069 0.234616665625 0.6288156255813954 0.23578749999999998 0.6296953116279069 0.22485
0 0.4888468744186047 0.401797915625 0.48855468837209304 0.389297915625 0.45546562558139536 0.386172915625 0.4563437488372093 0.4021875 0.4698140627906977 0.401797915625 0.4888468744186047 0.401797915625
0 0.6294015627906977 0.2451625 0.5986281255813953 0.246597915625 0.5974843744186046 0.2576625 0.6288156255813954 0.258052084375 0.6294015627906977 0.2451625
8 0.487675 0.413514584375 0.4554875 0.41206875 0.4563437488372093 0.42640625 0.4879687488372093 0.42874999999999996 0.487675 0.413514584375
8 0.6279375 0.269379165625 0.5977765627906977 0.268597915625 0.5971906255813954 0.283052084375 0.6285234372093024 0.283052084375 0.6279375 0.269379165625