9 0.38933437441860463 0.6208458343750001 0.3897125 0.6338145843749999 0.43055312558139536 0.62751875 0.4302156255813953 0.617625 0.38933437441860463 0.6208458343750001
9 0.5290843744186047 0.6496875 0.5294390627906976 0.666422915625 0.571629688372093 0.6569791656249999 0.569942188372093 0.6434875 0.5290843744186047 0.6496875
9 0.6454406255813954 0.56504375 0.6448859372093023 0.577 0.6867390627906976 0.5779 0.6864015627906976 0.564858334375 0.6454406255813954 0.56504375
8 0.394654688372093 0.6489625 0.39479843720930236 0.663 0.42855156279069767 0.659852084375 0.42787656279069763 0.647258334375 0.394654688372093 0.6489625
8 0.5303234372093023 0.619822915625 0.5308125 0.634366665625 0.5635531255813954 0.628970834375 0.5628781255813954 0.6154791656249999 0.5303234372093023 0.619822915625
8 0.6494781255813954 0.533997915625 0.6494984372093023 0.550025 0.6808890627906977 0.549125 0.6812265627906976 0.535183334375 0.6494781255813954 0.533997915625
0 0.6499312511627907 0.512383334375 0.6495937488372093 0.525875 0.6816593744186047 0.525425 0.6816593744186047 0.511033334375 0.6499312511627907 0.512383334375
0 0.5275968744186047 0.596225 0.529029688372093 0.6112729156250001 0.5607578116279069 0.606777084375 0.559745311627907 0.593735415625 0.5275968744186047 0.596225
0 0.3945093744186046 0.672185415625 0.39458593720930235 0.687291665625 0.42901406279069765 0.682795834375 0.42867656279069766 0.667954165625 0.3945093744186046 0.672185415625
6 0.3982968744186046 0.69475625 0.3988125 0.708145834375 0.42986562558139535 0.704547915625 0.42986562558139535 0.692404165625 0.3982968744186046 0.69475625
6 0.524495311627907 0.5776125000000001 0.52505 0.5899708343750001 0.5591406255813953 0.584575 0.5581281255813954 0.571083334375 0.524495311627907 0.5776125000000001
6 0.6492625000000001 0.489785415625 0.6495875 0.504570834375 0.6816531255813953 0.504120834375 0.6813156255813952 0.48973125 0.6492625000000001 0.489785415625
2 0.395242188372093 0.728675 0.395242188372093 0.743964584375 0.4370968744186047 0.73811875 0.4370968744186047 0.721029165625 0.395242188372093 0.728675
2 0.5190140627906977 0.542241665625 0.5194656255813953 0.5549708343749999 0.561657811627907 0.548675 0.560645311627907 0.536083334375 0.5190140627906977 0.542241665625
2 0.6444515627906977 0.45369583437500005 0.6438968744186047 0.46858541562499995 0.6860875000000001 0.46903541562499995 0.68575 0.45689375 0.6444515627906977 0.45369583437500005