6 0.3789265627906977 0.6702125 0.34681406279069765 0.67855 0.3480125 0.69164375 0.366457811627907 0.6864 0.38097656279069764 0.682752084375 0.3789265627906977 0.6702125
6 0.5014953116279071 0.5467208343750001 0.467329688372093 0.551689584375 0.46853125116279065 0.565870834375 0.48407500000000003 0.563591665625 0.5032031255813953 0.5592604156250001 0.5014953116279071 0.5467208343750001
6 0.6121343744186046 0.636889584375 0.5798593744186047 0.635322915625 0.580025 0.6496562499999999 0.5936890627906977 0.649885415625 0.612817188372093 0.649429165625 0.6121343744186046 0.636889584375
0 0.6126468744186047 0.657179165625 0.6030828116279069 0.6606 0.580707811627907 0.661739584375 0.58105 0.67154375 0.5947125 0.67154375 0.614354688372093 0.670858334375 0.6126468744186047 0.657179165625
0 0.5025140627906977 0.5675979156250001 0.494145311627907 0.571702084375 0.469892188372093 0.5719291656250001 0.471257811627907 0.587204165625 0.48628906279069767 0.5849249999999999 0.5031968744186046 0.581960415625 0.5025140627906977 0.5675979156250001
2 0.6169625000000001 0.6048020843749999 0.575117188372093 0.6022937500000001 0.574945311627907 0.61756875 0.591854688372093 0.6171125 0.617132811627907 0.6152895843749999 0.6169625000000001 0.6048020843749999
2 0.503154688372093 0.511458334375 0.4614812488372093 0.518754165625 0.46335937441860464 0.5308375 0.48282968837209306 0.5269625 0.5050343744186047 0.5237708343749999 0.503154688372093 0.511458334375
2 0.38720625116279067 0.6987875 0.34519062558139535 0.71269375 0.3486062511627907 0.727058334375 0.35714531162790697 0.7236374999999999 0.3887437488372093 0.7167979156250001 0.38720625116279067 0.6987875
0 0.37764062558139533 0.648175 0.343482811627907 0.65524375 0.34484843720930236 0.6700625 0.35765781162790694 0.66573125 0.3786656255813954 0.661627084375 0.37764062558139533 0.648175
8 0.374529688372093 0.626133334375 0.33985937441860464 0.6313770843750001 0.342079688372093 0.6461958343750001 0.36189062558139534 0.642091665625 0.37555468837209305 0.6377604156250001 0.374529688372093 0.626133334375
8 0.5055312511627906 0.594214584375 0.47068906279069767 0.5980916656249999 0.473079688372093 0.61268125 0.48708437441860464 0.6092625 0.5055312511627906 0.6058416656250001 0.5055312511627906 0.594214584375
8 0.6118531255813953 0.6803125 0.5988734372093023 0.68373125 0.5794031255813954 0.6835041656249999 0.5802562488372093 0.695814584375 0.5978484372093024 0.697639584375 0.6139031255813954 0.693991665625 0.6118531255813953 0.6803125
9 0.37553437441860466 0.59780625 0.33266562558139534 0.606695834375 0.3352265627906977 0.61695625 0.35145312558139535 0.613535415625 0.3770718744186047 0.6078375 0.37553437441860466 0.59780625
9 0.5106359372093023 0.623041665625 0.49321562558139537 0.628741665625 0.46930312558139536 0.63079375 0.47032812558139536 0.6401416656250001 0.4865531255813954 0.6387729156249999 0.5121734372093023 0.633302084375 0.5106359372093023 0.623041665625
9 0.6169109372093023 0.7241791656250001 0.6187890627906977 0.713235415625 0.6003437511627907 0.717339584375 0.5755781255813953 0.7152875 0.575407811627907 0.7241791656250001 0.5863375 0.7260020843749999 0.609907811627907 0.72623125 0.6169109372093023 0.7241791656250001