9 0.44392968837209307 0.31851250000000003 0.44346718837209304 0.307091665625 0.42310156279069766 0.307091665625 0.4048234372093023 0.31061875 0.404125 0.318822915625 0.4235656255813953 0.3175875 0.44392968837209307 0.31851250000000003
9 0.5668156255813953 0.39599791562500003 0.566120311627907 0.38519375 0.526629688372093 0.38584375 0.5260843744186047 0.39785 0.5422843744186047 0.396616665625 0.5668156255813953 0.39599791562500003
9 0.6561437511627908 0.378402084375 0.654292188372093 0.378402084375 0.6411015627906977 0.380254165625 0.6399437511627907 0.389825 0.679517188372093 0.384577084375 0.6788234372093023 0.377785415625 0.6561437511627908 0.378402084375
8 0.4103734372093023 0.336727084375 0.4106109372093023 0.350354165625 0.4406906255813954 0.346914584375 0.44115312558139536 0.3358 0.4103734372093023 0.336727084375
8 0.5624187488372093 0.354941665625 0.5298125 0.354210415625 0.531870311627907 0.369141665625 0.5617234372093023 0.368214584375 0.5624187488372093 0.354941665625
8 0.6744265627906977 0.3459875 0.642070311627907 0.34726666562499997 0.6415640627906977 0.35864583437499997 0.6739640627906978 0.35833750000000003 0.6744265627906977 0.3459875
0 0.4103734372093023 0.36173125 0.41083749999999997 0.37408125000000003 0.44184687441860465 0.371610415625 0.442542188372093 0.35833750000000003 0.4103734372093023 0.36173125
0 0.53025 0.32931875 0.5306812511627907 0.34495208437499997 0.561492188372093 0.34351875 0.5612609372093024 0.332095834375 0.53025 0.32931875
0 0.640870311627907 0.3246875 0.640870311627907 0.334875 0.6718812511627906 0.333022915625 0.671417188372093 0.324070834375 0.640870311627907 0.3246875
6 0.44300468837209306 0.382725 0.4123468744186047 0.383529165625 0.4119937488372093 0.39723333437499997 0.44439374883720933 0.3938375 0.44300468837209306 0.382725
6 0.5304812488372093 0.309252084375 0.530970311627907 0.322191665625 0.5607984372093023 0.32221875 0.5617234372093023 0.30894374999999996 0.5304812488372093 0.309252084375
6 0.671417188372093 0.299683334375 0.6397562511627907 0.300589584375 0.6401765627906977 0.3145 0.671417188372093 0.311104165625 0.671417188372093 0.299683334375
2 0.44809531162790694 0.4151375 0.4200937511627907 0.41668125 0.40829531162790694 0.41940625000000004 0.40921718837209303 0.431191665625 0.44832656279069766 0.42810416562500003 0.44809531162790694 0.4151375
2 0.5418218744186046 0.274677084375 0.526629688372093 0.274358334375 0.5260843744186047 0.28362916562499996 0.5668156255813953 0.2839375 0.5665843744186047 0.27529375 0.5418218744186046 0.274677084375
2 0.6559125 0.276220834375 0.6730375 0.27714791562499996 0.6725749999999999 0.263254165625 0.6522093744186047 0.26418125 0.6360109372093024 0.266341665625 0.6330015627906976 0.273133334375 0.6330015627906976 0.27776458437499996 0.6559125 0.276220834375