9 0.386357811627907 0.896366665625 0.39782812558139535 0.893879165625 0.39782812558139535 0.884283334375 0.38182343720930234 0.8871270843750001 0.36741874883720926 0.8871270843750001 0.35614531162790697 0.8832000000000001 0.35621406279069767 0.895302084375 0.36555156279069767 0.89565625 0.375954688372093 0.896366665625 0.386357811627907 0.896366665625
9 0.5117781255813953 0.796066665625 0.5120437511627907 0.7875375 0.4984390627906977 0.788958334375 0.48350156279069767 0.788604165625 0.47230937441860465 0.785810415625 0.47283125116279073 0.797133334375 0.4877687511627907 0.7982 0.4979062511627907 0.7982 0.5117781255813953 0.796066665625
9 0.649354688372093 0.784166665625 0.6317484372093024 0.788785415625 0.6095921883720931 0.78815625 0.610142188372093 0.79945 0.6328156255813954 0.798383334375 0.6496218744186046 0.7937624999999999 0.649354688372093 0.784166665625
8 0.6461468744186047 0.813002084375 0.630942188372093 0.814779165625 0.613992188372093 0.814752084375 0.6141374999999999 0.8279291656250001 0.628007811627907 0.8279291656250001 0.6464140627906977 0.8257958343749999 0.6461468744186047 0.813002084375
8 0.5079718744186047 0.8263624999999999 0.5090390627906977 0.812858334375 0.49063281162790695 0.8164125 0.4749484372093023 0.813970834375 0.4751609372093023 0.8281395843749999 0.4866312511627907 0.8295625 0.495967188372093 0.82920625 0.5079718744186047 0.8263624999999999
8 0.39492499999999997 0.8513833343749999 0.37411718837209307 0.8545833343749999 0.3614265627906977 0.8523 0.360779688372093 0.86595625 0.37785156279069765 0.86595625 0.394657811627907 0.865245834375 0.39492499999999997 0.8513833343749999
0 0.3951906255813954 0.828991665625 0.37918593720930227 0.8304145843749999 0.3623062488372093 0.829614584375 0.362379688372093 0.843210415625 0.37758593720930234 0.84463125 0.3951906255813954 0.84214375 0.3951906255813954 0.828991665625
0 0.507504688372093 0.8392791656249999 0.49016562558139537 0.84105625 0.4749484372093023 0.8390020843749999 0.4749609372093023 0.852429165625 0.48776406279069773 0.8520729156250001 0.5072375 0.8499416656250001 0.507504688372093 0.8392791656249999
0 0.6468843744186047 0.8365083343749999 0.6306124999999999 0.8404166656250001 0.6142859372093022 0.8378291656249999 0.6148734372093023 0.852145834375 0.6335468744186047 0.851791665625 0.6468843744186047 0.851435415625 0.6468843744186047 0.8365083343749999
6 0.6482187488372093 0.8589 0.6348812511627907 0.8617416656250001 0.6154593744186047 0.8616875 0.6159406255813953 0.876314584375 0.6364812488372094 0.875604165625 0.6479515627906977 0.8727604156250001 0.6482187488372093 0.8589
6 0.507104688372093 0.8604520843750001 0.4919 0.8618750000000001 0.47465624883720925 0.861295834375 0.47482812558139537 0.8725375 0.49163281162790695 0.873958334375 0.506304688372093 0.8732479156249999 0.507104688372093 0.8604520843750001
6 0.396079688372093 0.8066000000000001 0.379275 0.8083770843750001 0.3620125 0.804583334375 0.3616687488372093 0.8190416656249999 0.3755406255813954 0.82010625 0.39527968837209304 0.819395834375 0.396079688372093 0.8066000000000001
2 0.40034843720930235 0.772835415625 0.38007500000000005 0.774258334375 0.3573187511627907 0.7713395843749999 0.35953437441860464 0.787052084375 0.3734062488372093 0.7877625 0.4000812511627907 0.786341665625 0.40034843720930235 0.772835415625
2 0.5095265627906976 0.90816875 0.5121937488372094 0.896083334375 0.4895187488372093 0.8978604156250001 0.46937500000000004 0.8961062500000001 0.4708468744186047 0.9028375000000001 0.4732468744186047 0.9103 0.4937875 0.9103 0.5095265627906976 0.90816875
2 0.6447937511627906 0.9093500000000001 0.652529688372093 0.90721875 0.6533312488372093 0.895489584375 0.637325 0.899754165625 0.625054688372093 0.900820834375 0.6110593744186047 0.897670834375 0.612517188372093 0.9043749999999999 0.6151843744186047 0.9104166656249999 0.6351906255813954 0.9100625000000001 0.6447937511627906 0.9093500000000001