2 0.496457811627907 0.5322520843749999 0.49667812558139535 0.5459937499999999 0.5381 0.5417854156249999 0.536695311627907 0.530091665625 0.496457811627907 0.5322520843749999
2 0.584854688372093 0.532766665625 0.583732811627907 0.547864584375 0.6241031255813954 0.545058334375 0.6234000000000001 0.533366665625 0.584854688372093 0.532766665625
2 0.4400984372093023 0.6660708343749999 0.44226718837209306 0.680227084375 0.48333750000000003 0.668066665625 0.48263593720930237 0.65356875 0.4400984372093023 0.6660708343749999
6 0.4393265627906977 0.631585415625 0.4408625 0.64515 0.47350937441860463 0.635795834375 0.47280781162790697 0.6227 0.4393265627906977 0.631585415625
6 0.5030187511627907 0.566735415625 0.5022937511627907 0.581072915625 0.5363437511627908 0.5773312500000001 0.535642188372093 0.564235415625 0.5030187511627907 0.566735415625
6 0.5867843744186046 0.566735415625 0.5872437511627907 0.581072915625 0.6191875 0.57966875 0.6191875 0.567508334375 0.5867843744186046 0.566735415625
0 0.4370015627906977 0.6091354156250001 0.4384062488372093 0.62223125 0.4710515627906977 0.614747915625 0.46999843720930234 0.600716665625 0.4370015627906977 0.6091354156250001
0 0.5045640627906977 0.5883520843750001 0.5047515627906977 0.6030541656249999 0.5391531255813954 0.600247915625 0.5373968744186046 0.5862166656250001 0.5045640627906977 0.5883520843750001
0 0.588329688372093 0.589895834375 0.5882968744186047 0.603989584375 0.6202406255813954 0.6025875 0.6198906255813954 0.58855625 0.588329688372093 0.589895834375
8 0.58935 0.6138125 0.5889984372093023 0.6287791656249999 0.6216453116279069 0.626441665625 0.6205921883720931 0.61100625 0.58935 0.6138125
8 0.5057218744186046 0.613572915625 0.506857811627907 0.629714584375 0.5391531255813954 0.624102084375 0.5377484372093023 0.610070834375 0.5057218744186046 0.613572915625
8 0.43353593720930234 0.5852645843750001 0.434545311627907 0.5993125 0.46719062558139535 0.591829165625 0.4664890627906977 0.5777979156249999 0.43353593720930234 0.5852645843750001
9 0.42581562558139535 0.55695625 0.42752343720930236 0.569847915625 0.46824374883720926 0.56049375 0.467542188372093 0.5497354156250001 0.42581562558139535 0.55695625
9 0.503404688372093 0.643939584375 0.5036984372093023 0.6591812499999999 0.544417188372093 0.6531 0.544067188372093 0.640939584375 0.503404688372093 0.643939584375
9 0.5863984372093023 0.6434249999999999 0.586542188372093 0.6577770843749999 0.626207811627907 0.65356875 0.625857811627907 0.641875 0.5863984372093023 0.6434249999999999