9 0.4043375 0.460154165625 0.38104062558139534 0.46067916562500005 0.3606562511627907 0.45875000000000005 0.36090312558139537 0.470677084375 0.38459531162790694 0.470677084375 0.4039437488372093 0.47172916562499995 0.4043375 0.460154165625
9 0.5163531255813953 0.365277084375 0.4962156255813953 0.364752084375 0.47628281162790703 0.36383125 0.476867188372093 0.373695834375 0.49818906279069763 0.373695834375 0.5155640627906977 0.373695834375 0.5163531255813953 0.365277084375
9 0.6551218744186046 0.36181666562500003 0.635379688372093 0.36286874999999996 0.6129640627906977 0.364895834375 0.6144515627906977 0.375495834375 0.632220311627907 0.37444375 0.654332811627907 0.372864584375 0.6551218744186046 0.36181666562500003
8 0.6522968744186047 0.39175625 0.636107811627907 0.39175625 0.619020311627907 0.393110415625 0.6191281255813954 0.40543541562499996 0.6400562511627907 0.40385625 0.6519015627906977 0.404383334375 0.6522968744186047 0.39175625
8 0.512720311627907 0.39170625000000003 0.49732031162790696 0.39328541562499997 0.48016874883720934 0.39248125 0.48034062558139534 0.4069625 0.5040328116279069 0.40538541562499997 0.5115359372093023 0.40485833437499996 0.512720311627907 0.39170625000000003
8 0.365904688372093 0.42851458437499995 0.36592812558139537 0.442245834375 0.3998875 0.44171875 0.4006765627906977 0.43014374999999994 0.365904688372093 0.42851458437499995
6 0.3668109372093023 0.38216875 0.36710468837209304 0.3948125 0.40027343720930236 0.395864584375 0.40066718837209303 0.384289584375 0.3668109372093023 0.38216875
6 0.479375 0.437497915625 0.4794734372093023 0.44987916562499997 0.5118515627906977 0.45145625 0.5122468744186046 0.43935625 0.479375 0.437497915625
6 0.6214640627906978 0.43960625000000003 0.6218828116279069 0.45240625 0.6542609372093023 0.44925 0.6534718744186047 0.43767500000000004 0.6214640627906978 0.43960625000000003
2 0.6575000000000001 0.483022915625 0.6578937511627907 0.47197500000000003 0.6365718744186046 0.47407916562499997 0.6169234372093023 0.47513125 0.6176187511627906 0.479339584375 0.6195921883720931 0.48670625 0.6421 0.485127084375 0.6575000000000001 0.483022915625
2 0.5150093744186046 0.48570416562499996 0.5154031255813953 0.473604165625 0.4865781255813953 0.47412916562499996 0.47364843720930233 0.472864584375 0.47512812558139533 0.47781250000000003 0.47710156279069765 0.48517708437499996 0.4956609372093024 0.48465208437499996 0.5150093744186046 0.48570416562499996
2 0.39344062558139536 0.362158334375 0.40607499999999996 0.363210415625 0.406470311627907 0.351108334375 0.3859375 0.34953124999999996 0.3630906255813954 0.348339584375 0.3614562488372093 0.354791665625 0.36224531162790696 0.36163124999999996 0.3760656255813954 0.36163124999999996 0.39344062558139536 0.362158334375
0 0.3992640627906977 0.4069625 0.37715156279069767 0.40748958437500005 0.36687031162790695 0.40678541562500004 0.36688593720930235 0.41801041562499996 0.38267968837209304 0.420114584375 0.39847499999999997 0.419589584375 0.3992640627906977 0.4069625
0 0.48108437441860463 0.41582708437499993 0.4814562488372093 0.42978750000000004 0.51265 0.427683334375 0.5134390627906976 0.41610833437499994 0.48108437441860463 0.41582708437499993
0 0.6205640627906978 0.41661875000000004 0.620707811627907 0.42978750000000004 0.6522984372093024 0.428210415625 0.6522984372093024 0.41611041562500006 0.6205640627906978 0.41661875000000004