8 0.39369374883720926 0.672664584375 0.36096093720930233 0.670247915625 0.3599734372093023 0.686058334375 0.3744484372093024 0.686716665625 0.39385781162790695 0.6873750000000001 0.39369374883720926 0.672664584375
8 0.5091234372093023 0.634066665625 0.4752390627906977 0.6353833343749999 0.47721250000000004 0.649875 0.49004374883720936 0.6496562499999999 0.5087953116279069 0.6476791656249999 0.5091234372093023 0.634066665625
8 0.646375 0.6329666656249999 0.6136421883720931 0.634285415625 0.6141359372093024 0.648995834375 0.6254843744186046 0.6483375 0.6473625000000001 0.6468 0.646375 0.6329666656249999
9 0.649829688372093 0.6048625000000001 0.6088718744186047 0.607497915625 0.6106812511627907 0.6195729156249999 0.6281171883720931 0.6169395843750001 0.649829688372093 0.615183334375 0.649829688372093 0.6048625000000001
9 0.5123531255813953 0.607339584375 0.4715593744186047 0.6066812500000001 0.474192188372093 0.61831875 0.495575 0.618977084375 0.5131765627906977 0.618097915625 0.5123531255813953 0.607339584375
9 0.39651562558139536 0.703341665625 0.3552281255813954 0.704877084375 0.3547359372093023 0.7136604156249999 0.375954688372093 0.7154166656250001 0.39766718837209303 0.715197915625 0.39651562558139536 0.703341665625
0 0.3940187511627907 0.6482125 0.3604625 0.6497499999999999 0.3604625 0.660727084375 0.37905 0.664020834375 0.3943468744186046 0.6649 0.3940187511627907 0.6482125
0 0.5088328116279071 0.66006875 0.47577031162790695 0.659629165625 0.4754406255813954 0.67368125 0.4894234372093023 0.67368125 0.5086687511627908 0.672364584375 0.5088328116279071 0.66006875
0 0.648879688372093 0.656783334375 0.6145015627906977 0.65788125 0.6141718744186047 0.6743479156250001 0.6265093744186047 0.67303125 0.6483859372093023 0.6728125 0.648879688372093 0.656783334375
6 0.6487156255813954 0.679179165625 0.6148312488372093 0.684008334375 0.614995311627907 0.695427084375 0.6314437511627906 0.69520625 0.6490437488372094 0.693670834375 0.6487156255813954 0.679179165625
6 0.508232811627907 0.681675 0.4740187511627907 0.6821125 0.47369062558139535 0.693970834375 0.48619062558139536 0.694629165625 0.5085625 0.694847915625 0.508232811627907 0.681675
6 0.3950828116279069 0.62779375 0.36037656279069763 0.626916665625 0.360704688372093 0.6383333343750001 0.37715312558139535 0.6396499999999999 0.39442499999999997 0.6411875 0.3950828116279069 0.62779375
2 0.4008687488372093 0.591491665625 0.35695 0.592589584375 0.3571140627906977 0.606422915625 0.38145937441860467 0.60708125 0.4008687488372093 0.607958334375 0.4008687488372093 0.591491665625
2 0.512842188372093 0.716397915625 0.46842968837209303 0.717058334375 0.4727062488372093 0.728914584375 0.486029688372093 0.7291333343749999 0.5108687511627907 0.728914584375 0.512842188372093 0.716397915625
2 0.6532062511627907 0.714164584375 0.644817188372093 0.7172375 0.611920311627907 0.71855625 0.6129062511627907 0.7279979156249999 0.6318234372093023 0.727777084375 0.6545218744186047 0.726679165625 0.6532062511627907 0.714164584375