9 0.8326968744186047 0.44257916562500005 0.815504688372093 0.44672708437499997 0.8045312511627907 0.445752084375 0.8043484372093023 0.455022915625 0.8067265627906977 0.454289584375 0.825929688372093 0.45209374999999996 0.8436718744186047 0.44770208437500003 0.8445859372093023 0.43891875 0.8326968744186047 0.44257916562500005
8 0.8420249999999999 0.47868750000000004 0.8434890627906976 0.4655125 0.8284906255813953 0.46673333437500003 0.8113250000000001 0.468658334375 0.8111156255813954 0.48161458437500004 0.8237359372093024 0.481127084375 0.8420249999999999 0.47868750000000004
8 0.5840375 0.46316875 0.6140156255813953 0.46369791562499996 0.61365 0.45149999999999996 0.583654688372093 0.45149999999999996 0.5840375 0.46316875
9 0.6174906255813953 0.48833958437499997 0.6174906255813953 0.47882499999999995 0.5953609372093023 0.47858124999999996 0.5771781255813954 0.479022915625 0.5778031255813953 0.48541249999999997 0.5973718744186047 0.48638750000000003 0.6174906255813953 0.48833958437499997
8 0.4044359372093023 0.42143125000000003 0.40535 0.43558333437499996 0.42107968837209303 0.43314375 0.4358937488372093 0.43143541562500004 0.4358937488372093 0.41923750000000004 0.4044359372093023 0.42143125000000003
9 0.44174687441860466 0.455833334375 0.4413812488372093 0.44485416562499996 0.4230906255813953 0.44729374999999993 0.40187500000000004 0.45095416562499996 0.4027890627906977 0.45998124999999995 0.43022343720930234 0.4551 0.44174687441860466 0.455833334375
2 0.417282811627907 0.34326249999999997 0.39518593720930234 0.3456625 0.39570000000000005 0.360060415625 0.4100890627906977 0.358345834375 0.4342406255813953 0.36074583437499996 0.4344984372093023 0.343604165625 0.417282811627907 0.34326249999999997
0 0.4329562511627907 0.3892 0.4332125 0.37548750000000003 0.41548437441860464 0.377202084375 0.4013734372093023 0.37965208437500003 0.40366562558139535 0.392285415625 0.4175390627906977 0.38954374999999997 0.4329562511627907 0.3892
0 0.43578281162790694 0.41285625000000004 0.4342406255813953 0.40359999999999996 0.4226781255813954 0.40119999999999995 0.40426562558139534 0.402358334375 0.40366562558139535 0.41491249999999996 0.4226781255813954 0.41251249999999995 0.43578281162790694 0.41285625000000004
0 0.5986312511627906 0.43212708437499997 0.589895311627907 0.42835625000000005 0.589895311627907 0.43246874999999996 0.5824437511627907 0.434183334375 0.5839859372093024 0.44172500000000003 0.592979688372093 0.44172500000000003 0.6132765627906976 0.44241041562500005 0.6140484372093022 0.43486874999999997 0.5986312511627906 0.43212708437499997
0 0.6148187488372093 0.41875625000000005 0.6148187488372093 0.40572916562500005 0.5999156255813954 0.403670834375 0.5829093744186046 0.40492916562500003 0.5832156255813953 0.415327084375 0.6012015627906977 0.413614584375 0.6148187488372093 0.41875625000000005
2 0.6081390627906976 0.373160415625 0.5850140627906977 0.37487499999999996 0.5791046883720931 0.378302084375 0.5796968744186046 0.392504165625 0.6068531255813954 0.392358334375 0.6181593744186047 0.39372916562500004 0.6189296883720931 0.375902084375 0.6081390627906976 0.373160415625
0 0.8125359372093023 0.487427084375 0.8134453116279069 0.499727084375 0.8446359372093023 0.49644583437499995 0.8446812511627907 0.48383750000000003 0.8268968744186046 0.486864584375 0.8125359372093023 0.487427084375
0 0.8149046883720931 0.521877084375 0.8298984372093023 0.5196229156250001 0.8398234372093023 0.5213125 0.8459484372093024 0.522158334375 0.846370311627907 0.5111687500000001 0.8356 0.51060625 0.8157484372093023 0.513422915625 0.8149046883720931 0.521877084375
2 0.8269421883720931 0.55794375 0.834332811627907 0.5520270843749999 0.8520734372093023 0.553154165625 0.8514390627906976 0.539347915625 0.8260968744186047 0.5390645843749999 0.8119468744186047 0.542164584375 0.8119468744186047 0.5559729156250001 0.8269421883720931 0.55794375