9 0.5717781255813954 0.303966665625 0.5545734372093023 0.310904165625 0.557175 0.32104374999999996 0.5737781255813953 0.31250625 0.5959843744186046 0.30369999999999997 0.591782811627907 0.295427084375 0.5717781255813954 0.303966665625
9 0.6519984372093023 0.21883750000000002 0.6511984372093024 0.21030000000000001 0.6463968744186046 0.209497915625 0.624792188372093 0.212166665625 0.6143062488372093 0.21448958437500001 0.6151890627906976 0.222841665625 0.637995311627907 0.220172915625 0.6519984372093023 0.21883750000000002
8 0.6219906255813953 0.23725208437499998 0.6189906255813954 0.23778541562500002 0.6191906255813953 0.24899374999999999 0.6313937488372092 0.246325 0.6503984372093023 0.247925 0.6491968744186046 0.236183334375 0.6219906255813953 0.23725208437499998
8 0.5945843744186047 0.33358750000000004 0.5943843744186047 0.32184583437500003 0.5831812488372092 0.324514584375 0.5637765627906977 0.334654165625 0.5669765627906977 0.346395834375 0.577979688372093 0.34079166562499996 0.5945843744186047 0.33358750000000004
8 0.720725 0.139420834375 0.717325 0.1266125 0.7017203116279069 0.133283334375 0.687517188372093 0.140489584375 0.688917188372093 0.152764584375 0.701920311627907 0.147960415625 0.720725 0.139420834375
9 0.7113234372093024 0.16717500000000002 0.7283265627906977 0.160502084375 0.7253265627906976 0.152764584375 0.7179249999999999 0.15489999999999998 0.6961187511627906 0.16210416562500002 0.689317188372093 0.17037708437500002 0.6921187511627906 0.177847915625 0.699120311627907 0.1733125 0.7113234372093024 0.16717500000000002
0 0.58 0.346366665625 0.5686062488372093 0.352670834375 0.5694390627906977 0.364164584375 0.5719406255813954 0.365647915625 0.5822234372093024 0.3556375 0.6005656255813954 0.3511875 0.5991749999999999 0.341545834375 0.58 0.346366665625
0 0.5897265627906977 0.369727084375 0.5738859372093023 0.37603125 0.574525 0.388854165625 0.5941734372093023 0.380852084375 0.6052890627906976 0.37380625 0.601120311627907 0.365647915625 0.5897265627906977 0.369727084375
2 0.6033437511627907 0.40791875 0.6147390627906977 0.40754791562500003 0.6116812511627907 0.38975 0.5925062511627908 0.399391665625 0.575275 0.40532500000000005 0.5758312488372093 0.42201041562499997 0.5875031255813953 0.415335415625 0.6033437511627907 0.40791875
2 0.6458640627906976 0.324860415625 0.658370311627907 0.324860415625 0.656979688372093 0.306320834375 0.6311343744186046 0.3070625 0.617795311627907 0.3104 0.6180734372093023 0.325602084375 0.6261328116279069 0.32448958437500003 0.6458640627906976 0.324860415625
0 0.6214078116279069 0.27888125 0.6216859372093023 0.295566665625 0.6269656255813953 0.2914875 0.6513265627906977 0.291547915625 0.6503109372093023 0.28221875 0.633079688372093 0.27962291562499997 0.6214078116279069 0.27888125
0 0.6202968744186047 0.268127084375 0.6509796883720931 0.2656 0.6494765627906977 0.2584875 0.6200187511627907 0.260341665625 0.6202968744186047 0.268127084375
0 0.7038218744186047 0.11143125000000001 0.6874250000000001 0.11921875 0.6835343744186047 0.123297915625 0.6853843744186047 0.136785415625 0.6988187511627907 0.127745834375 0.7149375000000001 0.121072915625 0.713825 0.11068958437500001 0.7038218744186047 0.11143125000000001
0 0.708267188372093 0.0888125 0.684645311627907 0.095116665625 0.6782531255813954 0.099566665625 0.6804765627906977 0.11291458437499999 0.6938171883720929 0.1021625 0.7088234372093024 0.09771250000000001 0.708267188372093 0.0888125
2 0.6660250000000001 0.069160415625 0.669082811627907 0.089183334375 0.6854796883720929 0.075464584375 0.7090156255813953 0.06774375 0.7035437488372094 0.049879165625 0.6832562488372093 0.06285625 0.6660250000000001 0.069160415625