9 0.6953812488372093 0.5390937499999999 0.6922796883720931 0.548610415625 0.7307562511627907 0.5680562499999999 0.7332390627906977 0.56019375 0.6953812488372093 0.5390937499999999
9 0.6063265627906976 0.28299375000000004 0.605704688372093 0.29581875 0.6451140627906977 0.30078333437500004 0.6460437488372093 0.2896125 0.6063265627906976 0.28299375000000004
9 0.4980312488372093 0.430695834375 0.5002031255813953 0.44269375 0.5411625 0.432764584375 0.5389906255813954 0.419525 0.4980312488372093 0.430695834375
8 0.5057890627906977 0.45469166562499996 0.50765 0.4695875 0.5396109372093023 0.4613125 0.5374390627906976 0.44683124999999996 0.5057890627906977 0.45469166562499996
8 0.6069468744186047 0.311954165625 0.6069468744186047 0.3227125 0.6385968744186047 0.328504165625 0.6401484372093023 0.315679165625 0.6069468744186047 0.311954165625
8 0.7056218744186047 0.518820834375 0.70345 0.531233334375 0.7326171883720931 0.5448875 0.7351000000000001 0.533716665625 0.7056218744186047 0.518820834375
0 0.5401375 0.465795834375 0.5088062511627907 0.4743125 0.5107312511627907 0.48601666562499996 0.518320311627907 0.47969791562499997 0.5415609372093023 0.475272915625 0.5401375 0.465795834375
0 0.5318375 0.49391666562500003 0.511917188372093 0.496760415625 0.5131031255813954 0.508135415625 0.5429843744186047 0.500866665625 0.5425093744186047 0.491704165625 0.5318375 0.49391666562500003
0 0.6370156255813954 0.334458334375 0.6068593744186046 0.3303625 0.6064234372093023 0.34109375000000003 0.627292188372093 0.343620834375 0.6377265627906976 0.3439375 0.6370156255813954 0.334458334375
0 0.6045125 0.357135415625 0.6038156255813953 0.36795 0.6358296883720931 0.37079375 0.6353546883720931 0.36384375 0.6045125 0.357135415625
0 0.7439312488372094 0.4918625 0.7161249999999999 0.47257499999999997 0.7131015627906977 0.4883875 0.7263812511627906 0.49407500000000004 0.742745311627907 0.5022895843749999 0.7439312488372094 0.4918625
0 0.7263812511627906 0.507660415625 0.7095437511627907 0.497866665625 0.7072593744186046 0.510127084375 0.7377640627906976 0.5259875 0.7380015627906976 0.5136645843750001 0.7263812511627906 0.507660415625
2 0.7441875 0.47149374999999993 0.7515390627906976 0.47844375 0.755570311627907 0.4756 0.7574687488372094 0.467385415625 0.7425281255813954 0.45632708437499997 0.7197765627906977 0.44197708437500005 0.7176281255813953 0.447479165625 0.7157312488372093 0.45664375 0.732804688372093 0.46643749999999995 0.7441875 0.47149374999999993
2 0.6299015627906976 0.397960415625 0.6382015627906976 0.398908334375 0.6384390627906976 0.39069375 0.6365421883720931 0.383427084375 0.6163843744186046 0.3821625 0.5990359372093023 0.37869375 0.5983609372093024 0.38500625 0.59765 0.395747915625 0.6123531255813953 0.39638125 0.6299015627906976 0.397960415625
2 0.5437921883720931 0.53453125 0.5511437511627907 0.5323187500000001 0.5504328116279069 0.525683334375 0.5497218744186047 0.516204165625 0.5347812511627907 0.5203125 0.5101109372093023 0.523339584375 0.5094062488372093 0.53105625 0.5105921883720931 0.54085 0.5300390627906977 0.5367437500000001 0.5437921883720931 0.53453125