8 0.5371562488372092 0.416897915625 0.5404218744186047 0.428379165625 0.5686312488372093 0.40739583437500004 0.564770311627907 0.395122915625 0.5371562488372092 0.416897915625
8 0.7233343744186046 0.336527084375 0.7251156255813953 0.349591665625 0.757779688372093 0.33969375 0.7557 0.326629165625 0.7233343744186046 0.336527084375
8 0.9050593744186046 0.3234625 0.9077312488372092 0.336527084375 0.9406906255813953 0.3234625 0.9362375000000001 0.310791665625 0.9050593744186046 0.3234625
9 0.5229031255813953 0.397497915625 0.527357811627907 0.40739583437500004 0.5618015627906977 0.381264584375 0.5597234372093024 0.372554165625 0.5229031255813953 0.397497915625
9 0.7179890627906976 0.31158333437499997 0.7188812511627908 0.32266875 0.7557 0.3111875 0.7557 0.303666665625 0.7179890627906976 0.31158333437499997
9 0.9053562488372092 0.353154165625 0.9077312488372092 0.362260415625 0.9498968744186046 0.342464584375 0.9469265627906978 0.335339584375 0.9053562488372092 0.353154165625
0 0.5439437511627907 0.43451874999999995 0.5462937488372094 0.442277084375 0.574854688372093 0.421952084375 0.571932811627907 0.41330416562499994 0.5439437511627907 0.43451874999999995
0 0.5511625 0.45135625 0.556354688372093 0.46346458437500004 0.583617188372093 0.443572915625 0.5793984372093023 0.43276250000000005 0.5511625 0.45135625
2 0.5586265627906977 0.482058334375 0.562845311627907 0.49503125 0.5988703116279069 0.468654165625 0.5949765627906977 0.45741041562499996 0.5586265627906977 0.482058334375
2 0.7313125 0.40739375000000005 0.7335593744186046 0.42454583437500004 0.7734781255813954 0.41070833437500004 0.7705578116279069 0.395575 0.7313125 0.40739375000000005
0 0.7320265627906977 0.381220834375 0.7335593744186046 0.39384375 0.7653656255813953 0.3847625 0.7630937511627907 0.3730875 0.7320265627906977 0.381220834375
0 0.7281000000000001 0.35838125 0.7299890627906978 0.37049375 0.7608218744186047 0.360114584375 0.7582249999999999 0.348439584375 0.7281000000000001 0.35838125
0 0.895482811627907 0.28271875 0.8979812488372093 0.294422915625 0.9294625000000001 0.280585415625 0.9275156255813954 0.269772915625 0.895482811627907 0.28271875
0 0.901907811627907 0.304608334375 0.9044718744186047 0.3186375 0.934979688372093 0.305664584375 0.934979688372093 0.293558334375 0.901907811627907 0.304608334375
2 0.8840625000000001 0.253216665625 0.8872703116279069 0.26804375 0.9284890627906977 0.25204375 0.9245937488372092 0.2356125 0.8840625000000001 0.253216665625