9 0.40833281162790697 0.43714791562500005 0.4120359372093023 0.43028541562499995 0.39742812558139534 0.427816665625 0.37120468837209303 0.42772083437499997 0.37088906279069767 0.43687291562499997 0.3887875 0.437420834375 0.40833281162790697 0.43714791562500005
9 0.5507 0.5301812499999999 0.5511109372093023 0.5227708343749999 0.5118968744186047 0.522375 0.5118156255813954 0.52990625 0.5241609372093023 0.531004165625 0.5507 0.5301812499999999
9 0.6792531255813954 0.40744375 0.6627937488372093 0.402777084375 0.6621765627906977 0.411835415625 0.7016781255813953 0.41567708437500006 0.702295311627907 0.406070834375 0.6792531255813954 0.40744375
8 0.696945311627907 0.446139584375 0.696945311627907 0.43626041562499995 0.6657093744186046 0.43458125000000003 0.664645311627907 0.443120834375 0.6798703116279069 0.444766665625 0.696945311627907 0.446139584375
0 0.6971515627906977 0.45793958437500004 0.6649375000000001 0.454470834375 0.6638218744186046 0.46836874999999994 0.6963281255813953 0.470014584375 0.6971515627906977 0.45793958437500004
7 0.6948875 0.482089584375 0.6644234372093023 0.47985 0.6644390627906976 0.494989584375 0.6944765627906977 0.494989584375 0.6948875 0.482089584375
2 0.6994140627906976 0.515022915625 0.6739031255813953 0.515572915625 0.6577359372093023 0.513114584375 0.6605312488372093 0.5243541656249999 0.696945311627907 0.5249020843750001 0.6994140627906976 0.515022915625
2 0.513020311627907 0.41046250000000006 0.5124125 0.419833334375 0.5422343744186047 0.41869583437499996 0.5525203116279069 0.42034166562499997 0.552932811627907 0.4101875 0.513020311627907 0.41046250000000006
8 0.547582811627907 0.4939 0.5159 0.494175 0.5154890627906977 0.503504165625 0.5479953116279069 0.5054270843750001 0.547582811627907 0.4939
0 0.5154890627906977 0.46508333437499993 0.5149843744186047 0.47849791562500005 0.547582811627907 0.481002084375 0.548817188372093 0.467554165625 0.5154890627906977 0.46508333437499993
7 0.516517188372093 0.44203125 0.5159 0.45465416562499994 0.5473781255813953 0.455479165625 0.5477890627906976 0.44230625 0.516517188372093 0.44203125
8 0.3958859372093023 0.456622915625 0.3749015627906977 0.457170834375 0.37506249999999997 0.466475 0.4076125 0.465954165625 0.4078187511627907 0.456622915625 0.3958859372093023 0.456622915625
0 0.3753125 0.479675 0.37613593720930233 0.493397915625 0.40864062558139536 0.4923 0.4084359372093023 0.47802916562500003 0.3753125 0.479675
7 0.3758343744186046 0.504885415625 0.376957811627907 0.517272915625 0.4080234372093023 0.517547915625 0.4088468744186047 0.5051979156249999 0.3758343744186046 0.504885415625
2 0.3728437488372093 0.53758125 0.3726375 0.548833334375 0.41316718837209304 0.5469125 0.4127562488372093 0.53813125 0.3728437488372093 0.53758125