9 0.389082811627907 0.4112125 0.350775 0.40644583437500004 0.35076718837209303 0.416289584375 0.36958906279069764 0.41569375 0.3893062511627907 0.418083334375 0.389082811627907 0.4112125
9 0.533979688372093 0.45163958437499996 0.5349484372093023 0.459902084375 0.5748312488372093 0.45960416562499995 0.5732625 0.451239584375 0.533979688372093 0.45163958437499996
9 0.460025 0.532689584375 0.4601109372093023 0.54025625 0.49797812558139537 0.544139584375 0.49977031162790697 0.53428125 0.460025 0.532689584375
8 0.3520875 0.43534375000000003 0.35174375116279066 0.44458125 0.3833359372093023 0.44667291562500006 0.38378437441860463 0.43771041562499996 0.3520875 0.43534375000000003
8 0.4661875 0.50393125 0.46616093720930235 0.514266665625 0.4970812488372093 0.515164584375 0.49752968837209305 0.5053062500000001 0.4661875 0.50393125
8 0.5393015627906977 0.48077291562499996 0.539429688372093 0.491266665625 0.571695311627907 0.489475 0.5687812488372094 0.47931875 0.5393015627906977 0.48077291562499996
0 0.35133593720930234 0.459110415625 0.3514390627906977 0.46946041562499996 0.3823609372093023 0.47364375000000003 0.38258437441860466 0.4605 0.35133593720930234 0.459110415625
0 0.4678687488372093 0.47815833437500005 0.467504688372093 0.48857916562500003 0.49797812558139537 0.49246249999999997 0.49887343720930233 0.4805125 0.4678687488372093 0.47815833437500005
0 0.5395812488372093 0.5024375 0.539204688372093 0.5145666656250001 0.570575 0.5148645843749999 0.569454688372093 0.501720834375 0.5395812488372093 0.5024375
7 0.3503984372093023 0.48434375 0.34940937441860465 0.494633334375 0.37967968837209304 0.49832708437499995 0.3814609372093023 0.48777499999999996 0.3503984372093023 0.48434375
7 0.4689125 0.4526875 0.46871406279069766 0.4650875 0.49918437441860464 0.466933334375 0.49957968837209304 0.455589584375 0.4689125 0.4526875
7 0.539545311627907 0.528135415625 0.5405343744186046 0.5386875 0.5692234372093024 0.538952084375 0.5702125 0.529983334375 0.539545311627907 0.528135415625
2 0.5359843744186046 0.5611125 0.5355890627906976 0.5695541656249999 0.5747640627906977 0.57008125 0.574170311627907 0.5611125 0.5359843744186046 0.5611125
2 0.34406718837209305 0.51705625 0.3438687511627907 0.524970834375 0.38343906279069767 0.527608334375 0.3826484372093023 0.5199583343749999 0.34406718837209305 0.51705625
2 0.46736093720930233 0.421272915625 0.467107811627907 0.42969999999999997 0.5060343744186047 0.43273333437500006 0.5065390627906977 0.42430625 0.46736093720930233 0.421272915625