8 0.4524312488372093 0.282152084375 0.428507811627907 0.281797915625 0.4283437488372093 0.294252084375 0.46111718837209303 0.293725 0.4615125 0.28425625 0.4524312488372093 0.282152084375
8 0.5119859372093023 0.279841665625 0.5123531255813953 0.289664584375 0.543942188372093 0.289664584375 0.543942188372093 0.278616665625 0.5119859372093023 0.279841665625
8 0.6025734372093023 0.329127084375 0.602717188372093 0.339514584375 0.6347015627906977 0.33793541562499996 0.6343062511627907 0.327414584375 0.6025734372093023 0.329127084375
0 0.42845312558139537 0.306475 0.4289781255813953 0.320029165625 0.4609609372093023 0.320554165625 0.4609609372093023 0.307402084375 0.42845312558139537 0.306475
0 0.5288937511627907 0.302139584375 0.5123109372093023 0.302420834375 0.5127031255813953 0.31529375000000004 0.546267188372093 0.314241665625 0.546267188372093 0.301614584375 0.5288937511627907 0.302139584375
0 0.6008359372093023 0.300685415625 0.601245311627907 0.314452084375 0.6348093744186046 0.3134 0.633625 0.30077291562499997 0.6008359372093023 0.300685415625
7 0.46071875116279065 0.3334125 0.444529688372093 0.3328875 0.42774843720930233 0.3326 0.42794531162790694 0.34393541562499996 0.44295 0.344460415625 0.46071875116279065 0.3455125 0.46071875116279065 0.3334125
7 0.5137531255813954 0.32661666562499997 0.5137859372093023 0.339677084375 0.5463406255813953 0.339677084375 0.546095311627907 0.328504165625 0.5137531255813954 0.32661666562499997
7 0.6332921883720931 0.27552916562499996 0.6226875000000001 0.27487083437500004 0.5999984372093023 0.27714791562499996 0.6009843744186046 0.289658334375 0.618495311627907 0.28834375 0.6330453116279069 0.288016665625 0.6332921883720931 0.27552916562499996
9 0.46511250000000004 0.25489583437499996 0.4431625 0.2542375 0.42322343720930233 0.25429375 0.42343281162790697 0.26376875 0.4446421883720931 0.26343958437500004 0.4653593744186047 0.264095834375 0.46511250000000004 0.25489583437499996
9 0.5477546883720931 0.24880416562500002 0.5292562488372093 0.248475 0.5064312488372092 0.24944791562500002 0.5068125 0.260304165625 0.5255578116279069 0.25898958437499997 0.5479999999999999 0.25898958437499997 0.5477546883720931 0.24880416562500002
9 0.639857811627907 0.354408334375 0.6164281255813954 0.355066665625 0.5975031255813953 0.35807708437499997 0.5974375 0.36788125 0.6188937488372093 0.36623958437500004 0.6393640627906977 0.36656875 0.639857811627907 0.354408334375
2 0.46611562558139535 0.36558125 0.42295312558139536 0.365308334375 0.4232015627906977 0.37543958437499997 0.4515640627906977 0.374454165625 0.4656218744186047 0.37543958437499997 0.46611562558139535 0.36558125
2 0.5523234372093023 0.359489584375 0.5340718744186046 0.358175 0.5093062511627907 0.359379165625 0.5099031255813954 0.3706625 0.5318531255813953 0.369677084375 0.5528156255813954 0.370333334375 0.5523234372093023 0.359489584375
2 0.6220671883720931 0.254627084375 0.6378515627906977 0.255285415625 0.6390843744186047 0.249370834375 0.6358781255813953 0.24312708437500002 0.618120311627907 0.24345625 0.595604688372093 0.24467500000000003 0.5944437511627907 0.24969791562500002 0.5954312511627907 0.255941665625 0.610475 0.254627084375 0.6220671883720931 0.254627084375