9 0.45446562558139536 0.705916665625 0.4555062488372093 0.69654375 0.44431093720930237 0.698627084375 0.4281687511627907 0.7000145843750001 0.4151515627906977 0.6979333343749999 0.4148906255813954 0.70730625 0.4312937511627907 0.708345834375 0.45446562558139536 0.705916665625
9 0.5183875 0.7025020843750001 0.5372062511627906 0.7019354156250001 0.5379875 0.6925625 0.5111703116279069 0.6956875 0.49789062558139535 0.6925625 0.49685 0.70089375 0.5111703116279069 0.70401875 0.5183875 0.7025020843750001
8 0.45030312558139535 0.735295834375 0.4495218744186047 0.7248833343750001 0.4325984372093023 0.7276604156250001 0.4182781255813953 0.72661875 0.417757811627907 0.737033334375 0.4401484372093023 0.7373791656249999 0.45030312558139535 0.735295834375
8 0.5334609372093023 0.731966665625 0.534242188372093 0.7215520843750001 0.514975 0.723983334375 0.5027390627906977 0.7219 0.501957811627907 0.729885415625 0.5152359372093024 0.73335625 0.5334609372093023 0.731966665625
0 0.45055156279069764 0.7470104156249999 0.43206562558139533 0.750829165625 0.41826718837209304 0.750135415625 0.41826718837209304 0.76263125 0.45003124883720935 0.762285415625 0.45055156279069764 0.7470104156249999
0 0.534067188372093 0.7445729156249999 0.5207890627906977 0.7459625 0.5028234372093023 0.742491665625 0.5028234372093023 0.7549875 0.5207890627906977 0.7563770843750001 0.533807811627907 0.757764584375 0.534067188372093 0.7445729156249999
7 0.43164687441860466 0.778645834375 0.4183687488372093 0.776216665625 0.418629688372093 0.78801875 0.449092188372093 0.78663125 0.44804999999999995 0.774827084375 0.43164687441860466 0.778645834375
7 0.5175218744186046 0.77108125 0.5050250000000001 0.76969375 0.5039828116279069 0.780802084375 0.5336640627906977 0.7825375 0.5352265627906977 0.7703875 0.5175218744186046 0.77108125
2 0.4331609372093024 0.8117000000000001 0.41493593720930233 0.8092708343749999 0.41493593720930233 0.8193374999999999 0.45294843720930233 0.8165604156249999 0.45190781162790694 0.8071875000000001 0.4331609372093024 0.8117000000000001
2 0.538492188372093 0.803104165625 0.5197468744186047 0.80588125 0.5012609372093023 0.803104165625 0.5017812488372093 0.813170834375 0.5215687488372093 0.8142125 0.5403140627906977 0.813170834375 0.538492188372093 0.803104165625
9 0.6284609372093023 0.7975770843750001 0.6072375 0.8021062499999999 0.588845311627907 0.800595834375 0.588845311627907 0.8115375 0.6089359372093023 0.8115375 0.6287437511627907 0.806633334375 0.6284609372093023 0.7975770843750001
0 0.6221093744186046 0.74208125 0.6068718744186047 0.746272915625 0.5913906255813953 0.744339584375 0.592117188372093 0.756916665625 0.610257811627907 0.757883334375 0.6233187488372093 0.754658334375 0.6221093744186046 0.74208125
7 0.620657811627907 0.71950625 0.6044531255813954 0.720472915625 0.5906656255813953 0.721441665625 0.5913906255813953 0.731116665625 0.6085640627906976 0.7317604156249999 0.6216265627906976 0.730147915625 0.620657811627907 0.71950625
2 0.6242859372093023 0.68403125 0.6034859372093022 0.689835415625 0.5853437488372093 0.688222915625 0.5863125 0.6991875000000001 0.6061453116279071 0.699833334375 0.625254688372093 0.696285415625 0.6242859372093023 0.68403125
8 0.6230765627906978 0.76949375 0.6063875 0.7723958343749999 0.5923593744186046 0.771752084375 0.592842188372093 0.781104165625 0.6097734372093023 0.78078125 0.6228359372093023 0.77916875 0.6230765627906978 0.76949375