9 0.3745 0.479270834375 0.331679688372093 0.473452084375 0.3310562488372093 0.48564375000000004 0.3497640627906977 0.485089584375 0.37470781162790695 0.48924375 0.3745 0.479270834375
8 0.36951093720930234 0.50448125 0.33542187441860466 0.503372915625 0.3358375 0.515010415625 0.34914062558139536 0.516116665625 0.36951093720930234 0.517779165625 0.36951093720930234 0.50448125
0 0.33708437441860467 0.5263687499999999 0.33604531162790696 0.539666665625 0.350595311627907 0.541883334375 0.36951093720930234 0.54326875 0.369095311627907 0.5269229156249999 0.33708437441860467 0.5263687499999999
7 0.3682640627906977 0.554072915625 0.3346312488372093 0.551554165625 0.33438281162790695 0.5648770843750001 0.3495562511627907 0.5659854156249999 0.36951093720930234 0.5662625 0.3682640627906977 0.554072915625
2 0.37179687441860465 0.5984 0.3715890627906977 0.587595834375 0.32877031162790693 0.5828854156250001 0.32960156279069763 0.596460415625 0.3418656255813953 0.59756875 0.363067188372093 0.5984 0.37179687441860465 0.5984
2 0.4959312511627907 0.6979895843749999 0.49572343720930234 0.6852458343750001 0.4533187511627907 0.683583334375 0.45373437441860465 0.696327084375 0.45415 0.6966041656249999 0.468492188372093 0.697158334375 0.4959312511627907 0.6979895843749999
7 0.490942188372093 0.715997915625 0.4572687511627907 0.7176604156249999 0.45789218837209306 0.730404165625 0.4732734372093023 0.730958334375 0.49198125116279073 0.7312354156249999 0.490942188372093 0.715997915625
0 0.49177343720930233 0.741208334375 0.456229688372093 0.741208334375 0.45789218837209306 0.753675 0.47431249999999997 0.755891665625 0.4915656255813954 0.754783334375 0.49177343720930233 0.741208334375
8 0.490942188372093 0.76808125 0.4732734372093023 0.769466665625 0.45692343720930234 0.767608334375 0.4581 0.779439584375 0.47181874883720926 0.780825 0.491357811627907 0.779439584375 0.490942188372093 0.76808125
9 0.494475 0.8077 0.49343593720930234 0.7985562500000001 0.46974062558139534 0.799941665625 0.45685312558139535 0.798002084375 0.45247968837209307 0.793485415625 0.45227968837209304 0.8077 0.463920311627907 0.80880625 0.478470311627907 0.809360415625 0.494475 0.8077
9 0.6845796883720929 0.518072915625 0.642592188372093 0.516133334375 0.6434234372093023 0.5280458343750001 0.6698218744186047 0.527214584375 0.6849968744186047 0.5280458343750001 0.6845796883720929 0.518072915625
8 0.680007811627907 0.5455 0.6465421883720931 0.544945834375 0.645917188372093 0.557966665625 0.65735 0.5574125000000001 0.6802156255813954 0.557966665625 0.680007811627907 0.5455
0 0.6810468744186047 0.567939584375 0.6461250000000001 0.569602084375 0.64675 0.581239584375 0.6619234372093022 0.582070834375 0.6806312488372094 0.583177084375 0.6810468744186047 0.567939584375
7 0.6798000000000001 0.5939833343750001 0.6453874999999999 0.592083334375 0.645917188372093 0.60728125 0.6619234372093022 0.608389584375 0.6802156255813954 0.608389584375 0.6798000000000001 0.5939833343750001
2 0.6841640627906976 0.627504165625 0.6660812511627907 0.628335415625 0.640929688372093 0.6250125 0.641345311627907 0.636647915625 0.6563109372093023 0.638033334375 0.6845796883720929 0.639141665625 0.6841640627906976 0.627504165625