9 0.4004359372093023 0.832114584375 0.40147656279069766 0.822741665625 0.3902812511627907 0.824825 0.37413906279069764 0.8262124999999999 0.36112187441860466 0.82413125 0.3608609372093023 0.8335041656250001 0.3772640627906977 0.8345437499999999 0.4004359372093023 0.832114584375
9 0.5410312511627907 0.926191665625 0.5418125 0.91681875 0.5149953116279069 0.9199437500000001 0.5017156255813954 0.91681875 0.500675 0.92515 0.5149953116279069 0.928275 0.5410312511627907 0.926191665625
9 0.6923 0.811285415625 0.6925609372093023 0.8022604156250001 0.6673062511627907 0.8036479156249999 0.6514234372093023 0.798441665625 0.6511640627906976 0.807466665625 0.6693890627906977 0.810939584375 0.6923 0.811285415625
8 0.39783281162790696 0.860927084375 0.39705156279069764 0.850514584375 0.38012812558139536 0.853291665625 0.365807811627907 0.8522500000000001 0.3652875 0.8626645843749999 0.38767812558139536 0.863010415625 0.39783281162790696 0.860927084375
8 0.5379062511627907 0.897725 0.5386875 0.8873104156249999 0.5194203116279069 0.889741665625 0.5071843744186046 0.887658334375 0.5064031255813953 0.89564375 0.5196812511627907 0.8991145843749999 0.5379062511627907 0.897725
8 0.6870937488372093 0.8418354156250001 0.6883953116279069 0.8289895843749999 0.670170311627907 0.8317666656249999 0.6566312511627906 0.827947915625 0.6555890627906977 0.83766875 0.6592343744186047 0.839404165625 0.6870937488372093 0.8418354156250001
0 0.39835312558139535 0.87273125 0.37986718837209305 0.8765499999999999 0.3660687488372093 0.87585625 0.3660687488372093 0.888352084375 0.39783281162790696 0.8880062499999999 0.39835312558139535 0.87273125
0 0.5379062511627907 0.860927084375 0.5246281255813954 0.862316665625 0.5066625 0.8588458343750001 0.5066625 0.871341665625 0.5246281255813954 0.87273125 0.5376468744186046 0.87411875 0.5379062511627907 0.860927084375
0 0.6680875000000001 0.8543312500000001 0.6548093744186047 0.8498187500000001 0.6550687511627906 0.864745834375 0.6860515627906976 0.8661354156250001 0.6857921883720931 0.8536374999999999 0.6680875000000001 0.8543312500000001
7 0.38168906279069764 0.9043208343750001 0.36841093720930235 0.9018916656249999 0.36867187441860466 0.91369375 0.39913437441860466 0.91230625 0.39809218837209304 0.900502084375 0.38168906279069764 0.9043208343750001
7 0.5202015627906976 0.83766875 0.507704688372093 0.8362812500000001 0.5066625 0.847389584375 0.5363437511627908 0.8491250000000001 0.5379062511627907 0.836975 0.5202015627906976 0.83766875
7 0.670429688372093 0.879327084375 0.6550687511627906 0.87585625 0.6558499999999999 0.887658334375 0.6863125 0.890435415625 0.685270311627907 0.8772437500000001 0.670429688372093 0.879327084375
2 0.38247031162790696 0.9376479156249999 0.36424531162790696 0.93521875 0.36424531162790696 0.945285415625 0.40225781162790697 0.942508334375 0.401217188372093 0.933135415625 0.38247031162790696 0.9376479156249999
2 0.5415515627906977 0.8033020843750001 0.5228062511627907 0.806079165625 0.5043203116279069 0.8033020843750001 0.5048406255813953 0.8133687500000001 0.5246281255813954 0.814410415625 0.5433734372093023 0.8133687500000001 0.5415515627906977 0.8033020843750001
2 0.6886562488372093 0.91230625 0.666525 0.9143895843750001 0.6493406255813954 0.9084875 0.6493406255813954 0.918554165625 0.6673062511627907 0.922720834375 0.6886562488372093 0.9209854156249999 0.6886562488372093 0.91230625