2 0.359132811627907 0.952679165625 0.35946093720930233 0.9406375 0.34188437441860464 0.9447979156249999 0.317570311627907 0.9406375 0.31675 0.9535562499999999 0.33235624883720927 0.955308334375 0.35009687441860465 0.955308334375 0.359132811627907 0.952679165625
2 0.48303281162790696 0.71043125 0.48336093720930234 0.6966375 0.4616765627906977 0.699045834375 0.44262031162790694 0.694447915625 0.4408125 0.708022915625 0.45280468837209303 0.71130625 0.47169687441860464 0.71130625 0.48303281162790696 0.71043125
9 0.357942188372093 0.8443229156250001 0.36205 0.842572915625 0.361720311627907 0.8316250000000001 0.33905 0.834689584375 0.31916406279069764 0.8311187500000001 0.3183515627906977 0.842572915625 0.330507811627907 0.844104165625 0.34512812558139533 0.8447625000000001 0.357942188372093 0.8443229156250001
8 0.3566281255813954 0.8603083343750001 0.3379 0.8627166656249999 0.32327968837209303 0.858775 0.32311562558139534 0.8719125 0.3326437488372093 0.8730062500000001 0.356792188372093 0.8736625 0.3566281255813954 0.8603083343750001
0 0.356792188372093 0.882202084375 0.3379 0.88526875 0.32278749999999995 0.8813270843750001 0.322457811627907 0.897966665625 0.3356 0.898185415625 0.3563 0.8962145843749999 0.356792188372093 0.882202084375
7 0.3549859372093023 0.90650625 0.34102187441860465 0.911322915625 0.32193593720930236 0.906516665625 0.3214734372093023 0.9211750000000001 0.3352718744186047 0.922708334375 0.3561359372093023 0.9211750000000001 0.3549859372093023 0.90650625
7 0.4793718744186047 0.729010415625 0.445695311627907 0.729447915625 0.4458593744186046 0.743241665625 0.4588375 0.746525 0.4790437511627907 0.7452124999999999 0.4793718744186047 0.729010415625
0 0.4795359372093024 0.7515625 0.4785515627906977 0.7535333343749999 0.44501093720930235 0.7539979156250001 0.4461890627906977 0.7688583343750001 0.46113750000000003 0.770829165625 0.47838593720930234 0.769516665625 0.4795359372093024 0.7515625
8 0.478879688372093 0.7931625 0.47822187441860464 0.780683334375 0.46442343720930235 0.782214584375 0.44454531162790695 0.7793687499999999 0.44405312558139537 0.79338125 0.45538749999999995 0.7940375000000001 0.47066562558139535 0.794695834375 0.478879688372093 0.7931625
9 0.48292812558139536 0.822210415625 0.48161406279069763 0.8099500000000001 0.46518593720930235 0.812795834375 0.4402156255813954 0.8092937499999999 0.44037968837209307 0.8211166656250001 0.45171562558139533 0.8235250000000001 0.4697859372093023 0.82374375 0.48292812558139536 0.822210415625
9 0.634270311627907 0.514147915625 0.593617188372093 0.521014584375 0.594475 0.531127084375 0.6125125 0.529791665625 0.6355593744186047 0.52483125 0.634270311627907 0.514147915625
8 0.6318375 0.543910415625 0.5993421883720931 0.5479166656250001 0.6007734372093023 0.559364584375 0.615804688372093 0.5582208343749999 0.6336984372093023 0.555166665625 0.6318375 0.543910415625
0 0.6344140627906977 0.566233334375 0.6004875000000001 0.5704312500000001 0.6004875000000001 0.586075 0.6170937488372092 0.584358334375 0.6357031255813954 0.580160415625 0.6344140627906977 0.566233334375
7 0.6352734372093023 0.5908458343749999 0.6020625 0.597333334375 0.6022062511627907 0.610497915625 0.6117968744186046 0.609352084375 0.6367046883720929 0.6042 0.6352734372093023 0.5908458343749999
2 0.6432890627906978 0.634345834375 0.641142188372093 0.62118125 0.6226765627906977 0.62919375 0.6006578116279069 0.62975625 0.6007734372093023 0.641595834375 0.609220311627907 0.64140625 0.6245375000000001 0.6396875 0.6432890627906978 0.634345834375