9 0.6539 0.42418750000000005 0.654382811627907 0.436629165625 0.6962499999999999 0.437060415625 0.6962499999999999 0.424520834375 0.6539 0.42418750000000005
8 0.6578671883720929 0.45331875000000005 0.6577718744186046 0.46584583437499993 0.6906468744186047 0.465860415625 0.6903218744186047 0.45331875000000005 0.6578671883720929 0.45331875000000005
0 0.6572875 0.474847915625 0.6582609372093023 0.49084583437499996 0.6907156255813953 0.490414584375 0.6907156255813953 0.47527916562500006 0.6572875 0.474847915625
0 0.5598093744186047 0.462275 0.5600359372093023 0.47695 0.5924906255813953 0.47738333437499997 0.5924906255813953 0.4631125 0.5598093744186047 0.462275
0 0.42297968837209304 0.48311875000000004 0.4232312511627907 0.498741665625 0.45568593720930234 0.498741665625 0.4553609372093023 0.48403958437499994 0.42297968837209304 0.48311875000000004
7 0.6892937511627908 0.5032875 0.6691718744186046 0.501989584375 0.6577062511627907 0.501722915625 0.6571640627906977 0.5089083343749999 0.6555406255813954 0.5149625 0.690592188372093 0.516691665625 0.6892937511627908 0.5032875
7 0.5606265627906977 0.43777708437499996 0.5607031255813953 0.45043749999999994 0.5925093744186046 0.45086875 0.593157811627907 0.4387625 0.5606265627906977 0.43777708437499996
7 0.45468437441860465 0.51129375 0.437807811627907 0.51129375 0.4229406255813954 0.510725 0.422229688372093 0.521670834375 0.4387812511627907 0.52296875 0.455007811627907 0.523402084375 0.45468437441860465 0.51129375
8 0.42286562558139534 0.45875000000000005 0.4220890627906977 0.47036458437500006 0.4551937511627907 0.47209375 0.455517188372093 0.461283334375 0.42286562558139534 0.45875000000000005
8 0.5922546883720929 0.48948749999999996 0.577325 0.490785415625 0.5601718744186046 0.488735415625 0.5601234372093024 0.49943333437500004 0.5792718744186046 0.49986666562500004 0.5925781255813953 0.49986666562500004 0.5922546883720929 0.48948749999999996
9 0.592845311627907 0.5287875 0.5970656255813954 0.527922915625 0.5970656255813954 0.5162479156249999 0.5788906255813954 0.518410415625 0.5672062488372093 0.5171125 0.5553093744186046 0.515420834375 0.5548734372093023 0.521004165625 0.5545484372093024 0.526627084375 0.575645311627907 0.5283562500000001 0.592845311627907 0.5287875
9 0.4608218744186046 0.431560415625 0.43810468837209304 0.432427084375 0.4174031255813953 0.429672915625 0.41733281162790703 0.440641665625 0.441025 0.441939584375 0.4608218744186046 0.441939584375 0.4608218744186046 0.431560415625
2 0.4587140627906977 0.542929165625 0.4376187511627907 0.5437937500000001 0.41709062558139537 0.54103125 0.4165234372093023 0.551145834375 0.4411890627906977 0.552875 0.45903906279069767 0.55244375 0.4587140627906977 0.542929165625
2 0.5974718744186047 0.41662708437499996 0.5974718744186047 0.405383334375 0.5708593744186047 0.405383334375 0.555882811627907 0.404077084375 0.556254688372093 0.41532916562500005 0.5724812488372093 0.41705833437499995 0.5841656255813953 0.41705833437499995 0.5974718744186047 0.41662708437499996
2 0.6876421883720931 0.546475 0.6954312511627907 0.546041665625 0.6957562488372093 0.53523125 0.6671953116279069 0.535664584375 0.6528625 0.535897915625 0.6532390627906977 0.54171875 0.6545375 0.546041665625 0.6749843744186047 0.546041665625 0.6876421883720931 0.546475