2 0.5569125 0.723027084375 0.5569125 0.735308334375 0.5989531255813954 0.735622915625 0.5987171883720931 0.7246 0.5569125 0.723027084375
2 0.4234718744186047 0.72050625 0.4234718744186047 0.735308334375 0.4669281255813953 0.733733334375 0.466220311627907 0.719247915625 0.4234718744186047 0.72050625
2 0.47236093720930233 0.57659375 0.47259687441860465 0.59108125 0.5160531255813953 0.5854125 0.5139281255813953 0.57155625 0.47236093720930233 0.57659375
7 0.426542188372093 0.6883874999999999 0.426304688372093 0.7019270843750001 0.45984218837209306 0.699722915625 0.45984218837209306 0.683977084375 0.426542188372093 0.6883874999999999
7 0.47920937441860467 0.609345834375 0.4799187511627907 0.6254062499999999 0.5136921883720931 0.620366665625 0.5125109372093023 0.6027312499999999 0.47920937441860467 0.609345834375
7 0.5614 0.689960415625 0.5611640627906976 0.703502084375 0.595175 0.7050770843749999 0.5956468744186046 0.689645834375 0.5614 0.689960415625
0 0.42465156279069766 0.66225 0.424179688372093 0.678625 0.459370311627907 0.67705 0.4579531255813954 0.660045834375 0.42465156279069766 0.66225
0 0.48133593720930234 0.632647915625 0.48227968837209306 0.64839375 0.5162906255813953 0.644614584375 0.5151093744186046 0.6282395843749999 0.48133593720930234 0.632647915625
0 0.5618734372093024 0.6628791656249999 0.5614 0.678310415625 0.5956468744186046 0.6801999999999999 0.5956468744186046 0.663508334375 0.5618734372093024 0.6628791656249999
8 0.42299843720930236 0.640835415625 0.42370781162790694 0.65343125 0.4567718744186046 0.64996875 0.4565359372093023 0.6361125000000001 0.42299843720930236 0.640835415625
8 0.48346093720930233 0.6597291656250001 0.484642188372093 0.67295625 0.5191234372093023 0.669177084375 0.5165265627906976 0.655635415625 0.48346093720930233 0.6597291656250001
8 0.5630531255813953 0.639260415625 0.5630531255813953 0.652802084375 0.5949375 0.6540625 0.5947015627906977 0.6402062500000001 0.5630531255813953 0.639260415625
9 0.557857811627907 0.61249375 0.558329688372093 0.6238312500000001 0.5998984372093022 0.6250895843750001 0.6001343744186046 0.613439584375 0.557857811627907 0.61249375
9 0.4156765627906977 0.61249375 0.4159140627906977 0.624460415625 0.4584265627906977 0.620366665625 0.457717188372093 0.609345834375 0.4156765627906977 0.61249375
9 0.4827531255813953 0.689960415625 0.48346093720930233 0.7009833343749999 0.5247921883720931 0.694685415625 0.5238484372093023 0.683977084375 0.4827531255813953 0.689960415625