2 0.34075 0.674641665625 0.34054531162790697 0.68506875 0.3790234372093023 0.686714584375 0.37984687441860465 0.678758334375 0.34075 0.674641665625
2 0.5016609372093023 0.5810875 0.464004688372093 0.5791666656250001 0.464417188372093 0.5882208343750001 0.4817015627906977 0.5915125 0.5031015627906977 0.5915125 0.5016609372093023 0.5810875
2 0.5718281255813954 0.718264584375 0.5568062488372093 0.72238125 0.5321140627906976 0.718539584375 0.531907811627907 0.72731875 0.5543375 0.728691665625 0.5718281255813954 0.72759375 0.5718281255813954 0.718264584375
0 0.3790234372093023 0.619222915625 0.34671718837209303 0.616204165625 0.3469234372093023 0.6285499999999999 0.37470156279069766 0.6329395843750001 0.37861249999999996 0.630195834375 0.3790234372093023 0.619222915625
0 0.4954875 0.650225 0.4946640627906977 0.6365062499999999 0.4638 0.6345854156249999 0.4635937511627907 0.645835415625 0.4695609372093023 0.64995 0.4786140627906977 0.650772915625 0.4954875 0.650225
0 0.5364359372093023 0.66065 0.5362296883720931 0.672995834375 0.5673 0.673270834375 0.5660656255813954 0.660925 0.5364359372093023 0.66065
7 0.34527812558139537 0.643091665625 0.34568906279069767 0.654339584375 0.37655468837209305 0.657633334375 0.377582811627907 0.64720625 0.34527812558139537 0.643091665625
7 0.465445311627907 0.611266665625 0.46524062558139534 0.6236125 0.4954875 0.624983334375 0.4956937511627907 0.613460415625 0.465445311627907 0.611266665625
7 0.565654688372093 0.686439584375 0.5498109372093023 0.686714584375 0.534995311627907 0.684245834375 0.534995311627907 0.69521875 0.5493984372093024 0.6976875 0.567095311627907 0.6960416656249999 0.565654688372093 0.686439584375
8 0.38005156279069763 0.595902084375 0.364620311627907 0.595902084375 0.3483640627906977 0.593158334375 0.3477468744186047 0.603310415625 0.3613281255813953 0.603310415625 0.378817188372093 0.6071500000000001 0.38005156279069763 0.595902084375
8 0.493842188372093 0.6642166656249999 0.477175 0.664766665625 0.46256562558139536 0.66339375 0.46235937441860464 0.6724479156250001 0.47799687441860467 0.674641665625 0.493842188372093 0.673545834375 0.493842188372093 0.6642166656249999
8 0.5662718744186046 0.63705625 0.549604688372093 0.63925 0.534995311627907 0.6367812500000001 0.5347890627906977 0.646933334375 0.550632811627907 0.648579165625 0.566682811627907 0.64720625 0.5662718744186046 0.63705625
9 0.3629734372093023 0.5753250000000001 0.3849906255813954 0.57779375 0.3858140627906977 0.568191665625 0.3623562488372093 0.568741665625 0.3465125 0.5649 0.34445468837209303 0.562704165625 0.34404218837209305 0.573404165625 0.3629734372093023 0.5753250000000001
9 0.5710046883720931 0.609070834375 0.530879688372093 0.6085229156249999 0.5302625 0.617027084375 0.5483703116279071 0.617027084375 0.5714156255813954 0.618125 0.5710046883720931 0.609070834375
9 0.49507656279069767 0.69521875 0.475117188372093 0.6941208343749999 0.4576265627906977 0.69028125 0.4565984372093024 0.70070625 0.47059062558139536 0.701804165625 0.49507656279069767 0.702627084375 0.49507656279069767 0.69521875