2 0.47302187441860466 0.44511041562500003 0.47466875116279067 0.457189584375 0.5188687511627907 0.45170000000000005 0.5163968744186047 0.43815625 0.47302187441860466 0.44511041562500003
2 0.5594984372093024 0.589697915625 0.5594984372093024 0.60214375 0.6012281255813954 0.6032416656249999 0.6009531255813954 0.5893312500000001 0.5594984372093024 0.589697915625
2 0.4255265627906977 0.588233334375 0.42607656279069767 0.5988479156250001 0.467529688372093 0.598483334375 0.467529688372093 0.585670834375 0.4255265627906977 0.588233334375
7 0.42772343720930234 0.55565625 0.4285468744186047 0.5692 0.4620390627906977 0.567002084375 0.460942188372093 0.55309375 0.42772343720930234 0.55565625
7 0.48125781162790693 0.476225 0.482629688372093 0.49123124999999995 0.5163968744186047 0.48757083437500004 0.5153 0.47219791562499996 0.48125781162790693 0.476225
7 0.5649890627906977 0.557852084375 0.5649890627906977 0.5692 0.5968359372093023 0.571029165625 0.5962859372093023 0.5589500000000001 0.5649890627906977 0.557852084375
0 0.4255265627906977 0.530033334375 0.42635 0.54540625 0.4623140627906977 0.5421125 0.460392188372093 0.5267375000000001 0.4255265627906977 0.530033334375
0 0.4834531255813953 0.500383334375 0.48400312558139535 0.514658334375 0.5172203116279069 0.511364584375 0.5163968744186047 0.495989584375 0.4834531255813953 0.500383334375
0 0.5982078116279069 0.545772915625 0.5979343744186046 0.5303979156249999 0.5641656255813954 0.529666665625 0.5636171883720931 0.5461375 0.5982078116279069 0.545772915625
8 0.5644406255813954 0.505508334375 0.5641656255813954 0.52015 0.598757811627907 0.520514584375 0.598482811627907 0.5073375 0.5644406255813954 0.505508334375
8 0.48619843720930234 0.5267375000000001 0.48702187441860467 0.5402812499999999 0.5202406255813954 0.534791665625 0.5188687511627907 0.5227125 0.48619843720930234 0.5267375000000001
8 0.4249781255813953 0.506970834375 0.4249781255813953 0.5216125 0.4601187511627907 0.5183187499999999 0.45874531162790694 0.502579165625 0.4249781255813953 0.506970834375
9 0.4192187488372093 0.48041666562499996 0.4192187488372093 0.490625 0.46140624883720927 0.48666666562499994 0.46109375116279067 0.475208334375 0.4192187488372093 0.48041666562499996
9 0.484375 0.557708334375 0.4846875 0.567291665625 0.5279687488372093 0.561666665625 0.526875 0.550416665625 0.484375 0.557708334375
9 0.5604687511627907 0.478541665625 0.5601562511627907 0.49104166562499996 0.60375 0.491875 0.6034375 0.481041665625 0.5604687511627907 0.478541665625