2 0.34288281162790696 0.560522915625 0.3426781255813954 0.5709500000000001 0.38115625116279067 0.5725958343750001 0.381979688372093 0.564639584375 0.34288281162790696 0.560522915625
2 0.502270311627907 0.467375 0.46461406279069767 0.465454165625 0.46502656279069765 0.474508334375 0.4823109372093023 0.47779999999999995 0.5037109372093023 0.47779999999999995 0.502270311627907 0.467375
2 0.5742640627906976 0.6041458343749999 0.559242188372093 0.6082625 0.5345500000000001 0.604420834375 0.5343437511627906 0.6132 0.5567734372093023 0.6145729156249999 0.5742640627906976 0.613475 0.5742640627906976 0.6041458343749999
0 0.38267812558139536 0.504697915625 0.3503718744186047 0.5016791656249999 0.35057812558139534 0.514025 0.3783562488372093 0.518414584375 0.382267188372093 0.515670834375 0.38267812558139536 0.504697915625
0 0.498532811627907 0.5365125 0.49770937441860463 0.5227937500000001 0.466845311627907 0.520872915625 0.46663906279069767 0.532122915625 0.4726062511627907 0.5362375 0.4816593744186046 0.537060415625 0.498532811627907 0.5365125
0 0.5388718744186047 0.546125 0.5386656255813953 0.558470834375 0.5697359372093024 0.558745834375 0.5685015627906976 0.5464 0.5388718744186047 0.546125
7 0.34771406279069766 0.528160415625 0.34812499999999996 0.539408334375 0.37899062558139535 0.542702084375 0.3800187488372093 0.532275 0.34771406279069766 0.528160415625
7 0.5690046883720931 0.573133334375 0.5531609372093024 0.573408334375 0.538345311627907 0.570939584375 0.538345311627907 0.5819124999999999 0.5527484372093023 0.5843812500000001 0.570445311627907 0.582735415625 0.5690046883720931 0.573133334375
8 0.3834015627906977 0.482595834375 0.367970311627907 0.482595834375 0.35171406279069767 0.47985208437500004 0.35109687441860465 0.490004165625 0.3646781255813954 0.490004165625 0.38216718837209307 0.49384375 0.3834015627906977 0.482595834375
8 0.4968875 0.549285415625 0.48022031162790696 0.5498354156249999 0.46561093720930236 0.5484625000000001 0.46540468837209303 0.557516665625 0.481042188372093 0.559710415625 0.4968875 0.558614584375 0.4968875 0.549285415625
8 0.5680999999999999 0.52334375 0.5514328116279069 0.5255375 0.5368234372093024 0.52306875 0.536617188372093 0.533220834375 0.5524609372093023 0.534866665625 0.5685109372093023 0.53349375 0.5680999999999999 0.52334375
9 0.5725281255813953 0.49454583437500005 0.5324031255813954 0.49399791562499995 0.5317859372093023 0.502502084375 0.5498937511627907 0.502502084375 0.5729390627906977 0.5035999999999999 0.5725281255813953 0.49454583437500005
9 0.49812187441860467 0.57988125 0.4781625 0.578783334375 0.4606718744186047 0.57494375 0.4596437511627907 0.58536875 0.47363593720930236 0.5864666656249999 0.49812187441860467 0.587289584375 0.49812187441860467 0.57988125
9 0.36540937441860466 0.459177084375 0.3874265627906977 0.46164583437499995 0.38825 0.45204374999999997 0.364792188372093 0.45259375 0.34894843720930235 0.44875208437499997 0.3468906255813954 0.44655625 0.34647812558139535 0.45725625000000003 0.36540937441860466 0.459177084375
7 0.4681859372093023 0.497147915625 0.46798124883720926 0.5094937500000001 0.49822812558139534 0.5108645843749999 0.49843437441860466 0.499341665625 0.4681859372093023 0.497147915625