9 0.5967703116279071 0.32513749999999997 0.5690218744186046 0.327779165625 0.5564375 0.332629165625 0.555395311627907 0.34197708437499996 0.5955312511627907 0.335372915625 0.5967703116279071 0.32513749999999997
8 0.5943984372093023 0.3556375 0.5848593744186047 0.356145834375 0.5678156255813953 0.35835 0.5620921883720931 0.359535415625 0.562475 0.36835 0.5937625 0.36512916562500003 0.5943984372093023 0.3556375
0 0.595670311627907 0.388860415625 0.5951624999999999 0.378520834375 0.5706140627906977 0.379877084375 0.5641281255813954 0.381910415625 0.5641281255813954 0.393435415625 0.5712093744186046 0.391402084375 0.595670311627907 0.388860415625
3 0.5971343744186047 0.39906874999999997 0.5764093744186046 0.40092916562500003 0.56525 0.40305416562499996 0.56525 0.417660415625 0.5973343744186047 0.41553541562499996 0.5971343744186047 0.39906874999999997
2 0.6043093744186047 0.43439166562500003 0.5835843744186047 0.43943750000000004 0.5644531255813954 0.44288958437500003 0.5636562488372093 0.45191875000000004 0.604507811627907 0.4492625 0.6043093744186047 0.43439166562500003
9 0.7930296883720931 0.507735415625 0.7649968744186048 0.512564584375 0.7538343744186046 0.5138604156250001 0.7531843744186046 0.5226375 0.793345311627907 0.517810415625 0.7930296883720931 0.507735415625
8 0.7900375 0.53523125 0.7716109372093024 0.537960415625 0.7594843744186046 0.540897915625 0.7596421883720931 0.5495041656249999 0.790667188372093 0.545725 0.7900375 0.53523125
0 0.7939156255813953 0.561133334375 0.7614718744186046 0.563483334375 0.7613375000000001 0.573614584375 0.7936437511627907 0.57144375 0.7939156255813953 0.561133334375
3 0.7948656255813953 0.5812125 0.7812906255813954 0.585010415625 0.7639906255813953 0.586660415625 0.764595311627907 0.60056875 0.7951359372093023 0.5962270843749999 0.7948656255813953 0.5812125
2 0.8019234372093023 0.6289687500000001 0.802195311627907 0.61685 0.7861781255813954 0.621733334375 0.7631015627906976 0.623541665625 0.7635093744186047 0.63548125 0.782920311627907 0.633310415625 0.8019234372093023 0.6289687500000001
9 0.9507406255813954 0.7128 0.935592188372093 0.71324375 0.936567188372093 0.7256 0.9559015627906976 0.7225625 0.9772109372093023 0.7199 0.9763781255813954 0.7076979156250001 0.9507406255813954 0.7128
8 0.9757125 0.7374270843749999 0.954570311627907 0.73964375 0.941557811627907 0.741125 0.9417515627906977 0.7511812499999999 0.9745468744186047 0.750072915625 0.9757125 0.7374270843749999
0 0.977045311627907 0.7631625 0.9452468744186047 0.762939584375 0.9459124999999999 0.7769166656250001 0.9768781255813953 0.7738104156250001 0.977045311627907 0.7631625
3 0.9780406255813954 0.78668125 0.978667188372093 0.7853458343749999 0.9697843744186045 0.7873479156250001 0.9456406255813954 0.787514584375 0.9462656255813954 0.8003520843749999 0.979042188372093 0.7988500000000001 0.9780406255813954 0.78668125
2 0.9457656255813953 0.838029165625 0.9660312511627908 0.837695834375 0.9864234372093024 0.8320270843750001 0.986125 0.820875 0.9641546883720931 0.8250249999999999 0.9463906255813953 0.826525 0.9457656255813953 0.838029165625