9 0.6863437511627907 0.287839584375 0.685275 0.27571666562499997 0.6646734372093023 0.274647915625 0.6443203116279069 0.278997915625 0.6438062488372093 0.291047915625 0.6678843744186047 0.288195834375 0.6863437511627907 0.287839584375
8 0.6812609372093024 0.31600625 0.6812609372093024 0.305666665625 0.6646734372093023 0.306735415625 0.6502265627906977 0.308875 0.6488890627906976 0.31743125 0.6585203116279069 0.31600625 0.6812609372093024 0.31600625
0 0.684204688372093 0.328485415625 0.6628015627906977 0.328841665625 0.6510031255813954 0.332908334375 0.6518312511627907 0.3395375 0.684204688372093 0.338110415625 0.684204688372093 0.328485415625
3 0.6836687488372093 0.349520834375 0.6649406255813953 0.350945834375 0.6529015627906978 0.352372915625 0.6523671883720931 0.364852084375 0.6834015627906976 0.365564584375 0.6836687488372093 0.349520834375
2 0.690625 0.40050625 0.6919625 0.38624375 0.6713625 0.388739584375 0.6494234372093023 0.391591665625 0.6499593744186046 0.402645834375 0.6593234372093023 0.40193124999999996 0.690625 0.40050625
9 0.8131734372093024 0.41497291562500005 0.8164968744186046 0.40298749999999994 0.7901062511627907 0.404291665625 0.7770093744186046 0.40793749999999995 0.7770093744186046 0.41861875 0.7949937488372093 0.4147125 0.8131734372093024 0.41497291562500005
8 0.8141515627906977 0.431645834375 0.7946031255813953 0.4326875 0.7825968744186047 0.43565416562500003 0.7811140627906977 0.445191665625 0.8137609372093023 0.44388958437500003 0.8141515627906977 0.431645834375
0 0.8151281255813954 0.45717708437500004 0.8022265627906977 0.45821875 0.784632811627907 0.4574375 0.7834593744186047 0.46811875000000003 0.8147375 0.466554165625 0.8151281255813954 0.45717708437500004
3 0.8155203116279071 0.477758334375 0.7940156255813954 0.47958125 0.7832640627906976 0.48088333437499997 0.784632811627907 0.49417083437500003 0.8155203116279071 0.493910415625 0.8155203116279071 0.477758334375
2 0.8159109372093023 0.527516665625 0.821579688372093 0.5267354156249999 0.8209937511627907 0.512927084375 0.8077 0.515272915625 0.7832640627906976 0.51735625 0.7817 0.518397915625 0.7813093744186047 0.528297915625 0.8159109372093023 0.527516665625
9 0.9082296883720931 0.362614584375 0.929342188372093 0.35558125 0.9287562488372093 0.34333541562500003 0.9199593744186046 0.34411875 0.9039281255813953 0.35063125 0.889657811627907 0.3563625 0.8898531255813953 0.36131250000000004 0.8927859372093022 0.368345834375 0.9082296883720931 0.362614584375
8 0.9307109372093024 0.3842375 0.930320311627907 0.370952084375 0.9154625 0.377204165625 0.899307811627907 0.38193958437500003 0.8996281255813954 0.393095834375 0.9168312511627907 0.386060415625 0.9307109372093024 0.3842375
0 0.9338390627906976 0.395439584375 0.9225 0.399608334375 0.9037031255813954 0.40635625 0.9039281255813953 0.41654166562499995 0.9359890627906977 0.40716458437499997 0.9338390627906976 0.395439584375
3 0.9391171883720929 0.417845834375 0.9193718744186047 0.4220125 0.9072515627906977 0.424879165625 0.9078390627906976 0.44025 0.9389218744186046 0.431652084375 0.9391171883720929 0.417845834375
2 0.95065 0.462914584375 0.9502593744186046 0.45093125 0.9258234372093024 0.460570834375 0.9094031255813954 0.464997915625 0.9095984372093022 0.474897915625 0.9248453116279071 0.47255416562499997 0.95065 0.462914584375