3 0.5264140627906977 0.577475 0.5122343744186046 0.5786125 0.4922156255813953 0.57915625 0.4929281255813953 0.5954625 0.5065968744186047 0.593641665625 0.5277812488372092 0.591591665625 0.5264140627906977 0.577475
3 0.6542 0.712379165625 0.6456578116279069 0.7142000000000001 0.6319906255813953 0.715339584375 0.6212265627906978 0.716022915625 0.6224218744186046 0.7280916656249999 0.6357484372093023 0.7299125 0.6545421883720931 0.727864584375 0.6542 0.712379165625
3 0.8932171883720931 0.9261229156249999 0.8981718744186047 0.9213416656250001 0.8956078116279069 0.9090458343750001 0.8880906255813953 0.9147375 0.8778406255813954 0.91838125 0.8646765627906977 0.9238145843750001 0.8674187511627908 0.936370834375 0.8776687488372092 0.9334104156249999 0.8862125 0.931133334375 0.8932171883720931 0.9261229156249999
2 0.9117968744186047 0.9545583343749999 0.9090640627906976 0.943172915625 0.8998375 0.948410415625 0.8931749999999999 0.953647915625 0.8822406255813954 0.95865625 0.8678890627906977 0.9620729156250001 0.8721609372093023 0.973458334375 0.8856578116279069 0.9682208343750001 0.895907811627907 0.9643499999999999 0.9117968744186047 0.9545583343749999
2 0.6606281255813953 0.761883334375 0.6597750000000001 0.751864584375 0.6430312511627907 0.753458334375 0.6288515627906978 0.75436875 0.618942188372093 0.753914584375 0.619454688372093 0.766210415625 0.6336343744186047 0.765527084375 0.6471312488372093 0.76484375 0.6606281255813953 0.761883334375
2 0.5328437488372093 0.623597915625 0.5328437488372093 0.613579165625 0.5207140627906977 0.6142624999999999 0.506192188372093 0.6167666656249999 0.49047343720930237 0.6181333343750001 0.490645311627907 0.630658334375 0.502945311627907 0.628835415625 0.5186640627906977 0.62633125 0.5328437488372093 0.623597915625
0 0.5247937511627907 0.556858334375 0.5147140627906976 0.556858334375 0.500532811627907 0.558225 0.490795311627907 0.558908334375 0.49045312558139537 0.5689270843750001 0.505829688372093 0.5671062499999999 0.5251359372093023 0.5661937499999999 0.5247937511627907 0.556858334375
0 0.6536 0.693502084375 0.6317312488372092 0.692364584375 0.6204046883720931 0.6934437499999999 0.6204562488372093 0.70215625 0.6319031255813954 0.703066665625 0.653429688372093 0.702383334375 0.6536 0.693502084375
0 0.8925562511627907 0.8971395843750001 0.8906765627906977 0.8884874999999999 0.8811093744186046 0.895772915625 0.872054688372093 0.899189584375 0.8587187511627906 0.9007520843749999 0.8611203116279069 0.9117124999999999 0.87325 0.9092083343749999 0.8838437488372094 0.9044270843750001 0.8925562511627907 0.8971395843750001
9 0.88685 0.84805 0.8832375 0.838422915625 0.8737937488372093 0.84360625 0.8635140627906976 0.848235415625 0.850875 0.852122915625 0.8429859372093023 0.853564584375 0.846429688372093 0.863414584375 0.861570311627907 0.8591562500000001 0.8771265627906977 0.8523083343750001 0.88685 0.84805
9 0.655970311627907 0.638475 0.641329688372093 0.641935415625 0.6149874999999999 0.6421812499999999 0.615117188372093 0.654525 0.6330640627906977 0.65358125 0.6562062488372092 0.65169375 0.655970311627907 0.638475
9 0.5249937488372093 0.514454165625 0.5251328116279069 0.5044562499999999 0.5092984372093023 0.504827084375 0.4931859372093023 0.506122915625 0.4831843744186047 0.5077875 0.48443437441860465 0.52000625 0.49582499999999996 0.515933334375 0.5106875000000001 0.5146375 0.5249937488372093 0.514454165625
8 0.5224937511627907 0.53074375 0.513604688372093 0.5313 0.5004078116279069 0.533891665625 0.48907968837209304 0.533772915625 0.490407811627907 0.546295834375 0.5037421883720931 0.545 0.5234656255813953 0.5424083343749999 0.5224937511627907 0.53074375
8 0.6521109372093024 0.665233334375 0.640304688372093 0.668195834375 0.6271093744186047 0.6696770843750001 0.619079688372093 0.6689812500000001 0.6198859372093023 0.6785625 0.6337765627906977 0.678377084375 0.6533609372093023 0.6785625 0.6521109372093024 0.665233334375
8 0.8851500000000001 0.8637708343750001 0.8725109372093024 0.8713625 0.854592188372093 0.878027084375 0.8534812488372093 0.8782125000000001 0.8568140627906977 0.889875 0.8700109372093022 0.884320834375 0.8875125 0.873583334375 0.8851500000000001 0.8637708343750001