2 0.349032811627907 0.7071208343750001 0.33719687441860463 0.716935415625 0.3229937511627907 0.7316604156250001 0.31483281162790694 0.740495834375 0.3198375 0.7495375 0.32904374883720927 0.741825 0.35271406279069767 0.715533334375 0.349032811627907 0.7071208343750001
3 0.33693437441860463 0.686789584375 0.3327265627906976 0.680129165625 0.3206265627906976 0.68959375 0.31168437441860464 0.6938 0.30181562558139535 0.704202084375 0.3080031255813953 0.716235415625 0.319575 0.706770834375 0.329832811627907 0.6966041656249999 0.33693437441860463 0.686789584375
0 0.3281031255813953 0.6690375000000001 0.3230484372093024 0.6610375000000001 0.31372812558139535 0.667564584375 0.30377656279069765 0.6778791656250001 0.293917188372093 0.685195834375 0.2984062488372093 0.69514375 0.3099375 0.685458334375 0.31878281162790695 0.67766875 0.3281031255813953 0.6690375000000001
8 0.31830937441860463 0.6500895843750001 0.3126218744186046 0.639983334375 0.3015656255813953 0.6500895843750001 0.2895609372093023 0.659775 0.2843484372093023 0.663564584375 0.28924531162790695 0.673247915625 0.30093281162790697 0.663141665625 0.311517188372093 0.6564062500000001 0.31830937441860463 0.6500895843750001
9 0.3113593744186047 0.623352084375 0.307725 0.614089584375 0.29824843720930233 0.620614584375 0.2843484372093023 0.6309312499999999 0.26934218837209306 0.642720834375 0.276292188372093 0.65766875 0.2857687488372093 0.64693125 0.2987218744186046 0.634720834375 0.3113593744186047 0.623352084375
9 0.5467015627906977 0.5798687499999999 0.546070311627907 0.570816665625 0.5309062488372093 0.574395834375 0.5177953116279069 0.577975 0.505632811627907 0.5821854156249999 0.5065812488372093 0.596922915625 0.519375 0.590816665625 0.5310640627906977 0.586395834375 0.5467015627906977 0.5798687499999999
8 0.5380140627906976 0.546185415625 0.519532811627907 0.55186875 0.5065812488372093 0.55460625 0.5062640627906977 0.5655541656249999 0.5207968744186047 0.561764584375 0.5404437511627908 0.5564375 0.5380140627906976 0.546185415625
0 0.5365156255813953 0.5221145843749999 0.5248265627906976 0.524852084375 0.5030281255813954 0.5290625 0.5036593744186046 0.540852084375 0.5189812511627907 0.5364312499999999 0.5366734372093023 0.532641665625 0.5365156255813953 0.5221145843749999
3 0.5328812488372093 0.499377084375 0.5156640627906977 0.5010625 0.5005687488372093 0.506558334375 0.500657811627907 0.519379165625 0.5134531255813953 0.514114584375 0.5339875 0.509483334375 0.5328812488372093 0.499377084375
2 0.532407811627907 0.47327291562499996 0.5314609372093023 0.46358750000000004 0.5270375 0.46190416562500003 0.5102937511627906 0.466325 0.48919687441860465 0.47149374999999993 0.48928593720930236 0.484641665625 0.5049234372093023 0.4810625 0.51835 0.477483334375 0.532407811627907 0.47327291562499996
9 0.7359218744186047 0.43813124999999997 0.7371843744186046 0.4227625 0.7266015627906977 0.421079165625 0.7115953116279069 0.419183334375 0.6964312511627907 0.418341665625 0.6950093744186047 0.43013124999999997 0.7073312511627907 0.431183334375 0.726917188372093 0.435185415625 0.7359218744186047 0.43813124999999997
8 0.7204406255813953 0.44760625000000004 0.7065406255813954 0.446341665625 0.6976265627906977 0.448039584375 0.6973796883720931 0.45728958437499995 0.73055 0.461079165625 0.731182811627907 0.450764584375 0.7204406255813953 0.44760625000000004
0 0.728654688372093 0.48550208437500003 0.728654688372093 0.4737125 0.7228109372093022 0.47328958437499996 0.7068562488372093 0.47223750000000003 0.6962734372093023 0.470975 0.6962734372093023 0.480447915625 0.7066984372093024 0.480658334375 0.7194937511627907 0.48381666562500003 0.728654688372093 0.48550208437500003
3 0.7266015627906977 0.510975 0.727707811627907 0.497291665625 0.7196515627906976 0.496447915625 0.7041718744186046 0.49518541562499996 0.6954937488372094 0.493054165625 0.6946937488372094 0.504660415625 0.7054359372093023 0.50760625 0.7145968744186046 0.511185415625 0.7266015627906977 0.510975
2 0.7300765627906978 0.546133334375 0.729129688372093 0.534764584375 0.7213890627906977 0.534133334375 0.7097 0.5328708343749999 0.7022765627906977 0.529922915625 0.6885640627906976 0.528591665625 0.6893234372093023 0.540660415625 0.70275 0.542554165625 0.713332811627907 0.5459229156250001 0.7300765627906978 0.546133334375