0 0.303275 0.66551875 0.30332187441860464 0.678539584375 0.3352265627906977 0.678170834375 0.3352265627906977 0.665602084375 0.303275 0.66551875
0 0.4436093744186046 0.662670834375 0.4439781255813954 0.67484375 0.47588125116279073 0.670408334375 0.475604688372093 0.657839584375 0.4436093744186046 0.662670834375
0 0.5907906255813954 0.697960415625 0.5733125 0.700547915625 0.5589281255813954 0.701314584375 0.5602734372093023 0.7145937499999999 0.5744218744186047 0.7120062500000001 0.5907906255813954 0.710527084375 0.5907906255813954 0.697960415625
2 0.5921781255813954 0.7186583343749999 0.5733125 0.7190291656250001 0.559995311627907 0.7205083343750001 0.559995311627907 0.734554165625 0.5819124999999999 0.7323354156249999 0.592454688372093 0.7282708343750001 0.5921781255813954 0.7186583343749999
2 0.5760875 0.676889584375 0.5580125 0.676502084375 0.5586093744186047 0.690197915625 0.5913453116279069 0.6865 0.591067188372093 0.677260415625 0.5760875 0.676889584375
2 0.5932875000000001 0.639927084375 0.569982811627907 0.64214375 0.5519109372093024 0.643554165625 0.5530609372093024 0.6547125 0.5733125 0.6547125 0.593842188372093 0.65249375 0.5932875000000001 0.639927084375
2 0.47537812558139536 0.6011354156250001 0.4573453116279069 0.6052 0.43476250000000005 0.60613125 0.43515156279069767 0.619616665625 0.4515187488372093 0.618508334375 0.4762109372093023 0.6137020843750001 0.47537812558139536 0.6011354156250001
2 0.34180312558139536 0.608189584375 0.3209968744186047 0.608189584375 0.3008343744186046 0.608164584375 0.3004671883720931 0.618539584375 0.317945311627907 0.619647915625 0.3415265627906977 0.619277084375 0.34180312558139536 0.608189584375
2 0.3232156255813954 0.6410875 0.30462812558139535 0.64145625 0.3038859372093023 0.65128125 0.33597812558139534 0.652175 0.33625468837209305 0.641825 0.3232156255813954 0.6410875
2 0.4728890627906977 0.6371 0.4584640627906977 0.640795834375 0.44208437441860465 0.6423333343750001 0.4423734372093023 0.6522541656249999 0.4590187488372093 0.65040625 0.47372187441860464 0.648927084375 0.4728890627906977 0.6371
2 0.4756640627906977 0.679608334375 0.45790937441860463 0.681825 0.44542499999999996 0.682564584375 0.445979688372093 0.6955020843749999 0.46345781162790695 0.695133334375 0.4773281255813953 0.693285415625 0.4756640627906977 0.679608334375
2 0.3347875 0.699270834375 0.3347875 0.684485415625 0.30175 0.683822915625 0.30177343720930233 0.697054165625 0.3112062511627907 0.697054165625 0.324245311627907 0.7003812500000001 0.3347875 0.699270834375
4 0.33867187441860463 0.71073125 0.317032811627907 0.711470834375 0.297479688372093 0.708635415625 0.29733437441860466 0.722929165625 0.3203609372093023 0.722929165625 0.33867187441860463 0.722558334375 0.33867187441860463 0.71073125
4 0.48369687441860465 0.717179165625 0.48369687441860465 0.705720834375 0.4642765627906977 0.7079375 0.4423890627906977 0.708635415625 0.4423609372093023 0.72050625 0.45983906279069764 0.72050625 0.47592968837209304 0.7182875 0.48369687441860465 0.717179165625
4 0.5959984372093023 0.754152084375 0.5957218744186047 0.7419541656249999 0.5763015627906977 0.7467604156250001 0.5564875 0.745652084375 0.5563265627906977 0.7604375 0.5740812488372093 0.7600666656249999 0.5882312511627907 0.7571104156249999 0.5959984372093023 0.754152084375