2 0.35591249999999997 0.706039584375 0.35269843720930233 0.6970375 0.32183281162790695 0.715470834375 0.32633437441860463 0.72704375 0.3363015627906977 0.71975625 0.34530312558139536 0.71375625 0.35591249999999997 0.706039584375
2 0.3427312488372093 0.670458334375 0.3408015627906977 0.6593125 0.32697656279069764 0.667458334375 0.3089718744186047 0.677745834375 0.3112234372093023 0.68975 0.31893906279069767 0.68331875 0.3311562511627907 0.676889584375 0.3427312488372093 0.670458334375
2 0.3359796883720931 0.63530625 0.3327640627906977 0.62501875 0.3035062511627907 0.6468812500000001 0.29450468837209304 0.65116875 0.29707656279069766 0.66145625 0.3064 0.65416875 0.324404688372093 0.6417375 0.3359796883720931 0.63530625
2 0.484517188372093 0.63230625 0.4517234372093023 0.643022915625 0.45333124883720927 0.65416875 0.4729437511627907 0.64988125 0.4858031255813953 0.6468812500000001 0.484517188372093 0.63230625
2 0.48998281162790697 0.687177084375 0.4890187488372093 0.6738875 0.4575109372093023 0.682889584375 0.4581531255813953 0.693608334375 0.4697281255813953 0.6931791656249999 0.48033750000000003 0.69060625 0.48998281162790697 0.687177084375
2 0.4980218744186046 0.7219 0.4973781255813953 0.70646875 0.4790515627906977 0.7146125 0.456867188372093 0.717185415625 0.4591187511627907 0.7287583343749999 0.46940625116279067 0.7291875 0.47969531162790696 0.726616665625 0.4980218744186046 0.7219
2 0.6121578116279071 0.759625 0.6073343744186046 0.751479165625 0.5819359372093023 0.778485415625 0.5874015627906977 0.7913458343750001 0.5954390627906977 0.7814875 0.6054062488372093 0.769483334375 0.6121578116279071 0.759625
2 0.6301625 0.796491665625 0.6256609372093023 0.788345834375 0.5999406255813954 0.814495834375 0.6044421883720931 0.825641665625 0.612479688372093 0.817925 0.622767188372093 0.805922915625 0.6301625 0.796491665625
2 0.6472031255813954 0.8209250000000001 0.6439875 0.8119229156250001 0.625982811627907 0.8324999999999999 0.6102281255813954 0.847504165625 0.6150515627906977 0.856935415625 0.6240531255813954 0.8500770843750001 0.6336984372093023 0.837216665625 0.6472031255813954 0.8209250000000001
0 0.6211593744186046 0.7772 0.6156937488372093 0.7669125 0.6047625 0.781058334375 0.5896515627906976 0.796491665625 0.5938312511627907 0.805922915625 0.6018687488372093 0.798635415625 0.6102281255813954 0.787916665625 0.6211593744186046 0.7772
4 0.6060484372093022 0.7381895843749999 0.6002624999999999 0.730045834375 0.5684328116279069 0.761339584375 0.573254688372093 0.7733416656250001 0.584829688372093 0.762625 0.595117188372093 0.751479165625 0.6060484372093022 0.7381895843749999
4 0.4851609372093023 0.6185875000000001 0.48291093720930234 0.607870834375 0.46104687441860465 0.6155875 0.444007811627907 0.6177312500000001 0.4452937511627907 0.6280187500000001 0.4581531255813953 0.6280187500000001 0.46876406279069766 0.623304165625 0.4851609372093023 0.6185875000000001
4 0.3678093744186046 0.72404375 0.3639515627906976 0.7176125 0.3465890627906977 0.730045834375 0.32697656279069764 0.7411916656249999 0.3308359372093023 0.7536229156250001 0.3408015627906977 0.7467645843749999 0.35527031162790695 0.734760415625 0.3678093744186046 0.72404375
0 0.346267188372093 0.680747915625 0.3166890627906977 0.696608334375 0.32022500000000004 0.709897915625 0.33244218837209305 0.70218125 0.35044687441860467 0.691464584375 0.346267188372093 0.680747915625
0 0.486125 0.653310415625 0.45526093720930233 0.662314584375 0.45654687441860464 0.672172915625 0.46683437441860465 0.67174375 0.4870890627906977 0.666170834375 0.486125 0.653310415625