2 0.27190156279069766 0.550652084375 0.27128437441860465 0.5418708343749999 0.255032811627907 0.541047915625 0.23898437441860468 0.544614584375 0.23051093720930232 0.547410415625 0.229932811627907 0.556964584375 0.24824375116279068 0.5542208343749999 0.27190156279069766 0.550652084375
2 0.27087343720930235 0.58523125 0.27005 0.5739791656250001 0.23899843720930233 0.57861875 0.2381625 0.5901708343750001 0.25091718837209304 0.5888 0.27087343720930235 0.58523125
2 0.24165937441860466 0.620633334375 0.24182812558139533 0.63143125 0.27354843720930233 0.630514584375 0.272725 0.6165166656250001 0.2540031255813954 0.6209083343749999 0.24165937441860466 0.620633334375
2 0.3903625 0.552666665625 0.4097015627906977 0.55184375 0.4103187488372093 0.53976875 0.3694031255813954 0.541579165625 0.3712296883720931 0.5545875 0.3784312488372093 0.5534895843750001 0.3903625 0.552666665625
2 0.404970311627907 0.5180875 0.4054843744186047 0.504914584375 0.39077500000000004 0.504914584375 0.374032811627907 0.5055708343750001 0.37390468837209306 0.52055625 0.395095311627907 0.518910415625 0.404970311627907 0.5180875
2 0.373492188372093 0.47253125 0.37300468837209305 0.475733334375 0.40579375116279065 0.47362916562499996 0.4051765627906977 0.46045625 0.3736984372093023 0.460729165625 0.373492188372093 0.47253125
2 0.5380125 0.6883375 0.5398640627906977 0.6754395843750001 0.5227875 0.675989584375 0.4995515627906977 0.671897915625 0.498717188372093 0.683672915625 0.5129125 0.686416665625 0.5380125 0.6883375
2 0.5384234372093023 0.600791665625 0.522170311627907 0.596402084375 0.5081812488372093 0.591735415625 0.5077687488372093 0.607654165625 0.5378062511627907 0.61204375 0.5384234372093023 0.600791665625
2 0.5365718744186047 0.641410415625 0.5048890627906977 0.638389584375 0.5053 0.649641665625 0.5361609372093024 0.651014584375 0.5365718744186047 0.641410415625
0 0.5378062511627907 0.620552084375 0.522582811627907 0.619729165625 0.507525 0.614970834375 0.5057125 0.6276875000000001 0.5367781255813954 0.631804165625 0.5378062511627907 0.620552084375
4 0.5431890627906977 0.586529165625 0.5454531255813954 0.575552084375 0.5254968744186046 0.574179165625 0.5059812488372093 0.570729165625 0.5038937511627907 0.579941665625 0.5242625 0.58488125 0.5431890627906977 0.586529165625
4 0.408375 0.447233334375 0.408579688372093 0.436804165625 0.36914687441860466 0.43526666562500005 0.369079688372093 0.44750625 0.39047499999999996 0.449154165625 0.408375 0.447233334375
0 0.40528906279069765 0.480714584375 0.37377656279069765 0.482935415625 0.3734 0.49361249999999995 0.40446562558139537 0.49223958437500004 0.40528906279069765 0.480714584375
0 0.27133437441860464 0.596283334375 0.25899062558139535 0.600947915625 0.24002812558139533 0.603310415625 0.24129687441860465 0.614670834375 0.27133437441860464 0.611102084375 0.27133437441860464 0.596283334375
4 0.28079843720930237 0.654189584375 0.27997500000000003 0.644310415625 0.2610484372093023 0.647329165625 0.23899843720930233 0.64995 0.23882812558139535 0.660227084375 0.260225 0.653641665625 0.28079843720930237 0.654189584375