2 0.32322187441860467 0.73908125 0.30910468837209304 0.7437125 0.29197968837209304 0.7514291656250001 0.2843437488372093 0.7569874999999999 0.28249218837209306 0.7569874999999999 0.28295468837209303 0.7640875 0.2857312488372093 0.7643958343749999 0.3003109372093023 0.762852084375 0.31303906279069765 0.756060415625 0.32437968837209297 0.751739584375 0.32322187441860467 0.73908125
2 0.3239156255813953 0.788475 0.3225281255813954 0.775508334375 0.29267343720930233 0.785079165625 0.2940625 0.794958334375 0.3054031255813953 0.793722915625 0.3239156255813953 0.788475
2 0.317667188372093 0.8369416656249999 0.3297015627906977 0.8320020843749999 0.3297015627906977 0.8156416656250001 0.31234531162790696 0.82243125 0.300667188372093 0.8290916656249999 0.3003109372093023 0.83971875 0.30586562558139535 0.83879375 0.317667188372093 0.8369416656249999
0 0.326925 0.796810415625 0.29614531162790697 0.8091583343750001 0.29776562558139535 0.8221229156250001 0.3271562511627907 0.8113187500000001 0.326925 0.796810415625
4 0.324332811627907 0.859964584375 0.33945625116279066 0.851754165625 0.3375218744186047 0.839320834375 0.32485937441860463 0.8449500000000001 0.29935937441860466 0.854335415625 0.29935937441860466 0.8651249999999999 0.305867188372093 0.8651249999999999 0.324332811627907 0.859964584375
4 0.45074843720930236 0.727145834375 0.4662234372093023 0.727614584375 0.4669281255813953 0.71823125 0.44617500000000004 0.717527084375 0.4281187488372093 0.714760415625 0.427182811627907 0.72339375 0.43667968837209303 0.7269125 0.45074843720930236 0.727145834375
2 0.46182812558139535 0.75459375 0.46182812558139535 0.744270834375 0.441075 0.738641665625 0.43069999999999997 0.7379374999999999 0.43069999999999997 0.753420834375 0.4472312511627907 0.754358334375 0.46182812558139535 0.75459375
2 0.4607718744186046 0.785089584375 0.429657811627907 0.783945834375 0.4284140627906977 0.794239584375 0.46059687441860464 0.794472915625 0.4607718744186046 0.785089584375
2 0.46130000000000004 0.83224375 0.46340937441860464 0.819810415625 0.4479343744186047 0.820747915625 0.42460000000000003 0.818829165625 0.4243687511627907 0.8303666656249999 0.447582811627907 0.832477084375 0.46130000000000004 0.83224375
0 0.46094843720930234 0.762804165625 0.43031718837209304 0.76049375 0.42982031162790696 0.7721875 0.46059687441860464 0.775002084375 0.46094843720930234 0.762804165625
0 0.5558375 0.6961354156249999 0.5553093744186046 0.70763125 0.5862609372093024 0.7057541656249999 0.5867890627906976 0.69449375 0.5558375 0.6961354156249999
2 0.5869640627906977 0.719125 0.5562984372093023 0.718864584375 0.556892188372093 0.7332 0.5864375000000001 0.730620834375 0.5869640627906977 0.719125
2 0.592592188372093 0.762289584375 0.5931203116279069 0.7524375 0.5532 0.755016665625 0.5532 0.768389584375 0.5658609372093023 0.767216665625 0.592592188372093 0.762289584375
2 0.5857343744186047 0.6856 0.5857343744186047 0.6724625 0.554782811627907 0.674339584375 0.554429688372093 0.68911875 0.566917188372093 0.687945834375 0.5857343744186047 0.6856
4 0.574654688372093 0.663079165625 0.5876687511627907 0.659560415625 0.5883718744186047 0.649941665625 0.5502093744186046 0.65181875 0.5507375 0.662375 0.5590031255813953 0.665425 0.574654688372093 0.663079165625