4 0.16897343720930233 0.941679165625 0.14600156279069768 0.9453125 0.13081718837209302 0.9432375000000001 0.13198593720930232 0.9520625 0.1666375 0.9510229156250001 0.16897343720930233 0.941679165625
4 0.32042499999999996 0.93493125 0.2990125 0.93596875 0.28227031162790694 0.938045834375 0.28188124883720933 0.9453125 0.3180890627906977 0.9463520843750001 0.32042499999999996 0.93493125
4 0.4395625 0.9546583343749999 0.43995156279069764 0.9458333343750001 0.4169812511627907 0.95258125 0.40140781162790695 0.9536187500000001 0.4037437511627907 0.9640020843749999 0.420875 0.963483334375 0.4395625 0.9546583343749999
0 0.1643 0.906897915625 0.16702656279069766 0.893402084375 0.1467812511627907 0.897554165625 0.13432187441860466 0.8949583343749999 0.133932811627907 0.9048229156250001 0.14872656279069768 0.9100125 0.1643 0.906897915625
0 0.316532811627907 0.885095834375 0.2970656255813954 0.8902875 0.28421718837209303 0.88976875 0.28421718837209303 0.90015 0.3138062511627907 0.8985937500000001 0.316532811627907 0.885095834375
0 0.43372343720930234 0.912608334375 0.433332811627907 0.89963125 0.4158140627906977 0.906897915625 0.40140781162790695 0.9079375000000001 0.4045218744186046 0.9178000000000001 0.4197062511627907 0.9162437499999999 0.43372343720930234 0.912608334375
2 0.1639109372093023 0.9271437499999999 0.1666375 0.9120895843750001 0.14794843720930234 0.9162437499999999 0.13548906279069767 0.914166665625 0.1351 0.9245479156249999 0.1522312488372093 0.9271437499999999 0.1639109372093023 0.9271437499999999
2 0.16624687441860464 0.8825 0.1666375 0.8705604156250001 0.1522312488372093 0.8726375000000001 0.13548906279069767 0.8726375000000001 0.133932811627907 0.8819812499999999 0.149117188372093 0.886133334375 0.16624687441860464 0.8825
2 0.16897343720930233 0.84771875 0.1709187511627907 0.840452084375 0.16469062558139536 0.8352604156250001 0.15028437441860465 0.839933334375 0.13081718837209302 0.8394125000000001 0.13003906279069768 0.8482375 0.155345311627907 0.8492770843749999 0.16897343720930233 0.84771875
2 0.3173109372093023 0.8285125000000001 0.2958968744186047 0.833183334375 0.27876562558139534 0.834222915625 0.27759843720930233 0.84564375 0.3153640627906977 0.8388937500000001 0.3173109372093023 0.8285125000000001
2 0.314195311627907 0.875752084375 0.31458593720930234 0.862772915625 0.29667656279069765 0.8705604156250001 0.28265937441860467 0.8705604156250001 0.28188124883720933 0.8793854156249999 0.29823281162790694 0.8767895843750001 0.314195311627907 0.875752084375
2 0.3005687511627907 0.9214333343750001 0.31497499999999995 0.9188375000000001 0.3153640627906977 0.9053416656250001 0.2994015627906977 0.9105333343750001 0.28538437441860465 0.9105333343750001 0.28421718837209303 0.9188375000000001 0.292782811627907 0.9203958343749999 0.3005687511627907 0.9214333343750001
2 0.43489062558139535 0.8534291656249999 0.435279688372093 0.8435666656249999 0.416592188372093 0.8466812499999999 0.39673593720930234 0.848758334375 0.3990718744186047 0.8596583343749999 0.4130875 0.858102084375 0.43489062558139535 0.8534291656249999
2 0.435279688372093 0.8814624999999999 0.426325 0.8773083343750001 0.4177593744186046 0.8809437499999999 0.4029656255813953 0.8814624999999999 0.40062968837209306 0.8944395843749999 0.42827187441860465 0.88976875 0.435279688372093 0.8814624999999999
2 0.4368375 0.9193583343749999 0.4185390627906977 0.9245479156249999 0.40140781162790695 0.92506875 0.406079688372093 0.939083334375 0.435279688372093 0.931816665625 0.4368375 0.9193583343749999