2 0.304782811627907 0.699070834375 0.2825125 0.70670625 0.2646968744186046 0.7168875 0.26787812558139534 0.722825 0.3054187488372093 0.71349375 0.304782811627907 0.699070834375
2 0.3026515627906977 0.7355437499999999 0.2879 0.739120834375 0.2713593744186047 0.745677084375 0.27180624883720933 0.7564062500000001 0.30175781162790694 0.749254165625 0.3026515627906977 0.7355437499999999
2 0.307570311627907 0.77726875 0.29147656279069767 0.783229165625 0.27493437441860463 0.786210415625 0.2762765627906977 0.799322915625 0.3053343744186046 0.7933625 0.307570311627907 0.77726875
2 0.460907811627907 0.6985875 0.4595656255813953 0.68845625 0.4448140627906977 0.7015687500000001 0.43185 0.708125 0.43587343720930233 0.716470834375 0.44570781162790696 0.71110625 0.460907811627907 0.6985875
2 0.47253125116279066 0.738525 0.4716359372093023 0.7272000000000001 0.4564375 0.738525 0.44347187441860464 0.7450812499999999 0.4466015627906977 0.754022915625 0.460907811627907 0.747466665625 0.47253125116279066 0.738525
2 0.485942188372093 0.769520834375 0.484154688372093 0.757597915625 0.4618015627906977 0.7742895843750001 0.447495311627907 0.777864584375 0.45375468837209304 0.7897875 0.47253125116279066 0.78025 0.485942188372093 0.769520834375
2 0.590104688372093 0.7152791656249999 0.5878687488372093 0.700377084375 0.5695406255813953 0.7105104156250001 0.5565765627906977 0.7152791656249999 0.5628343744186046 0.721835415625 0.5775875 0.721239584375 0.590104688372093 0.7152791656249999
2 0.5950218744186047 0.757002084375 0.5941281255813954 0.742697915625 0.5816109372093023 0.752233334375 0.5659640627906977 0.7564062500000001 0.567304688372093 0.764752084375 0.582504688372093 0.762366665625 0.5950218744186047 0.757002084375
2 0.604857811627907 0.7897875 0.6044109372093023 0.77726875 0.5851875 0.787997915625 0.5664109372093024 0.7927666656250001 0.5708812488372093 0.799322915625 0.5936812511627907 0.795152084375 0.604857811627907 0.7897875
0 0.30399375116279065 0.7725 0.3053343744186046 0.7593875 0.2879 0.764752084375 0.2762765627906977 0.770116665625 0.2762765627906977 0.7790583343749999 0.2919234372093023 0.777864584375 0.30399375116279065 0.7725
0 0.4680609372093023 0.718854165625 0.46493124883720927 0.7063375 0.45554218837209304 0.717066665625 0.43855468837209305 0.726008334375 0.44079062558139537 0.73375625 0.45733125116279066 0.726604165625 0.4680609372093023 0.718854165625
0 0.591892188372093 0.720045834375 0.5789281255813954 0.7272000000000001 0.5610468744186047 0.732564584375 0.5632812511627907 0.7450812499999999 0.591892188372093 0.73196875 0.591892188372093 0.720045834375
4 0.45867187441860463 0.67415 0.4564375 0.664016665625 0.43855468837209305 0.67891875 0.42335468837209306 0.6872625 0.4260375 0.6938208343750001 0.4452609372093023 0.6854750000000001 0.45867187441860463 0.67415
4 0.573117188372093 0.6950125 0.588317188372093 0.689052084375 0.588317188372093 0.6759375000000001 0.5695406255813953 0.6860708343749999 0.5529999999999999 0.69203125 0.5543406255813953 0.69203125 0.557917188372093 0.6991854156249999 0.573117188372093 0.6950125
4 0.31204062558139534 0.814820834375 0.3133812511627907 0.8046875 0.29505156279069766 0.811841665625 0.277617188372093 0.816610415625 0.2785109372093023 0.8237625 0.29684062558139535 0.819589584375 0.31204062558139534 0.814820834375