4 0.41985000000000006 0.6775625 0.4204906255813953 0.670735415625 0.3964890627906977 0.6698833343749999 0.3817687488372093 0.67244375 0.3817687488372093 0.67884375 0.40480937441860465 0.680977084375 0.41985000000000006 0.6775625
4 0.48705156279069767 0.715110415625 0.4896125 0.70743125 0.46945156279069766 0.71084375 0.452170311627907 0.7129770843750001 0.455370311627907 0.7219375 0.4710515627906977 0.719377084375 0.48705156279069767 0.715110415625
4 0.605775 0.7509520843749999 0.606095311627907 0.739004165625 0.5865734372093023 0.74241875 0.5689734372093024 0.74284375 0.5699343744186046 0.750525 0.5804937511627907 0.7518041656250001 0.605775 0.7509520843749999
0 0.41729062558139535 0.716816665625 0.3984093744186047 0.719377084375 0.38656874883720926 0.71724375 0.3852890627906977 0.728764584375 0.41665 0.727483334375 0.41729062558139535 0.716816665625
0 0.49057187441860467 0.747964584375 0.4598515627906977 0.754364584375 0.4617718744186046 0.770152084375 0.49057187441860467 0.76161875 0.49057187441860467 0.747964584375
0 0.6035343744186047 0.796179165625 0.6019343744186046 0.78380625 0.5881734372093024 0.788925 0.5744140627906977 0.788072915625 0.5737734372093023 0.798739584375 0.578254688372093 0.798739584375 0.6035343744186047 0.796179165625
2 0.41600937441860464 0.70743125 0.41665 0.69505625 0.40929062558139534 0.698470834375 0.400329688372093 0.694629165625 0.38880937441860464 0.694204165625 0.38656874883720926 0.69335 0.38592968837209307 0.707004165625 0.41600937441860464 0.70743125
2 0.41665 0.746258334375 0.4176093744186047 0.737725 0.40065 0.73943125 0.3868890627906977 0.739004165625 0.3849687511627907 0.748391665625 0.403529688372093 0.7488187500000001 0.41665 0.746258334375
2 0.4208093744186046 0.78380625 0.42145 0.771858334375 0.4124906255813954 0.773991665625 0.39808906279069767 0.774845834375 0.3833687488372093 0.773139584375 0.3833687488372093 0.785939584375 0.40545000000000003 0.785085415625 0.4208093744186046 0.78380625
2 0.47297187441860467 0.744977084375 0.48737187441860463 0.74284375 0.487692188372093 0.7291916656249999 0.4726515627906977 0.7347375 0.45953125116279064 0.7347375 0.45953125116279064 0.749670834375 0.4691312511627907 0.7488187500000001 0.47297187441860467 0.744977084375
2 0.49153124883720933 0.785085415625 0.49217187441860466 0.770579165625 0.4739312488372093 0.7799645843749999 0.4604906255813953 0.7799645843749999 0.4643312511627907 0.791058334375 0.4790515627906977 0.79020625 0.49153124883720933 0.785085415625
2 0.4883312488372093 0.8175125 0.4982515627906977 0.817085415625 0.49953281162790697 0.8059937500000001 0.47841093720930233 0.8141 0.46081093720930233 0.817085415625 0.4646515627906977 0.8269 0.4816109372093023 0.8239124999999999 0.4883312488372093 0.8175125
2 0.5849734372093023 0.7791125 0.591054688372093 0.778258334375 0.6035343744186047 0.7761250000000001 0.6044953116279069 0.763325 0.5731343744186046 0.7663125 0.5728140627906977 0.773991665625 0.5769734372093024 0.7774062500000001 0.5849734372093023 0.7791125
2 0.6016140627906977 0.8251937500000001 0.6032140627906977 0.80641875 0.5872140627906977 0.8119666656250001 0.5744140627906977 0.811539584375 0.5737734372093023 0.822633334375 0.5833734372093023 0.8239124999999999 0.6016140627906977 0.8251937500000001
2 0.5884937511627907 0.858475 0.6070546883720931 0.855914584375 0.6089749999999999 0.8426875 0.587854688372093 0.84780625 0.5708937511627906 0.845672915625 0.5680140627906977 0.853354165625 0.5747343744186046 0.8567666656249999 0.5884937511627907 0.858475