2 0.6536890627906977 0.545825 0.6369828116279069 0.545825 0.6129562511627907 0.547291665625 0.6126843744186046 0.557460415625 0.6335656255813954 0.557460415625 0.6533093744186046 0.556954165625 0.6536890627906977 0.545825
2 0.6479937511627907 0.57971875 0.631667188372093 0.57870625 0.616295311627907 0.577910415625 0.617620311627907 0.591860415625 0.6362234372093023 0.5923645843750001 0.6479937511627907 0.5923645843750001 0.6479937511627907 0.57971875
2 0.6330265627906976 0.623497915625 0.6159406255813953 0.623497915625 0.6158781255813953 0.635247915625 0.6474531255813955 0.6351333343750001 0.6466937511627906 0.6229916656250001 0.6330265627906976 0.623497915625
2 0.7329406255813954 0.68195 0.7105406255813953 0.685997915625 0.6931187511627908 0.68535 0.6938343744186046 0.7001625 0.708642188372093 0.69915 0.734079688372093 0.6956083343749999 0.7329406255813954 0.68195
2 0.730282811627907 0.7173625 0.7124390627906977 0.721914584375 0.6987703116279069 0.719891665625 0.7002156255813953 0.73155625 0.716995311627907 0.731525 0.7321812511627908 0.728995834375 0.730282811627907 0.7173625
2 0.7348390627906977 0.770985415625 0.7318015627906976 0.75935 0.7215515627906978 0.763395834375 0.7014281255813954 0.762889584375 0.7023031255813953 0.7738645843749999 0.7188937488372092 0.7755375 0.7264859372093023 0.7755375 0.7348390627906977 0.770985415625
2 0.8113640627906977 0.742554165625 0.7950375000000001 0.743564584375 0.7791265627906977 0.744360415625 0.7790906255813953 0.758235415625 0.7950375000000001 0.7592479156249999 0.8117437488372092 0.758235415625 0.8113640627906977 0.742554165625
2 0.810225 0.700566665625 0.7778734372093022 0.7009375 0.7783312488372093 0.71270625 0.7897218744186046 0.71371875 0.810225 0.712202084375 0.810225 0.700566665625
2 0.8121234372093024 0.6636375 0.7965562488372093 0.666672915625 0.7724468744186046 0.6658666656250001 0.7718765627906977 0.67931875 0.7901015627906977 0.67931875 0.8136421883720931 0.677295834375 0.8121234372093024 0.6636375
0 0.8109843744186046 0.723835415625 0.7916203116279069 0.726870834375 0.779470311627907 0.726870834375 0.77985 0.735977084375 0.800732811627907 0.7369895843750001 0.8106046883720931 0.734964584375 0.8109843744186046 0.723835415625
0 0.7323906255813953 0.7390125000000001 0.7172031255813953 0.7410354156250001 0.7006343744186047 0.741575 0.7008781255813953 0.753683334375 0.720620311627907 0.752670834375 0.732770311627907 0.752164584375 0.7323906255813953 0.7390125000000001
0 0.616295311627907 0.601847915625 0.6162 0.617170834375 0.6484734372093023 0.617677084375 0.6488531255813953 0.604525 0.616295311627907 0.601847915625
4 0.6530296883720931 0.650558334375 0.6313875 0.6500541656250001 0.6112859372093024 0.648608334375 0.6120234372093023 0.660677084375 0.6370828116279069 0.660677084375 0.6530296883720931 0.660170834375 0.6530296883720931 0.650558334375
4 0.7404359372093023 0.796897915625 0.7396765627906977 0.787791665625 0.716895311627907 0.789814584375 0.6993812488372093 0.7883375 0.6994312511627908 0.799427084375 0.7104406255813953 0.799427084375 0.720692188372093 0.799427084375 0.7404359372093023 0.796897915625
4 0.8167515627906977 0.782227084375 0.8152328116279071 0.770591665625 0.8008046883720931 0.771602084375 0.7784031255813953 0.772108334375 0.7749859372093023 0.7746375 0.7749859372093023 0.78374375 0.7837187488372093 0.785766665625 0.8000453116279069 0.785766665625 0.8167515627906977 0.782227084375