2 0.4033937511627907 0.3261625 0.40308593720930236 0.318777084375 0.39447031162790697 0.32287916562499996 0.38647031162790696 0.3212375 0.37877812558139534 0.315904165625 0.36462343720930235 0.32041875000000003 0.36462343720930235 0.32944375 0.38247031162790696 0.32780208437499997 0.4033937511627907 0.3261625
2 0.39908593720930235 0.35323958437499997 0.3692390627906977 0.35241875 0.36985468837209307 0.3651375 0.39816406279069766 0.36267499999999997 0.39908593720930235 0.35323958437499997
2 0.40093281162790695 0.39590625 0.37908593720930234 0.392214584375 0.368625 0.394266665625 0.3695468744186047 0.40739375000000005 0.39908593720930235 0.404522915625 0.40093281162790695 0.39590625
0 0.39939374883720935 0.385239584375 0.4000093744186046 0.376214584375 0.38400937441860467 0.373752084375 0.36985468837209307 0.37539375 0.36831718837209304 0.377445834375 0.36770156279069766 0.38811249999999997 0.39939374883720935 0.385239584375
0 0.4750890627906977 0.397958334375 0.4449343744186046 0.402060415625 0.4437031255813954 0.41231666562499997 0.47385781162790697 0.410266665625 0.4750890627906977 0.397958334375
0 0.5772453116279069 0.44431875 0.546782811627907 0.445960415625 0.5480125 0.456627084375 0.5769375 0.456627084375 0.5772453116279069 0.44431875
2 0.47293437441860464 0.341341665625 0.45355 0.34462291562499997 0.43447187441860463 0.34790625 0.43601093720930234 0.35693125000000003 0.4744734372093023 0.3511875 0.47293437441860464 0.341341665625
2 0.47324218837209303 0.375804165625 0.4430875 0.383189584375 0.4421640627906977 0.393035415625 0.47416562558139536 0.38934375 0.47324218837209303 0.375804165625
2 0.457857811627907 0.43488125 0.4664734372093023 0.435291665625 0.47662656279069765 0.43324166562500005 0.4760109372093024 0.41888125 0.4449343744186046 0.423804165625 0.4464718744186047 0.42585625 0.44708749999999997 0.43365208437499997 0.457857811627907 0.43488125
2 0.5790906255813953 0.397958334375 0.5797062488372093 0.38277916562500003 0.5578593744186047 0.387291665625 0.5400125 0.390983334375 0.5400125 0.39672708437500004 0.558167188372093 0.39672708437500004 0.5790906255813953 0.397958334375
2 0.5763218744186047 0.41888125 0.5455515627906977 0.422985415625 0.544320311627907 0.43324166562500005 0.5760140627906977 0.43242083437499995 0.5763218744186047 0.41888125
2 0.5775531255813954 0.47878125000000005 0.578475 0.461960415625 0.546475 0.46483125000000003 0.5458593744186047 0.465652084375 0.546782811627907 0.476729165625 0.5775531255813954 0.47878125000000005
4 0.40308593720930236 0.43118958437500005 0.4033937511627907 0.42134375 0.37877812558139534 0.42134375 0.36585468837209306 0.422985415625 0.36585468837209306 0.425035415625 0.3655468744186047 0.43201041562500003 0.40308593720930236 0.43118958437500005
4 0.481857811627907 0.443908334375 0.4464718744186047 0.449652084375 0.4443187488372093 0.458677084375 0.4830890627906977 0.45498541562500006 0.481857811627907 0.443908334375
4 0.5713984372093023 0.502166665625 0.582167188372093 0.49970416562500003 0.5809375 0.489447915625 0.542782811627907 0.492729165625 0.5449359372093023 0.500114584375 0.5590906255813953 0.502577084375 0.5713984372093023 0.502166665625