0 0.4143171883720931 0.505883334375 0.40524062558139534 0.514260415625 0.4247875 0.551025 0.4345609372093023 0.544045834375 0.4143171883720931 0.505883334375
0 0.5403218744186047 0.496575 0.5322937511627907 0.509139584375 0.5577734372093023 0.538460415625 0.5630093744186047 0.52961875 0.5403218744186047 0.496575
0 0.7483531255813954 0.574295834375 0.7424187511627908 0.582672915625 0.764757811627907 0.616645834375 0.7717390627906977 0.606872915625 0.7483531255813954 0.574295834375
2 0.7595218744186046 0.557075 0.7525406255813953 0.570572915625 0.7755781255813954 0.600822915625 0.7829078116279069 0.5952375 0.7595218744186046 0.557075
2 0.738229688372093 0.586860415625 0.7284578116279069 0.5971 0.7525406255813953 0.631072915625 0.7598718744186047 0.623627084375 0.738229688372093 0.586860415625
2 0.7162406255813953 0.6092 0.7075140627906976 0.62036875 0.737182811627907 0.66039375 0.7455609372093024 0.6520166656249999 0.7162406255813953 0.6092
2 0.5113515627906977 0.539391665625 0.5061156255813953 0.551025 0.5385765627906977 0.5882583343750001 0.5438124999999999 0.5770875 0.5113515627906977 0.539391665625
2 0.5288031255813953 0.514260415625 0.5221718744186047 0.526825 0.550095311627907 0.555214584375 0.5553312488372093 0.546372915625 0.5288031255813953 0.514260415625
2 0.5490484372093023 0.48028541562499993 0.5424156255813953 0.492385415625 0.56685 0.522170834375 0.572782811627907 0.512864584375 0.5490484372093023 0.48028541562499993
2 0.42792968837209305 0.490989584375 0.41920312558139533 0.500297915625 0.4380515627906976 0.536133334375 0.4471265627906977 0.531014584375 0.42792968837209305 0.490989584375
2 0.4027984372093023 0.517983334375 0.39407187441860464 0.527291665625 0.41675937441860467 0.563591665625 0.42374062558139536 0.556610415625 0.4027984372093023 0.517983334375
2 0.44328750000000006 0.466325 0.4331656255813954 0.47470208437499994 0.4603906255813954 0.5212416656250001 0.46772031162790695 0.514260415625 0.44328750000000006 0.466325
4 0.3842984372093023 0.528220834375 0.3755718744186046 0.537064584375 0.4059390627906977 0.58593125 0.41187343720930236 0.574760415625 0.3842984372093023 0.528220834375
4 0.5539343744186046 0.45608541562499993 0.5486984372093023 0.468185415625 0.5815093744186047 0.5063479156249999 0.5856984372093023 0.496575 0.5539343744186046 0.45608541562499993
4 0.7685968744186046 0.536597915625 0.7609187511627907 0.5473020843749999 0.7895406255813954 0.588722915625 0.7968703116279069 0.580345834375 0.7685968744186046 0.536597915625