4 0.38383437441860463 0.90215 0.36403593720930233 0.9043125 0.34265468837209306 0.9018104156250001 0.342292188372093 0.9116625 0.35981718837209303 0.912527084375 0.38350937441860466 0.910797915625 0.38383437441860463 0.90215
4 0.4982890627906977 0.9355125 0.47816562558139536 0.936810415625 0.45935937441860464 0.9313125 0.459992188372093 0.941566665625 0.4765437511627907 0.94675625 0.4992625 0.945458334375 0.4982890627906977 0.9355125
4 0.5897484372093023 0.893783334375 0.5903968744186047 0.882541665625 0.5709234372093023 0.8847041656249999 0.5507234372093024 0.8808729156249999 0.5501531255813954 0.8920541656250001 0.5660562511627907 0.893783334375 0.5819578116279069 0.8946500000000001 0.5897484372093023 0.893783334375
2 0.5957406255813954 0.782333334375 0.5749687511627907 0.77930625 0.5561453116279069 0.775847915625 0.5564703116279069 0.787954165625 0.5730218744186046 0.7896854156249999 0.5957406255813954 0.791414584375 0.5957406255813954 0.782333334375
2 0.5905468744186047 0.812170834375 0.5582187511627907 0.8104458343750001 0.5584171883720931 0.824279165625 0.5769156255813954 0.8255750000000001 0.5898984372093024 0.8255750000000001 0.5905468744186047 0.812170834375
2 0.5863281255813954 0.8597374999999999 0.5769156255813954 0.857575 0.5571484372093023 0.8537479156250001 0.555820311627907 0.867954165625 0.5717234372093023 0.8696833343750001 0.5860031255813953 0.8696833343750001 0.5863281255813954 0.8597374999999999
2 0.49470000000000003 0.907395834375 0.46364218837209303 0.904189584375 0.463542188372093 0.91604375 0.47295468837209304 0.9186375 0.494375 0.921233334375 0.49470000000000003 0.907395834375
2 0.49567343720930235 0.8641520843749999 0.46542656279069766 0.863741665625 0.4658140627906977 0.8749625 0.479445311627907 0.8749625 0.49534843720930233 0.8749625 0.49567343720930235 0.8641520843749999
2 0.5008656255813954 0.84036875 0.5005406255813953 0.829127084375 0.46078749999999996 0.8275770843749999 0.46062187441860464 0.839504165625 0.479445311627907 0.842097915625 0.49664687441860467 0.8412333343749999 0.5008656255813954 0.84036875
2 0.3839312511627907 0.8091895843750001 0.3839312511627907 0.797514584375 0.36088749999999997 0.798379165625 0.34238906279069764 0.796647915625 0.34109062558139536 0.8091895843750001 0.355370311627907 0.8109187500000001 0.37387031162790696 0.8104854156249999 0.3839312511627907 0.8091895843750001
2 0.37938750000000004 0.830377084375 0.37387031162790696 0.833404165625 0.3569937511627907 0.8342708343749999 0.3472562511627907 0.829945834375 0.3476515627906977 0.84423125 0.3612125 0.846377084375 0.3797109372093023 0.8442166656250001 0.37938750000000004 0.830377084375
2 0.3797109372093023 0.8744854156249999 0.3605625 0.8757833343750001 0.348229688372093 0.8744854156249999 0.3483656255813954 0.8865833343749999 0.3654312488372093 0.8870250000000001 0.37938750000000004 0.8870250000000001 0.3797109372093023 0.8744854156249999
0 0.3787375 0.855891665625 0.3628343744186046 0.8584854156249999 0.347295311627907 0.856127084375 0.3479062488372093 0.867566665625 0.3612125 0.868 0.3777640627906977 0.868 0.3787375 0.855891665625
0 0.49605937441860465 0.8867375 0.4834015627906977 0.888033334375 0.46399843720930234 0.884204165625 0.4642531255813953 0.89625 0.47885781162790697 0.8975479156249999 0.4957343744186047 0.8988458343750001 0.49605937441860465 0.8867375
0 0.5885328116279069 0.8360520843750001 0.5729531255813953 0.836916665625 0.557375 0.834322915625 0.557375 0.8468625 0.5706812488372093 0.84859375 0.587882811627907 0.84859375 0.5885328116279069 0.8360520843750001