4 0.3775265627906977 0.44916875 0.3767437511627907 0.435195834375 0.357357811627907 0.44103541562500004 0.336407811627907 0.44207916562499994 0.3371906255813954 0.456052084375 0.3611109372093023 0.453966665625 0.3775265627906977 0.44916875
2 0.357357811627907 0.412047915625 0.3381281255813953 0.41288125000000003 0.339157811627907 0.423022915625 0.36970937441860463 0.422891665625 0.3722109372093023 0.41663541562499995 0.37049062558139534 0.40933541562500003 0.357357811627907 0.412047915625
2 0.6263124999999999 0.402354165625 0.6122406255813954 0.40568958437499997 0.6075515627906977 0.40548124999999996 0.6072390627906977 0.41903750000000006 0.6088015627906976 0.41841249999999997 0.626625 0.41841249999999997 0.639757811627907 0.416952084375 0.6374125 0.40485625000000003 0.6263124999999999 0.402354165625
4 0.6431968744186046 0.44385624999999995 0.6428843744186047 0.434054165625 0.6192765627906978 0.434470834375 0.6034859372093022 0.43718124999999997 0.6028609372093023 0.44802708437499994 0.614117188372093 0.44594166562500004 0.6431968744186046 0.44385624999999995
4 0.8960015627906976 0.296795834375 0.8962125 0.31043958437499997 0.921954688372093 0.31201875 0.9364937511627908 0.31493958437499997 0.936025 0.30013125 0.8960015627906976 0.296795834375
2 0.9300843744186047 0.343510415625 0.9305531255813952 0.329954165625 0.91445 0.328495834375 0.8975656255813953 0.32682708437499997 0.8969406255813953 0.338922915625 0.912104688372093 0.339964584375 0.9300843744186047 0.343510415625
0 0.367807811627907 0.366179165625 0.3363187511627907 0.370241665625 0.33709218837209304 0.37967083437500004 0.35126875116279066 0.37967083437500004 0.368145311627907 0.37787291562499997 0.367807811627907 0.366179165625
0 0.35903281162790696 0.389564584375 0.337767188372093 0.3940625 0.338917188372093 0.400925 0.369832811627907 0.39586041562499996 0.36949531162790694 0.387316665625 0.35903281162790696 0.389564584375
2 0.35768281162790694 0.345491665625 0.371182811627907 0.34414375 0.37050781162790697 0.330652084375 0.3451937488372093 0.33335 0.32889531162790697 0.335104165625 0.32899218837209304 0.34099375 0.32865468837209305 0.349539584375 0.3418187511627907 0.34729166562499997 0.35768281162790694 0.345491665625
2 0.6217640627906976 0.3394125 0.6362781255813954 0.3389625 0.644717188372093 0.341210415625 0.644379688372093 0.331316665625 0.6433671883720931 0.323670834375 0.6031890627906977 0.32768125000000003 0.6035375 0.33311666562500003 0.6035375 0.343010415625 0.6136640627906976 0.3398625 0.6217640627906976 0.3394125
0 0.6393156255813953 0.360997915625 0.6080140627906977 0.361827084375 0.6082624999999999 0.373141665625 0.6244640627906977 0.373141665625 0.6403281255813953 0.373141665625 0.6393156255813953 0.360997915625
0 0.6389781255813954 0.383485415625 0.6080140627906977 0.382614584375 0.607925 0.39337916562499997 0.6197390627906977 0.392479165625 0.6389781255813954 0.392029165625 0.6389781255813954 0.383485415625
0 0.9282218744186046 0.356804165625 0.8967843744186046 0.347970834375 0.8951437511627907 0.358152084375 0.909320311627907 0.35995208437500004 0.9278843744186046 0.364 0.9282218744186046 0.356804165625
0 0.9282218744186046 0.37434375000000003 0.8948062511627907 0.37209375 0.8937937511627908 0.378839584375 0.911682811627907 0.380639584375 0.9275468744186046 0.3842375 0.9282218744186046 0.37434375000000003
2 0.9251843744186046 0.420664584375 0.9295718744186047 0.421564584375 0.9302484372093023 0.405372915625 0.9143843744186045 0.404925 0.887875 0.400429165625 0.8870437488372093 0.407172915625 0.8873812488372093 0.417066665625 0.9022328116279069 0.418416665625 0.9251843744186046 0.420664584375