2 0.4068937488372093 0.169745834375 0.37555781162790697 0.15691041562500002 0.3729562511627907 0.1686625 0.3908390627906977 0.177060415625 0.4054718744186046 0.18139375 0.4068937488372093 0.169745834375
2 0.5444718744186047 0.093345834375 0.5436593744186047 0.08792708437499999 0.5422375 0.082779165625 0.5298406255813953 0.083052084375 0.510942188372093 0.096597915625 0.5139890627906977 0.107975 0.5221187511627907 0.10011874999999999 0.532482811627907 0.094429165625 0.5444718744186047 0.093345834375
4 0.5391890627906977 0.051895834375000005 0.520695311627907 0.053520834375000007 0.4989515627906977 0.0649 0.5024062511627907 0.079529165625 0.5158187511627907 0.068691665625 0.5422375 0.06191875 0.5391890627906977 0.051895834375000005
4 0.4048625 0.20062916562500002 0.390432811627907 0.190064584375 0.3656406255813954 0.183020834375 0.36177968837209307 0.196295834375 0.3733625 0.19819166562499999 0.40343906279069763 0.213091665625 0.4048625 0.20062916562500002
4 0.6918375 0.180370834375 0.683504688372093 0.160322915625 0.6611265627906977 0.13895625 0.6520062488372093 0.14975624999999998 0.6633859372093023 0.1568 0.683504688372093 0.193645834375 0.6918375 0.180370834375
2 0.6997625 0.15544583437499998 0.6950890627906977 0.1427125 0.6786562488372093 0.121679165625 0.670295311627907 0.129979165625 0.6814734372093023 0.14352499999999999 0.6965109372093023 0.166825 0.6997625 0.15544583437499998
2 0.38291718837209304 0.0809625 0.381057811627907 0.092941665625 0.42350156279069767 0.110702084375 0.4247406255813953 0.092114584375 0.38291718837209304 0.0809625
2 0.523567188372093 0.16688125 0.5269750000000001 0.183404165625 0.5669406255813954 0.165229165625 0.5629125 0.152010415625 0.523567188372093 0.16688125
2 0.713167188372093 0.057829165625 0.704182811627907 0.071047915625 0.7354734372093024 0.111941665625 0.7425984372093023 0.10326874999999999 0.713167188372093 0.057829165625
0 0.6970578116279069 0.091702084375 0.6921 0.100789584375 0.717195311627907 0.13094375 0.7236999999999999 0.123508334375 0.6970578116279069 0.091702084375
0 0.6871437488372093 0.106985415625 0.6806375 0.116072915625 0.7069718744186047 0.147466665625 0.713167188372093 0.13796666562499998 0.6871437488372093 0.106985415625
0 0.5158218744186046 0.1181375 0.5173718744186047 0.13053125000000002 0.5492812511627907 0.11359375000000001 0.5468031255813954 0.101614584375 0.5158218744186046 0.1181375
0 0.5210890627906977 0.1359 0.523567188372093 0.149945834375 0.5545484372093024 0.13300833437499998 0.5511406255813953 0.120616665625 0.5210890627906977 0.1359
0 0.3816781255813953 0.116485415625 0.37950937441860466 0.129704165625 0.4117281255813953 0.14003125 0.4132781255813954 0.1264 0.3816781255813953 0.116485415625
0 0.37950937441860466 0.138379165625 0.376720311627907 0.146639584375 0.4080109372093023 0.15861875 0.410179688372093 0.147879165625 0.37950937441860466 0.138379165625