2 0.42891250000000003 0.766204165625 0.42725 0.755120834375 0.415057811627907 0.764727084375 0.3986968744186047 0.776647915625 0.40275781162790697 0.784775 0.416167188372093 0.775070834375 0.42891250000000003 0.766204165625
4 0.44165781162790696 0.792064584375 0.436670311627907 0.7772875 0.423370311627907 0.7935416656250001 0.403975 0.806104165625 0.40730000000000005 0.81496875 0.42447812558139536 0.804625 0.44165781162790696 0.792064584375
2 0.5785328116279069 0.866689584375 0.573545311627907 0.853391665625 0.5646781255813954 0.866689584375 0.548054688372093 0.8733395843749999 0.550270311627907 0.882945834375 0.56745 0.8770354156250001 0.5785328116279069 0.866689584375
2 0.7514265627906977 0.9154562500000001 0.7475484372093023 0.90585 0.7364656255813954 0.917672915625 0.7215031255813954 0.9265375 0.725382811627907 0.9361437499999999 0.7392359372093023 0.928016665625 0.7514265627906977 0.9154562500000001
4 0.7625093744186047 0.9391 0.7602937488372092 0.928016665625 0.7442234372093023 0.9450104156249999 0.7287062488372092 0.9568312499999999 0.7331406255813954 0.964960415625 0.7503187511627907 0.955354165625 0.7625093744186047 0.9391
4 0.5890609372093023 0.8918125 0.5862906255813953 0.88220625 0.5713281255813953 0.896245834375 0.550825 0.903633334375 0.5524875 0.913977084375 0.571882811627907 0.90585 0.5890609372093023 0.8918125
2 0.39895468837209297 0.690439584375 0.3743843744186046 0.7050708343750001 0.37458749999999996 0.709404165625 0.37764687441860467 0.717508334375 0.3930656255813953 0.71021875 0.41398124883720927 0.6953166656249999 0.409920311627907 0.680414584375 0.39895468837209297 0.690439584375
0 0.41722968837209307 0.726204165625 0.41580937441860466 0.715908334375 0.4001734372093023 0.727016665625 0.38755 0.73680625 0.3910343744186046 0.7473375 0.4013906255813954 0.73975 0.41722968837209307 0.726204165625
0 0.4253531255813954 0.7443562499999999 0.421495311627907 0.73270625 0.409920311627907 0.74516875 0.39288281162790695 0.754075 0.395907811627907 0.764947915625 0.4156062511627907 0.7508583343749999 0.4253531255813954 0.7443562499999999
2 0.562579688372093 0.7961625 0.5599390627906977 0.781802084375 0.5343531255813954 0.798872915625 0.5231843744186047 0.805916665625 0.5264343744186046 0.8178375000000001 0.5453187511627907 0.8072708343749999 0.562579688372093 0.7961625
0 0.5672499999999999 0.8267791656249999 0.5648124999999999 0.813775 0.5524265627906977 0.828945834375 0.5363531255813954 0.833979165625 0.5371968744186046 0.845204165625 0.5575031255813954 0.8340937500000001 0.5672499999999999 0.8267791656249999
0 0.5623390627906977 0.8539875 0.5722890627906977 0.8499229156249999 0.5696484372093024 0.8344791656250001 0.5568562488372093 0.8447749999999999 0.540407811627907 0.852089584375 0.5416265627906977 0.8623854156249999 0.5534031255813954 0.8615729156249999 0.5623390627906977 0.8539875
0 0.737845311627907 0.87734375 0.7362203116279069 0.8654229156250001 0.726067188372093 0.8754479156249999 0.7077578116279071 0.8881500000000001 0.7124625 0.897664584375 0.7250531255813953 0.88818125 0.737845311627907 0.87734375
0 0.7130718744186046 0.90660625 0.715507811627907 0.916360415625 0.726879688372093 0.9103999999999999 0.7455937511627908 0.892552084375 0.7421093744186047 0.8841187500000001 0.7311437511627907 0.89658125 0.7130718744186046 0.90660625
2 0.7197734372093024 0.8570229156250001 0.7305343744186046 0.846729165625 0.727895311627907 0.832910415625 0.7183515627906977 0.8356187500000001 0.7140875 0.842935415625 0.7006843744186046 0.854585415625 0.692775 0.8600479156249999 0.6968265627906977 0.8711125 0.705557811627907 0.8673187499999999 0.7197734372093024 0.8570229156250001