2 0.3953375 0.9134062500000001 0.3786515627906977 0.914014584375 0.3649359372093023 0.903958334375 0.36150625116279067 0.914625 0.3733937511627907 0.921939584375 0.3935093744186047 0.925595834375 0.3953375 0.9134062500000001
2 0.5297499999999999 0.825333334375 0.4995765627906977 0.841485415625 0.501632811627907 0.853066665625 0.513292188372093 0.846666665625 0.53295 0.834477084375 0.5297499999999999 0.825333334375
4 0.3953375 0.9444895843750001 0.37316406279069764 0.942966665625 0.35472031162790696 0.930983334375 0.35259218837209305 0.942966665625 0.3669921883720931 0.9533270843749999 0.39236718837209306 0.9563750000000001 0.3953375 0.9444895843750001
4 0.5265500000000001 0.795772915625 0.5164921883720931 0.80430625 0.48700312558139536 0.8119249999999999 0.4911187488372093 0.824114584375 0.508720311627907 0.818933334375 0.529979688372093 0.8082687500000001 0.5265500000000001 0.795772915625
4 0.6806609372093024 0.925522915625 0.6630593744186046 0.9069333343749999 0.6507968744186046 0.8864000000000001 0.6424859372093024 0.895047915625 0.6587156255813954 0.916685415625 0.6740312511627907 0.938016665625 0.6806609372093024 0.925522915625
2 0.6925468744186047 0.903885415625 0.6788312511627907 0.8877333343749999 0.6682296883720931 0.8688708343749999 0.6598578116279069 0.8758479156250001 0.6642015627906976 0.886514584375 0.6845468744186047 0.912114584375 0.6925468744186047 0.903885415625
0 0.39261562558139534 0.882079165625 0.4008234372093023 0.8827624999999999 0.40159218837209304 0.8731937500000001 0.389025 0.8708020843750001 0.3720640627906977 0.861264584375 0.3703 0.872510415625 0.377225 0.875927084375 0.38389531162790697 0.880029165625 0.39261562558139534 0.882079165625
0 0.3974890627906977 0.9019 0.39928437441860465 0.891989584375 0.389025 0.8930145843749999 0.3762 0.8892562500000001 0.36850468837209305 0.882420834375 0.36839687441860464 0.891727084375 0.3823562488372093 0.89985 0.38851093720930235 0.901558334375 0.3974890627906977 0.9019
0 0.5366156255813953 0.8548375 0.534307811627907 0.845610415625 0.5222515627906977 0.8562041656250001 0.505195311627907 0.8623916656249999 0.5063484372093023 0.870216665625 0.5171218744186047 0.867483334375 0.5281515627906977 0.862697915625 0.5366156255813953 0.8548375
0 0.5384109372093023 0.8657729156249999 0.5237906255813953 0.876710415625 0.5091703116279069 0.880127084375 0.511479688372093 0.8907208343749999 0.5327687488372093 0.8791020843749999 0.540720311627907 0.8746583343750001 0.5384109372093023 0.8657729156249999
0 0.7045859372093023 0.8776375 0.7102296883720931 0.8701187499999999 0.6992 0.8571333343750001 0.6862765627906977 0.8387 0.6812453116279069 0.847222915625 0.6912484372093023 0.8605499999999999 0.7007390627906976 0.872854165625 0.7045859372093023 0.8776375
0 0.699970311627907 0.884814584375 0.6868890627906977 0.8701187499999999 0.6768843744186046 0.853714584375 0.6716093744186047 0.861264584375 0.6832968744186046 0.8796875 0.6956093744186047 0.8919916656250001 0.699970311627907 0.884814584375
2 0.7067343744186046 0.8394937499999999 0.7131468744186047 0.84940625 0.7226359372093023 0.86 0.7275093744186046 0.8538479156250001 0.7298187511627907 0.8480375 0.7205843744186046 0.83641875 0.7139156255813953 0.8265083343749999 0.7000984372093023 0.807485415625 0.6946781255813953 0.8097625 0.692882811627907 0.8169395843749999 0.699807811627907 0.827875 0.7067343744186046 0.8394937499999999
2 0.5463640627906976 0.912325 0.553545311627907 0.9071979156250001 0.553032811627907 0.8989958343750001 0.5504671883720931 0.892845834375 0.5414906255813954 0.900364584375 0.5299484372093023 0.9041229156249999 0.5112234372093023 0.9119833343750001 0.5127625 0.9198437500000001 0.516867188372093 0.9270208343749999 0.5335390627906976 0.919160415625 0.5463640627906976 0.912325
2 0.39269062558139534 0.8500187499999999 0.40115468837209306 0.852752084375 0.4114140627906977 0.853777084375 0.41192812558139535 0.8476270843749999 0.4124406255813953 0.8377166656249999 0.3962812488372093 0.8380583343750001 0.37262812558139535 0.8270416656249999 0.372170311627907 0.83395625 0.37268437441860464 0.841475 0.3834562511627907 0.84694375 0.39269062558139534 0.8500187499999999