4 0.3671906255813953 0.9491875000000001 0.37325937441860463 0.9454687500000001 0.37243906279069766 0.9325583343750001 0.35013125116279076 0.94371875 0.3338906255813954 0.94284375 0.33438281162790695 0.955314584375 0.355379688372093 0.955314584375 0.3671906255813953 0.9491875000000001
2 0.35849687441860467 0.9244625 0.36653437441860465 0.917241665625 0.36653437441860465 0.907395834375 0.3514437488372093 0.9119895843749999 0.3350390627906977 0.914179165625 0.33454687441860465 0.9242437499999999 0.3473421883720931 0.9246812500000001 0.35849687441860467 0.9244625
2 0.614282811627907 0.9030166656249999 0.6024859372093023 0.902152084375 0.6024859372093023 0.9120083343750001 0.6029515627906977 0.9145770843750001 0.6224500000000001 0.9161604156250001 0.6343765627906977 0.91218125 0.6343765627906977 0.902152084375 0.614282811627907 0.9030166656249999
4 0.6284125 0.9446937500000001 0.6380062511627907 0.9419270843750001 0.6378765627906977 0.930339584375 0.6128562511627907 0.9341437499999999 0.598575 0.9338104156249999 0.5975593744186046 0.9446937500000001 0.603004688372093 0.94676875 0.6284125 0.9446937500000001
4 0.8984781255813954 0.801797915625 0.8890187488372092 0.795935415625 0.8883531255813953 0.809439584375 0.906870311627907 0.81459375 0.9288500000000001 0.8174374999999999 0.9279187511627908 0.8062416656250001 0.8984781255813954 0.801797915625
2 0.905804688372093 0.8444479156250001 0.9232562511627906 0.843914584375 0.9239218744186046 0.8325416656250001 0.9094015627906976 0.8311187500000001 0.8928937511627908 0.8276749999999999 0.891682811627907 0.828097915625 0.8912843744186046 0.836272915625 0.905804688372093 0.8444479156250001
0 0.365125 0.8946624999999999 0.3653437511627907 0.88473125 0.3541625 0.889404165625 0.332267188372093 0.8911625000000001 0.332895311627907 0.90050625 0.3440765627906977 0.90050625 0.3543812511627907 0.899045834375 0.365125 0.8946624999999999
0 0.36293281162790697 0.877135415625 0.3624937488372093 0.864572915625 0.3526281255813954 0.870125 0.34188437441860464 0.8721687499999999 0.3310625 0.86898125 0.33135937441860464 0.87918125 0.34166406279069766 0.881225 0.35197031162790693 0.881225 0.36293281162790697 0.877135415625
2 0.3458312488372093 0.8505520843750001 0.35635468837209305 0.849091665625 0.36709843720930235 0.843247915625 0.3653437511627907 0.825720834375 0.3561359372093023 0.832147915625 0.34561093720930236 0.83828125 0.325275 0.835225 0.32522031162790693 0.842079165625 0.32544062558139536 0.8487979156250001 0.336182811627907 0.8502583343750001 0.3458312488372093 0.8505520843750001
2 0.639495311627907 0.824066665625 0.6123078116279069 0.824941665625 0.5984468744186047 0.8249395843749999 0.5982765627906976 0.839547915625 0.6324796883720931 0.838964584375 0.6397156255813954 0.83838125 0.639495311627907 0.824066665625
0 0.6346718744186046 0.8690541656249999 0.6342343744186046 0.858829165625 0.6188859372093023 0.8605812500000001 0.6030281255813954 0.8586937499999999 0.6031000000000001 0.8702229156250001 0.6169125 0.870514584375 0.6329187488372092 0.87080625 0.6346718744186046 0.8690541656249999
2 0.633795311627907 0.8807395843749999 0.602545311627907 0.8795895843749999 0.6026609372093024 0.89125625 0.6289718744186046 0.890379165625 0.6335765627906977 0.8895041656249999 0.633795311627907 0.8807395843749999
0 0.9220609372093023 0.864866665625 0.9216218744186047 0.85639375 0.9058359372093023 0.85639375 0.8911468744186046 0.8496916656250001 0.89005 0.8578541656249999 0.9025468744186046 0.861652084375 0.9128515627906976 0.86428125 0.9220609372093023 0.864866665625
0 0.920745311627907 0.8745062499999999 0.8882546883720931 0.8702666656250001 0.8885140627906977 0.88005625 0.9012312511627908 0.883270834375 0.920745311627907 0.8853145843749999 0.920745311627907 0.8745062499999999
2 0.9211828116279069 0.922416665625 0.9238140627906977 0.916864584375 0.9224984372093024 0.9072250000000001 0.903204688372093 0.9072250000000001 0.8817437488372093 0.90145 0.8810593744186046 0.9083937499999999 0.885445311627907 0.918910415625 0.9078093744186047 0.92183125 0.9211828116279069 0.922416665625