2 0.6030484372093023 0.364779165625 0.5934734372093023 0.367385415625 0.572175 0.369729165625 0.5710015627906977 0.381191665625 0.5838984372093023 0.380670834375 0.6044156255813954 0.37832499999999997 0.6030484372093023 0.364779165625
2 0.7918062488372094 0.348629165625 0.7853578116279071 0.351233334375 0.7590656255813953 0.348914584375 0.7595640627906977 0.358527084375 0.7828171883720931 0.36347708437500004 0.7935640627906977 0.364258334375 0.7918062488372094 0.348629165625
4 0.6085187511627907 0.39213125 0.587025 0.3978625 0.5690484372093023 0.397602084375 0.5696343744186046 0.41166875 0.5825312511627907 0.41036666562499996 0.6128187511627907 0.404895834375 0.6085187511627907 0.39213125
4 0.7992312511627907 0.3231 0.757845311627907 0.31927500000000003 0.758782811627907 0.333258334375 0.7705078116279069 0.33403958437500003 0.7980593744186046 0.335864584375 0.7992312511627907 0.3231
4 0.9279437511627906 0.42796666562499996 0.8934281255813954 0.39744791562500004 0.8861281255813954 0.40868958437499997 0.8990250000000001 0.420152084375 0.9257953116279071 0.440210415625 0.9279437511627906 0.42796666562499996
2 0.9340015627906977 0.400875 0.9244265627906977 0.389672915625 0.9053984372093024 0.375625 0.900782811627907 0.386808334375 0.9127031255813953 0.393841665625 0.930679688372093 0.41181666562499997 0.9340015627906977 0.400875
2 0.5869640627906977 0.301379165625 0.6024999999999999 0.300639584375 0.6024999999999999 0.290289584375 0.6022218744186046 0.2869625 0.5625890627906976 0.292922915625 0.561995311627907 0.298791665625 0.56255 0.306185415625 0.573925 0.30470625 0.5869640627906977 0.301379165625
2 0.7817937488372093 0.43995625 0.7923359372093023 0.441064584375 0.7926140627906977 0.436997915625 0.7928921883720931 0.426279165625 0.7809625 0.42553958437499995 0.7517343744186047 0.42430625 0.7512781255813954 0.42886666562500003 0.7521093744186047 0.43736875 0.7679234372093023 0.438477084375 0.7817937488372093 0.43995625
0 0.600532811627907 0.322916665625 0.568995311627907 0.32627708437499997 0.5700156255813953 0.338072915625 0.5874937488372093 0.33659374999999997 0.6013656255813954 0.334375 0.600532811627907 0.322916665625
0 0.6013656255813954 0.34287708437500003 0.570825 0.348241665625 0.571125 0.3576625 0.5886031255813954 0.355445834375 0.6013656255813954 0.353597915625 0.6013656255813954 0.34287708437500003
0 0.790725 0.37470625 0.7599718744186047 0.371427084375 0.7596531255813954 0.38025000000000003 0.7743562488372093 0.38246875 0.7910015627906977 0.384316665625 0.790725 0.37470625
0 0.7735234372093023 0.39355625 0.7582656255813953 0.392816665625 0.7578359372093024 0.401120834375 0.7893375 0.404277084375 0.7890593744186046 0.395035415625 0.7735234372093023 0.39355625
0 0.949325 0.361729165625 0.9201359372093023 0.338479165625 0.9163125 0.34694375 0.9296281255813953 0.358033334375 0.9446093744186046 0.369122915625 0.949325 0.361729165625
0 0.924357811627907 0.366164584375 0.912704688372093 0.358033334375 0.9106781255813953 0.366545834375 0.9379515627906976 0.38834375 0.9418359372093024 0.38058125 0.924357811627907 0.366164584375