2 0.427132811627907 0.7550895843750001 0.42892812558139537 0.7710541656250001 0.46185468837209304 0.763072915625 0.4606562511627907 0.7455125 0.427132811627907 0.7550895843750001
4 0.3265609372093023 0.9354812499999999 0.3262609372093023 0.9482520843750001 0.36816718837209306 0.9502479156250001 0.3684656255813954 0.9358812500000001 0.3265609372093023 0.9354812499999999
4 0.426832811627907 0.787416665625 0.427432811627907 0.8001875 0.47053437441860463 0.790610415625 0.4690375 0.774645834375 0.426832811627907 0.787416665625
4 0.532195311627907 0.5970479156249999 0.5342906255813954 0.609420834375 0.5746984372093024 0.59585 0.570507811627907 0.583877084375 0.532195311627907 0.5970479156249999
2 0.5319296883720931 0.569595834375 0.5326 0.582397915625 0.5658734372093024 0.569595834375 0.5634171883720931 0.555602084375 0.5319296883720931 0.569595834375
0 0.3320531255813954 0.883191665625 0.3317687488372093 0.89499375 0.3651734372093023 0.8957541656249999 0.36431718837209304 0.88585625 0.3320531255813954 0.883191665625
0 0.3343375 0.8630166656249999 0.333767188372093 0.87405625 0.366029688372093 0.8748166656249999 0.3657437511627907 0.8637770843749999 0.3343375 0.8630166656249999
0 0.423704688372093 0.714166665625 0.42484531162790695 0.7255874999999999 0.4562531255813953 0.717975 0.455395311627907 0.7069354156250001 0.423704688372093 0.714166665625
0 0.45767968837209305 0.7255874999999999 0.42598749999999996 0.735485415625 0.42741562558139534 0.7472875 0.44055 0.74348125 0.459107811627907 0.7385312500000001 0.45767968837209305 0.7255874999999999
0 0.523920311627907 0.5287729156250001 0.5270609372093024 0.538670834375 0.5573250000000001 0.526870834375 0.5561828116279071 0.517733334375 0.523920311627907 0.5287729156250001
0 0.5290593744186046 0.547427084375 0.5307718744186046 0.558847915625 0.5613218744186046 0.54514375 0.5590375 0.5337229156250001 0.5290593744186046 0.547427084375
2 0.515925 0.496795834375 0.5173531255813953 0.509739584375 0.5576109372093023 0.49375 0.5541843744186047 0.47966458437500004 0.515925 0.496795834375
2 0.415007811627907 0.680277084375 0.41532968837209305 0.695766665625 0.45728281162790696 0.685010415625 0.45534687441860466 0.6712395843750001 0.415007811627907 0.680277084375
2 0.37144062558139535 0.8330270843750001 0.3294890627906977 0.827433334375 0.3291656255813954 0.8437833343750001 0.34949687441860466 0.8450749999999999 0.3704734372093023 0.846364584375 0.37144062558139535 0.8330270843750001
2 0.33197187441860465 0.90604375 0.3316734372093023 0.9192125000000001 0.366095311627907 0.9220062499999999 0.3666937511627907 0.9080395843750001 0.33197187441860465 0.90604375