2 0.4326625 0.8923229156250001 0.4299984372093023 0.881666665625 0.41561250000000005 0.893033334375 0.4005265627906977 0.8985854156249999 0.40086406279069764 0.9089291656249999 0.41987499999999994 0.9029791656249999 0.4326625 0.8923229156250001
4 0.44065624883720933 0.921452084375 0.43905781162790697 0.9065312499999999 0.4214734372093023 0.922872915625 0.402292188372093 0.929266665625 0.40602187441860466 0.940633334375 0.42360468837209303 0.933529165625 0.44065624883720933 0.921452084375
2 0.6154265627906976 0.878825 0.616492188372093 0.865327084375 0.6005062511627908 0.869589584375 0.5831312511627907 0.868454165625 0.5824562488372093 0.881495834375 0.6010390627906976 0.8830875 0.6154265627906976 0.878825
4 0.6186234372093024 0.9107958343749999 0.6191562511627907 0.895164584375 0.6005062511627908 0.901558334375 0.581857811627907 0.9008479156250001 0.5829234372093024 0.9107958343749999 0.6037031255813954 0.912216665625 0.6186234372093024 0.9107958343749999
2 0.714 0.878825 0.7156 0.86390625 0.7017453116279069 0.871010415625 0.6827031255813953 0.866204165625 0.6827031255813953 0.8752000000000001 0.7012124999999999 0.88095625 0.714 0.878825
4 0.7150656255813954 0.912216665625 0.7182640627906977 0.8987166656250001 0.6996140627906977 0.9008479156250001 0.6793656255813955 0.895875 0.677767188372093 0.9058208343749999 0.6990812511627907 0.912216665625 0.7150656255813954 0.912216665625
2 0.41021093720930235 0.829195834375 0.42438750000000003 0.82155 0.42269999999999996 0.8139062499999999 0.42 0.807610415625 0.4091984372093023 0.81435625 0.38152031162790695 0.825597915625 0.38152031162790695 0.8296458343750001 0.383545311627907 0.839089584375 0.39265937441860466 0.836841665625 0.41021093720930235 0.829195834375
2 0.6002312511627907 0.8035666656249999 0.610357811627907 0.8049145843750001 0.6187968744186046 0.804464584375 0.6211593744186046 0.79771875 0.6204843744186047 0.791422915625 0.617782811627907 0.782429165625 0.612720311627907 0.784227084375 0.609345311627907 0.786477084375 0.607657811627907 0.790522915625 0.5958437488372093 0.792322915625 0.5790624999999999 0.791889584375 0.5782921883720931 0.7986187499999999 0.578629688372093 0.8035666656249999 0.5890937488372093 0.8035666656249999 0.6002312511627907 0.8035666656249999
2 0.709592188372093 0.805814584375 0.7156671883720931 0.8053645843749999 0.7237687488372092 0.8049145843750001 0.7237687488372092 0.7986187499999999 0.7227562511627907 0.789175 0.713979688372093 0.790522915625 0.702504688372093 0.7900750000000001 0.6811343744186047 0.78793125 0.6815765627906977 0.792322915625 0.6812390627906977 0.7986187499999999 0.6917031255813954 0.8035666656249999 0.709592188372093 0.805814584375
0 0.7170171883720929 0.822904165625 0.711279688372093 0.8242520843750001 0.7045296883720931 0.8260520843749999 0.6848468744186046 0.8215833343750001 0.6846140627906977 0.832347915625 0.7011546883720929 0.8341479156249999 0.716679688372093 0.835045834375 0.7170171883720929 0.822904165625
0 0.7160046883720931 0.857083334375 0.716679688372093 0.8435916656250001 0.706554688372093 0.844939584375 0.6947406255813954 0.844939584375 0.6844750000000001 0.84236875 0.6839390627906977 0.8507875 0.6917031255813954 0.8566333343749999 0.701829688372093 0.85843125 0.7160046883720931 0.857083334375
0 0.6151671883720929 0.834241665625 0.615504688372093 0.825245834375 0.6026781255813953 0.827045834375 0.583145311627907 0.824552084375 0.5824265627906977 0.835141665625 0.5908640627906977 0.836939584375 0.6030156255813953 0.836939584375 0.6151671883720929 0.834241665625
0 0.615504688372093 0.842785415625 0.6043656255813954 0.845933334375 0.5952531255813953 0.847283334375 0.5841140627906977 0.845933334375 0.5842593744186046 0.85573125 0.6080781255813953 0.855827084375 0.615504688372093 0.853129165625 0.615504688372093 0.842785415625
0 0.427932811627907 0.8614333343749999 0.4174687488372093 0.867729165625 0.40666874883720927 0.8740249999999999 0.39607656279069764 0.875527084375 0.398229688372093 0.88526875 0.4117312488372093 0.882570834375 0.42995781162790697 0.871327084375 0.427932811627907 0.8614333343749999
0 0.425907811627907 0.8519895843749999 0.423882811627907 0.84299375 0.41409374883720934 0.8488395843750001 0.40633125116279073 0.8510895843749999 0.3905093744186046 0.855235415625 0.39282968837209303 0.8672791656250001 0.40903124883720926 0.86368125 0.42084531162790695 0.8551375 0.425907811627907 0.8519895843749999