2 0.460675 0.890554165625 0.462854688372093 0.87786875 0.452154688372093 0.881039584375 0.43154843720930236 0.8828895843750001 0.4327375 0.8934625 0.45433437441860464 0.8945187499999999 0.460675 0.890554165625
4 0.46701562558139537 0.9180416656249999 0.46859999999999996 0.902447915625 0.45195625116279065 0.913285415625 0.4279812488372093 0.9124916656250001 0.42917031162790703 0.9241208343749999 0.454532811627907 0.9241208343749999 0.46701562558139537 0.9180416656249999
4 0.6398171883720931 0.6438312500000001 0.6400156255813954 0.633258334375 0.5992000000000001 0.637222915625 0.599992188372093 0.646739584375 0.625154688372093 0.647266665625 0.6398171883720931 0.6438312500000001
2 0.6368453116279069 0.604714584375 0.6207968744186046 0.604714584375 0.6045484372093023 0.6065645843749999 0.6051437511627907 0.617135415625 0.6356562488372093 0.616608334375 0.6368453116279069 0.604714584375
2 0.7680796883720931 0.378989584375 0.8017640627906977 0.377139584375 0.8011687511627907 0.363660415625 0.7690703116279071 0.3697375 0.7680796883720931 0.378989584375
4 0.762532811627907 0.3404 0.7627296883720931 0.353352084375 0.7647390627906977 0.354460415625 0.7900734372093023 0.349914584375 0.8035468744186046 0.3493875 0.802357811627907 0.336170834375 0.762532811627907 0.3404
0 0.462742188372093 0.862039584375 0.4632109372093023 0.85486875 0.454325 0.86048125 0.4447375 0.861416665625 0.4316437511627907 0.861104165625 0.4316437511627907 0.869835415625 0.45502656279069764 0.8685875 0.462742188372093 0.862039584375
0 0.4615734372093023 0.846452084375 0.46180781162790696 0.834604165625 0.44380312558139534 0.840216665625 0.430475 0.839904165625 0.430707811627907 0.848945834375 0.44660937441860465 0.8495687500000001 0.4615734372093023 0.846452084375
2 0.46437968837209304 0.814027084375 0.46437968837209304 0.79688125 0.44263281162790696 0.807791665625 0.4257984372093024 0.80748125 0.4257984372093024 0.819016665625 0.44637499999999997 0.818704165625 0.46437968837209304 0.814027084375
0 0.6350734372093023 0.592047915625 0.6367093744186046 0.58331875 0.6201078116279071 0.584254165625 0.6053765627906976 0.5855020843750001 0.6044421883720931 0.5929833343750001 0.6189390627906977 0.5929833343750001 0.6350734372093023 0.592047915625
0 0.636004688372093 0.572177084375 0.636804688372093 0.561785415625 0.6196156255813953 0.563116665625 0.604025 0.564183334375 0.6054234372093024 0.5732437499999999 0.6200156255813953 0.572977084375 0.636004688372093 0.572177084375
2 0.6414015627906976 0.53993125 0.6406015627906976 0.526339584375 0.637804688372093 0.525008334375 0.6328062488372094 0.523941665625 0.6302093744186046 0.526072915625 0.6266109372093023 0.527139584375 0.6214140627906978 0.527672915625 0.6120203116279069 0.527939584375 0.6012265627906976 0.530604165625 0.6002265627906976 0.54153125 0.6268109372093024 0.53993125 0.6414015627906976 0.53993125
2 0.8097093744186046 0.45486041562499996 0.8107312511627908 0.439539584375 0.7849406255813953 0.44430625 0.7703859372093024 0.44668958437499995 0.7693640627906977 0.45860625 0.7928562488372093 0.45486041562499996 0.8097093744186046 0.45486041562499996
0 0.7846859372093024 0.42081458437499997 0.8033250000000001 0.41843125 0.8035812511627907 0.40753541562500006 0.788004688372093 0.41059999999999997 0.773704688372093 0.414345834375 0.7711515627906976 0.415027084375 0.7721734372093023 0.42183541562500004 0.7846859372093024 0.42081458437499997
0 0.802304688372093 0.399364584375 0.8025593744186046 0.3905125 0.7857062488372093 0.392214584375 0.7716624999999999 0.392214584375 0.7706406255813953 0.399364584375 0.7854515627906976 0.400045834375 0.802304688372093 0.399364584375