4 0.3736406255813954 0.420585415625 0.3741890627906977 0.431566665625 0.4170156255813954 0.43193333437500003 0.41646718837209307 0.420585415625 0.3736406255813954 0.420585415625
4 0.5199656255813954 0.5443083343749999 0.519417188372093 0.55565625 0.5622437511627907 0.554558334375 0.5625187488372093 0.546504165625 0.5199656255813954 0.5443083343749999
4 0.6509187488372092 0.435958334375 0.6500953116279069 0.44730625 0.6926484372093022 0.45170000000000005 0.6931968744186047 0.44145 0.6509187488372092 0.435958334375
2 0.37446406279069766 0.535522915625 0.3739140627906977 0.551629165625 0.4192125 0.5512625 0.4189375 0.5399166656250001 0.37446406279069766 0.535522915625
2 0.37967968837209304 0.4506 0.37967968837209304 0.46451041562500006 0.4134468744186046 0.463779165625 0.4128984372093023 0.45206458437499997 0.37967968837209304 0.4506
2 0.5238093744186046 0.513560415625 0.5243593744186047 0.52600625 0.5578515627906977 0.524908334375 0.5570281255813954 0.51319375 0.5238093744186046 0.513560415625
2 0.5188687511627907 0.426075 0.5188687511627907 0.43778958437500004 0.561420311627907 0.43852083437499995 0.561420311627907 0.427539584375 0.5188687511627907 0.426075
2 0.644054688372093 0.549797915625 0.6432312511627907 0.56480625 0.6860593744186047 0.568833334375 0.6855093744186046 0.556020834375 0.644054688372093 0.549797915625
2 0.652292188372093 0.465975 0.652017188372093 0.477322915625 0.6860593744186047 0.48061666562500005 0.6863328116279069 0.47146458437499994 0.652292188372093 0.465975
0 0.379954688372093 0.47476041562500004 0.38022812558139535 0.489402084375 0.41317343720930233 0.48903541562499997 0.412075 0.477322915625 0.379954688372093 0.47476041562500004
0 0.5229859372093023 0.486839584375 0.5238093744186046 0.49965000000000004 0.5567531255813953 0.49965000000000004 0.5578515627906977 0.486472915625 0.5229859372093023 0.486839584375
0 0.651467188372093 0.49050000000000005 0.651467188372093 0.5022125 0.6835875 0.50660625 0.6849609372093024 0.495258334375 0.651467188372093 0.49050000000000005
7 0.37967968837209304 0.49891874999999997 0.37967968837209304 0.511364584375 0.41317343720930233 0.513927084375 0.41317343720930233 0.499285415625 0.37967968837209304 0.49891874999999997
7 0.5235359372093024 0.463045834375 0.5232609372093023 0.476589584375 0.5567531255813953 0.47805416562499997 0.5570281255813954 0.465975 0.5235359372093024 0.463045834375
7 0.6511937488372093 0.5124625 0.650370311627907 0.5271041656250001 0.6827640627906977 0.531495834375 0.6833140627906976 0.516489584375 0.6511937488372093 0.5124625