4 0.39139218837209305 0.286964584375 0.39130468837209303 0.294208334375 0.4323406255813953 0.29567291562500003 0.43194531162790695 0.28854791562500004 0.40266875116279066 0.2864375 0.39139218837209305 0.286964584375
4 0.544504688372093 0.29883958437499997 0.52235 0.296202084375 0.505732811627907 0.29725625 0.505317188372093 0.30541874999999996 0.5219531255813953 0.30596458437499996 0.544307811627907 0.308339584375 0.544504688372093 0.29883958437499997
4 0.640567188372093 0.42840625 0.640567188372093 0.4199625 0.623554688372093 0.420227084375 0.59905 0.41885625 0.6002109372093024 0.4270875 0.6219718744186046 0.428670834375 0.640567188372093 0.42840625
2 0.5410625 0.328922915625 0.521875 0.327075 0.5080265627906977 0.32575625 0.507295311627907 0.337075 0.5206875 0.337104165625 0.540667188372093 0.33921458437499996 0.5410625 0.328922915625
2 0.5432390627906977 0.413629165625 0.5025968744186047 0.41291874999999995 0.5026859372093023 0.42418541562499995 0.5432390627906977 0.42550416562500004 0.5432390627906977 0.413629165625
2 0.6029812511627908 0.300422915625 0.6020171883720931 0.31069583437500004 0.6429406255813954 0.3101875 0.6427421883720931 0.301479165625 0.6029812511627908 0.300422915625
2 0.6366109372093023 0.397795834375 0.6362140627906977 0.387504165625 0.6039968744186047 0.386539584375 0.6037718744186047 0.39489375 0.6213781255813953 0.395158334375 0.6366109372093023 0.397795834375
2 0.3951515627906977 0.318102084375 0.39625 0.328172915625 0.4088 0.327602084375 0.4268031255813953 0.32865625 0.42700000000000005 0.319420834375 0.3951515627906977 0.318102084375
2 0.43135156279069764 0.40412708437499995 0.3903156255813954 0.40203749999999994 0.39040312558139534 0.414683334375 0.4309562511627907 0.413891665625 0.43135156279069764 0.40412708437499995
0 0.39574531162790694 0.340795834375 0.3950140627906977 0.354883334375 0.42660468837209303 0.35478125 0.42700000000000005 0.343697915625 0.39574531162790694 0.340795834375
0 0.5079093744186046 0.351352084375 0.5079093744186046 0.36428125 0.5399562488372093 0.36296249999999997 0.5399562488372093 0.35319791562499997 0.5079093744186046 0.351352084375
0 0.6372062511627907 0.362370834375 0.6049859372093024 0.36048749999999996 0.605554688372093 0.37134375 0.6368093744186046 0.373454165625 0.6372062511627907 0.362370834375
7 0.605975 0.335097915625 0.606345311627907 0.346010415625 0.6364140627906977 0.34733125 0.6366125 0.337566665625 0.605975 0.335097915625
7 0.5090187488372093 0.375302084375 0.508779688372093 0.38555 0.5390875 0.3869125 0.5390875 0.37715 0.5090187488372093 0.375302084375
7 0.394407811627907 0.366858334375 0.394767188372093 0.376977084375 0.42665312558139534 0.377677084375 0.4274437511627907 0.36659375 0.394407811627907 0.366858334375