4 0.407867188372093 0.784383334375 0.38961406279069766 0.785785415625 0.37873125116279066 0.786720834375 0.367142188372093 0.784447915625 0.36714687441860466 0.7937375 0.39101718837209304 0.794672915625 0.407867188372093 0.7937375 0.407867188372093 0.784383334375
4 0.49048593720930234 0.919439584375 0.48978281162790693 0.910085415625 0.47468906279069767 0.912891665625 0.45889218837209306 0.91195625 0.4489765627906977 0.907972915625 0.44871249999999996 0.918970834375 0.4648609372093024 0.920841665625 0.4817093744186046 0.920841665625 0.49048593720930234 0.919439584375
4 0.579845311627907 0.8073083343749999 0.579142188372093 0.797954165625 0.5654515627906976 0.799358334375 0.5514109372093023 0.799825 0.5381468744186046 0.7962875 0.5377203116279069 0.8082437499999999 0.5482515627906978 0.810583334375 0.56475 0.810583334375 0.579845311627907 0.8073083343749999
2 0.4072281255813953 0.9121375 0.407579688372093 0.9009124999999999 0.3981015627906977 0.90371875 0.3794968744186047 0.9032500000000001 0.36752812558139536 0.9007687499999999 0.3679125 0.911670834375 0.3851125 0.9144770843750001 0.399154688372093 0.9144770843750001 0.4072281255813953 0.9121375
2 0.4032515627906976 0.814114584375 0.38534843720930234 0.815985415625 0.37215937441860464 0.8153291656249999 0.37235937441860467 0.827210415625 0.39026249999999996 0.8267416656250001 0.4032515627906976 0.82580625 0.4032515627906976 0.814114584375
2 0.49391718837209303 0.802470834375 0.49286406279069767 0.7917125 0.477770311627907 0.794052084375 0.4605687511627907 0.793116665625 0.45245156279069765 0.78908125 0.4517937511627907 0.80013125 0.46372812558139537 0.802470834375 0.47952500000000003 0.8034062499999999 0.49391718837209303 0.802470834375
2 0.48700937441860465 0.878485415625 0.47086093720930233 0.8798875 0.454767188372093 0.8760625 0.45401250000000004 0.889710415625 0.4743718744186047 0.889710415625 0.48700937441860465 0.88830625 0.48700937441860465 0.878485415625
2 0.5759140627906977 0.8259124999999999 0.5653828116279069 0.8296541656249999 0.5538 0.8296541656249999 0.542779688372093 0.8261375 0.5422156255813954 0.838541665625 0.5594156255813953 0.8394770843750001 0.5759140627906977 0.839008334375 0.5759140627906977 0.8259124999999999
2 0.5741593744186047 0.926470834375 0.579425 0.9246000000000001 0.580829688372093 0.9119729156249999 0.569595311627907 0.9152458343750001 0.5534484372093024 0.9152458343750001 0.5377609372093023 0.911577084375 0.538704688372093 0.9199229156250001 0.5408109372093023 0.9269395843750001 0.5618734372093024 0.927875 0.5741593744186047 0.926470834375
7 0.5739437511627907 0.876225 0.5627109372093023 0.8766937499999999 0.5431656255813954 0.87451875 0.5434031255813954 0.886514584375 0.5623593744186046 0.888854165625 0.5749968744186047 0.8869833343750001 0.5739437511627907 0.876225
7 0.48829062558139535 0.8289875 0.481270311627907 0.830858334375 0.47003750000000005 0.830858334375 0.45553906279069767 0.826654165625 0.454592188372093 0.8411479156249999 0.47109062558139536 0.843954165625 0.4872375 0.8434854156249999 0.48829062558139535 0.8289875
7 0.40354687441860465 0.873604165625 0.40319687441860463 0.86144375 0.395825 0.8637812500000001 0.3828359372093023 0.862845834375 0.37177343720930234 0.862166665625 0.3723062511627907 0.874539584375 0.384942188372093 0.875941665625 0.3937187488372093 0.875475 0.40354687441860465 0.873604165625
0 0.40354687441860465 0.85021875 0.40354687441860465 0.838525 0.393017188372093 0.840395834375 0.37254531162790694 0.8374625 0.3726562511627907 0.8511541656249999 0.3838890627906977 0.852089584375 0.39231406279069764 0.851620834375 0.40354687441860465 0.85021875
0 0.4873281255813954 0.8525562499999999 0.47785000000000005 0.854427084375 0.467320311627907 0.8534916656249999 0.455032811627907 0.8511541656249999 0.45553906279069767 0.8611375000000001 0.4669687511627907 0.862845834375 0.487679688372093 0.8637812500000001 0.4873281255813954 0.8525562499999999
0 0.5752015627906977 0.862847915625 0.57485 0.8525583343750001 0.5611609372093024 0.8539625 0.5431656255813954 0.851358334375 0.5429062488372093 0.86238125 0.550629688372093 0.8651875 0.5608093744186047 0.8656541656250001 0.5752015627906977 0.862847915625