4 0.4781640627906977 0.72048125 0.43860468837209304 0.716527084375 0.4376156255813954 0.724766665625 0.4494843744186046 0.7267458343750001 0.4786593744186047 0.7297104156249999 0.4781640627906977 0.72048125
4 0.5857156255813953 0.712241665625 0.5862109372093024 0.70070625 0.5681625 0.704660415625 0.5444265627906977 0.702022915625 0.5439312488372093 0.710922915625 0.5545640627906977 0.7119125000000001 0.571870311627907 0.713560415625 0.5857156255813953 0.712241665625
4 0.6981687488372093 0.752222915625 0.6793781255813953 0.754860415625 0.6576203116279069 0.752222915625 0.6561359372093024 0.7604625 0.6749265627906976 0.7637583343750001 0.6984156255813954 0.7617812500000001 0.6981687488372093 0.752222915625
0 0.47285468837209305 0.7736375 0.4384875 0.76968125 0.43725 0.7828666656250001 0.448129688372093 0.7831958343750001 0.47186562558139533 0.7864916656250001 0.47285468837209305 0.7736375
0 0.579975 0.6456500000000001 0.5473374999999999 0.6436708343750001 0.5470906255813953 0.6555375 0.556732811627907 0.655866665625 0.5807156255813953 0.656195834375 0.579975 0.6456500000000001
0 0.6924718744186046 0.809466665625 0.6603171883720931 0.8054125000000001 0.6590937488372093 0.819685415625 0.6717031255813953 0.819685415625 0.6924718744186046 0.819685415625 0.6924718744186046 0.809466665625
7 0.5809640627906977 0.6219166656249999 0.5468437511627907 0.619279165625 0.5475859372093023 0.630816665625 0.5594531255813954 0.631804165625 0.581704688372093 0.632464584375 0.5809640627906977 0.6219166656249999
7 0.47192812558139535 0.797602084375 0.4380562488372093 0.793645834375 0.4373140627906977 0.803204165625 0.44547343720930227 0.8051833343749999 0.47069218837209303 0.80781875 0.47192812558139535 0.797602084375
7 0.6904937488372093 0.831222915625 0.660007811627907 0.830964584375 0.658845311627907 0.841110415625 0.6717031255813953 0.8440770843750001 0.6919765627906976 0.8444062499999999 0.6904937488372093 0.831222915625
2 0.4736468744186047 0.7499041656250001 0.4387859372093023 0.745620834375 0.4390359372093023 0.757041665625 0.461532811627907 0.7594645843750001 0.47340000000000004 0.76078125 0.4736468744186047 0.7499041656250001
2 0.47292343720930236 0.835620834375 0.431807811627907 0.8296250000000001 0.430845311627907 0.843327084375 0.45075937441860464 0.8469687499999999 0.47163906279069767 0.8469687499999999 0.47292343720930236 0.835620834375
2 0.5809031255813953 0.668860415625 0.5481390627906977 0.669716665625 0.5483 0.680422915625 0.5667703116279069 0.6806375 0.5810640627906977 0.680422915625 0.5809031255813953 0.668860415625
2 0.584804688372093 0.584216665625 0.5428875 0.584002084375 0.5446531255813953 0.597920834375 0.5628015627906977 0.59685 0.5846437511627908 0.594922915625 0.584804688372093 0.584216665625
2 0.6924593744186046 0.7840812500000001 0.6603375 0.781297915625 0.6614625000000001 0.793716665625 0.6762375 0.79564375 0.6937437488372094 0.796714584375 0.6924593744186046 0.7840812500000001
2 0.694707811627907 0.8712249999999999 0.6534312488372093 0.8682270843750001 0.6545562488372093 0.8800041656250001 0.666120311627907 0.8817166656250001 0.6948687511627907 0.884070834375 0.694707811627907 0.8712249999999999