4 0.41755468837209303 0.8280104156249999 0.3988062488372093 0.8307874999999999 0.3816781255813953 0.8280104156249999 0.38075156279069766 0.8366520843749999 0.39672343720930237 0.8397375 0.41824843720930227 0.8354166656249999 0.41755468837209303 0.8280104156249999
4 0.5332843744186047 0.838504165625 0.5115265627906976 0.8400458343749999 0.4950937511627907 0.83726875 0.49532499999999996 0.8459104156249999 0.5115265627906976 0.8477625 0.5316640627906977 0.846527084375 0.5332843744186047 0.838504165625
4 0.6270265627906977 0.9604062499999999 0.6105921883720931 0.965035415625 0.590454688372093 0.9588625000000001 0.589992188372093 0.966577084375 0.6080453116279069 0.9718249999999999 0.627720311627907 0.9671958343749999 0.6270265627906977 0.9604062499999999
0 0.3846875 0.8829437499999999 0.3858437511627907 0.894054165625 0.4122312488372093 0.893745834375 0.414082811627907 0.884795834375 0.3846875 0.8829437499999999
0 0.5270343744186047 0.8943625000000001 0.49810312558139536 0.8925104156250001 0.497870311627907 0.902077084375 0.5170828116279069 0.9048562499999999 0.527729688372093 0.902385415625 0.5270343744186047 0.8943625000000001
0 0.624017188372093 0.902077084375 0.606657811627907 0.902077084375 0.5939265627906977 0.8993 0.593695311627907 0.9110270843749999 0.6103609372093023 0.9131875 0.6242484372093023 0.9104104156249999 0.624017188372093 0.902077084375
7 0.4138515627906977 0.9073249999999999 0.3853812511627907 0.907941665625 0.3858437511627907 0.917508334375 0.3988062488372093 0.917816665625 0.41431406279069766 0.9159645843750001 0.4138515627906977 0.9073249999999999
7 0.49949062558139534 0.9153479156250001 0.4992593744186047 0.9264583343749999 0.5274984372093023 0.9264583343749999 0.5274984372093023 0.917508334375 0.49949062558139534 0.9153479156250001
7 0.6263312488372093 0.886029165625 0.6247109372093023 0.880475 0.5946218744186047 0.87800625 0.5939265627906977 0.8863375 0.6085093744186048 0.8888083343750001 0.6219343744186047 0.8878812500000001 0.6263312488372093 0.886029165625
2 0.41778593720930235 0.9533083343750001 0.4173234372093023 0.946210415625 0.39903750000000004 0.9489875 0.38075156279069766 0.946210415625 0.3816781255813953 0.9563937499999999 0.39672343720930237 0.9563937499999999 0.4110734372093023 0.957010415625 0.41778593720930235 0.9533083343750001
2 0.38445624883720936 0.8582541656249999 0.38445624883720936 0.867820834375 0.4147765627906977 0.8675124999999999 0.4147765627906977 0.859797915625 0.38445624883720936 0.8582541656249999
2 0.4992593744186047 0.8675124999999999 0.4983343744186047 0.877697915625 0.5279609372093023 0.8786229156250001 0.5291187511627907 0.8705999999999999 0.4992593744186047 0.8675124999999999
2 0.5312015627906976 0.954541665625 0.5082859372093023 0.956702084375 0.4934734372093023 0.953616665625 0.49324218837209305 0.952689584375 0.49231562558139536 0.9644187499999999 0.5057406255813953 0.9659604156249999 0.5305062488372093 0.9641083343749999 0.5312015627906976 0.954541665625
2 0.6233218744186046 0.926766665625 0.5939265627906977 0.925533334375 0.5930015627906976 0.9344812499999999 0.6087406255813953 0.934172915625 0.6247109372093023 0.9351 0.6233218744186046 0.926766665625
2 0.6293406255813954 0.842822915625 0.6184625 0.8452937500000001 0.5916125 0.8415895843750001 0.5911500000000001 0.8508479156250001 0.607582811627907 0.853316665625 0.6304984372093023 0.8499229156249999 0.6293406255813954 0.842822915625