4 0.41476406279069766 0.514245834375 0.37189218837209304 0.516272915625 0.37323281162790695 0.52516875 0.39281718837209306 0.5253520843749999 0.415457811627907 0.524427084375 0.41476406279069766 0.514245834375
4 0.5596812511627907 0.649922915625 0.5592640627906976 0.639554165625 0.5173609372093023 0.63960625 0.518567188372093 0.649922915625 0.5316234372093023 0.6504770843750001 0.5502359372093023 0.650291665625 0.5596812511627907 0.649922915625
4 0.6892656255813953 0.533345834375 0.6480125 0.530197915625 0.648567188372093 0.540564584375 0.663707811627907 0.54075 0.6902375 0.544452084375 0.6892656255813953 0.533345834375
2 0.4105640627906977 0.546185415625 0.3770890627906977 0.5454458343749999 0.37778281162790694 0.557664584375 0.38903437441860467 0.557664584375 0.411257811627907 0.5585895843750001 0.4105640627906977 0.546185415625
2 0.4153718744186046 0.632839584375 0.37361093720930233 0.631897915625 0.37328593720930237 0.644316665625 0.39439843720930234 0.644316665625 0.41606718837209306 0.6437625 0.4153718744186046 0.632839584375
2 0.557907811627907 0.5209937499999999 0.5176265627906976 0.5209937499999999 0.5172109372093023 0.530989584375 0.534017188372093 0.531360415625 0.559157811627907 0.530804165625 0.557907811627907 0.5209937499999999
2 0.554575 0.6072625 0.52235 0.6080041656249999 0.5226265627906976 0.618927084375 0.5408234372093024 0.6183708343750001 0.5556859372093024 0.617816665625 0.554575 0.6072625
2 0.682825 0.562695834375 0.6494890627906977 0.55955 0.6497671883720931 0.5712125 0.6712968744186046 0.573989584375 0.6837968744186046 0.5745458343750001 0.682825 0.562695834375
2 0.6833812488372092 0.6489666656249999 0.64185 0.644522915625 0.6414328116279069 0.65859375 0.6594890627906976 0.661370834375 0.6835203116279069 0.661185415625 0.6833812488372092 0.6489666656249999
0 0.682407811627907 0.59805625 0.6821312511627907 0.587689584375 0.6499062488372093 0.585466665625 0.648932811627907 0.5917625 0.6501828116279069 0.596389584375 0.6718515627906976 0.5986125 0.682407811627907 0.59805625
0 0.5551125 0.580954165625 0.5205406255813954 0.581627084375 0.5213593744186046 0.59261875 0.5335968744186046 0.592179165625 0.5545562488372092 0.591877084375 0.5551125 0.580954165625
7 0.554695311627907 0.560220834375 0.5208031255813954 0.557629165625 0.520942188372093 0.569291665625 0.5415 0.57114375 0.554 0.571329165625 0.554695311627907 0.560220834375
7 0.6815218744186046 0.611204165625 0.648454688372093 0.607314584375 0.6469359372093023 0.618425 0.6617984372093023 0.62083125 0.6799937488372093 0.6232375 0.6815218744186046 0.611204165625
7 0.4100593744186047 0.594002084375 0.37838906279069773 0.5943729156249999 0.37838906279069773 0.605295834375 0.38908437441860466 0.60585 0.4106140627906976 0.6047395843750001 0.4100593744186047 0.594002084375
0 0.4097812511627907 0.5714166656249999 0.3778343744186047 0.570491665625 0.3775562488372093 0.5841916656249999 0.396029688372093 0.583264584375 0.41158750000000005 0.582895834375 0.4097812511627907 0.5714166656249999