2 0.45501874883720933 0.275247915625 0.45501874883720933 0.263458334375 0.4142015627906977 0.258664584375 0.41359375116279073 0.269447915625 0.42286093720930235 0.27131875 0.44589062558139536 0.272816665625 0.45501874883720933 0.275247915625
2 0.4463125 0.36096875 0.446875 0.349739584375 0.413875 0.3431875 0.4130312488372093 0.355727084375 0.4179468744186046 0.356102084375 0.4290406255813954 0.3570375 0.4463125 0.36096875
2 0.5469359372093023 0.437020834375 0.5135156255813954 0.435710415625 0.514357811627907 0.44562916562500005 0.5302265627906977 0.44600416562499995 0.5482 0.446752084375 0.5469359372093023 0.437020834375
2 0.5512187488372092 0.521866665625 0.5106359372093023 0.520183334375 0.5104968744186047 0.533845834375 0.5256625 0.53459375 0.5517812488372094 0.53478125 0.5512187488372092 0.521866665625
2 0.6748718744186046 0.403216665625 0.632745311627907 0.401158334375 0.6328859372093024 0.411077084375 0.6504390627906977 0.41332291562499995 0.6744515627906976 0.41444583437500004 0.6748718744186046 0.403216665625
2 0.6742062488372093 0.318675 0.6406437488372093 0.313995834375 0.6413468744186046 0.32653750000000004 0.650192188372093 0.326910415625 0.674345311627907 0.328595834375 0.6742062488372093 0.318675
4 0.6786984372093023 0.286110415625 0.639775 0.283729165625 0.640082811627907 0.292660415625 0.6517375 0.29209999999999997 0.6802437511627907 0.296964584375 0.6786984372093023 0.286110415625
0 0.672942188372093 0.341695834375 0.6413468744186046 0.339077084375 0.6407843744186047 0.350866665625 0.6553890627906976 0.35124166562500003 0.6735031255813952 0.352927084375 0.672942188372093 0.341695834375
7 0.6713812511627907 0.36646875 0.6393640627906977 0.362164584375 0.6406281255813954 0.375452084375 0.653407811627907 0.376014584375 0.672504688372093 0.37863541562499997 0.6713812511627907 0.36646875
7 0.547692188372093 0.485335415625 0.5142703116279069 0.48440000000000005 0.5146921883720931 0.494133334375 0.5284531255813953 0.49488125 0.5468484372093023 0.49637916562499995 0.547692188372093 0.485335415625
0 0.5468484372093023 0.46100624999999995 0.5142703116279069 0.46137916562500003 0.5144109372093023 0.4711125 0.5308406255813953 0.471485415625 0.5481125 0.4713 0.5468484372093023 0.46100624999999995
0 0.448154688372093 0.32534375 0.41403125116279066 0.31954166562499997 0.41543593720930233 0.33151875 0.42919687441860466 0.33151875 0.448154688372093 0.334327084375 0.448154688372093 0.32534375
7 0.44941874883720934 0.300825 0.41599687441860467 0.295210415625 0.4148734372093023 0.306066665625 0.4338312511627907 0.307189584375 0.44970000000000004 0.31074375 0.44941874883720934 0.300825
4 0.4485765627906977 0.382614584375 0.4081984372093023 0.377033334375 0.4089765627906977 0.386358334375 0.4286359372093024 0.390475 0.4485765627906977 0.392160415625 0.4485765627906977 0.382614584375
4 0.5513234372093023 0.407633334375 0.5103187488372093 0.40445000000000003 0.5101781255813954 0.413808334375 0.5305406255813954 0.41493125 0.5517437488372093 0.416616665625 0.5513234372093023 0.407633334375