4 0.40881562558139534 0.612820834375 0.39006718837209303 0.615597915625 0.37293906279069766 0.612820834375 0.37201249999999997 0.6214625 0.38798437441860467 0.624547915625 0.4095093744186047 0.620227084375 0.40881562558139534 0.612820834375
4 0.5561828116279071 0.737060415625 0.517992188372093 0.735825 0.5182234372093023 0.744466665625 0.534425 0.74631875 0.5545625 0.7450833343750001 0.5561828116279071 0.737060415625
0 0.37832031162790697 0.66805625 0.3794765627906977 0.679166665625 0.40586406279069764 0.678858334375 0.40771562558139535 0.669908334375 0.37832031162790697 0.66805625
0 0.5501890627906977 0.679022915625 0.5327687488372093 0.678991665625 0.521257811627907 0.677170834375 0.521025 0.6867375 0.5402374999999999 0.689516665625 0.5508843744186046 0.687045834375 0.5501890627906977 0.679022915625
0 0.679532811627907 0.684633334375 0.6621734372093023 0.684633334375 0.649442188372093 0.6818562499999999 0.6492109372093023 0.693583334375 0.6658765627906977 0.69574375 0.6797640627906977 0.692966665625 0.679532811627907 0.684633334375
7 0.4062921883720931 0.691291665625 0.37782187441860465 0.691908334375 0.3782843744186047 0.7014750000000001 0.3912468744186046 0.701783334375 0.406754688372093 0.69993125 0.4062921883720931 0.691291665625
7 0.522329688372093 0.6551458343750001 0.5220984372093024 0.66625625 0.5503375 0.66625625 0.5503375 0.65730625 0.522329688372093 0.6551458343750001
7 0.6788781255813954 0.7141 0.677257811627907 0.708545834375 0.6471687488372093 0.706077084375 0.6464734372093024 0.7144083343750001 0.6610562511627907 0.716879165625 0.6744812511627907 0.715952084375 0.6788781255813954 0.7141
2 0.4123312488372093 0.729595834375 0.39404531162790696 0.732372915625 0.37575937441860463 0.729595834375 0.3766859372093023 0.739779165625 0.4060812488372093 0.740395834375 0.4127937488372093 0.7366937499999999 0.4123312488372093 0.729595834375
2 0.3766656255813953 0.643975 0.3766656255813953 0.6535416656249999 0.4069859372093023 0.6532333343750001 0.4069859372093023 0.64551875 0.3766656255813953 0.643975
2 0.5329859372093023 0.6206875000000001 0.5181734372093023 0.617602084375 0.517942188372093 0.6166750000000001 0.5170156255813954 0.628404165625 0.5552062488372093 0.62809375 0.5559015627906977 0.6185270843749999 0.5329859372093023 0.6206875000000001
2 0.6790343744186046 0.661408334375 0.6496390627906977 0.660175 0.6487140627906977 0.669122915625 0.6644531255813955 0.668814584375 0.6804234372093024 0.6697416656249999 0.6790343744186046 0.661408334375
2 0.6800875000000001 0.75331875 0.6789296883720931 0.7462187499999999 0.6680515627906978 0.748689584375 0.6412015627906977 0.744985415625 0.6407390627906976 0.75424375 0.6571718744186047 0.7567125 0.6594359372093024 0.755577084375 0.6800875000000001 0.75331875
2 0.5222281255813954 0.702433334375 0.5213031255813954 0.7126187500000001 0.550929688372093 0.71354375 0.5520875000000001 0.705520834375 0.5222281255813954 0.702433334375
4 0.6861453116279069 0.633614584375 0.6485078116279069 0.627839584375 0.6474249999999999 0.6361416656250001 0.6636718744186045 0.63866875 0.6856046883720931 0.639391665625 0.6861453116279069 0.633614584375