2 0.377275 0.5449229156250001 0.3779484372093023 0.558097915625 0.41026406279069766 0.558483334375 0.41026406279069766 0.54618125 0.377275 0.5449229156250001
2 0.4143031255813953 0.63229375 0.3964140627906977 0.633445834375 0.3722 0.631645834375 0.372754688372093 0.6434416656249999 0.3978562488372093 0.644979165625 0.413725 0.643825 0.4143031255813953 0.63229375
2 0.4987640627906977 0.525372915625 0.4791437511627907 0.524604165625 0.4578640627906977 0.52165625 0.4572156255813954 0.532677084375 0.47164218837209304 0.534216665625 0.4990515627906977 0.5361374999999999 0.4987640627906977 0.525372915625
2 0.49183906279069767 0.6099479156250001 0.459767188372093 0.6088020843749999 0.4601015627906977 0.618789584375 0.4762593744186046 0.619172915625 0.49212812558139535 0.619558334375 0.49183906279069767 0.6099479156250001
2 0.5839718744186047 0.657985415625 0.5839718744186047 0.646452084375 0.5640640627906977 0.646452084375 0.5435281255813954 0.645183334375 0.5432906255813954 0.6510666656249999 0.543579688372093 0.657985415625 0.5629109372093023 0.658754165625 0.5839718744186047 0.657985415625
2 0.5800890627906977 0.5594812499999999 0.5598937488372093 0.56025 0.5473359372093023 0.55930625 0.5471984372093024 0.569860415625 0.5662406255813954 0.569860415625 0.5795125 0.569475 0.5800890627906977 0.5594812499999999
4 0.584129688372093 0.531033334375 0.5590281255813954 0.530647915625 0.5428937488372093 0.530116665625 0.542870311627907 0.53910625 0.566817188372093 0.540258334375 0.5844171883720931 0.540258334375 0.584129688372093 0.531033334375
4 0.49541874883720927 0.643258334375 0.4792625 0.642872915625 0.45342187441860465 0.6405291656250001 0.4547375 0.650177084375 0.4775312488372093 0.6513312499999999 0.4951312511627907 0.6505625 0.49541874883720927 0.643258334375
4 0.41424531162790695 0.5165770843749999 0.3902984372093023 0.51619375 0.37378593720930237 0.5148875 0.37240937441860467 0.5246500000000001 0.3891437488372093 0.5254187499999999 0.41424531162790695 0.5254187499999999 0.41424531162790695 0.5165770843749999
0 0.3779109372093023 0.5694583343749999 0.37771249999999995 0.5826749999999999 0.4091625 0.583060415625 0.4091625 0.570758334375 0.3779109372093023 0.5694583343749999
0 0.46040156279069766 0.582995834375 0.46125625116279073 0.5944812500000001 0.49241718837209303 0.595635415625 0.4927062488372093 0.58525625 0.46040156279069766 0.582995834375
0 0.5798937488372092 0.58564375 0.547970311627907 0.583841665625 0.547579688372093 0.5956375 0.5637375 0.5956375 0.5804718744186046 0.5948687500000001 0.5798937488372092 0.58564375
7 0.572175 0.60755625 0.5482265627906977 0.607172915625 0.5482874999999999 0.618954165625 0.5802531255813954 0.619475 0.5793875 0.60909375 0.572175 0.60755625
7 0.46167187441860463 0.5597291656250001 0.46158906279069767 0.571945834375 0.49390468837209306 0.5742520843750001 0.4944812511627907 0.5627187499999999 0.46167187441860463 0.5597291656250001
7 0.377592188372093 0.59441875 0.377857811627907 0.605779165625 0.409307811627907 0.605395834375 0.40959531162790697 0.5938625 0.377592188372093 0.59441875