4 0.43720625116279066 0.81563125 0.4391812511627907 0.80429375 0.41609531162790697 0.8053062499999999 0.3965015627906977 0.800852084375 0.39695781162790694 0.8093541656250001 0.4106265627906977 0.81563125 0.4203484372093023 0.817452084375 0.43720625116279066 0.81563125
4 0.5434265627906977 0.8304104156250001 0.5218578116279069 0.8312208343749999 0.501657811627907 0.8283854156249999 0.5018093744186046 0.8397229156250001 0.5241374999999999 0.8415437499999999 0.5443375 0.841341665625 0.5434265627906977 0.8304104156250001
4 0.6708656255813953 0.7105645843749999 0.650057811627907 0.7111708343750001 0.6304734372093024 0.7073645843749999 0.630617188372093 0.71724375 0.6477796883720931 0.720077084375 0.671017188372093 0.721291665625 0.6708656255813953 0.7105645843749999
2 0.4451437488372093 0.687229165625 0.403225 0.68419375 0.4047437511627907 0.695327084375 0.415982811627907 0.696945834375 0.44468906279069764 0.697147915625 0.4451437488372093 0.687229165625
2 0.43663906279069764 0.773466665625 0.40367968837209306 0.768202084375 0.40216093720930235 0.7795395843749999 0.410970311627907 0.7799437499999999 0.43618281162790695 0.782170834375 0.43663906279069764 0.773466665625
2 0.5401968744186046 0.859079165625 0.504382811627907 0.8595375000000001 0.5064781255813954 0.869404165625 0.5251593744186047 0.871022915625 0.5397406255813954 0.8700104156249999 0.5401968744186046 0.859079165625
2 0.5435375 0.956235415625 0.5436906255813954 0.943279165625 0.5292609372093023 0.947935415625 0.5026734372093024 0.945420834375 0.5031375 0.9590687499999999 0.5152875 0.96008125 0.5256156255813954 0.9606875 0.5435375 0.956235415625
2 0.6665265627906977 0.74125 0.6522843744186047 0.7403666656250001 0.6335656255813954 0.7369583343749999 0.6327437511627907 0.749416665625 0.6468203116279071 0.7511812499999999 0.666692188372093 0.7516229156249999 0.6665265627906977 0.74125
2 0.666029688372093 0.8268854156250001 0.6449984372093024 0.8279895843749999 0.6259281255813953 0.8233937499999999 0.6249609372093023 0.834610415625 0.6373812488372093 0.837479165625 0.6650359372093024 0.8403499999999999 0.666029688372093 0.8268854156250001
7 0.4383062511627907 0.72334375 0.404742188372093 0.719222915625 0.404742188372093 0.7308 0.42226093720930236 0.733545834375 0.43801249999999997 0.734527084375 0.4383062511627907 0.72334375
0 0.4369812511627907 0.7468895843750001 0.4040062511627907 0.7441416656250001 0.40444687441860466 0.7555229156250001 0.4168140627906977 0.7559145843749999 0.43801249999999997 0.757877084375 0.4369812511627907 0.7468895843750001
0 0.539842188372093 0.88288125 0.5270343744186047 0.883470834375 0.5059812488372093 0.883666665625 0.5076015627906977 0.8962249999999999 0.5204093744186046 0.8974020843750001 0.538957811627907 0.895635415625 0.539842188372093 0.88288125
7 0.5391062511627907 0.9077999999999999 0.5068656255813954 0.9072125 0.5073062488372093 0.9199666656250001 0.5177593744186046 0.91976875 0.5386640627906977 0.91976875 0.5391062511627907 0.9077999999999999
7 0.663770311627907 0.7889875 0.631825 0.78486875 0.6297640627906976 0.7968375 0.6415406255813952 0.8005645843750001 0.6631812488372093 0.8023312499999999 0.663770311627907 0.7889875
0 0.6642125 0.763872915625 0.6319718744186047 0.762695834375 0.6316781255813954 0.77446875 0.645075 0.776822915625 0.6648015627906977 0.776822915625 0.6642125 0.763872915625