4 0.4279968744186047 0.772720834375 0.42937031162790695 0.786264584375 0.4713734372093023 0.779675 0.47000156279069766 0.7679625 0.4279968744186047 0.772720834375
4 0.3459125 0.808958334375 0.3456375 0.822502084375 0.38791562558139536 0.8228687499999999 0.38791562558139536 0.812252084375 0.3459125 0.808958334375
4 0.5180453116279069 0.6903604156250001 0.5161234372093023 0.702439584375 0.5581265627906976 0.711225 0.559225 0.699510415625 0.5180453116279069 0.6903604156250001
2 0.5183187488372093 0.724035415625 0.5172203116279069 0.736116665625 0.5501656255813954 0.741972915625 0.5529109372093023 0.729527084375 0.5183187488372093 0.724035415625
2 0.4337625 0.80236875 0.4351359372093023 0.81518125 0.47000156279069766 0.808958334375 0.4686281255813954 0.797245834375 0.4337625 0.80236875
2 0.3508531255813953 0.7771125 0.35002968837209303 0.7910229156249999 0.3846218744186046 0.7924875 0.3846218744186046 0.779308334375 0.3508531255813953 0.7771125
2 0.34838281162790696 0.68999375 0.348107811627907 0.7035375 0.3903859372093023 0.705002084375 0.3903859372093023 0.692189584375 0.34838281162790696 0.68999375
0 0.5155734372093023 0.7474624999999999 0.515025 0.760275 0.5482437488372093 0.7657645843750001 0.549067188372093 0.7529541656250001 0.5155734372093023 0.7474624999999999
0 0.43705781162790697 0.8279937500000001 0.438429688372093 0.841170834375 0.47219687441860464 0.834214584375 0.47055 0.82030625 0.43705781162790697 0.8279937500000001
0 0.3516765627906977 0.750025 0.3516765627906977 0.7668625 0.38379843720930235 0.767595834375 0.3835234372093023 0.7525875 0.3516765627906977 0.750025
7 0.3522265627906977 0.7280625 0.3522265627906977 0.7412395843749999 0.385445311627907 0.742704165625 0.3859937511627907 0.7306250000000001 0.3522265627906977 0.7280625
7 0.43897968837209306 0.8495895843750001 0.4400765627906977 0.8649625000000001 0.47384531162790694 0.857641665625 0.47219687441860464 0.84483125 0.43897968837209306 0.8495895843750001
7 0.5136515627906977 0.770158334375 0.5131031255813954 0.783702084375 0.5452234372093023 0.790289584375 0.5463218744186047 0.7771125 0.5136515627906977 0.770158334375
2 0.504592188372093 0.8063958343750001 0.5040437511627907 0.819208334375 0.5457718744186046 0.82945625 0.547420311627907 0.8166458343749999 0.504592188372093 0.8063958343750001
2 0.438704688372093 0.8887562499999999 0.44117500000000004 0.9030312500000001 0.48098281162790696 0.89388125 0.4790609372093023 0.8818020843750001 0.438704688372093 0.8887562499999999