4 0.541520311627907 0.5660166656250001 0.5419218744186046 0.557183334375 0.5017640627906976 0.5563 0.5018015627906977 0.564677084375 0.5186515627906977 0.566552084375 0.541520311627907 0.5660166656250001
4 0.6277609372093024 0.686595834375 0.6287625000000001 0.678566665625 0.6052921883720931 0.6796375 0.587807811627907 0.676377084375 0.5876390627906977 0.6844541656249999 0.6111109372093023 0.687666665625 0.6277609372093024 0.686595834375
4 0.6724843744186046 0.553639584375 0.671092188372093 0.561652084375 0.7130062511627907 0.5622041656250001 0.713807811627907 0.554441665625 0.6724843744186046 0.553639584375
2 0.7091937511627906 0.585491665625 0.6761093744186046 0.5857354156250001 0.6766968744186046 0.59539375 0.7081906255813953 0.595929165625 0.7091937511627906 0.585491665625
2 0.7101968744186047 0.6722125 0.6949515627906977 0.673014584375 0.6714812511627907 0.6700708343749999 0.6702765627906977 0.680241665625 0.709595311627907 0.6831875000000001 0.7101968744186047 0.6722125
2 0.6152937511627907 0.562014584375 0.5899531255813953 0.558402084375 0.5895375 0.569866665625 0.6295625 0.569564584375 0.6290703116279069 0.5607 0.6152937511627907 0.562014584375
2 0.623904688372093 0.64670625 0.5932281255813954 0.644114584375 0.5919203116279069 0.6539291656249999 0.623657811627907 0.655897915625 0.623904688372093 0.64670625
2 0.5401609372093024 0.684129165625 0.5401609372093024 0.6723125 0.5180187488372093 0.671983334375 0.49970000000000003 0.669958334375 0.500304688372093 0.6821604156250001 0.5130984372093024 0.686427084375 0.5401609372093024 0.684129165625
2 0.5059640627906977 0.585320834375 0.5052375 0.5953 0.537454688372093 0.5974666656250001 0.5369625 0.587947915625 0.5059640627906977 0.585320834375
0 0.5364703116279069 0.621758334375 0.536717188372093 0.610925 0.505545311627907 0.611297915625 0.505717188372093 0.621102084375 0.5170343744186047 0.622414584375 0.5364703116279069 0.621758334375
7 0.5359781255813953 0.64539375 0.5364703116279069 0.63521875 0.5049312511627907 0.633860415625 0.5062093744186046 0.6430958343750001 0.5182640627906977 0.645066665625 0.5359781255813953 0.64539375
7 0.6239546883720931 0.605510415625 0.6234624999999999 0.5959916656249999 0.591075 0.5957104156249999 0.5929546883720931 0.605510415625 0.6111609372093023 0.607152084375 0.6239546883720931 0.605510415625
0 0.6242 0.6209395843750001 0.5923062511627907 0.619091665625 0.5927093744186046 0.63013125 0.6237093744186046 0.631116665625 0.6242 0.6209395843750001
0 0.707020311627907 0.60994375 0.6759890627906977 0.6084270843749999 0.676020311627907 0.620777084375 0.7075109372093022 0.621433334375 0.707020311627907 0.60994375
7 0.7062812511627907 0.633252084375 0.6770046883720929 0.632922915625 0.6772499999999999 0.64375625 0.7065281255813953 0.644083334375 0.7062812511627907 0.633252084375