7 0.44489218837209304 0.453497915625 0.41245 0.45028541562499996 0.413895311627907 0.460777084375 0.4293125 0.462489584375 0.4458562488372093 0.46527291562500006 0.44489218837209304 0.453497915625
7 0.5445234372093024 0.636822915625 0.5104500000000001 0.6348208343749999 0.5111171883720931 0.647741665625 0.525732811627907 0.649027084375 0.5438812511627907 0.647741665625 0.5445234372093024 0.636822915625
7 0.6675609372093023 0.51775 0.6355999999999999 0.516464584375 0.6354390627906976 0.528454165625 0.6479656255813954 0.530166665625 0.6686843744186047 0.531666665625 0.6675609372093023 0.51775
2 0.6696156255813953 0.47165625 0.6371734372093023 0.46823125 0.6374937488372093 0.480220834375 0.6509843744186046 0.48000625 0.6699359372093023 0.48279166562500003 0.6696156255813953 0.47165625
2 0.6700968744186047 0.556872915625 0.6493781255813954 0.556016665625 0.6288218744186047 0.5521625 0.6293031255813953 0.564795834375 0.6402234372093024 0.566722915625 0.6694546883720931 0.56950625 0.6700968744186047 0.556872915625
2 0.5434359372093024 0.588966665625 0.5093875 0.588110415625 0.511475 0.600529165625 0.5219140627906976 0.599885415625 0.5440781255813953 0.600314584375 0.5434359372093024 0.588966665625
2 0.547932811627907 0.67568125 0.505532811627907 0.671827084375 0.5074593744186047 0.686814584375 0.5223968744186046 0.687885415625 0.5476109372093023 0.68574375 0.547932811627907 0.67568125
2 0.4520359372093023 0.417366665625 0.40931562558139534 0.41265625000000006 0.4109218744186046 0.424004165625 0.4273031255813953 0.4267875 0.452679688372093 0.42871458437500004 0.4520359372093023 0.417366665625
2 0.44368593720930233 0.503225 0.41045625116279066 0.498014584375 0.41059999999999997 0.5085770843749999 0.42505468837209304 0.5094333343749999 0.44288281162790694 0.513716665625 0.44368593720930233 0.503225
0 0.4436093744186046 0.47775 0.4106843744186046 0.47346875 0.4095609372093023 0.48438749999999997 0.4310812488372093 0.48567291562500003 0.4437687488372093 0.48760000000000003 0.4436093744186046 0.47775
0 0.5433187488372093 0.6135291656249999 0.511520311627907 0.6135291656249999 0.5094312511627908 0.6246625 0.5267765627906977 0.6250916656250001 0.5431593744186046 0.624447915625 0.5433187488372093 0.6135291656249999
0 0.669525 0.49409166562499995 0.6369484372093024 0.49266041562499996 0.6354765627906978 0.505225 0.6478437488372093 0.5058666656249999 0.6696859372093023 0.506295834375 0.669525 0.49409166562499995
4 0.6762687511627907 0.439854165625 0.6362781255813954 0.437285415625 0.6349937511627907 0.44584999999999997 0.649929688372093 0.447347915625 0.6767515627906977 0.449916665625 0.6762687511627907 0.439854165625
4 0.5477765627906976 0.559679165625 0.5066609372093024 0.55839375 0.5073046883720931 0.5676 0.5222406255813954 0.568670834375 0.5487406255813954 0.568885415625 0.5477765627906976 0.559679165625
4 0.44525156279069766 0.5346124999999999 0.42324843720930233 0.534183334375 0.4034937488372093 0.529045834375 0.403654688372093 0.539108334375 0.41907187441860466 0.541035415625 0.4454109372093023 0.54553125 0.44525156279069766 0.5346124999999999