2 0.3154281255813954 0.387072915625 0.3154281255813954 0.37284583437499996 0.303929688372093 0.375035415625 0.292020311627907 0.3744875 0.27391562558139537 0.371691665625 0.2743609372093023 0.3843375 0.28545 0.386525 0.29571562558139536 0.389260415625 0.3154281255813954 0.387072915625
2 0.3099656255813954 0.40565208437500005 0.29107656279069766 0.40729375 0.277525 0.40565208437500005 0.2765843744186047 0.418577084375 0.29764687441860466 0.41933125000000004 0.31037656279069764 0.41823750000000004 0.3099656255813954 0.40565208437500005
2 0.43922968837209303 0.47437500000000005 0.4248562488372093 0.477110415625 0.4062031255813954 0.47427916562499994 0.405967188372093 0.48695833437499997 0.4166437511627907 0.48860000000000003 0.4388187488372093 0.48860000000000003 0.43922968837209303 0.47437500000000005
2 0.441475 0.521702084375 0.4418859372093023 0.506929165625 0.4262812511627907 0.5085708343750001 0.40040781162790695 0.504810415625 0.400820311627907 0.52115625 0.41560312558139534 0.521702084375 0.42710156279069766 0.52225 0.441475 0.521702084375
2 0.6045312511627907 0.425170834375 0.6053531255813954 0.40711458437500003 0.5864625 0.41039791562500005 0.5649343744186047 0.4044125 0.5638765627906978 0.420245834375 0.5778390627906976 0.42352916562500004 0.5897484372093023 0.42571875 0.6045312511627907 0.425170834375
2 0.600425 0.44098125 0.5848203116279069 0.44317083437499993 0.567982811627907 0.439339584375 0.5676437488372094 0.45165208437500004 0.5893375 0.45520833437499997 0.600425 0.451925 0.600425 0.44098125
0 0.5985093744186046 0.47365833437499993 0.5985093744186046 0.461620834375 0.5796187511627907 0.464904165625 0.566067188372093 0.461620834375 0.5660562511627907 0.47596458437500005 0.5783875 0.475847915625 0.587832811627907 0.475847915625 0.5985093744186046 0.47365833437499993
0 0.4382937488372093 0.453108334375 0.4243312488372093 0.457485415625 0.40547812558139534 0.45387500000000003 0.40585156279069773 0.465145834375 0.412832811627907 0.46733541562500003 0.4374718744186047 0.465145834375 0.4382937488372093 0.453108334375
0 0.30956562558139533 0.428775 0.29724687441860465 0.43151041562500003 0.2770625 0.42771875000000004 0.27630312558139536 0.43971666562499995 0.29190781162790697 0.44190625 0.30874531162790697 0.440810415625 0.30956562558139533 0.428775
5 0.3081468744186046 0.45209374999999996 0.29254218837209306 0.453733334375 0.2765265627906977 0.450452084375 0.2758906255813954 0.462541665625 0.2962375 0.46577083437500005 0.3077359372093023 0.46413125 0.3081468744186046 0.45209374999999996
5 0.43896406279069766 0.427197915625 0.4245906255813954 0.428839584375 0.40668906279069766 0.42750000000000005 0.4061109372093023 0.43978124999999996 0.4229484372093023 0.440877084375 0.439375 0.43978124999999996 0.43896406279069766 0.427197915625
5 0.5980312488372093 0.48611875 0.582425 0.488308334375 0.5654437511627907 0.48375 0.563945311627907 0.49542083437500006 0.5746234372093023 0.499252084375 0.5967984372093024 0.499252084375 0.5980312488372093 0.48611875
1 0.6010531255813955 0.5319375 0.6018734372093024 0.519354165625 0.588732811627907 0.522089584375 0.5788765627906977 0.522089584375 0.5605015627906976 0.516120834375 0.5599875 0.530295834375 0.5772343744186046 0.533579165625 0.5932499999999999 0.534127084375 0.6010531255813955 0.5319375
1 0.4420531255813953 0.408454165625 0.4420531255813953 0.39586875 0.4198765627906977 0.396964584375 0.3997 0.3957625 0.4001656255813954 0.407360415625 0.41535937441860465 0.409 0.4264468744186046 0.410095834375 0.4420531255813953 0.408454165625
1 0.3125421883720931 0.48528958437499997 0.2969375 0.486929165625 0.269795311627907 0.48445 0.26983437441860464 0.49896666562499997 0.2891343744186047 0.49951458437499996 0.3117218744186046 0.49842083437499995 0.3125421883720931 0.48528958437499997