1 0.5940734372093024 0.7311124999999999 0.5945015627906977 0.718025 0.577845311627907 0.7191625 0.552354688372093 0.71456875 0.5517921883720931 0.7259895843749999 0.5624687511627907 0.728266665625 0.577417188372093 0.73054375 0.5940734372093024 0.7311124999999999
1 0.7194843744186047 0.619616665625 0.7199109372093023 0.607097915625 0.6951406255813953 0.606529165625 0.67775 0.604358334375 0.6780562511627907 0.617339584375 0.690442188372093 0.6190479156250001 0.7015468744186047 0.6190479156250001 0.7194843744186047 0.619616665625
1 0.8484453116279069 0.733772915625 0.8497265627906977 0.720685415625 0.8347781255813953 0.720685415625 0.8083125 0.716447915625 0.8087265627906978 0.729220834375 0.8215390627906977 0.732066665625 0.8313609372093024 0.733204165625 0.8484453116279069 0.733772915625
2 0.8396781255813954 0.62144375 0.853345311627907 0.62258125 0.8546265627906976 0.606647915625 0.8383968744186047 0.607785415625 0.8311375 0.607785415625 0.8134781255813953 0.6037312499999999 0.8131999999999999 0.61063125 0.8131999999999999 0.618029165625 0.8277203116279069 0.6208750000000001 0.8396781255813954 0.62144375
2 0.848220311627907 0.642497915625 0.8324187511627907 0.642497915625 0.8162968744186047 0.638172915625 0.8153343744186046 0.652739584375 0.8294281255813953 0.655016665625 0.848220311627907 0.655585415625 0.848220311627907 0.642497915625
2 0.7170125 0.6851791656249999 0.700782811627907 0.6851791656249999 0.684325 0.6845104156249999 0.6841265627906976 0.6982666656250001 0.699929688372093 0.6982666656250001 0.7170125 0.697129165625 0.7170125 0.6851791656249999
2 0.7071890627906977 0.732979165625 0.7200031255813953 0.732408334375 0.7221375 0.716475 0.708470311627907 0.718183334375 0.694804688372093 0.718183334375 0.6805687511627907 0.718325 0.6811375 0.7272875 0.6819921883720931 0.732979165625 0.6939500000000001 0.732979165625 0.7071890627906977 0.732979165625
2 0.592120311627907 0.639760415625 0.5758906255813954 0.638620834375 0.5594 0.63566875 0.558807811627907 0.6488645843749999 0.5724750000000001 0.6494333343750001 0.5912656255813953 0.651139584375 0.592120311627907 0.639760415625
2 0.5959640627906977 0.61984375 0.5972453116279071 0.6084625 0.581870311627907 0.6084625 0.5570515627906977 0.604983334375 0.5575265627906977 0.615860415625 0.5729015627906976 0.617566665625 0.584432811627907 0.61984375 0.5959640627906977 0.61984375
0 0.591095311627907 0.6607791656249999 0.5778562488372093 0.6613479156250001 0.5594 0.656958334375 0.5590640627906976 0.669314584375 0.5718765627906977 0.6710229156249999 0.590242188372093 0.6727291656250001 0.591095311627907 0.6607791656249999
0 0.7165125 0.66346875 0.6960124999999999 0.6646062500000001 0.684795311627907 0.663220834375 0.6840531255813954 0.67541875 0.7019906255813954 0.677125 0.7169390627906976 0.6759875 0.7165125 0.66346875
0 0.8478187511627907 0.660795834375 0.8320156255813954 0.6625041656249999 0.8157875000000001 0.660227084375 0.8145062488372092 0.672745834375 0.8247562511627907 0.674454165625 0.8465374999999999 0.676160415625 0.8478187511627907 0.660795834375
5 0.845682811627907 0.688679165625 0.8324437488372093 0.688679165625 0.8139484372093024 0.6857624999999999 0.8136515627906977 0.697214584375 0.8268906255813954 0.700060415625 0.845682811627907 0.700629165625 0.845682811627907 0.688679165625
5 0.7159546883720931 0.6388874999999999 0.7014343744186047 0.6405937500000001 0.6833859372093023 0.638797915625 0.683495311627907 0.651975 0.7010062488372093 0.6508375 0.7159546883720931 0.65140625 0.7159546883720931 0.6388874999999999
5 0.5575203116279069 0.6832583343749999 0.5569875 0.695164584375 0.5894468744186047 0.695735415625 0.5894468744186047 0.684922915625 0.5575203116279069 0.6832583343749999