2 0.488857811627907 0.635504165625 0.47153124883720926 0.633691665625 0.45828281162790696 0.634145834375 0.455225 0.645920834375 0.4885187511627907 0.646827084375 0.488857811627907 0.635504165625
2 0.476967188372093 0.681252084375 0.49089531162790695 0.681252084375 0.49293437441860466 0.668570834375 0.46949375116279074 0.669022915625 0.45318749999999997 0.666758334375 0.453867188372093 0.67989375 0.4681343744186046 0.6785354156250001 0.476967188372093 0.681252084375
2 0.594170311627907 0.597908334375 0.5795625 0.5974541656250001 0.5635968744186046 0.5965499999999999 0.5618968744186047 0.6047020843750001 0.592132811627907 0.6074208343749999 0.594170311627907 0.597908334375
2 0.5751468744186047 0.57480625 0.5982484372093023 0.57661875 0.5975687511627907 0.5662 0.574467188372093 0.567560415625 0.5601984372093023 0.562577084375 0.559520311627907 0.55940625 0.5612187488372093 0.57480625 0.5751468744186047 0.57480625
2 0.7028812511627908 0.590208334375 0.687254688372093 0.5924729156249999 0.6729859372093023 0.590660415625 0.6733265627906977 0.6010791656250001 0.7022015627906977 0.602889584375 0.7028812511627908 0.590208334375
2 0.7096765627906977 0.554422915625 0.6862359372093023 0.5603125 0.6716265627906977 0.556689584375 0.6702687488372092 0.568464584375 0.7086562511627907 0.572089584375 0.7096765627906977 0.554422915625
0 0.7028812511627908 0.609685415625 0.6723062511627906 0.61104375 0.671967188372093 0.6214625 0.7035609372093024 0.622820834375 0.7028812511627908 0.609685415625
0 0.5928125000000001 0.6182916656249999 0.562917188372093 0.616933334375 0.5605390627906977 0.624633334375 0.5928125000000001 0.6305208343750001 0.5928125000000001 0.6182916656249999
0 0.48987656279069763 0.615120834375 0.45964218837209303 0.6137625 0.45828281162790696 0.624633334375 0.48919687441860465 0.625539584375 0.48987656279069763 0.615120834375
1 0.49497343720930237 0.55759375 0.4728906255813954 0.558047915625 0.455225 0.553970834375 0.4576031255813953 0.5671062499999999 0.49395312558139537 0.570277084375 0.49497343720930237 0.55759375
1 0.5928125000000001 0.687141665625 0.5938312511627907 0.676270834375 0.5578203116279069 0.675816665625 0.5588406255813954 0.6830645843750001 0.5601984372093023 0.684877084375 0.5928125000000001 0.687141665625
1 0.7042406255813953 0.681252084375 0.7045796883720931 0.6699291656249999 0.6862359372093023 0.670835415625 0.6709484372093024 0.668116665625 0.6682296883720931 0.670835415625 0.6689093744186047 0.67989375 0.7042406255813953 0.681252084375
5 0.7008437511627907 0.646827084375 0.7015234372093023 0.6368625 0.6838578116279069 0.63505 0.6712874999999999 0.634597915625 0.6733265627906977 0.64546875 0.6804593744186047 0.646827084375 0.7008437511627907 0.646827084375
5 0.5887359372093023 0.651810415625 0.5914531255813954 0.642752084375 0.57175 0.642752084375 0.562917188372093 0.6404854156249999 0.5635968744186046 0.649091665625 0.5761656255813953 0.6531687500000001 0.5887359372093023 0.651810415625
5 0.47119218837209303 0.6010791656250001 0.48919687441860465 0.6010791656250001 0.48987656279069763 0.590660415625 0.4701734372093023 0.5888479156249999 0.45998124883720926 0.589302084375 0.45964218837209303 0.5974541656250001 0.46235937441860464 0.600172915625 0.47119218837209303 0.6010791656250001