1 0.32448593720930236 0.226935415625 0.3034093744186046 0.219475 0.285007811627907 0.213947915625 0.28354687441860466 0.225635415625 0.32302499999999995 0.237325 0.32448593720930236 0.226935415625
1 0.6367609372093024 0.299020834375 0.5974375 0.30267916562499997 0.5968890627906978 0.311910415625 0.6373468744186046 0.310739584375 0.6367609372093024 0.299020834375
1 0.9238281255813954 0.28989375 0.88405 0.297089584375 0.8833687511627907 0.30864375 0.924707811627907 0.3047375 0.9238281255813954 0.28989375
5 0.9159125 0.27114375 0.915645311627907 0.256683334375 0.8989078116279069 0.26411250000000003 0.8842484372093024 0.266847915625 0.8833687511627907 0.27583125000000003 0.9159125 0.27114375
0 0.8804375 0.25239375000000003 0.9130656255813954 0.24722499999999997 0.9126875 0.23403333437499999 0.87985 0.24262708437499997 0.8804375 0.25239375000000003
2 0.87985 0.23208125000000002 0.9108093744186047 0.2261625 0.9109281255813954 0.21255000000000002 0.8792640627906977 0.21840833437499999 0.87985 0.23208125000000002
2 0.911220311627907 0.192627084375 0.9109281255813954 0.177783334375 0.8962687488372093 0.182470834375 0.8730890627906976 0.187904165625 0.8722281255813953 0.198095834375 0.8833687511627907 0.19770625 0.911220311627907 0.192627084375
2 0.5898093744186047 0.19078124999999999 0.5909906255813954 0.2008 0.6091593744186047 0.197422915625 0.6282171883720931 0.198985415625 0.6288031255813953 0.18843749999999998 0.5898093744186047 0.19078124999999999
2 0.6270984372093024 0.219714584375 0.5962593744186047 0.22164166562499998 0.5968468744186046 0.23453125 0.6270437488372093 0.231797915625 0.6270984372093024 0.219714584375
5 0.285025 0.24865208437500003 0.28275 0.262239584375 0.31508593720930234 0.269010415625 0.31693281162790693 0.258545834375 0.285025 0.24865208437500003
5 0.5989515627906977 0.26761666562499997 0.5991749999999999 0.2800875 0.6305875 0.278858334375 0.6296640627906976 0.265933334375 0.5989515627906977 0.26761666562499997
0 0.31415312558139535 0.281977084375 0.30260468837209303 0.27890000000000004 0.28135625116279067 0.272745834375 0.28045312558139535 0.283870834375 0.29937187441860463 0.288133334375 0.313229688372093 0.29305625 0.31415312558139535 0.281977084375
0 0.5972812511627907 0.243391665625 0.5974265627906976 0.252714584375 0.629617188372093 0.253854165625 0.629154688372093 0.2403125 0.5972812511627907 0.243391665625
2 0.3125906255813954 0.30285625 0.2797937511627907 0.294854165625 0.27842187441860466 0.30554375 0.2955 0.31085625 0.311667188372093 0.31393333437500004 0.3125906255813954 0.30285625
2 0.29688593720930234 0.34470833437500004 0.3112062511627907 0.3484 0.3135156255813954 0.33670625 0.291342188372093 0.3299375 0.27130937441860464 0.323154165625 0.26870781162790697 0.32870625000000003 0.26870781162790697 0.33670625 0.28395156279069766 0.3404 0.29688593720930234 0.34470833437500004