2 0.3690906255813953 0.25615625 0.3684968744186046 0.27199375 0.4017531255813953 0.27436875 0.4017531255813953 0.260114584375 0.3690906255813953 0.25615625
2 0.364932811627907 0.227254165625 0.3652312488372093 0.239922915625 0.4065046883720931 0.241904165625 0.4065046883720931 0.22883749999999997 0.364932811627907 0.227254165625
2 0.528545311627907 0.32742083437499997 0.5282484372093024 0.34206875000000003 0.561504688372093 0.342860415625 0.5618015627906977 0.327816665625 0.528545311627907 0.32742083437499997
2 0.5237937511627907 0.357114584375 0.5240906255813954 0.37572291562500004 0.5650687511627908 0.376514584375 0.5644734372093023 0.362260415625 0.5237937511627907 0.357114584375
2 0.6992828116279071 0.26724166562499996 0.6998765627906977 0.278722915625 0.7328359372093024 0.281097915625 0.731945311627907 0.266845834375 0.6992828116279071 0.26724166562499996
2 0.6963140627906977 0.23319375 0.6963140627906977 0.24705 0.7390718744186047 0.24863333437500001 0.7375875 0.23319375 0.6963140627906977 0.23319375
0 0.3684968744186046 0.27991041562499996 0.36819999999999997 0.29297708437500003 0.4008625 0.29495625 0.40204999999999996 0.28228749999999997 0.3684968744186046 0.27991041562499996
0 0.5288421883720931 0.30643750000000003 0.528545311627907 0.31989791562500003 0.5620984372093023 0.31989791562500003 0.562395311627907 0.307625 0.5288421883720931 0.30643750000000003
0 0.6992828116279071 0.286245834375 0.6998765627906977 0.300497915625 0.7328359372093024 0.303666665625 0.7325390627906977 0.2906 0.6992828116279071 0.286245834375
5 0.3673093744186046 0.30525 0.3673093744186046 0.317127084375 0.40056562558139536 0.31910625000000004 0.399675 0.307625 0.3673093744186046 0.30525
5 0.5282484372093024 0.28268333437500004 0.5288421883720931 0.295352084375 0.5632859372093023 0.295352084375 0.562692188372093 0.28268333437500004 0.5282484372093024 0.28268333437500004
5 0.6989859372093024 0.312772915625 0.6992828116279071 0.326233334375 0.731945311627907 0.326233334375 0.731945311627907 0.31237499999999996 0.6989859372093024 0.312772915625
1 0.36255781162790696 0.337714584375 0.362854688372093 0.3499875 0.4035343744186046 0.353947915625 0.40383281162790696 0.342860415625 0.36255781162790696 0.337714584375
1 0.525575 0.24784166562499998 0.5252781255813954 0.260114584375 0.5677406255813954 0.263679165625 0.5665531255813954 0.24823750000000003 0.525575 0.24784166562499998
1 0.6948281255813954 0.345633334375 0.6942343744186047 0.358302084375 0.7355093744186046 0.362260415625 0.7361031255813953 0.348008334375 0.6948281255813954 0.345633334375