1 0.7235484372093024 0.149877084375 0.7241656255813953 0.163464584375 0.764929688372093 0.162229165625 0.7640031255813954 0.148641665625 0.7235484372093024 0.149877084375
1 0.6275078116279069 0.155229165625 0.6284343744186047 0.142054165625 0.5866178116279069 0.13918331875 0.585817188372093 0.152347915625 0.6275078116279069 0.155229165625
1 0.3999125 0.23963958437500002 0.3989859372093023 0.25405 0.4409843744186046 0.25693125 0.44191093720930236 0.241697915625 0.3999125 0.23963958437500002
5 0.404545311627907 0.207933334375 0.4042359372093023 0.222345834375 0.4366609372093023 0.22275625 0.43635312558139533 0.208758334375 0.404545311627907 0.207933334375
5 0.5885968744186046 0.173758334375 0.5892140627906977 0.186522915625 0.6219484372093024 0.18899375000000002 0.6216406255813954 0.17499375 0.5885968744186046 0.173758334375
5 0.7278718744186047 0.18199375 0.7281812488372092 0.19599375000000002 0.761532811627907 0.19516875 0.7612234372093023 0.182816665625 0.7278718744186047 0.18199375
0 0.4042359372093023 0.180758334375 0.4042359372093023 0.194758334375 0.43851406279069766 0.197639584375 0.4391312488372093 0.184052084375 0.4042359372093023 0.180758334375
0 0.587979688372093 0.199697915625 0.5885968744186046 0.21369791562499998 0.6204046883720931 0.212875 0.6216406255813954 0.200522915625 0.587979688372093 0.199697915625
0 0.7287984372093024 0.206697915625 0.7287984372093024 0.222345834375 0.76215 0.22111041562499997 0.7618406255813954 0.2062875 0.7287984372093024 0.206697915625
2 0.7291062511627907 0.228110415625 0.7291062511627907 0.24334375000000003 0.7618406255813954 0.24210833437499998 0.76215 0.22852083437499998 0.7291062511627907 0.228110415625
2 0.7266359372093024 0.259402084375 0.7260187511627907 0.276285415625 0.766782811627907 0.27505 0.766782811627907 0.260227084375 0.7266359372093024 0.259402084375
2 0.582420311627907 0.25199166562499997 0.5821125 0.269285415625 0.6231843744186047 0.27093124999999996 0.6238015627906977 0.25199166562499997 0.582420311627907 0.25199166562499997
2 0.5882890627906976 0.218227084375 0.5870531255813953 0.2334625 0.620095311627907 0.23511041562499999 0.6210218744186046 0.22069791562500002 0.5882890627906976 0.218227084375
2 0.40485312558139536 0.16099375 0.4051625 0.17499375 0.4394406255813954 0.177877084375 0.4391312488372093 0.162641665625 0.40485312558139536 0.16099375
2 0.4014562511627907 0.124760415625 0.4014562511627907 0.14123125 0.4446906255813954 0.143289584375 0.4443812488372093 0.128054165625 0.4014562511627907 0.124760415625