1 0.3218890627906977 0.20471875 0.32008281162790697 0.2186875 0.360545311627907 0.23121041562500003 0.36198906279069765 0.21916875 0.3218890627906977 0.20471875
1 0.525282811627907 0.086704165625 0.5267281255813954 0.1016375 0.5682734372093023 0.10115416562499999 0.5679124999999999 0.086704165625 0.525282811627907 0.086704165625
1 0.7196437511627908 0.107416665625 0.719282811627907 0.119941665625 0.7619125 0.121866665625 0.7608281255813953 0.10837916562500001 0.7196437511627908 0.107416665625
5 0.330479688372093 0.172572915625 0.32758906279069766 0.18841666562499998 0.36163281162790695 0.197410415625 0.3632375 0.184135415625 0.330479688372093 0.172572915625
5 0.5308859372093023 0.12161458437499999 0.5305656255813953 0.134889584375 0.5639656255813954 0.133604165625 0.5633234372093023 0.121185415625 0.5308859372093023 0.12161458437499999
5 0.7239062511627907 0.1413125 0.7235859372093023 0.15373125 0.7566656255813954 0.155016665625 0.7563437511627907 0.143454165625 0.7239062511627907 0.1413125
0 0.3327265627906976 0.14859166562499998 0.33176406279069764 0.16101041562500001 0.3648437488372093 0.172572915625 0.3674125 0.159727084375 0.3327265627906976 0.14859166562499998
0 0.5308859372093023 0.14645208437499999 0.531207811627907 0.162295834375 0.5642874999999999 0.159727084375 0.563645311627907 0.144310415625 0.5308859372093023 0.14645208437499999
0 0.7235859372093023 0.16615 0.7222999999999999 0.181564584375 0.7569859372093024 0.180708334375 0.7566656255813954 0.16743333437500002 0.7235859372093023 0.16615
2 0.7232640627906978 0.187560415625 0.7229437511627907 0.203404165625 0.757307811627907 0.201691665625 0.757307811627907 0.18927291562499998 0.7232640627906978 0.187560415625
2 0.7190890627906977 0.219677084375 0.7197312511627907 0.233379165625 0.761482811627907 0.232952084375 0.7608406255813954 0.2209625 0.7190890627906977 0.219677084375
2 0.53185 0.16572083437500001 0.531207811627907 0.182422915625 0.563645311627907 0.180708334375 0.5639656255813954 0.16615 0.53185 0.16572083437500001
2 0.334654688372093 0.1280375 0.33369062558139534 0.14045625 0.36934062558139535 0.150733334375 0.370945311627907 0.1396 0.334654688372093 0.1280375
2 0.33882968837209304 0.092066665625 0.3359390627906977 0.10577083437499998 0.3764062511627907 0.121185415625 0.37801093720930234 0.10491458437500001 0.33882968837209304 0.092066665625
2 0.5267109372093023 0.19955 0.5273531255813954 0.217108334375 0.5694265627906977 0.21539583437499998 0.5684625 0.19869375 0.5267109372093023 0.19955