1 0.4342375 0.7873479156250001 0.4342375 0.800370834375 0.47489062558139533 0.802833334375 0.475945311627907 0.789460415625 0.4342375 0.7873479156250001
1 0.5596265627906977 0.6916125 0.5588343744186046 0.70393125 0.6002781255813954 0.704283334375 0.59975 0.691964584375 0.5596265627906977 0.6916125
1 0.6562406255813954 0.677885415625 0.6559765627906977 0.692316665625 0.697420311627907 0.694429165625 0.696892188372093 0.679645834375 0.6562406255813954 0.677885415625
5 0.43819687441860466 0.7539104156249999 0.43819687441860466 0.76869375 0.4711937511627907 0.7697499999999999 0.47145781162790695 0.756375 0.43819687441860466 0.7539104156249999
5 0.5630578116279069 0.723641665625 0.5630578116279069 0.737016665625 0.5963187488372093 0.737016665625 0.5955265627906976 0.72505 0.5630578116279069 0.723641665625
5 0.6594078116279071 0.7137875 0.6599359372093023 0.724345834375 0.6913484372093024 0.72399375 0.6908218744186047 0.714491665625 0.6594078116279071 0.7137875
0 0.4397812488372093 0.727864584375 0.43898906279069766 0.743 0.47383437441860465 0.744408334375 0.47383437441860465 0.7303291656249999 0.4397812488372093 0.727864584375
0 0.5627937488372093 0.747575 0.5633218744186047 0.76095 0.5955265627906976 0.760597915625 0.5949984372093023 0.748279165625 0.5627937488372093 0.747575
0 0.6591437488372093 0.7363125 0.6586156255813954 0.750039584375 0.6918765627906976 0.750391665625 0.692404688372093 0.738072915625 0.6591437488372093 0.7363125
2 0.6594078116279071 0.757079165625 0.6591437488372093 0.771158334375 0.6916125 0.7708062499999999 0.6916125 0.759541665625 0.6594078116279071 0.757079165625
2 0.6541281255813954 0.7887562499999999 0.6538640627906976 0.8035375 0.6953093744186046 0.8021312500000001 0.695045311627907 0.7915708343750001 0.6541281255813954 0.7887562499999999
2 0.558570311627907 0.801075 0.5601531255813954 0.8165604156249999 0.5986937488372093 0.816208334375 0.5984296883720931 0.803185415625 0.558570311627907 0.801075
2 0.5633218744186047 0.7683416656250001 0.5630578116279069 0.783125 0.5952625 0.7834770843750001 0.5960546883720931 0.7683416656250001 0.5633218744186047 0.7683416656250001
2 0.4403093744186047 0.7063958343750001 0.4403093744186047 0.720827084375 0.47383437441860465 0.723641665625 0.47383437441860465 0.709210415625 0.4403093744186047 0.7063958343750001
2 0.43898906279069766 0.6733104156249999 0.43846093720930235 0.6891499999999999 0.478057811627907 0.692316665625 0.47937812558139536 0.677885415625 0.43898906279069766 0.6733104156249999