1 0.3206515627906976 0.550897915625 0.3186468744186047 0.565147915625 0.3597312511627907 0.5771729156250001 0.3614015627906977 0.564702084375 0.3206515627906976 0.550897915625
1 0.524732811627907 0.43466041562499996 0.5240640627906976 0.44757499999999995 0.5658156255813953 0.44757499999999995 0.5658156255813953 0.435995834375 0.524732811627907 0.43466041562499996
1 0.7592093744186047 0.456483334375 0.718125 0.45425625 0.7167890627906977 0.46761666562500004 0.7592093744186047 0.46895208437499997 0.7582062488372093 0.4596 0.7592093744186047 0.456483334375
5 0.7218000000000001 0.489439584375 0.7221343744186047 0.5014624999999999 0.7541984372093022 0.502354165625 0.7538640627906976 0.489883334375 0.7218000000000001 0.489439584375
5 0.5294093744186046 0.469397915625 0.529075 0.48231250000000003 0.562142188372093 0.48053125 0.5618078116279069 0.46850833437499995 0.5294093744186046 0.469397915625
5 0.328667188372093 0.521504165625 0.3283343744186047 0.53441875 0.3597312511627907 0.543770834375 0.3617343744186047 0.532191665625 0.328667188372093 0.521504165625
0 0.33334375116279075 0.49611875000000005 0.3310062488372093 0.5072520843749999 0.363404688372093 0.5188312500000001 0.36540937441860466 0.506808334375 0.33334375116279075 0.49611875000000005
2 0.334107811627907 0.475491665625 0.334107811627907 0.48976666562500004 0.36760000000000004 0.498552084375 0.3686984372093023 0.48391041562500003 0.334107811627907 0.475491665625
2 0.3365781255813953 0.439985415625 0.3343812511627907 0.455725 0.37665937441860464 0.46817083437499996 0.37803281162790703 0.453529165625 0.3365781255813953 0.439985415625
2 0.529575 0.5153916656249999 0.5301234372093023 0.5282020843749999 0.561970311627907 0.527835415625 0.561970311627907 0.512829165625 0.529575 0.5153916656249999
2 0.5243593744186047 0.5468708343750001 0.525182811627907 0.563341665625 0.5655390627906977 0.56224375 0.5669109372093023 0.5461375 0.5243593744186047 0.5468708343750001
2 0.7154343744186046 0.565539584375 0.7168062488372093 0.57835 0.7566140627906977 0.579814584375 0.7566140627906977 0.5692 0.7154343744186046 0.565539584375
2 0.7192781255813954 0.53515625 0.720375 0.546504165625 0.7538687511627907 0.547602084375 0.7546921883720931 0.5344249999999999 0.7192781255813954 0.53515625
0 0.72065 0.51319375 0.720925 0.5271041656250001 0.7538687511627907 0.5282020843749999 0.752770311627907 0.514658334375 0.72065 0.51319375
0 0.5290265627906977 0.49342708437500005 0.5284765627906977 0.508802084375 0.5627937488372093 0.50660625 0.561970311627907 0.49123124999999995 0.5290265627906977 0.49342708437500005