2 0.3098 0.7909770843749999 0.3098 0.776752084375 0.2983015627906977 0.778939584375 0.286392188372093 0.778391665625 0.26828906279069764 0.775595834375 0.26873437441860465 0.788241665625 0.2798218744186047 0.790429165625 0.2900875 0.793166665625 0.3098 0.7909770843749999
2 0.305282811627907 0.809033334375 0.286392188372093 0.810675 0.2728406255813953 0.809033334375 0.27190156279069766 0.8219583343749999 0.2929625 0.8227125 0.30569375116279074 0.8216187500000001 0.305282811627907 0.809033334375
2 0.4376937511627907 0.8762437500000001 0.423320311627907 0.8789791656249999 0.40466718837209303 0.8761479156249999 0.4044312511627907 0.888827084375 0.415107811627907 0.8904687499999999 0.437282811627907 0.8904687499999999 0.4376937511627907 0.8762437500000001
2 0.4398625 0.9243499999999999 0.44027343720930234 0.909577084375 0.4246687511627907 0.91121875 0.3987968744186046 0.907458334375 0.39920781162790697 0.923802084375 0.413992188372093 0.9243499999999999 0.4254906255813954 0.924897915625 0.4398625 0.9243499999999999
2 0.5964484372093023 0.8264583343749999 0.597270311627907 0.808402084375 0.5783796883720931 0.811685415625 0.5568500000000001 0.8057020843749999 0.5557937511627907 0.8215354156249999 0.5697562511627907 0.824816665625 0.5816640627906977 0.8270062499999999 0.5964484372093023 0.8264583343749999
2 0.5923421883720931 0.845608334375 0.5767375 0.8477979156250001 0.5599000000000001 0.8439687499999999 0.5595593744186047 0.8562791656250001 0.581254688372093 0.859835415625 0.5923421883720931 0.8565520843750001 0.5923421883720931 0.845608334375
0 0.5911093744186047 0.87625 0.5911093744186047 0.8642125 0.5722187511627908 0.8674958343749999 0.5586671883720931 0.8642125 0.5586562511627907 0.8785562499999999 0.5709875 0.8784395843749999 0.5804328116279069 0.8784395843749999 0.5911093744186047 0.87625
0 0.43793437441860467 0.8549104156249999 0.4239718744186047 0.8592875 0.4051187511627907 0.855677084375 0.405492188372093 0.8669479156250001 0.4124734372093023 0.8691375000000001 0.43711249999999996 0.8669479156250001 0.43793437441860467 0.8549104156249999
0 0.304404688372093 0.830841665625 0.2920843744186047 0.833577084375 0.27190156279069766 0.8297854156250001 0.27114218837209303 0.8417833343750001 0.2867468744186047 0.843972915625 0.30358281162790696 0.8428791656250001 0.304404688372093 0.830841665625
5 0.30235156279069764 0.8554625 0.2867468744186047 0.8571041656249999 0.27073125116279073 0.853820834375 0.270095311627907 0.8659125 0.290442188372093 0.8691416656250001 0.3019406255813954 0.8675 0.30235156279069764 0.8554625
5 0.4373937511627907 0.8312895843750001 0.42302031162790693 0.83293125 0.4051187511627907 0.831591665625 0.40454062558139536 0.843875 0.42137812558139537 0.8449687499999999 0.437804688372093 0.843875 0.4373937511627907 0.8312895843750001
5 0.5903406255813953 0.889958334375 0.5747359372093023 0.8921458343750001 0.5577531255813953 0.8875875000000001 0.5562562511627908 0.8992604156249999 0.566932811627907 0.9030895843750001 0.5891093744186047 0.9030895843750001 0.5903406255813953 0.889958334375
1 0.591982811627907 0.9359187500000001 0.592804688372093 0.9233333343749999 0.5796640627906977 0.926070834375 0.569807811627907 0.926070834375 0.5514312488372093 0.920102084375 0.550917188372093 0.9342770843749999 0.5681656255813954 0.937560415625 0.5841812488372093 0.938108334375 0.591982811627907 0.9359187500000001
1 0.4425031255813953 0.811166665625 0.4425031255813953 0.7985833343750001 0.4203281255813954 0.7996770843750001 0.40015156279069763 0.798475 0.4006156255813954 0.8100729156250001 0.4158109372093023 0.811714584375 0.4268984372093023 0.8128083343749999 0.4425031255813953 0.811166665625
1 0.3074234372093024 0.887825 0.2918187511627907 0.889464584375 0.264675 0.886985415625 0.26471406279069765 0.9015020843749999 0.2840156255813953 0.90205 0.30660156279069767 0.9009562499999999 0.3074234372093024 0.887825