2 0.3621109372093024 0.584166665625 0.37163124883720927 0.5822437500000001 0.37163124883720927 0.566866665625 0.35114687441860465 0.569941665625 0.331270311627907 0.5736895843750001 0.33123906279069765 0.5803208343749999 0.3326812488372093 0.588010415625 0.34681874883720926 0.5849354156250001 0.3621109372093024 0.584166665625
2 0.447154688372093 0.568716665625 0.46042656279069766 0.5675625 0.46273437441860465 0.5637187499999999 0.4615812488372093 0.5494958343749999 0.44340312558139533 0.552185415625 0.42169375116279073 0.5538062499999999 0.4211875 0.5629500000000001 0.4229187511627907 0.571791665625 0.43561406279069764 0.5706395843750001 0.447154688372093 0.568716665625
2 0.5416343744186046 0.618360415625 0.557792188372093 0.617975 0.558657811627907 0.610670834375 0.558657811627907 0.601829165625 0.5396156255813953 0.604904165625 0.517829688372093 0.604147915625 0.5176875 0.612208334375 0.5188406255813953 0.622204165625 0.529804688372093 0.6195125 0.5416343744186046 0.618360415625
6 0.3707906255813953 0.606214584375 0.3702140627906977 0.5939125 0.3540562511627907 0.595066665625 0.33825 0.5969562500000001 0.339342188372093 0.603908334375 0.3399187511627907 0.609289584375 0.35319062558139536 0.606983334375 0.3707906255813953 0.606214584375
6 0.4593187488372093 0.580304165625 0.44200625116279074 0.58145625 0.4270875 0.582995834375 0.42815781162790695 0.596064584375 0.44489218837209304 0.595295834375 0.4593187488372093 0.594141665625 0.4593187488372093 0.580304165625
6 0.5558718744186046 0.630289584375 0.5232234372093023 0.6341833343750001 0.5238453116279069 0.644895834375 0.539425 0.644127084375 0.5564484372093024 0.64374375 0.5558718744186046 0.630289584375
0 0.5245031255813953 0.660704165625 0.5250812511627907 0.672235415625 0.5562406255813953 0.671083334375 0.5545109372093023 0.6595500000000001 0.5245031255813953 0.660704165625
0 0.43015624883720927 0.6118812499999999 0.4302609372093023 0.6219166656249999 0.4610281255813954 0.620722915625 0.4610281255813954 0.6080375 0.43015624883720927 0.6118812499999999
0 0.37145 0.622985415625 0.341154688372093 0.6260625 0.34142343720930235 0.6367229156249999 0.35817656279069765 0.6356729156250001 0.37231562558139536 0.6352875 0.37145 0.622985415625
5 0.36250468837209304 0.646435415625 0.34144218837209306 0.6468208343749999 0.342375 0.6591437499999999 0.37231562558139536 0.656045834375 0.3711609372093023 0.644897915625 0.36250468837209304 0.646435415625
5 0.4310687511627907 0.6308312500000001 0.4321640627906977 0.64010625 0.4616515627906977 0.63775 0.46020937441860466 0.6281395843750001 0.4310687511627907 0.6308312500000001
5 0.5549218744186046 0.678354165625 0.5468437511627907 0.67950625 0.5254937488372093 0.679891665625 0.5257609372093023 0.691716665625 0.5384765627906977 0.690654165625 0.5572312488372093 0.689502084375 0.5549218744186046 0.678354165625
1 0.554120311627907 0.721564584375 0.5624875 0.7204125 0.5630640627906977 0.7150291656250001 0.5624875 0.7061875 0.5382515627906976 0.70695625 0.5213187511627907 0.7077916656250001 0.5212281255813953 0.715414584375 0.522382811627907 0.7227187500000001 0.5405593744186047 0.72118125 0.554120311627907 0.721564584375
1 0.45830937441860464 0.67078125 0.4681187511627907 0.6688583343750001 0.46869531162790695 0.663091665625 0.46840781162790696 0.65425 0.4519609372093023 0.656172915625 0.4270875 0.6582958343749999 0.42685937441860466 0.6642458343750001 0.4283031255813953 0.67231875 0.439554688372093 0.672702084375 0.45830937441860464 0.67078125
1 0.37088593720930235 0.6864625 0.379829688372093 0.6845416656250001 0.37954218837209297 0.677620834375 0.3781 0.669164584375 0.35270937441860467 0.672625 0.33761562558139535 0.67521875 0.33741718837209306 0.683772915625 0.3391484372093024 0.690691665625 0.3570375 0.688385415625 0.37088593720930235 0.6864625