2 0.38159374883720926 0.631704165625 0.3525984372093023 0.6360812499999999 0.34302343720930234 0.637539584375 0.34603281162790694 0.651764584375 0.35943749999999997 0.648845834375 0.38296093720930235 0.644833334375 0.38159374883720926 0.631704165625
2 0.44067968837209304 0.624045834375 0.4409531255813954 0.641552084375 0.48034375116279066 0.636445834375 0.4792484372093023 0.620033334375 0.44067968837209304 0.624045834375
2 0.5246578116279069 0.631704165625 0.5249312511627907 0.644833334375 0.5613125 0.6452 0.562132811627907 0.6302458343749999 0.5246578116279069 0.631704165625
0 0.35040937441860465 0.686047915625 0.350682811627907 0.6980833343749999 0.38296093720930235 0.6980833343749999 0.38214062558139533 0.683860415625 0.35040937441860465 0.686047915625
0 0.4472437488372093 0.679847915625 0.446970311627907 0.6944375 0.478154688372093 0.688966665625 0.47733437441860466 0.676564584375 0.4472437488372093 0.679847915625
0 0.5284875 0.687141665625 0.5284875 0.700272915625 0.5593968744186046 0.699179165625 0.5591234372093024 0.6882375 0.5284875 0.687141665625
5 0.352325 0.709025 0.352325 0.719966665625 0.38268749999999996 0.715591665625 0.38214062558139533 0.70465 0.352325 0.709025
5 0.4483390627906977 0.7013666656249999 0.44806562558139534 0.71194375 0.47733437441860466 0.708295834375 0.4778812488372093 0.698814584375 0.4483390627906977 0.7013666656249999
5 0.5301281255813953 0.7053791656249999 0.529307811627907 0.716685415625 0.5596703116279069 0.716320834375 0.5599437488372093 0.705014584375 0.5301281255813953 0.7053791656249999
6 0.38104687441860463 0.66270625 0.3744812511627907 0.660516665625 0.364907811627907 0.655410415625 0.3539656255813953 0.660516665625 0.34931562558139534 0.66088125 0.3487687488372093 0.675835415625 0.362445311627907 0.675835415625 0.3799531255813953 0.6740125 0.38104687441860463 0.66270625
6 0.4456031255813953 0.651764584375 0.4458765627906977 0.664164584375 0.47733437441860466 0.66270625 0.4770609372093023 0.6528583343750001 0.4456031255813953 0.651764584375
6 0.526579688372093 0.6577416656249999 0.5279468744186047 0.6719666656250001 0.5580375 0.668685415625 0.557217188372093 0.656647915625 0.526579688372093 0.6577416656249999
1 0.388782811627907 0.735485415625 0.36643906279069766 0.73958125 0.3496812488372093 0.740325 0.3502390627906977 0.754477084375 0.3683937488372093 0.7522416656249999 0.38934062558139537 0.74851875 0.388782811627907 0.735485415625
1 0.4843031255813954 0.7272916656249999 0.4627968744186047 0.72878125 0.44520156279069767 0.7280375 0.44492187441860465 0.743677084375 0.46251718837209305 0.7418145843749999 0.48458124883720927 0.741070834375 0.4843031255813954 0.7272916656249999
1 0.5622265627906976 0.736229165625 0.5390453116279069 0.73585625 0.5256390627906977 0.735485415625 0.5256390627906977 0.748891665625 0.5477031255813953 0.749635415625 0.5633437511627907 0.7492625 0.5622265627906976 0.736229165625