2 0.49131718837209304 0.580914584375 0.49131718837209304 0.5664041656250001 0.451695311627907 0.5679270843750001 0.45266875116279065 0.582766665625 0.474192188372093 0.580914584375 0.49131718837209304 0.580914584375
2 0.5556515627906977 0.552204165625 0.5549843744186047 0.5679270843750001 0.5945312511627907 0.5685666656249999 0.593604688372093 0.5531312500000001 0.5556515627906977 0.552204165625
2 0.6887187488372093 0.566095834375 0.6889515627906977 0.555291665625 0.6481468744186046 0.556354165625 0.6496093744186046 0.573814584375 0.664420311627907 0.5716520843749999 0.6887187488372093 0.566095834375
6 0.48784531162790695 0.593570834375 0.45777031162790693 0.5933875 0.457529688372093 0.6074625 0.4885390627906977 0.607770834375 0.48784531162790695 0.593570834375
6 0.5901343744186046 0.581222915625 0.5584562488372093 0.580270834375 0.5588921883720931 0.595114584375 0.5901343744186046 0.595422915625 0.5901343744186046 0.581222915625
6 0.685017188372093 0.580914584375 0.6536437488372093 0.5849 0.6556265627906976 0.5960395843749999 0.6857109372093023 0.595114584375 0.685017188372093 0.580914584375
0 0.48969687441860466 0.624441665625 0.45863906279069766 0.6234770843749999 0.45799218837209305 0.6349375 0.48969687441860466 0.63895 0.48969687441860466 0.624441665625
0 0.589670311627907 0.608697915625 0.5591234372093024 0.6093145843750001 0.5575031255813954 0.621045834375 0.589670311627907 0.621354165625 0.589670311627907 0.608697915625
0 0.686404688372093 0.625058334375 0.6868687511627907 0.611475 0.6562484372093023 0.613833334375 0.6549312488372092 0.624133334375 0.663957811627907 0.624441665625 0.686404688372093 0.625058334375
5 0.48946562558139534 0.655929165625 0.48946562558139534 0.6441979156250001 0.45863906279069766 0.644308334375 0.45855937441860467 0.654385415625 0.46909999999999996 0.653152084375 0.48946562558139534 0.655929165625
5 0.5585343744186047 0.629072915625 0.5590343744186047 0.63929375 0.5893140627906976 0.638952084375 0.5897765627906977 0.629072915625 0.5585343744186047 0.629072915625
5 0.687395311627907 0.6293 0.6562484372093023 0.632735415625 0.6556906255813955 0.644735415625 0.6885531255813954 0.642266665625 0.687395311627907 0.6293
1 0.49600937441860465 0.6657270843750001 0.455745311627907 0.6666833343749999 0.45689843720930234 0.6864104156249999 0.4953156255813953 0.684558334375 0.49600937441860465 0.6657270843750001
1 0.592975 0.651527084375 0.5552734372093023 0.653952084375 0.5554843744186047 0.671283334375 0.594132811627907 0.670975 0.592975 0.651527084375
1 0.6943375 0.656466665625 0.6524859372093024 0.65858125 0.6556906255813955 0.6752979156250001 0.695032811627907 0.6722104156250001 0.6943375 0.656466665625