2 0.4556390627906977 0.260204165625 0.4550734372093023 0.27755 0.49749687441860463 0.277172915625 0.49693125116279074 0.256810415625 0.4556390627906977 0.260204165625
2 0.557457811627907 0.247004165625 0.5577406255813954 0.265483334375 0.6001640627906977 0.26284375 0.5995984372093024 0.24285625 0.557457811627907 0.247004165625
2 0.6527718744186047 0.249266665625 0.653054688372093 0.270008334375 0.694629688372093 0.26284375 0.6940640627906977 0.245872915625 0.6527718744186047 0.249266665625
6 0.4595984372093023 0.2866 0.4593156255813953 0.3020625 0.49240624883720935 0.301685415625 0.493254688372093 0.285091665625 0.4595984372093023 0.2866
6 0.5617 0.27377916562500004 0.5611343744186046 0.29075 0.594225 0.28999375 0.594225 0.272647915625 0.5617 0.27377916562500004
6 0.6581453116279069 0.276795834375 0.6587109372093023 0.29338958437499996 0.69265 0.289239584375 0.6912359372093023 0.27302499999999996 0.6581453116279069 0.276795834375
0 0.460729688372093 0.31526041562499996 0.461295311627907 0.33223125 0.4949515627906977 0.331854165625 0.4952343744186047 0.316391665625 0.460729688372093 0.31526041562499996
0 0.5617 0.3020625 0.5617 0.31903125 0.593942188372093 0.31676875 0.593942188372093 0.3020625 0.5617 0.3020625
0 0.6598421883720931 0.301685415625 0.660125 0.319408334375 0.692932811627907 0.317145834375 0.692367188372093 0.2998 0.6598421883720931 0.301685415625
5 0.6609734372093022 0.325066665625 0.6612562511627907 0.34015 0.69265 0.336002084375 0.6920843744186046 0.32129375 0.6609734372093022 0.325066665625
5 0.561982811627907 0.323933334375 0.5622656255813954 0.337133334375 0.594507811627907 0.33449375 0.5936593744186046 0.321670834375 0.561982811627907 0.323933334375
5 0.4615781255813953 0.337133334375 0.461295311627907 0.3514625 0.4952343744186047 0.349954165625 0.4952343744186047 0.33637916562500003 0.4615781255813953 0.337133334375
1 0.45846718837209305 0.36579375000000003 0.45818437441860466 0.38125416562500003 0.5025890627906976 0.380122915625 0.500892188372093 0.364285415625 0.45846718837209305 0.36579375000000003
1 0.5577406255813954 0.348445834375 0.557457811627907 0.36767916562499997 0.601295311627907 0.366925 0.601295311627907 0.348822915625 0.5577406255813954 0.348445834375
1 0.6572968744186046 0.351839584375 0.6578625 0.371827084375 0.7017 0.36767916562499997 0.7002859372093023 0.3469375 0.6572968744186046 0.351839584375