1 0.43053281162790696 0.416522915625 0.430132811627907 0.404227084375 0.38889062558139537 0.40762708437499995 0.39366406279069766 0.41919583437499996 0.416907811627907 0.418127084375 0.43053281162790696 0.416522915625
1 0.49825937441860463 0.193604165625 0.49906093720930234 0.18398125 0.4826312511627907 0.17863541562500002 0.46018906279069766 0.18291249999999998 0.45898593720930236 0.194139584375 0.4854359372093023 0.192 0.49825937441860463 0.193604165625
1 0.5475515627906976 0.469445834375 0.5091343744186047 0.465745834375 0.5078781255813953 0.4801375 0.54675 0.48120624999999995 0.5475515627906976 0.469445834375
5 0.428929688372093 0.434697915625 0.39640468837209303 0.437689584375 0.39887500000000004 0.445925 0.4273281255813953 0.44645833437500004 0.428929688372093 0.434697915625
5 0.4641968744186047 0.21498750000000003 0.464042188372093 0.22592500000000001 0.49385156279069764 0.22728333437499998 0.49385156279069764 0.21498750000000003 0.4641968744186047 0.21498750000000003
5 0.542742188372093 0.5143500000000001 0.542342188372093 0.49938333437500004 0.512642188372093 0.49847916562499994 0.5114843744186046 0.511677084375 0.5263125000000001 0.51114375 0.542742188372093 0.5143500000000001
0 0.486595311627907 0.23388749999999997 0.4713937511627907 0.23304375 0.46442656279069766 0.23388749999999997 0.463792188372093 0.24698541562499998 0.48247812558139536 0.244027084375 0.49451406279069765 0.246139584375 0.4951468744186046 0.236422915625 0.486595311627907 0.23388749999999997
6 0.4951468744186046 0.25965833437499997 0.4649375 0.2609125 0.46442656279069766 0.273602084375 0.4951468744186046 0.273602084375 0.4951468744186046 0.25965833437499997
2 0.49958125116279073 0.28712083437499997 0.461770311627907 0.285197915625 0.46030781162790696 0.30190833437500003 0.4989484372093024 0.304020834375 0.49958125116279073 0.28712083437499997
0 0.4288515627906977 0.45515416562500005 0.3983656255813954 0.45545208437499995 0.3976984372093023 0.46732500000000005 0.4284062488372093 0.465245834375 0.4288515627906977 0.45515416562500005
0 0.54345 0.5183791656250001 0.5122968744186046 0.5186770843749999 0.5120750000000001 0.5353 0.544117188372093 0.533220834375 0.54345 0.5183791656250001
6 0.43040937441860466 0.482166665625 0.3992687511627907 0.48302500000000004 0.39970156279069763 0.497602084375 0.430854688372093 0.49255625 0.43040937441860466 0.482166665625
6 0.5436718744186047 0.561122915625 0.5432265627906977 0.541235415625 0.5127421883720931 0.541235415625 0.5122968744186046 0.562608334375 0.5329906255813953 0.5623104156250001 0.5436718744186047 0.561122915625
2 0.43641718837209303 0.5035375 0.4188375 0.507989584375 0.3959187511627907 0.509770834375 0.3990343744186046 0.52401875 0.43597187441860463 0.520754165625 0.43641718837209303 0.5035375
2 0.5467140627906977 0.5701937499999999 0.5069562488372092 0.5715125 0.5085140627906977 0.584572915625 0.547454688372093 0.585166665625 0.5467140627906977 0.5701937499999999