1 0.3920937511627907 0.633258334375 0.37385312558139533 0.640085415625 0.3530531255813954 0.6409374999999999 0.3549734372093023 0.656297915625 0.37385312558139533 0.653739584375 0.39273437441860465 0.648191665625 0.3920937511627907 0.633258334375
1 0.522775 0.623152084375 0.504854688372093 0.62699375 0.48597343720930236 0.62741875 0.48693437441860465 0.640645834375 0.5029343744186047 0.641072915625 0.523095311627907 0.63680625 0.522775 0.623152084375
1 0.648942188372093 0.617022915625 0.6111812488372093 0.620008334375 0.6121406255813953 0.633235415625 0.6313421883720931 0.634516665625 0.649582811627907 0.63025 0.648942188372093 0.617022915625
5 0.3907968744186046 0.6656854156249999 0.37799687441860463 0.670379165625 0.3619968744186047 0.671658334375 0.3626359372093023 0.682325 0.37799687441860463 0.679766665625 0.39239687441860466 0.6733666656249999 0.3907968744186046 0.6656854156249999
5 0.522017188372093 0.6547270843749999 0.4922562488372093 0.6577124999999999 0.49193593720930234 0.669233334375 0.5079359372093023 0.6658208343750001 0.5223375 0.663260415625 0.522017188372093 0.6547270843749999
5 0.6165203116279069 0.6524354156250001 0.6168406255813953 0.664810415625 0.6478812488372093 0.660116665625 0.6475609372093024 0.649022915625 0.6165203116279069 0.6524354156250001
0 0.3937781255813953 0.690275 0.39473906279069765 0.68216875 0.38577812558139535 0.689422915625 0.3643375 0.6898500000000001 0.3643375 0.701795834375 0.3780984372093023 0.700089584375 0.3873781255813954 0.697102084375 0.3937781255813953 0.690275
0 0.522775 0.680889584375 0.5224546883720931 0.673208334375 0.5051749999999999 0.676622915625 0.49205468837209304 0.677047915625 0.4910937488372093 0.6868624999999999 0.5032546883720931 0.688995834375 0.5138140627906976 0.683875 0.522775 0.680889584375
0 0.6470390627906977 0.6697729156250001 0.6172781255813954 0.672333334375 0.6172781255813954 0.685133334375 0.6291187511627908 0.683854165625 0.6486390627906977 0.68129375 0.6470390627906977 0.6697729156250001
6 0.39527656279069767 0.7109125 0.37863749999999996 0.7164604156250001 0.3693562511627907 0.7173125 0.3645562488372093 0.7151791656250001 0.3664765627906977 0.73438125 0.3757562488372093 0.727554165625 0.396557811627907 0.720727084375 0.39527656279069767 0.7109125
6 0.5188 0.709183334375 0.525520311627907 0.709183334375 0.5252 0.7023583343750001 0.5082406255813953 0.706197915625 0.49415937441860464 0.703210415625 0.4948 0.7189979156249999 0.504079688372093 0.71771875 0.514320311627907 0.714304165625 0.5188 0.709183334375
6 0.6306843744186046 0.707927084375 0.6358046883720929 0.7104874999999999 0.650845311627907 0.707927084375 0.650845311627907 0.692566665625 0.6319656255813954 0.69341875 0.620125 0.6891520843750001 0.619804688372093 0.7083541656250001 0.6230046883720931 0.703233334375 0.627804688372093 0.703660415625 0.6306843744186046 0.707927084375
2 0.40159374883720933 0.7331000000000001 0.3833531255813954 0.741633334375 0.3622312488372093 0.7450479156250001 0.3638328116279069 0.756141665625 0.38527187441860467 0.754860415625 0.4025531255813954 0.7463270843750001 0.40159374883720933 0.7331000000000001
2 0.5321234372093023 0.724566665625 0.5087625 0.7296875 0.4930812488372093 0.728833334375 0.49340156279069763 0.746754165625 0.5119625 0.745475 0.5318031255813953 0.739927084375 0.5321234372093023 0.724566665625
2 0.6546015627906977 0.730247915625 0.6549218744186046 0.716595834375 0.6338 0.724275 0.615879688372093 0.720435415625 0.6155609372093023 0.734089584375 0.6296406255813953 0.73835625 0.6392406255813954 0.73835625 0.6546015627906977 0.730247915625