1 0.516632811627907 0.8229875 0.4980187511627907 0.82645 0.4739125 0.823191665625 0.4745234372093023 0.840502084375 0.48795 0.841520834375 0.5160218744186047 0.840297915625 0.516632811627907 0.8229875
1 0.575370311627907 0.784497915625 0.5346343744186047 0.784089584375 0.533567188372093 0.802622915625 0.5534015627906976 0.801808334375 0.5755234372093023 0.8007895843749999 0.575370311627907 0.784497915625
1 0.6522656255813953 0.745804165625 0.6298375 0.748452084375 0.610767188372093 0.746008334375 0.6104609372093023 0.761891665625 0.6260234372093024 0.763114584375 0.6524171883720931 0.76331875 0.6522656255813953 0.745804165625
5 0.512245311627907 0.855077084375 0.47959531162790703 0.8571145843749999 0.48005312558139535 0.8675 0.49988750000000004 0.8679083343749999 0.512092188372093 0.865870834375 0.512245311627907 0.855077084375
5 0.5708312488372093 0.81618125 0.5390968744186047 0.8176062500000001 0.5390968744186047 0.830029165625 0.555575 0.8296208343749999 0.5708312488372093 0.82738125 0.5708312488372093 0.81618125
5 0.6484890627906977 0.781966665625 0.6153812511627907 0.782579165625 0.616754688372093 0.793983334375 0.6324687488372094 0.794797915625 0.6483359372093023 0.7929645843750001 0.6484890627906977 0.781966665625
0 0.51215 0.8739625 0.47827968837209306 0.873554165625 0.47995781162790696 0.8872 0.49613124883720927 0.8859770843750001 0.51215 0.88414375 0.51215 0.8739625
0 0.5715 0.834454165625 0.5381218744186046 0.8350125 0.53885 0.8493208343750001 0.5542593744186047 0.8478937500000001 0.5719578116279069 0.8468770843750001 0.5715 0.834454165625
0 0.6482406255813954 0.798408334375 0.6340515627906977 0.8024812499999999 0.613607811627907 0.8014625000000001 0.6148281255813954 0.8181625 0.6316109372093023 0.817754165625 0.647782811627907 0.81714375 0.6482406255813954 0.798408334375
6 0.511557811627907 0.899802084375 0.4973687488372093 0.9044874999999999 0.4799765627906977 0.8996000000000001 0.478907811627907 0.9156875 0.492945311627907 0.915891665625 0.5106421883720931 0.916297915625 0.511557811627907 0.899802084375
6 0.57045 0.8619249999999999 0.5376468744186046 0.85948125 0.5385624999999999 0.8761791656250001 0.5461906255813953 0.878216665625 0.5706015627906977 0.875364584375 0.57045 0.8619249999999999
6 0.646992188372093 0.8232625 0.6324984372093023 0.8307979156249999 0.6158687488372092 0.826725 0.6152578116279069 0.843627084375 0.6324984372093023 0.843627084375 0.6483656255813953 0.83894375 0.646992188372093 0.8232625
2 0.5147156255813954 0.9260375 0.49846718837209303 0.931129165625 0.475125 0.928889584375 0.47558125116279065 0.941922915625 0.48946562558139534 0.94660625 0.5158593744186046 0.944366665625 0.5147156255813954 0.9260375
2 0.574967188372093 0.8837375 0.561542188372093 0.889847915625 0.5339265627906977 0.888625 0.5328593744186046 0.906545834375 0.552082811627907 0.9071583343749999 0.5761890627906977 0.905120834375 0.574967188372093 0.8837375
2 0.6529296883720931 0.8493208343750001 0.635079688372093 0.8558375 0.6105156255813954 0.8517645843749999 0.610057811627907 0.86948125 0.6277562488372093 0.8682604156249999 0.6532359372093024 0.8647979156250001 0.6529296883720931 0.8493208343750001