1 0.4823281255813954 0.8930624999999999 0.4917609372093023 0.891585415625 0.49203749999999996 0.8864104156250001 0.49120625116279065 0.8764291656250001 0.47261875116279073 0.878647915625 0.46068906279069766 0.8801249999999999 0.45123593720930233 0.8794770843749999 0.4501468744186046 0.8864104156250001 0.45153437441860467 0.893802084375 0.466792188372093 0.894172915625 0.4823281255813954 0.8930624999999999
1 0.5834687511627906 0.879239584375 0.5909593744186046 0.87813125 0.5912359372093023 0.872216665625 0.5912359372093023 0.864454165625 0.5668234372093024 0.8651937500000001 0.550995311627907 0.864020834375 0.550732811627907 0.868889584375 0.5515640627906977 0.8785000000000001 0.5673781255813953 0.8796083343750001 0.5834687511627906 0.879239584375
1 0.6781390627906977 0.8801666656249999 0.6920109372093023 0.87831875 0.693120311627907 0.87314375 0.6925656255813953 0.863533334375 0.67065 0.866858334375 0.650754688372093 0.8656479156250001 0.651229688372093 0.872033334375 0.6520609372093024 0.882014584375 0.6639906255813953 0.882014584375 0.6781390627906977 0.8801666656249999
5 0.454592188372093 0.8510041656249999 0.4548562511627907 0.8620104156249999 0.48592812558139536 0.86053125 0.48592812558139536 0.851289584375 0.454592188372093 0.8510041656249999
5 0.555267188372093 0.8355479156250001 0.5558765627906977 0.84538125 0.586670311627907 0.844272915625 0.5863937488372093 0.8346625 0.555267188372093 0.8355479156250001
5 0.6855609372093023 0.8367687500000001 0.6544156255813954 0.840020834375 0.6547656255813953 0.8493354156249999 0.6691921883720929 0.8482270843749999 0.6861156255813954 0.846379165625 0.6855609372093023 0.8367687500000001
0 0.48618593720930237 0.830185415625 0.46676562558139534 0.832033334375 0.4542875 0.830666665625 0.4551140627906977 0.840904165625 0.4648234372093023 0.8427541656249999 0.4856312488372093 0.8427541656249999 0.48618593720930237 0.830185415625
0 0.5549609372093024 0.8160229156250001 0.5559687511627907 0.8275708343750001 0.5862078116279069 0.827939584375 0.5864859372093023 0.8161125 0.5549609372093024 0.8160229156250001
0 0.685795311627907 0.8155583343749999 0.653195311627907 0.8176500000000001 0.6536140627906978 0.8292354156249999 0.6647109372093023 0.8296041656250001 0.6855171883720931 0.828864584375 0.685795311627907 0.8155583343749999
6 0.45276249999999996 0.800970834375 0.4537609372093023 0.813295834375 0.484832811627907 0.812558334375 0.48455468837209303 0.801097915625 0.45276249999999996 0.800970834375
6 0.5870937488372093 0.78701875 0.555267188372093 0.7883625000000001 0.5557437488372092 0.8014354156250001 0.5668406255813954 0.8010645843749999 0.5876484372093024 0.8014354156250001 0.5870937488372093 0.78701875
6 0.684204688372093 0.788902084375 0.651670311627907 0.7912104156249999 0.6517453116279069 0.8036875 0.6639531255813953 0.802947915625 0.684204688372093 0.801470834375 0.684204688372093 0.788902084375
2 0.48742812558139537 0.7881604156249999 0.4885375 0.780027084375 0.4882609372093023 0.773004165625 0.46384687441860467 0.7737437500000001 0.44757499999999995 0.77453125 0.44803437441860466 0.783354165625 0.450807811627907 0.790377084375 0.46745312558139535 0.78926875 0.48742812558139537 0.7881604156249999
2 0.5897734372093023 0.775889584375 0.5903281255813954 0.7692354156250001 0.5917156255813953 0.759625 0.563695311627907 0.760364584375 0.5513015627906976 0.75948125 0.550932811627907 0.7651687500000001 0.5534296883720929 0.77551875 0.569520311627907 0.776997915625 0.5897734372093023 0.775889584375
2 0.6720109372093023 0.7787 0.6847734372093024 0.777220834375 0.6861609372093023 0.772045834375 0.6864374999999999 0.760216665625 0.6689593744186046 0.76354375 0.644957811627907 0.76476875 0.6451015627906976 0.769458334375 0.6470437511627907 0.7805479156249999 0.6589718744186047 0.7805479156249999 0.6720109372093023 0.7787