1 0.5007453116279069 0.09456250000000001 0.483625 0.0912625 0.460675 0.09138125 0.4598484372093023 0.10775625 0.4986531255813953 0.11054583437500001 0.5007453116279069 0.09456250000000001
5 0.49579843720930233 0.138204165625 0.49560937441860464 0.126279165625 0.47164218837209304 0.123741665625 0.46519218837209303 0.127210415625 0.4653656255813953 0.1354125 0.4748765627906977 0.133129165625 0.49579843720930233 0.138204165625
0 0.49579843720930233 0.14479999999999998 0.48457656279069766 0.143785415625 0.465175 0.142770834375 0.464795311627907 0.155458334375 0.49560937441860464 0.156979165625 0.49579843720930233 0.14479999999999998
6 0.49598906279069765 0.171302084375 0.47221250000000003 0.171554165625 0.4649859372093023 0.172570834375 0.466317188372093 0.187539584375 0.49637031162790696 0.187539584375 0.49598906279069765 0.171302084375
2 0.5015062488372093 0.214689584375 0.49998437441860466 0.197435415625 0.47088124883720933 0.197435415625 0.4617515627906976 0.1992125 0.4609906255813953 0.213675 0.48552812558139535 0.213675 0.5015062488372093 0.214689584375
1 0.432454688372093 0.31651666562499997 0.3917109372093023 0.317770834375 0.3925093744186047 0.331233334375 0.4328343744186047 0.330470834375 0.432454688372093 0.31651666562499997
1 0.509870311627907 0.378172915625 0.5093 0.392635415625 0.5501953116279069 0.39314375 0.550004688372093 0.379189584375 0.509870311627907 0.378172915625
5 0.42902968837209304 0.347472915625 0.3981312511627907 0.349160415625 0.3978359372093023 0.35914375 0.42902968837209304 0.358635415625 0.42902968837209304 0.347472915625
5 0.544107811627907 0.41268125 0.513467188372093 0.412575 0.5129140627906976 0.423085415625 0.544679688372093 0.425114584375 0.544107811627907 0.41268125
0 0.4303625 0.36599375 0.4001187511627907 0.368025 0.400307811627907 0.377666665625 0.4303625 0.37741250000000004 0.4303625 0.36599375
0 0.544679688372093 0.445920834375 0.544679688372093 0.431710415625 0.5161468744186046 0.43095 0.513675 0.431458334375 0.514245311627907 0.44465208437500003 0.544679688372093 0.445920834375
6 0.430932811627907 0.405814584375 0.43112343720930235 0.395410415625 0.40122343720930237 0.395135415625 0.4005 0.4091125 0.412292188372093 0.40962083437499996 0.430932811627907 0.405814584375
6 0.5443 0.47584375 0.5454406255813954 0.45377083437500004 0.513704688372093 0.45379375 0.5138656255813954 0.47584375 0.533457811627907 0.47406875 0.5443 0.47584375
2 0.4372109372093023 0.4185 0.4267484372093023 0.42053124999999997 0.39802656279069765 0.421291665625 0.39726562558139533 0.434233334375 0.43606875116279076 0.432710415625 0.4372109372093023 0.4185
2 0.5397343744186046 0.498935415625 0.5494359372093023 0.49386041562500005 0.5503859372093023 0.48371041562499995 0.539925 0.48371041562499995 0.5102515627906977 0.48421875 0.5108218744186046 0.497666665625 0.5188109372093024 0.4974125 0.5397343744186046 0.498935415625