2 0.367304688372093 0.8172124999999999 0.36700468837209305 0.8104166656249999 0.3460015627906977 0.8148145843749999 0.3263734372093023 0.81705625 0.32679687441860467 0.8316062499999999 0.3460015627906977 0.83000625 0.366404688372093 0.824808334375 0.367304688372093 0.8172124999999999
2 0.4514375 0.8123791656250001 0.45773749999999996 0.8099812500000001 0.4589390627906977 0.790789584375 0.4409343744186046 0.7967875 0.4174437488372093 0.7981374999999999 0.416929688372093 0.8051833343749999 0.42052968837209304 0.8167770843750001 0.43403281162790697 0.8159770843749999 0.4514375 0.8123791656250001
2 0.548195311627907 0.863172915625 0.5553968744186046 0.860772915625 0.5565968744186046 0.854377084375 0.5562968744186046 0.8447812499999999 0.538292188372093 0.848779165625 0.5164343744186046 0.8487333343750001 0.5157875 0.8563750000000001 0.5178875 0.864770834375 0.5328921883720931 0.863970834375 0.548195311627907 0.863172915625
6 0.5524531255813954 0.873775 0.522445311627907 0.876572915625 0.5223734372093023 0.88876875 0.54225 0.88776875 0.5539531255813954 0.8857687500000001 0.5524531255813954 0.873775
6 0.45565 0.82146875 0.437045311627907 0.826266665625 0.4237140627906977 0.824535415625 0.4241437488372093 0.839860415625 0.43554531162790694 0.840658334375 0.45595 0.837060415625 0.45565 0.82146875
6 0.36472187441860465 0.835820834375 0.3521187488372093 0.837420834375 0.332642188372093 0.8390541656250001 0.3335140627906977 0.8538125000000001 0.34671718837209303 0.850214584375 0.36442187441860463 0.849014584375 0.36472187441860465 0.835820834375
0 0.33411406279069766 0.869804165625 0.33495156279069765 0.8817291656249999 0.36592187441860463 0.8789999999999999 0.36532187441860464 0.8682062500000001 0.33411406279069766 0.869804165625
0 0.4561031255813954 0.8502562499999999 0.4432 0.8534541656249999 0.4263531255813953 0.8531333343749999 0.42639687441860463 0.868647915625 0.44260000000000005 0.866247915625 0.4576031255813953 0.86265 0.4561031255813954 0.8502562499999999
0 0.5230343744186047 0.9032875 0.5238062488372093 0.91663125 0.5547140627906977 0.9142312499999999 0.5547140627906977 0.9010374999999999 0.5230343744186047 0.9032875
5 0.5550140627906976 0.921429165625 0.5430109372093023 0.9238270843749999 0.5238062488372093 0.9242270843749999 0.5240234372093023 0.934525 0.5415109372093023 0.933822915625 0.5559140627906977 0.9326229156249999 0.5550140627906976 0.921429165625
5 0.45629218837209307 0.8698541656250001 0.4271859372093023 0.8738520843750001 0.42800312558139536 0.8839291656249999 0.4487906255813954 0.881847915625 0.4583937511627907 0.8778499999999999 0.45629218837209307 0.8698541656250001
5 0.34721718837209303 0.8901249999999999 0.33521406279069765 0.8917249999999999 0.3355140627906977 0.90411875 0.36672031162790697 0.8973208343750001 0.366120311627907 0.887727084375 0.34721718837209303 0.8901249999999999
1 0.3565187511627907 0.932504165625 0.36522031162790697 0.930104165625 0.37332187441860465 0.92770625 0.37362187441860467 0.920510415625 0.37242187441860464 0.9133125 0.3571187511627907 0.9157125 0.34331562558139533 0.9193104156249999 0.331982811627907 0.918685415625 0.3325140627906977 0.9253083343749999 0.3340140627906977 0.9353020843750001 0.3424156255813954 0.9337041656249999 0.3565187511627907 0.932504165625
1 0.46454218837209305 0.9137124999999999 0.46454218837209305 0.8969208343749999 0.4474375 0.90051875 0.4237140627906977 0.900208334375 0.42463281162790695 0.9093145843749999 0.426132811627907 0.917310415625 0.45313906279069766 0.9169124999999999 0.46454218837209305 0.9137124999999999
1 0.5529531255813953 0.9651 0.562254688372093 0.9619 0.561354688372093 0.947908334375 0.54245 0.95070625 0.5200640627906976 0.9503625 0.520545311627907 0.957502084375 0.521445311627907 0.966697915625 0.53885 0.966697915625 0.5529531255813953 0.9651