1 0.5225312511627906 0.345889584375 0.48007343720930234 0.345660415625 0.48007343720930234 0.359427084375 0.5020749999999999 0.36103333437499996 0.5223593744186047 0.36103333437499996 0.5225312511627906 0.345889584375
1 0.5806312488372093 0.307114584375 0.5400640627906976 0.304360415625 0.5395484372093023 0.319733334375 0.5527843744186046 0.32042291562499997 0.5816625000000001 0.323633334375 0.5806312488372093 0.307114584375
1 0.6583265627906977 0.26673125 0.6156968744186047 0.26902499999999996 0.6160406255813954 0.285316665625 0.6361531255813954 0.283710415625 0.6598734372093024 0.28416874999999997 0.6583265627906977 0.26673125
5 0.517117188372093 0.379277084375 0.48445625116279073 0.37629375 0.4848 0.3875375 0.49803593720930234 0.3875375 0.5174609372093023 0.388225 0.517117188372093 0.379277084375
5 0.5776234372093023 0.339122915625 0.5437593744186047 0.336829165625 0.5441031255813954 0.350825 0.5662781255813953 0.3501375 0.5776234372093023 0.349679165625 0.5776234372093023 0.339122915625
5 0.6546312511627908 0.299658334375 0.6207687511627907 0.30310000000000004 0.6216281255813954 0.31526041562499996 0.642254688372093 0.312966665625 0.654975 0.313425 0.6546312511627908 0.299658334375
0 0.5184656255813954 0.39380833437499996 0.4835734372093023 0.39540416562499997 0.4849468744186046 0.407804165625 0.49955781162790697 0.40528125 0.5194968744186047 0.40551041562499995 0.5184656255813954 0.39380833437499996
0 0.5772531255813953 0.35686874999999996 0.5444218744186047 0.356408334375 0.5437343744186046 0.369716665625 0.5571421883720931 0.369029165625 0.5775968744186046 0.3694875 0.5772531255813953 0.35686874999999996
0 0.6539187511627907 0.32245 0.621429688372093 0.325204165625 0.6224609372093024 0.3385125 0.6384468744186046 0.33690625 0.6539187511627907 0.33759375 0.6539187511627907 0.32245
6 0.5177781255813954 0.4211125 0.4847562511627907 0.4222 0.48649374883720925 0.43602708437500004 0.5014484372093023 0.437175 0.5182937511627906 0.43878125 0.5177781255813954 0.4211125
6 0.5765656255813953 0.381189584375 0.5448109372093023 0.381533334375 0.5440781255813953 0.400233334375 0.5562828116279069 0.400233334375 0.5774250000000001 0.39564374999999996 0.5765656255813953 0.381189584375
6 0.6216015627906977 0.34654375000000004 0.6210859372093024 0.361916665625 0.6549499999999999 0.360997915625 0.6544343744186047 0.347002084375 0.6216015627906977 0.34654375000000004
2 0.5215593744186047 0.45117083437499994 0.48116562558139536 0.44841666562500004 0.4809937511627907 0.46401875 0.49319687441860466 0.46447916562499997 0.5229359372093023 0.465625 0.5215593744186047 0.45117083437499994
2 0.5812078116279069 0.40596875 0.540125 0.406658334375 0.5421875 0.42845625 0.5567984372093023 0.42707916562500003 0.582067188372093 0.42501249999999996 0.5812078116279069 0.40596875
2 0.657204688372093 0.374420834375 0.6161218744186047 0.373272915625 0.6176687488372092 0.388645834375 0.6358890627906977 0.385204165625 0.656517188372093 0.38658125 0.657204688372093 0.374420834375