2 0.4039859372093023 0.42291249999999997 0.4127234372093023 0.42166458437500004 0.41241093720930233 0.407527084375 0.39399843720930233 0.40960625000000006 0.37186718837209304 0.414908334375 0.37184218837209304 0.42166458437500004 0.37309062558139533 0.43039583437499995 0.39150312558139533 0.426654165625 0.4039859372093023 0.42291249999999997
2 0.5000781255813953 0.392175 0.5113125 0.38843125 0.51225 0.380116665625 0.5103765627906977 0.371385415625 0.49415 0.373464584375 0.470432811627907 0.379285415625 0.4710562511627907 0.387185415625 0.471992188372093 0.396333334375 0.48572343720930233 0.3955 0.5000781255813953 0.392175
2 0.6121375 0.454002084375 0.6243078116279069 0.453585415625 0.626492188372093 0.4490125 0.6271156255813953 0.43737083437499996 0.608392188372093 0.44028124999999996 0.586375 0.43883333437500005 0.5859234372093023 0.443191665625 0.5890437511627907 0.453170834375 0.5977812488372093 0.454002084375 0.6121375 0.454002084375
6 0.6220109372093023 0.465839584375 0.6073437488372092 0.46791875000000005 0.590492188372093 0.466254165625 0.5908437488372094 0.478370834375 0.6092156255813953 0.47997708437500003 0.6226343744186046 0.47664999999999996 0.6220109372093023 0.465839584375
6 0.5085875 0.401054165625 0.49267187441860466 0.403964584375 0.478032811627907 0.4051625 0.4792531255813954 0.41810208437499996 0.49142343720930237 0.418516665625 0.5095234372093024 0.41394374999999994 0.5085875 0.401054165625
6 0.41059843720930234 0.43107708437500003 0.3940593744186046 0.43648125000000004 0.37939218837209304 0.437314584375 0.3809 0.450041665625 0.397179688372093 0.444797915625 0.4121593744186047 0.44355 0.41059843720930234 0.43107708437500003
0 0.38222812558139535 0.468216665625 0.38339218837209305 0.47850208437499997 0.41374687441860464 0.474454165625 0.411875 0.463227084375 0.38222812558139535 0.468216665625
0 0.48038437441860465 0.435225 0.48145468837209304 0.448114584375 0.5129734372093023 0.4414625 0.511725 0.42857291562500005 0.48038437441860465 0.435225
0 0.6226140627906976 0.49164791562500004 0.6065234372093022 0.49608541562499997 0.5914984372093023 0.4950375 0.5911859372093023 0.50709375 0.6076328116279069 0.506804165625 0.6211437511627907 0.507510415625 0.6226140627906976 0.49164791562500004
5 0.6214875 0.511527084375 0.6056906255813954 0.5145666656250001 0.5902812488372092 0.512358334375 0.5906343744186047 0.5225208343750001 0.6051359372093024 0.524177084375 0.6218 0.524416665625 0.6214875 0.511527084375
5 0.5129515627906976 0.44857500000000006 0.498907811627907 0.451485415625 0.4820125 0.455104165625 0.483304688372093 0.465622915625 0.49297968837209305 0.464375 0.5145109372093023 0.45896875000000004 0.5129515627906976 0.44857500000000006
1 0.42321250000000005 0.5232249999999999 0.423525 0.5165729156250001 0.4222765627906977 0.507425 0.40230468837209304 0.5132458343749999 0.38210625116279073 0.514775 0.38233125116279065 0.5211458343750001 0.384204688372093 0.531541665625 0.40417656279069764 0.5277999999999999 0.42321250000000005 0.5232249999999999
1 0.5217140627906977 0.49023541562500006 0.5220265627906977 0.48441458437499996 0.5210906255813954 0.475266665625 0.49487656279069764 0.48025624999999994 0.4802312488372093 0.48297708437500003 0.4805218744186046 0.49023541562500006 0.4823937511627907 0.49855 0.5058 0.49480833437499994 0.5217140627906977 0.49023541562500006
1 0.6142765627906976 0.55898125 0.6255109372093023 0.555654165625 0.6261359372093023 0.546922915625 0.6258234372093023 0.538191665625 0.6149015627906976 0.5431812500000001 0.5958656255813953 0.54235 0.5844890627906977 0.540295834375 0.584942188372093 0.5485875 0.5865031255813954 0.55815 0.6005468744186047 0.5598124999999999 0.6142765627906976 0.55898125
5 0.41543593720930233 0.482672915625 0.3985843744186046 0.486414584375 0.383292188372093 0.48807708437499997 0.38459687441860463 0.499329165625 0.4057625 0.49473124999999996 0.4166843744186047 0.493483334375 0.41543593720930233 0.482672915625