1 0.391807811627907 0.734697915625 0.3925 0.71946875 0.37138750000000004 0.726852084375 0.3533890627906977 0.729620834375 0.3533890627906977 0.741158334375 0.37484843720930233 0.737466665625 0.391807811627907 0.734697915625
1 0.5229875 0.709777084375 0.4862984372093023 0.715777084375 0.4862984372093023 0.726852084375 0.5029125 0.7277750000000001 0.5243718744186047 0.723160415625 0.5229875 0.709777084375
1 0.6489750000000001 0.70193125 0.6095171883720931 0.707470834375 0.6102109372093023 0.719008334375 0.6302843744186047 0.719008334375 0.6507062511627908 0.7162375 0.6489750000000001 0.70193125
0 0.36100312558139536 0.77669375 0.36135 0.78869375 0.393192188372093 0.781308334375 0.393192188372093 0.772079165625 0.36100312558139536 0.77669375
0 0.49183750000000004 0.764233334375 0.491145311627907 0.774847915625 0.5233343744186046 0.767925 0.522295311627907 0.76008125 0.49183750000000004 0.764233334375
0 0.6167859372093024 0.7582333343750001 0.6174781255813954 0.7716166656250001 0.6475906255813954 0.768847915625 0.6489750000000001 0.755927084375 0.6167859372093024 0.7582333343750001
6 0.39423124883720934 0.798383334375 0.37484843720930233 0.804383334375 0.36411875116279074 0.8034604156249999 0.36550312558139536 0.819152084375 0.377617188372093 0.812689584375 0.39561562558139535 0.807614584375 0.39423124883720934 0.798383334375
6 0.5229875 0.7969999999999999 0.5240265627906977 0.7891541656250001 0.493567188372093 0.789616665625 0.493567188372093 0.8034604156249999 0.5091437488372094 0.801154165625 0.5160656255813953 0.795614584375 0.5229875 0.7969999999999999
6 0.6489750000000001 0.794691665625 0.649667188372093 0.779925 0.618170311627907 0.780847915625 0.618170311627907 0.792385415625 0.6250937511627908 0.7914625 0.6368609372093024 0.797460415625 0.6489750000000001 0.794691665625
5 0.36031093720930235 0.75961875 0.36100312558139536 0.7683875 0.390770311627907 0.761464584375 0.38938593720930237 0.7545416656249999 0.36031093720930235 0.75961875
5 0.49079843720930233 0.746235415625 0.492182811627907 0.752695834375 0.5202187511627907 0.749466665625 0.5202187511627907 0.7425437500000001 0.49079843720930233 0.746235415625
5 0.6458609372093024 0.735160415625 0.6164406255813955 0.7393125 0.6164406255813955 0.7503895843749999 0.6323625 0.74854375 0.6468984372093024 0.743466665625 0.6458609372093024 0.735160415625
2 0.4004609372093023 0.8196125000000001 0.38315468837209304 0.8306895843750001 0.3627343744186047 0.832072915625 0.36238750000000003 0.8440729156250001 0.3897312511627907 0.83991875 0.4028843744186047 0.8334583343749999 0.4004609372093023 0.8196125000000001
2 0.5306031255813953 0.8108437500000001 0.513642188372093 0.815460415625 0.49079843720930233 0.81730625 0.48941406279069766 0.8334583343749999 0.5108734372093023 0.8316125 0.5302562488372093 0.826535415625 0.5306031255813953 0.8108437500000001
2 0.6468984372093024 0.820535415625 0.6545140627906977 0.817766665625 0.6548593744186048 0.8039229156250001 0.6392843744186048 0.8085375000000001 0.627170311627907 0.811766665625 0.6154015627906977 0.808075 0.6150562511627907 0.821458334375 0.6254390627906977 0.82238125 0.6374312511627906 0.822622915625 0.6468984372093024 0.820535415625