1 0.41997343720930236 0.78395 0.41997343720930236 0.800464584375 0.45984218837209306 0.804077084375 0.45984218837209306 0.78653125 0.41997343720930236 0.78395
1 0.524095311627907 0.7798208343749999 0.524482811627907 0.796852084375 0.5666734372093023 0.796852084375 0.5659 0.7798208343749999 0.524095311627907 0.7798208343749999
1 0.6568609372093023 0.79736875 0.6568609372093023 0.8144 0.6982781255813953 0.8113020843750001 0.6971171883720931 0.794272915625 0.6568609372093023 0.79736875
5 0.663054688372093 0.8309145843750001 0.663442188372093 0.8438166656250001 0.6951812488372092 0.8402041656250001 0.6944078116279069 0.8278187499999999 0.663054688372093 0.8309145843750001
5 0.5302890627906977 0.809239584375 0.5302890627906977 0.823172915625 0.5620281255813954 0.82265625 0.5620281255813954 0.8107875 0.5302890627906977 0.809239584375
5 0.4234562488372093 0.8154312499999999 0.423070311627907 0.829883334375 0.4551968744186047 0.829883334375 0.455970311627907 0.815947915625 0.4234562488372093 0.8154312499999999
0 0.4234562488372093 0.834010415625 0.423070311627907 0.8474291656249999 0.45480937441860464 0.84588125 0.45442187441860465 0.8355604156249999 0.4234562488372093 0.834010415625
0 0.5302890627906977 0.829366665625 0.5299015627906977 0.84588125 0.5628031255813953 0.842785415625 0.5624156255813954 0.8278187499999999 0.5302890627906977 0.829366665625
0 0.6642156255813955 0.8510416656249999 0.6646031255813953 0.867041665625 0.696729688372093 0.863945834375 0.6959562511627907 0.8484624999999999 0.6642156255813955 0.8510416656249999
2 0.6618937511627907 0.9005875 0.663054688372093 0.9191666656249999 0.7040843744186046 0.914522915625 0.7029234372093023 0.8980062500000001 0.6618937511627907 0.9005875
6 0.6646031255813953 0.8747833343750001 0.6653765627906977 0.892845834375 0.696729688372093 0.88975 0.696342188372093 0.8753 0.6646031255813953 0.8747833343750001
6 0.5318375 0.8562041656250001 0.5318375 0.87375 0.5620281255813954 0.872202084375 0.5620281255813954 0.85671875 0.5318375 0.8562041656250001
6 0.4238437511627907 0.8593 0.42229531162790696 0.8768479156250001 0.45403593720930235 0.8768479156250001 0.45442187441860465 0.86033125 0.4238437511627907 0.8593
2 0.418425 0.8861375 0.418425 0.905233334375 0.45867968837209305 0.907297915625 0.459454688372093 0.88975 0.418425 0.8861375
2 0.527579688372093 0.880975 0.527579688372093 0.902135415625 0.5682218744186046 0.9026520843749999 0.5686093744186046 0.881491665625 0.527579688372093 0.880975