2 0.520032811627907 0.762433334375 0.49885468837209307 0.7651687500000001 0.47835937441860465 0.7617499999999999 0.47733437441860466 0.777935415625 0.4974890627906977 0.7809 0.5188375 0.7793041656249999 0.520032811627907 0.762433334375
2 0.577420311627907 0.7209416656250001 0.5625609372093023 0.724360415625 0.5372843744186047 0.723904165625 0.5366 0.741914584375 0.559829688372093 0.743966665625 0.578275 0.739408334375 0.577420311627907 0.7209416656250001
2 0.6549859372093023 0.686572915625 0.6129703116279069 0.688852084375 0.6126296883720931 0.7029875 0.626292188372093 0.7029875 0.6558406255813953 0.70161875 0.6549859372093023 0.686572915625
6 0.6495203116279069 0.659214584375 0.6348328116279071 0.663545834375 0.6168984372093023 0.6610375000000001 0.6187781255813953 0.677452084375 0.6396140627906977 0.676997915625 0.650032811627907 0.676085415625 0.6495203116279069 0.659214584375
6 0.5142343744186046 0.737160415625 0.4826375 0.736933334375 0.48229687441860464 0.7510687500000001 0.4985218744186047 0.752891665625 0.5142343744186046 0.74924375 0.5142343744186046 0.737160415625
6 0.5740625 0.697060415625 0.5409281255813954 0.6986583343749999 0.5421234372093023 0.712791665625 0.5607406255813954 0.712564584375 0.5740625 0.7096 0.5740625 0.697060415625
0 0.513770311627907 0.7096 0.48234531162790695 0.707777084375 0.481832811627907 0.721 0.49908281162790696 0.721683334375 0.5136000000000001 0.7200875 0.513770311627907 0.7096
0 0.5729734372093024 0.67011875 0.5408625 0.669779165625 0.5408640627906977 0.683797915625 0.5564062511627906 0.682885415625 0.5724609372093022 0.683341665625 0.5729734372093024 0.67011875
0 0.6493187511627907 0.63660625 0.6329218744186047 0.6384291656250001 0.6166968744186047 0.639114584375 0.6165265627906977 0.6527937500000001 0.626432811627907 0.652564584375 0.6496609372093023 0.65188125 0.6493187511627907 0.63660625
5 0.5130234372093023 0.69200625 0.48159687441860466 0.6904104156249999 0.48159687441860466 0.70249375 0.49765156279069767 0.702720834375 0.5137062488372093 0.702720834375 0.5130234372093023 0.69200625
5 0.5733406255813954 0.653545834375 0.5410968744186047 0.6516124999999999 0.5408890627906977 0.664033334375 0.5543812488372093 0.6626645843750001 0.5743656255813954 0.66198125 0.5733406255813954 0.653545834375
5 0.6498562511627908 0.616385415625 0.6165515627906977 0.614789584375 0.6163812488372094 0.63051875 0.6252624999999999 0.6282395843749999 0.6495156255813953 0.62846875 0.6498562511627908 0.616385415625
1 0.5183437488372092 0.6601583343749999 0.4781375 0.6575624999999999 0.47684062558139534 0.676572915625 0.493407811627907 0.67634375 0.5188562488372093 0.674747915625 0.5183437488372092 0.6601583343749999
1 0.5772687488372092 0.6214000000000001 0.5350812488372093 0.619120834375 0.5352531255813954 0.636675 0.5533562511627906 0.637358334375 0.5776093744186046 0.636675 0.5772687488372092 0.6214000000000001
1 0.6539562511627907 0.582414584375 0.6119406255813954 0.582414584375 0.6117687511627907 0.599285415625 0.6341437488372093 0.5986020843750001 0.6551515627906976 0.5976895843750001 0.6539562511627907 0.582414584375