2 0.4055187488372093 0.74655625 0.4142578116279069 0.745310415625 0.413945311627907 0.731172915625 0.39553281162790693 0.733252084375 0.37340156279069764 0.738552084375 0.37337656279069764 0.745310415625 0.374625 0.754041665625 0.3930375 0.750297915625 0.4055187488372093 0.74655625
2 0.501567188372093 0.716247915625 0.5128015627906977 0.71250625 0.5137375000000001 0.704189584375 0.5118640627906977 0.695458334375 0.4956375 0.6975374999999999 0.471920311627907 0.7033583343750001 0.47254375116279074 0.711258334375 0.47347968837209303 0.72040625 0.4872109372093023 0.7195729156249999 0.501567188372093 0.716247915625
2 0.6114062511627908 0.7798812500000001 0.6235765627906977 0.779466665625 0.6257609372093024 0.774891665625 0.6263859372093024 0.76325 0.6076625 0.766160415625 0.5851359372093023 0.761429165625 0.5851921883720931 0.769070834375 0.5883140627906976 0.77905 0.5970515627906977 0.7798812500000001 0.6114062511627908 0.7798812500000001
6 0.622479688372093 0.7905375 0.6078125 0.792614584375 0.5909609372093023 0.790952084375 0.5913125 0.8030666656250001 0.6096843744186047 0.8046729156250001 0.6231031255813954 0.801347915625 0.622479688372093 0.7905375
6 0.5096515627906977 0.72575 0.4937359372093023 0.7286604156250001 0.4790968744186046 0.729858334375 0.48031718837209303 0.742797915625 0.49248749999999997 0.743214584375 0.5105875 0.738639584375 0.5096515627906977 0.72575
6 0.41030625116279074 0.755735415625 0.39376718837209307 0.761139584375 0.3791 0.761972915625 0.38060781162790697 0.7746999999999999 0.39688749999999995 0.76945625 0.411867188372093 0.7682083343749999 0.41030625116279074 0.755735415625
0 0.38253281162790703 0.7923250000000001 0.3836968744186046 0.802610415625 0.41405156279069766 0.7985625 0.412179688372093 0.787335415625 0.38253281162790703 0.7923250000000001
0 0.4811562511627907 0.759141665625 0.4822265627906977 0.772033334375 0.5137453116279069 0.765379165625 0.5124968744186047 0.752489584375 0.4811562511627907 0.759141665625
0 0.6216375 0.81665625 0.6060343744186046 0.821645834375 0.591367188372093 0.81665625 0.591054688372093 0.8287125 0.60385 0.8307916656250001 0.6210125 0.8291291656249999 0.6216375 0.81665625
5 0.6218234372093023 0.8364583343750001 0.605282811627907 0.84103125 0.5906156255813954 0.8372895843749999 0.5909687511627907 0.84745 0.605282811627907 0.851010415625 0.6221343744186046 0.849347915625 0.6218234372093023 0.8364583343750001
5 0.5138109372093024 0.771829165625 0.49976874883720934 0.774739584375 0.48287187441860463 0.778360415625 0.4841640627906977 0.7888770843749999 0.49383906279069767 0.7876291656250001 0.5153718744186047 0.7822250000000001 0.5138109372093024 0.771829165625
5 0.41556562558139537 0.8070020843749999 0.39871406279069765 0.81074375 0.3834234372093023 0.8124062500000001 0.38472656279069767 0.823658334375 0.405892188372093 0.819060415625 0.4168140627906977 0.8178124999999999 0.41556562558139537 0.8070020843749999
1 0.4227437488372093 0.84858125 0.423054688372093 0.8419270843750001 0.4218062511627907 0.83278125 0.40183437441860465 0.838602084375 0.3816375 0.8401291656250001 0.3818625 0.8465020843750001 0.3837343744186047 0.8568958343749999 0.403707811627907 0.8531541656250001 0.4227437488372093 0.84858125
1 0.5222968744186047 0.8135291656250001 0.5226093744186047 0.8077083343749999 0.5216734372093024 0.798560415625 0.49545937441860466 0.8035500000000001 0.4808125 0.806270834375 0.48110468837209297 0.8135291656250001 0.48297656279069767 0.82184375 0.5063812511627908 0.818102084375 0.5222968744186047 0.8135291656250001
1 0.6145812488372093 0.88260625 0.6258156255813954 0.87928125 0.6264390627906976 0.870547915625 0.6261265627906977 0.861816665625 0.6152046883720931 0.86680625 0.5961687488372093 0.865975 0.584792188372093 0.863922915625 0.5852468744186047 0.8722125000000001 0.5868062488372093 0.881775 0.60085 0.883439584375 0.6145812488372093 0.88260625