1 0.35131874883720926 0.573089584375 0.3120468744186047 0.57004375 0.31181875116279073 0.584889584375 0.3511140627906977 0.587633334375 0.35131874883720926 0.573089584375
5 0.3465875 0.6041000000000001 0.31410312558139536 0.60228125 0.31510937441860465 0.61343125 0.3465875 0.6159 0.3465875 0.6041000000000001
0 0.3449406255813953 0.6213895843749999 0.31410312558139536 0.6194291656249999 0.31284687441860465 0.63181875 0.34473593720930235 0.63126875 0.3449406255813953 0.6213895843749999
6 0.344529688372093 0.666397915625 0.34555781162790694 0.6499312500000001 0.3135890627906977 0.647891665625 0.31305312558139536 0.661183334375 0.3274546883720931 0.66255625 0.344529688372093 0.666397915625
2 0.3484390627906977 0.6916458343749999 0.34967343720930233 0.6768270843749999 0.3079312511627907 0.673270834375 0.3079093744186046 0.687254165625 0.326220311627907 0.69219375 0.3484390627906977 0.6916458343749999
2 0.5223343744186046 0.56240625 0.5217156255813953 0.54630625 0.4829015627906977 0.543279165625 0.48179687441860464 0.5599291656250001 0.48767656279069765 0.560341665625 0.5223343744186046 0.56240625
2 0.6702531255813954 0.7427958343750001 0.6730375 0.7320625 0.6340468744186046 0.7316499999999999 0.6340468744186046 0.745685415625 0.655707811627907 0.744033334375 0.6702531255813954 0.7427958343750001
6 0.5173843744186046 0.519475 0.48793125116279074 0.5185187499999999 0.48829531162790696 0.533510415625 0.5059343744186047 0.531445834375 0.5173843744186046 0.533922915625 0.5173843744186046 0.519475
6 0.6693234372093023 0.72339375 0.6690140627906976 0.701516665625 0.6386890627906977 0.70399375 0.6377609372093024 0.72380625 0.6538515627906978 0.720091665625 0.6693234372093023 0.72339375
0 0.6687046883720931 0.6965625 0.6687046883720931 0.679225 0.636104688372093 0.682039584375 0.6371406255813953 0.695325 0.6513765627906977 0.69615 0.6687046883720931 0.6965625
0 0.5189312488372093 0.49429375000000003 0.5084093744186047 0.49388125 0.48953281162790696 0.488514584375 0.4875437511627907 0.501497915625 0.5003640627906977 0.505027084375 0.5170750000000001 0.5042020843749999 0.5189312488372093 0.49429375000000003
5 0.48831718837209304 0.48189583437500005 0.5201687488372093 0.485635415625 0.5189312488372093 0.47572916562499995 0.4901515627906977 0.47283958437500007 0.48831718837209304 0.48189583437500005
5 0.6368312511627907 0.6602479156250001 0.6376531255813954 0.671722915625 0.6687046883720931 0.67263125 0.6680859372093023 0.659420834375 0.655707811627907 0.661485415625 0.6368312511627907 0.6602479156250001
1 0.486129688372093 0.439816665625 0.483675 0.45661874999999996 0.5248109372093023 0.46004166562500004 0.525429688372093 0.44394375 0.486129688372093 0.439816665625
1 0.6714906255813954 0.6416708343749999 0.6727281255813954 0.626810415625 0.6337843744186047 0.625297915625 0.6328093744186046 0.63960625 0.6553984372093024 0.6416708343749999 0.6714906255813954 0.6416708343749999