2 0.36882343720930233 0.772189584375 0.36852343720930236 0.7653916656249999 0.3475187511627907 0.769789584375 0.327892188372093 0.772033334375 0.3283156255813953 0.78658125 0.3475187511627907 0.784983334375 0.3679234372093023 0.7797854156249999 0.36882343720930233 0.772189584375
2 0.4521968744186047 0.765839584375 0.4584968744186047 0.763439584375 0.45969843720930237 0.74425 0.4416937511627907 0.750245834375 0.4182031255813954 0.751597915625 0.41768906279069773 0.75864375 0.4212890627906977 0.7702375 0.43479218837209305 0.7694375 0.4521968744186047 0.765839584375
2 0.5497140627906977 0.81663125 0.5569156255813953 0.814233334375 0.5581156255813954 0.807835415625 0.5578156255813953 0.798241665625 0.5398109372093024 0.8022395843749999 0.5179531255813954 0.8021916656249999 0.5173062511627907 0.809835415625 0.5194062511627907 0.81823125 0.5344109372093023 0.8174312499999999 0.5497140627906977 0.81663125
6 0.552832811627907 0.827233334375 0.522825 0.8300333343749999 0.5227531255813953 0.8422291656249999 0.542629688372093 0.8412270843749999 0.554332811627907 0.839229165625 0.552832811627907 0.827233334375
6 0.45754843720930227 0.775433334375 0.4389437488372093 0.78023125 0.4256125 0.7785 0.426042188372093 0.793825 0.43744374883720927 0.794625 0.45784843720930235 0.791027084375 0.45754843720930227 0.775433334375
6 0.36624062558139536 0.7913041656249999 0.3536375 0.792904165625 0.3341609372093023 0.7945375 0.335032811627907 0.8092958343750001 0.34823593720930235 0.8056979156249999 0.36593906279069766 0.804497915625 0.36624062558139536 0.7913041656249999
0 0.335632811627907 0.8242749999999999 0.33647031162790697 0.8362 0.36744062558139534 0.833470834375 0.36684062558139535 0.822677084375 0.335632811627907 0.8242749999999999
0 0.4568625 0.8042208343749999 0.44395937441860467 0.807420834375 0.4271125 0.8070979156250001 0.4271562511627907 0.8226125 0.4433593744186047 0.8202145843749999 0.4583625 0.816614584375 0.4568625 0.8042208343749999
0 0.5230343744186047 0.857252084375 0.5238062488372093 0.870595834375 0.5547140627906977 0.868195834375 0.5547140627906977 0.855004165625 0.5230343744186047 0.857252084375
5 0.5553937488372093 0.8759 0.5433906255813954 0.878297915625 0.5241859372093024 0.878697915625 0.5244031255813953 0.888995834375 0.5418906255813953 0.8882937500000001 0.5562937511627907 0.88709375 0.5553937488372093 0.8759
5 0.45629218837209307 0.824325 0.4271859372093023 0.828322915625 0.42800312558139536 0.8384 0.4487906255813954 0.83631875 0.4583937511627907 0.832320834375 0.45629218837209307 0.824325
5 0.3483562511627907 0.844089584375 0.33635312558139535 0.8456895843750001 0.3366531255813953 0.858083334375 0.36785937441860467 0.8512875 0.3672593744186046 0.8416916656250001 0.3483562511627907 0.844089584375
1 0.35803749999999995 0.886975 0.3667390627906977 0.8845770843749999 0.37484062558139536 0.8821770843750001 0.3751406255813954 0.87498125 0.37394062558139535 0.867785415625 0.3586375 0.870183334375 0.34483437441860465 0.8737812500000001 0.3335015627906977 0.8731562500000001 0.3340312511627907 0.879779165625 0.335532811627907 0.8897729156249999 0.3439343744186047 0.888175 0.35803749999999995 0.886975
1 0.4653015627906976 0.8681833343750001 0.4653015627906976 0.851391665625 0.4481968744186047 0.854991665625 0.4244734372093023 0.8546791656250001 0.425392188372093 0.863785415625 0.426892188372093 0.871783334375 0.45389843720930234 0.871383334375 0.4653015627906976 0.8681833343750001
1 0.5518140627906977 0.9195708343750001 0.5611156255813954 0.9163708343750001 0.5602156255813954 0.902379165625 0.5413109372093023 0.9051770843750001 0.5189250000000001 0.904833334375 0.5194062511627907 0.9119729156249999 0.5203062488372093 0.92116875 0.5377109372093023 0.92116875 0.5518140627906977 0.9195708343750001