1 0.43093906279069766 0.503758334375 0.403207811627907 0.520129165625 0.38914531162790694 0.525560415625 0.392325 0.5350958343750001 0.4133875 0.52246875 0.43374687441860466 0.511710415625 0.43093906279069766 0.503758334375
1 0.6224765627906976 0.6310041656250001 0.6024671883720931 0.628664584375 0.580607811627907 0.621808334375 0.5803531255813953 0.6310041656250001 0.6031687511627908 0.63568125 0.621775 0.6384875 0.6224765627906976 0.6310041656250001
1 0.7719531255813953 0.70235 0.7526468744186046 0.695333334375 0.7299968744186047 0.6882020843750001 0.7277234372093023 0.698139584375 0.7487859372093023 0.702816665625 0.7712515627906976 0.7098333343750001 0.7719531255813953 0.70235
5 0.7382546883720931 0.666802084375 0.7470296883720929 0.66820625 0.77055 0.6784958343749999 0.7716859372093023 0.6660708343749999 0.7568593744186046 0.661658334375 0.7386062488372093 0.657916665625 0.7382546883720931 0.666802084375
5 0.6023640627906977 0.596616665625 0.588329688372093 0.592470834375 0.587620311627907 0.603633334375 0.6195640627906978 0.609245834375 0.6202656255813954 0.599891665625 0.6023640627906977 0.596616665625
5 0.43251406279069765 0.53543125 0.41777031162790695 0.544785415625 0.40188281162790696 0.552325 0.40513437441860467 0.5606875 0.4254937488372093 0.551333334375 0.43497187441860463 0.541979165625 0.43251406279069765 0.53543125
2 0.45142343720930234 0.625691665625 0.4603015627906977 0.61866875 0.460025 0.6134937500000001 0.458082811627907 0.606102084375 0.45197968837209307 0.613864584375 0.44143750000000004 0.621627084375 0.42072968837209307 0.6309437499999999 0.4217390627906977 0.636041665625 0.4247906255813953 0.640477084375 0.437829688372093 0.633454165625 0.45142343720930234 0.625691665625
2 0.6276250000000001 0.5261375 0.6306765627906977 0.526875 0.6312312511627907 0.5180041656250001 0.613754688372093 0.514308334375 0.591875 0.508914584375 0.5887859372093023 0.51356875 0.5879531255813953 0.5180041656250001 0.6048765627906977 0.5216999999999999 0.6276250000000001 0.5261375
2 0.7717281255813954 0.594347915625 0.788095311627907 0.5984145843750001 0.7872640627906977 0.5925 0.7853218744186046 0.585477084375 0.7483781255813954 0.574810415625 0.7467593744186047 0.580302084375 0.745095311627907 0.58695625 0.7600765627906977 0.58954375 0.7717281255813954 0.594347915625
0 0.7783859372093024 0.6217020843750001 0.7462437511627907 0.612639584375 0.7453718744186046 0.622441665625 0.7625734372093024 0.624289584375 0.7772765627906977 0.630204165625 0.7783859372093024 0.6217020843750001
0 0.7753343744186046 0.64646875 0.760907811627907 0.643510415625 0.742582811627907 0.636639584375 0.7420437511627908 0.644989584375 0.7586890627906976 0.649425 0.7745015627906976 0.655339584375 0.7753343744186046 0.64646875
0 0.6238640627906977 0.5534875 0.5924859372093023 0.54755625 0.5930687511627907 0.55644375 0.606107811627907 0.5568125 0.6235859372093023 0.56125 0.6238640627906977 0.5534875
0 0.6213671883720929 0.575664584375 0.59035 0.569522915625 0.5897406255813954 0.578991665625 0.606107811627907 0.58231875 0.6210890627906976 0.584166665625 0.6213671883720929 0.575664584375
0 0.44172343720930235 0.564064584375 0.43950312558139537 0.5555625 0.42174843720930233 0.56813125 0.4097468744186047 0.574810415625 0.412592188372093 0.5814375 0.42563124883720926 0.5736749999999999 0.435342188372093 0.569608334375 0.44172343720930235 0.564064584375
0 0.44838124883720926 0.585133334375 0.4453296883720931 0.578110415625 0.43589687441860464 0.584025 0.41615312558139533 0.5951479156249999 0.41952812558139535 0.6036166656249999 0.4292390627906977 0.598441665625 0.440057811627907 0.59215625 0.44838124883720926 0.585133334375