1 0.5791578116279069 0.12671041562500002 0.577067188372093 0.12392083437500001 0.5585375 0.131889584375 0.538217188372093 0.145835415625 0.5406078116279069 0.155 0.563320311627907 0.139460415625 0.58125 0.133085415625 0.5791578116279069 0.12671041562500002
1 0.7743031255813952 0.094035415625 0.7728093744186048 0.086864584375 0.7539812488372093 0.09045 0.7345562488372094 0.098816665625 0.7345562488372094 0.10519375 0.755775 0.09682500000000001 0.7743031255813952 0.094035415625
1 0.6867421883720931 0.40722291562499996 0.6864437511627908 0.4136 0.728579688372093 0.41479375 0.728579688372093 0.407622915625 0.6867421883720931 0.40722291562499996
5 0.6903281255813953 0.374152084375 0.6897312488372093 0.386902084375 0.724695311627907 0.38730000000000003 0.7243968744186047 0.37375416562499997 0.6903281255813953 0.374152084375
5 0.550170311627907 0.17253125 0.553457811627907 0.18209583437500002 0.5842390627906977 0.167352084375 0.58125 0.156195834375 0.550170311627907 0.17253125
5 0.7408328116279069 0.127108334375 0.7423265627906976 0.139460415625 0.7737062511627907 0.128702084375 0.7713140627906977 0.117145834375 0.7408328116279069 0.127108334375
0 0.5879187488372093 0.17924374999999998 0.5801000000000001 0.183360415625 0.5652874999999999 0.190495834375 0.5591156255813953 0.195985415625 0.5607609372093023 0.20394375 0.5700187511627907 0.19461250000000002 0.581129688372093 0.188025 0.5899749999999999 0.18885000000000002 0.5879187488372093 0.17924374999999998
0 0.587095311627907 0.210804165625 0.595325 0.20998125 0.5938843744186046 0.202845834375 0.575779688372093 0.210529165625 0.5648765627906976 0.21684166562499999 0.5663156255813954 0.22562500000000002 0.5782484372093023 0.215195834375 0.587095311627907 0.210804165625
2 0.5990281255813953 0.245933334375 0.6097265627906976 0.24181666562499998 0.6074624999999999 0.23193541562500003 0.5961468744186047 0.23440625 0.5792781255813954 0.245933334375 0.5689906255813953 0.253341665625 0.5726937488372092 0.262947915625 0.5850375 0.25498958437499997 0.5990281255813953 0.245933334375
2 0.706692188372093 0.290770834375 0.6861187488372094 0.29131874999999996 0.6875718744186047 0.301860415625 0.713892188372093 0.30065 0.7268531255813954 0.300375 0.7268531255813954 0.289397915625 0.706692188372093 0.290770834375
0 0.7219156255813953 0.33413125 0.7223281255813954 0.32644791562500003 0.7108062488372092 0.327545834375 0.6916875 0.326895834375 0.6920843744186046 0.336877084375 0.7128640627906977 0.337425 0.7219156255813953 0.33413125
0 0.72315 0.359929165625 0.7227390627906978 0.351970834375 0.704429688372093 0.35251875 0.6909156255813954 0.353645834375 0.6916734372093023 0.359929165625 0.7120406255813952 0.361027084375 0.72315 0.359929165625
0 0.7755140627906977 0.148795834375 0.7755140627906977 0.142483334375 0.75885 0.143854165625 0.7438312511627907 0.15153958437499998 0.7452718744186047 0.160595834375 0.7543234372093024 0.15318541562500002 0.7656390627906977 0.150166665625 0.7755140627906977 0.148795834375
0 0.7689312488372093 0.17404375 0.7792171883720931 0.172395834375 0.778395311627907 0.16553541562500002 0.7619359372093023 0.168279165625 0.747757811627907 0.176 0.7497984372093023 0.18392291562500002 0.7563812511627908 0.178983334375 0.7689312488372093 0.17404375
2 0.7613140627906977 0.216314584375 0.7808593744186045 0.20863125 0.7895 0.20808125 0.7882656255813955 0.20039791562499998 0.7794187488372093 0.200122915625 0.763782811627907 0.203689584375 0.7480156255813953 0.21097916562500002 0.7495875000000001 0.219608334375 0.750204688372093 0.22235208437499998 0.7613140627906977 0.216314584375