5 0.30165156279069766 0.21453958437499998 0.30129062558139535 0.204939584375 0.28509218837209305 0.20302083437500001 0.27033437441860464 0.20302083437500001 0.26925468837209304 0.21357916562499998 0.28545312558139535 0.21357916562499998 0.30165156279069766 0.21453958437499998
1 0.3056109372093023 0.24477708437499998 0.30705 0.23805625 0.2836531255813953 0.23517708437499998 0.2652937511627907 0.23565624999999998 0.264575 0.243335415625 0.2836531255813953 0.241895834375 0.3056109372093023 0.24477708437499998
5 0.389842188372093 0.177583334375 0.38912187441860463 0.167983334375 0.3725640627906977 0.1708625 0.35888593720930234 0.17614375 0.3599656255813954 0.184302084375 0.3761640627906977 0.17854375 0.389842188372093 0.177583334375
1 0.3988406255813953 0.20733958437500002 0.3988406255813953 0.200141665625 0.37544374883720927 0.20253958437500003 0.35744531162790694 0.20877916562499998 0.35780468837209306 0.215979165625 0.3779640627906977 0.20877916562499998 0.3988406255813953 0.20733958437500002
5 0.5057515627906977 0.165583334375 0.5057515627906977 0.15742499999999998 0.49063281162790695 0.16414375 0.47443437441860464 0.169904165625 0.47659374883720934 0.17950208437499998 0.4913531255813954 0.174222915625 0.5057515627906977 0.165583334375
1 0.51655 0.19198125 0.5169093744186046 0.185741665625 0.49387187441860464 0.193902084375 0.47731406279069766 0.20350000000000001 0.47983281162790703 0.20926041562500003 0.4978312511627907 0.20253958437500003 0.51655 0.19198125
0 0.30059843720930235 0.166472915625 0.30207812558139535 0.158189584375 0.2840312488372093 0.156216665625 0.269532811627907 0.156216665625 0.269532811627907 0.16371249999999998 0.2863968744186046 0.162922915625 0.30059843720930235 0.166472915625
0 0.30059843720930235 0.1905375 0.3023734372093023 0.182647915625 0.28166406279069767 0.180675 0.270717188372093 0.181464584375 0.269532811627907 0.187775 0.28373437441860466 0.187775 0.30059843720930235 0.1905375
0 0.38639999999999997 0.15385 0.38699218837209304 0.14675 0.36805625116279067 0.149510415625 0.35681406279069766 0.15345625000000002 0.35770156279069765 0.162133334375 0.3716062488372093 0.156216665625 0.38639999999999997 0.15385
0 0.384032811627907 0.12939166562499999 0.38344062558139536 0.12150208437500001 0.3662812488372093 0.12505208437499998 0.35355937441860463 0.13018125 0.3532625 0.138070834375 0.3671687511627907 0.131758334375 0.384032811627907 0.12939166562499999
0 0.494982811627907 0.12031875 0.49379843720930233 0.11321874999999999 0.4781187488372093 0.11992499999999999 0.4659875 0.12584166562500002 0.466875 0.132941665625 0.4819640627906977 0.125445834375 0.494982811627907 0.12031875
0 0.500307811627907 0.145960415625 0.5006031255813953 0.13649166562499998 0.4825562511627907 0.144777084375 0.47072187441860464 0.149904165625 0.47190468837209304 0.158189584375 0.48876875116279067 0.149904165625 0.500307811627907 0.145960415625
2 0.3068125 0.128602084375 0.30651562558139533 0.11992499999999999 0.2834390627906977 0.115585415625 0.26864531162790695 0.116372915625 0.263320311627907 0.126235415625 0.2825515627906977 0.125445834375 0.3068125 0.128602084375
2 0.384625 0.094677084375 0.38166562558139533 0.08363125 0.36332187441860464 0.08678749999999999 0.34557031162790697 0.095070834375 0.34557031162790697 0.10256666562500001 0.3671687511627907 0.095860415625 0.384625 0.094677084375
2 0.493207811627907 0.084025 0.4896562511627907 0.07416249999999999 0.4544484372093023 0.0903375 0.4544484372093023 0.099804165625 0.4727921883720931 0.089547915625 0.493207811627907 0.084025