5 0.22877656279069766 0.53291875 0.21487343720930233 0.535675 0.19383750000000002 0.5324958343749999 0.19382968837209302 0.5429375000000001 0.20810937441860466 0.544941665625 0.22934062558139534 0.544941665625 0.22877656279069766 0.53291875
1 0.2347890627906977 0.5036125 0.21506093720930233 0.504614584375 0.19007812558139534 0.5008625 0.19138750000000002 0.5116270843749999 0.2043515627906977 0.512379165625 0.23460156279069766 0.513883334375 0.2347890627906977 0.5036125
1 0.3817734372093023 0.7385770843749999 0.381179688372093 0.7306583343749999 0.3592031255813954 0.7371916656249999 0.3375343744186047 0.7361833343749999 0.33811718837209304 0.745110415625 0.3473234372093023 0.745308334375 0.36350937441860465 0.7435270843749999 0.3817734372093023 0.7385770843749999
5 0.3731609372093023 0.698589584375 0.3581640627906977 0.703539584375 0.3404937488372093 0.7037375 0.340345311627907 0.714822915625 0.3486593744186046 0.7138333343750001 0.37538750000000004 0.711258334375 0.3731609372093023 0.698589584375
5 0.49442031162790695 0.490914584375 0.4819468744186047 0.49012291562500004 0.46061562558139535 0.48618541562499995 0.46086093720930227 0.49784375000000003 0.4736312511627907 0.49922916562499997 0.4948656255813953 0.502395834375 0.49442031162790695 0.490914584375
1 0.49991406279069767 0.459835415625 0.45744531162790697 0.457064584375 0.45789218837209306 0.46517916562500006 0.4696218744186047 0.46458541562500005 0.5006562511627907 0.47012916562499996 0.49991406279069767 0.459835415625
0 0.22452812558139534 0.5671645843750001 0.22689687441860465 0.558954165625 0.20937031162790698 0.558954165625 0.19373906279069766 0.557058334375 0.1946859372093023 0.56526875 0.20937031162790698 0.5665333343750001 0.22452812558139534 0.5671645843750001
0 0.224054688372093 0.5917958343749999 0.22500312558139535 0.584216665625 0.20889687441860463 0.584216665625 0.19515937441860465 0.581691665625 0.19373906279069766 0.589902084375 0.20937031162790698 0.5917958343749999 0.224054688372093 0.5917958343749999
2 0.22642343720930233 0.628429165625 0.22831874883720932 0.6183229156250001 0.20937031162790698 0.6227437499999999 0.18995 0.6183229156250001 0.18995 0.627795834375 0.20795 0.6290604156249999 0.22642343720930233 0.628429165625
2 0.36900468837209305 0.6290604156249999 0.36900468837209305 0.613902084375 0.34958281162790694 0.6221125 0.3311093744186046 0.62400625 0.3311093744186046 0.632216665625 0.35432031162790695 0.632216665625 0.36900468837209305 0.6290604156249999
0 0.36805625116279067 0.6619020843750001 0.36947812558139537 0.653691665625 0.35432031162790695 0.65874375 0.33774062558139534 0.6606395843749999 0.34058281162790693 0.6675875 0.3571625 0.665060415625 0.36805625116279067 0.6619020843750001
0 0.3699515627906977 0.685902084375 0.3699515627906977 0.677060415625 0.35289843720930236 0.68274375 0.3401093744186046 0.68274375 0.34200312558139534 0.6909562499999999 0.35810937441860463 0.689060415625 0.3699515627906977 0.685902084375
0 0.4916890627906977 0.5229541656250001 0.4931109372093023 0.513479165625 0.47937343720930237 0.514110415625 0.46279531162790694 0.512216665625 0.46184687441860467 0.51853125 0.47795312558139535 0.520427084375 0.4916890627906977 0.5229541656250001
0 0.4902687488372093 0.546322915625 0.4916890627906977 0.53874375 0.47747968837209304 0.53874375 0.46090000000000003 0.5349541656250001 0.46184687441860467 0.543164584375 0.47700468837209303 0.544427084375 0.4902687488372093 0.546322915625
2 0.49358437441860464 0.582322915625 0.4964265627906977 0.573479165625 0.47700468837209303 0.5741125 0.45521562558139533 0.570322915625 0.45568906279069765 0.579795834375 0.476057811627907 0.582322915625 0.49358437441860464 0.582322915625