1 0.23441406279069768 0.2521125 0.18969687441860464 0.24910625 0.18988437441860467 0.256870834375 0.2043515627906977 0.256120834375 0.2336625 0.26163125 0.23441406279069768 0.2521125
5 0.22765 0.292941665625 0.22858906279069766 0.28141875 0.21337031162790698 0.28166875 0.19360156279069768 0.277866665625 0.193267188372093 0.28993541562499997 0.19364218837209304 0.28993541562499997 0.20491562558139537 0.289433334375 0.22765 0.292941665625
5 0.37200937441860465 0.453795834375 0.35115468837209307 0.456552084375 0.33931718837209307 0.45555 0.33856562558139536 0.466570834375 0.3507781255813954 0.46606875 0.3729484372093023 0.463814584375 0.37200937441860465 0.453795834375
1 0.379525 0.48535625 0.359232811627907 0.4886125 0.336875 0.48986458437499997 0.3380015627906977 0.49763124999999997 0.35115468837209307 0.496377084375 0.3797125 0.49362291562499994 0.379525 0.48535625
1 0.499504688372093 0.22485 0.5000687488372093 0.21407916562499998 0.458095311627907 0.208964584375 0.4562906255813954 0.21733541562499997 0.47094687441860467 0.217083334375 0.48898281162790697 0.21958958437499998 0.499504688372093 0.22485
5 0.493492188372093 0.255908334375 0.493304688372093 0.2453875 0.4822187488372093 0.24213125 0.45967343720930237 0.240379165625 0.4602375 0.25165000000000004 0.470382811627907 0.250147915625 0.482782811627907 0.25165000000000004 0.493492188372093 0.255908334375
0 0.335479688372093 0.41003125 0.336075 0.418358334375 0.36879062558139536 0.41597916562500004 0.368195311627907 0.408047915625 0.335479688372093 0.41003125
0 0.3381562488372093 0.43382291562499997 0.33785937441860464 0.44453125 0.3711687511627907 0.44016875000000005 0.3711687511627907 0.43104791562500006 0.3381562488372093 0.43382291562499997
0 0.460392188372093 0.2629125 0.460392188372093 0.27203125 0.493107811627907 0.27639375 0.493107811627907 0.267670834375 0.460392188372093 0.2629125
0 0.46009531162790696 0.287497915625 0.46009531162790696 0.296220834375 0.491620311627907 0.3001875 0.49251249999999996 0.290670834375 0.46009531162790696 0.287497915625
0 0.19361406279069768 0.30216875 0.19302031162790698 0.314858334375 0.226925 0.316841665625 0.226925 0.304945834375 0.19361406279069768 0.30216875
0 0.192425 0.32675624999999997 0.19153281162790697 0.337858334375 0.22573437441860467 0.3402375 0.22484218837209302 0.330325 0.192425 0.32675624999999997
2 0.18527968837209302 0.363183334375 0.18504374883720928 0.37605208437500004 0.22812656279069765 0.379191665625 0.228832811627907 0.368833334375 0.18527968837209302 0.363183334375
2 0.32747656279069765 0.371970834375 0.32747656279069765 0.384841665625 0.3715 0.380133334375 0.37032343720930233 0.370716665625 0.32747656279069765 0.371970834375
2 0.4531937488372093 0.321120834375 0.4524875 0.334304165625 0.49297968837209305 0.339325 0.49392187441860463 0.324572915625 0.4531937488372093 0.321120834375