5 0.4376906255813953 0.311352084375 0.4247093744186047 0.316975 0.4076093744186046 0.32364375 0.409779688372093 0.334704165625 0.42600781162790696 0.3264875 0.4402875 0.320866665625 0.4376906255813953 0.311352084375
5 0.6011234372093023 0.456922915625 0.585870311627907 0.459516665625 0.571067188372093 0.46592500000000003 0.5712656255813954 0.47638125000000003 0.5930093744186047 0.4673 0.6024218744186046 0.466002084375 0.6011234372093023 0.456922915625
5 0.7597640627906977 0.5211958343750001 0.748404688372093 0.505627084375 0.7359515627906977 0.49019375 0.730229688372093 0.496979165625 0.7428874999999999 0.51168125 0.755545311627907 0.5298437500000001 0.7597640627906977 0.5211958343750001
1 0.7383437511627907 0.544979165625 0.7432124999999999 0.554491665625 0.7474312511627907 0.550166665625 0.7357468744186046 0.5324375 0.7237390627906978 0.51816875 0.716679688372093 0.5078 0.712379688372093 0.514277084375 0.721467188372093 0.5224916656249999 0.7325015627906977 0.536329165625 0.7383437511627907 0.544979165625
1 0.6125515627906977 0.49483958437500003 0.6112546883720931 0.48662291562500004 0.5921062488372093 0.493110415625 0.5823687511627907 0.495704165625 0.5696390627906976 0.498758334375 0.571982811627907 0.506947915625 0.5849656255813954 0.50305625 0.602167188372093 0.49829999999999997 0.6125515627906977 0.49483958437500003
1 0.4531781255813953 0.34546875 0.45123125116279067 0.340279165625 0.43532812558139533 0.344172915625 0.42169687441860465 0.34979375 0.4086812488372093 0.357904165625 0.4113109372093023 0.364495834375 0.4307843744186046 0.35455000000000003 0.4447390627906977 0.348495834375 0.4531781255813953 0.34546875
0 0.40085156279069767 0.30401875 0.40308281162790693 0.312675 0.43696093720930235 0.29725833437500004 0.4329031255813954 0.289414584375 0.40085156279069767 0.30401875
0 0.39577968837209304 0.27940624999999997 0.398417188372093 0.289954165625 0.429454688372093 0.27643125 0.42762968837209303 0.26696458437500004 0.39577968837209304 0.27940624999999997
0 0.562125 0.42140833437499997 0.563342188372093 0.43168541562499996 0.597625 0.420595834375 0.5955968744186046 0.41329374999999996 0.562125 0.42140833437499997
0 0.5680078116279069 0.442775 0.5686171883720931 0.4563 0.6012765627906976 0.446291665625 0.5994515627906977 0.43466041562499996 0.5680078116279069 0.442775
0 0.7457140627906976 0.47252916562499997 0.7396281255813953 0.482266665625 0.7651875 0.514183334375 0.7722875 0.50309375 0.7457140627906976 0.47252916562499997
0 0.760725 0.45386458437500005 0.7511906255813954 0.46522500000000006 0.7767515627906977 0.49578958437500004 0.784054688372093 0.48659375000000005 0.760725 0.45386458437500005
2 0.7741140627906977 0.423570834375 0.766 0.43195625 0.7970375000000001 0.474691665625 0.802920311627907 0.463602084375 0.7741140627906977 0.423570834375
2 0.5532 0.38489375 0.5548218744186046 0.397877084375 0.597625 0.38489375 0.5941765627906976 0.374072915625 0.5532 0.38489375
2 0.400242188372093 0.2355875 0.38259375116279065 0.245054165625 0.3846218744186046 0.257497915625 0.42762968837209303 0.2385625 0.42276093720930236 0.228285415625 0.400242188372093 0.2355875