2 0.36518749999999994 0.416677084375 0.34323906279069766 0.41319999999999996 0.32433124883720926 0.41406875000000004 0.326070311627907 0.4213125 0.34280312558139536 0.41986249999999997 0.36562187441860466 0.42363125 0.36518749999999994 0.416677084375
2 0.46399687441860465 0.422060415625 0.463779688372093 0.42901458437500006 0.5041812488372093 0.429039584375 0.5046031255813953 0.421714584375 0.46399687441860465 0.422060415625
2 0.6359609372093024 0.540320834375 0.6354703116279069 0.548266665625 0.674354688372093 0.54776875 0.6801906255813953 0.539702084375 0.6359609372093024 0.540320834375
0 0.32803593720930235 0.4749 0.32847031162790696 0.483302084375 0.359545311627907 0.48301249999999996 0.3601984372093023 0.47547916562500003 0.32803593720930235 0.4749
0 0.4701375 0.483360415625 0.4707890627906977 0.49263124999999997 0.5026375000000001 0.491122915625 0.5055953116279069 0.4781625 0.4701375 0.483360415625
0 0.6679968744186047 0.48038125000000004 0.6432218744186046 0.48125 0.6427875 0.487625 0.674732811627907 0.487625 0.6753843744186047 0.478641665625 0.6679968744186047 0.48038125000000004
7 0.3623437511627907 0.44938124999999995 0.353432811627907 0.44706250000000003 0.33083281162790695 0.4485125 0.3303984372093023 0.459233334375 0.34082968837209304 0.456625 0.363429688372093 0.454885415625 0.3623437511627907 0.44938124999999995
7 0.4697984372093023 0.454920834375 0.4695812488372093 0.4650625 0.5013093744186047 0.46448124999999996 0.503757811627907 0.452535415625 0.4697984372093023 0.454920834375
7 0.6431390627906977 0.504441665625 0.6436750000000001 0.515160415625 0.6743156255813954 0.5137104156250001 0.6756203116279069 0.50356875 0.6431390627906977 0.504441665625
5 0.32894218837209305 0.49941874999999997 0.32894218837209305 0.507820834375 0.3598 0.50579375 0.35914843720930234 0.500866665625 0.32894218837209305 0.49941874999999997
5 0.47103281162790694 0.506514584375 0.4716859372093023 0.5137583343750001 0.5023265627906977 0.514627084375 0.5038718744186047 0.503841665625 0.47103281162790694 0.506514584375
5 0.6429515627906978 0.454772915625 0.6429515627906978 0.461727084375 0.6738109372093023 0.46259583437499996 0.6740281255813954 0.455352084375 0.6429515627906978 0.454772915625
1 0.323979688372093 0.532064584375 0.32506562558139535 0.541047915625 0.3644 0.540466665625 0.3635312488372093 0.533222915625 0.323979688372093 0.532064584375
1 0.469907811627907 0.5389999999999999 0.46925625116279074 0.5485625 0.510245311627907 0.544289584375 0.5115125 0.538091665625 0.469907811627907 0.5389999999999999
1 0.6386234372093023 0.42248125 0.6379718744186046 0.429145834375 0.6796906255813954 0.42983125 0.6812359372093023 0.420904165625 0.6386234372093023 0.42248125