1 0.468107811627907 0.576585415625 0.468107811627907 0.568316665625 0.44547343720930227 0.568802084375 0.42679062558139536 0.5679937500000001 0.426854688372093 0.577070834375 0.4447437511627907 0.576585415625 0.45569531162790694 0.577558334375 0.468107811627907 0.576585415625
1 0.5848484372093024 0.44510625 0.5676906255813954 0.44510625 0.5428109372093023 0.44488125 0.543595311627907 0.45435 0.559657811627907 0.45386249999999995 0.5852140627906977 0.452889584375 0.5848484372093024 0.44510625
1 0.679345311627907 0.5287875 0.6567109372093023 0.529272915625 0.6379562511627908 0.529989584375 0.638092188372093 0.5394875 0.658170311627907 0.5390020843750001 0.6804406255813954 0.538029165625 0.679345311627907 0.5287875
5 0.6419718744186047 0.494660415625 0.6427375 0.506204165625 0.6741343744186047 0.50571875 0.6741343744186047 0.49453125 0.6419718744186047 0.494660415625
5 0.5472281255813953 0.47592708437500003 0.548057811627907 0.48922708437500007 0.58055 0.48728125 0.5801843744186046 0.47755208437499996 0.5472281255813953 0.47592708437500003
5 0.431607811627907 0.53480625 0.431625 0.5458000000000001 0.4648468744186046 0.545314584375 0.4648468744186046 0.5355854156250001 0.431607811627907 0.53480625
0 0.4652531255813953 0.5201541656249999 0.46492968837209303 0.5096499999999999 0.43239687441860464 0.510425 0.43239687441860464 0.519666665625 0.4652531255813953 0.5201541656249999
0 0.5472281255813953 0.503760415625 0.5473343744186047 0.512239584375 0.582017188372093 0.511754165625 0.582382811627907 0.49959375 0.5472281255813953 0.503760415625
0 0.6423734372093023 0.47217916562499995 0.6426187511627907 0.48305416562500003 0.6751109372093024 0.48208124999999996 0.674745311627907 0.47138125000000003 0.6423734372093023 0.47217916562499995
7 0.5487281255813954 0.53091875 0.5484312488372093 0.539089584375 0.58195 0.538702084375 0.58195 0.528 0.5487281255813954 0.53091875
7 0.4324109372093023 0.48449166562499996 0.43336562558139535 0.495410415625 0.4643968744186046 0.492979165625 0.46476249999999997 0.48178958437499997 0.4324109372093023 0.48449166562499996
7 0.6559609372093023 0.445839584375 0.6419718744186047 0.445952084375 0.6420890627906977 0.458 0.6753109372093024 0.457514584375 0.6742156255813953 0.44535416562499996 0.6559609372093023 0.445839584375
2 0.6767437488372093 0.41255625 0.6566656255813953 0.41206875 0.638357811627907 0.41115833437499993 0.6351265627906977 0.422283334375 0.655570311627907 0.42082499999999995 0.6789343744186046 0.421797915625 0.6767437488372093 0.41255625
2 0.5883109372093023 0.5635020843749999 0.5569140627906977 0.5635020843749999 0.5440156255813954 0.5647833343750001 0.546692188372093 0.571772915625 0.5653109372093024 0.571285415625 0.586120311627907 0.571285415625 0.5883109372093023 0.5635020843749999
2 0.4560093744186047 0.45890624999999996 0.47061093720930236 0.460852084375 0.4695156255813953 0.45160833437500003 0.4468812511627907 0.45015 0.42960000000000004 0.4491625 0.42643749999999997 0.45696041562499995 0.4260718744186046 0.460364584375 0.4414062511627907 0.45987916562500003 0.4560093744186047 0.45890624999999996