2 0.364875 0.68216875 0.3641375 0.68993125 0.38112031162790694 0.689958334375 0.4037109372093023 0.68928125 0.4032031255813953 0.682508334375 0.364875 0.68216875
7 0.399954688372093 0.712829165625 0.3687343744186046 0.715879165625 0.367667188372093 0.72551875 0.39944687441860466 0.724345834375 0.399954688372093 0.712829165625
0 0.40014687441860464 0.749227084375 0.39997499999999997 0.739160415625 0.38179843720930234 0.742364584375 0.36736718837209303 0.741425 0.367567188372093 0.751972915625 0.37922656279069766 0.751516665625 0.40014687441860464 0.749227084375
5 0.40014687441860464 0.7723375 0.40014687441860464 0.765014584375 0.38745781162790693 0.7693625 0.3692812511627907 0.767302084375 0.36945312558139537 0.774854165625 0.3879718744186047 0.77508125 0.40014687441860464 0.7723375
1 0.39191562558139537 0.80665625 0.40512031162790696 0.8052833343750001 0.4056343744186046 0.797275 0.3854 0.8020791656249999 0.36372187441860465 0.798608334375 0.3637937488372093 0.808258334375 0.38437187441860465 0.81123125 0.39191562558139537 0.80665625
2 0.4760859372093023 0.49782916562499996 0.5160296883720931 0.5001249999999999 0.514142188372093 0.49120208437499996 0.4747031255813953 0.490972915625 0.4760859372093023 0.49782916562499996
7 0.5122562488372093 0.5239208343749999 0.479517188372093 0.523847915625 0.4800187488372093 0.5360458343750001 0.5100265627906977 0.535589584375 0.5122562488372093 0.5239208343749999
0 0.5120843744186047 0.549775 0.479517188372093 0.55158125 0.47950468837209304 0.559383334375 0.5113984372093023 0.560070834375 0.5120843744186047 0.549775
5 0.5120843744186047 0.574485415625 0.480704688372093 0.5751708343749999 0.48019062558139536 0.582491665625 0.5113984372093023 0.5836375 0.5120843744186047 0.574485415625
1 0.5177437488372093 0.6092625 0.4756562511627907 0.610191665625 0.47538906279069765 0.616354165625 0.5175718744186046 0.61566875 0.5177437488372093 0.6092625
1 0.6207109372093024 0.731716665625 0.6208812488372092 0.7243937500000001 0.6061343744186047 0.7255375 0.5803 0.723985415625 0.5804140627906976 0.730570834375 0.6040781255813954 0.732402084375 0.6207109372093024 0.731716665625
5 0.6147093744186047 0.763747915625 0.615645311627907 0.756370834375 0.6027062511627906 0.756425 0.5835171883720931 0.75629375 0.5829859372093024 0.76351875 0.6032984372093023 0.765522915625 0.6147093744186047 0.763747915625
0 0.593182811627907 0.790004165625 0.608957811627907 0.790691665625 0.6153031255813954 0.787945834375 0.6154734372093023 0.777420834375 0.6032984372093023 0.7813104156249999 0.58255 0.7799375000000001 0.5827218744186047 0.78863125 0.593182811627907 0.790004165625
7 0.6148812488372093 0.816302084375 0.6147109372093023 0.8034895843750001 0.5837312511627907 0.8051833343749999 0.583329688372093 0.8142416656250001 0.5913890627906977 0.81653125 0.6148812488372093 0.816302084375
2 0.6116234372093023 0.8517645843749999 0.6179687488372093 0.846960415625 0.6200265627906977 0.840325 0.5925906255813953 0.844214584375 0.5785843744186047 0.840922915625 0.5799 0.8492479156250001 0.5848734372093023 0.8526812500000001 0.6116234372093023 0.8517645843749999