1 0.43248437441860466 0.55940625 0.38985156279069766 0.558425 0.39091874883720934 0.5670499999999999 0.4053281255813953 0.56655625 0.4339625 0.5675416656250001 0.43248437441860466 0.55940625
1 0.5407578116279069 0.554739584375 0.4986437488372093 0.5577375 0.5000484372093024 0.5674812499999999 0.5104359372093022 0.564670834375 0.5408984372093023 0.563733334375 0.5407578116279069 0.554739584375
1 0.6380093744186046 0.600783334375 0.5974781255813953 0.6032875 0.5977187511627907 0.6118375 0.6210218744186046 0.6110895843749999 0.6398343744186047 0.609777084375 0.6380093744186046 0.600783334375
5 0.6350609372093023 0.6363854156250001 0.6013687488372094 0.635447915625 0.6027734372093024 0.645941665625 0.6140031255813954 0.645941665625 0.6357625 0.6431312499999999 0.6350609372093023 0.6363854156250001
5 0.5380156255813954 0.58795625 0.5036218744186046 0.589829165625 0.5037625 0.599385415625 0.5178015627906977 0.600135415625 0.537875 0.5982624999999999 0.5380156255813954 0.58795625
5 0.428020311627907 0.5921000000000001 0.39511718837209303 0.591445834375 0.395029688372093 0.599970834375 0.41173593720930235 0.600345834375 0.4283 0.600720834375 0.428020311627907 0.5921000000000001
0 0.4275625 0.613266665625 0.3941515627906977 0.616933334375 0.39457343720930227 0.626008334375 0.40257499999999996 0.625258334375 0.4270015627906977 0.624883334375 0.4275625 0.613266665625
0 0.5398234372093024 0.611014584375 0.5045875 0.616825 0.50515 0.62450625 0.5241015627906976 0.6235708343749999 0.5392625 0.621883334375 0.5398234372093024 0.611014584375
0 0.6363265627906978 0.6579291656249999 0.6034640627906978 0.65786875 0.602775 0.6699229156250001 0.6149890627906976 0.669735415625 0.6367468744186047 0.669172915625 0.6363265627906978 0.6579291656249999
7 0.6347515627906977 0.681708334375 0.6031656255813954 0.683770834375 0.6031656255813954 0.698572915625 0.6197312511627907 0.69745 0.6382625000000001 0.6961375000000001 0.6347515627906977 0.681708334375
7 0.5395734372093024 0.6344875 0.5058812511627907 0.640670834375 0.505320311627907 0.650602084375 0.5157078116279069 0.650602084375 0.5401343744186047 0.6496666656250001 0.5395734372093024 0.6344875
2 0.5446265627906977 0.671589584375 0.5244125000000001 0.6764625 0.5015109372093023 0.674602084375 0.5032140627906977 0.68564375 0.5189374999999999 0.68545625 0.5435046883720931 0.684145834375 0.5446265627906977 0.671589584375
2 0.6406484372093024 0.7283666656250001 0.6426140627906977 0.7188104156249999 0.6225390627906977 0.7227458343750001 0.5992359372093022 0.7191854156249999 0.600779688372093 0.729679165625 0.6122906255813954 0.730054165625 0.6288562488372093 0.730429165625 0.6406484372093024 0.7283666656250001
2 0.4316 0.675275 0.4097 0.6788333343749999 0.38836250000000005 0.676585415625 0.3914515627906977 0.686141665625 0.40759531162790696 0.687829165625 0.429354688372093 0.6872666656249999 0.4316 0.675275
7 0.42640624883720935 0.639108334375 0.3924343744186046 0.64266875 0.392995311627907 0.6541 0.4089984372093023 0.653725 0.42780937441860467 0.649414584375 0.42640624883720935 0.639108334375