2 0.463282811627907 0.8238625 0.46244999999999997 0.81388125 0.4408109372093023 0.8157291656250001 0.42164374883720934 0.8123604156249999 0.4202812511627907 0.8231229156250001 0.4330437511627907 0.8242312500000001 0.44885624883720926 0.8242312500000001 0.463282811627907 0.8238625
2 0.5714406255813954 0.937097915625 0.5797625 0.93561875 0.5808734372093023 0.9252687500000001 0.5700531255813953 0.928225 0.5622843744186047 0.9308125 0.5511875 0.9308125 0.5387921883720931 0.929102084375 0.5417562488372093 0.937835415625 0.552020311627907 0.939314584375 0.561729688372093 0.9385749999999999 0.5714406255813954 0.937097915625
2 0.6647765627906977 0.785520834375 0.6719890627906976 0.783672915625 0.6714343744186048 0.7759104156250001 0.661170311627907 0.777389584375 0.6506281255813953 0.777389584375 0.6411953116279069 0.77701875 0.6318406255813953 0.774939584375 0.6300984372093023 0.7844125 0.6417499999999999 0.78515 0.6550671883720931 0.785520834375 0.6647765627906977 0.785520834375
7 0.6683828116279069 0.809177084375 0.6539562511627907 0.811395834375 0.6355015627906977 0.809920834375 0.6353687511627908 0.822114584375 0.652570311627907 0.822485415625 0.6686609372093023 0.8210062499999999 0.6683828116279069 0.809177084375
7 0.576154688372093 0.9010812500000001 0.5764312488372093 0.8888833343749999 0.5631156255813954 0.89331875 0.5511859372093023 0.89331875 0.5424531255813954 0.8920875 0.5417531255813953 0.902929165625 0.5528500000000001 0.9036687499999999 0.566445311627907 0.902929165625 0.576154688372093 0.9010812500000001
7 0.4580093744186046 0.8556895843750001 0.45773281162790697 0.8449687499999999 0.44830000000000003 0.8482958343749999 0.437757811627907 0.84940625 0.4256109372093023 0.8481562500000001 0.4249968744186047 0.859385415625 0.4308218744186047 0.8604937500000001 0.4446937488372093 0.859385415625 0.4580093744186046 0.8556895843750001
0 0.4587890627906977 0.87081875 0.4468593744186046 0.8752541656249999 0.424695311627907 0.8729687500000001 0.424942188372093 0.884864584375 0.43548437441860466 0.885604165625 0.45767968837209305 0.884125 0.4587890627906977 0.87081875
0 0.5753906255813953 0.874891665625 0.5751125 0.8645416656249999 0.5629062511627907 0.867129165625 0.5537500000000001 0.867129165625 0.5418437488372093 0.866460415625 0.5418218744186046 0.87563125 0.5529187511627908 0.8774791656250001 0.5629062511627907 0.876739584375 0.5753906255813953 0.874891665625
0 0.6680796883720931 0.8340687499999999 0.6351968744186046 0.835954165625 0.6358968744186047 0.84700625 0.649492188372093 0.8473770843749999 0.6678015627906977 0.845897915625 0.6680796883720931 0.8340687499999999
5 0.6365046883720931 0.8626520843750001 0.6367828116279071 0.869675 0.6692406255813953 0.869675 0.6689640627906976 0.8608041656250001 0.6365046883720931 0.8626520843750001
5 0.5589734372093023 0.84298125 0.5421484372093023 0.842054165625 0.5419968744186047 0.8512541656250001 0.5750109372093023 0.8508854156250001 0.5747343744186046 0.839795834375 0.5589734372093023 0.84298125
5 0.45799062558139536 0.8976875 0.4419 0.900275 0.425 0.8990020843750001 0.42525468837209307 0.9095166656250001 0.4396812511627907 0.908777084375 0.4577140627906977 0.908777084375 0.45799062558139536 0.8976875
1 0.4549390627906977 0.9420437500000001 0.461875 0.9394562499999999 0.46104218837209304 0.9302166656249999 0.4535515627906977 0.93169375 0.4419 0.9361312500000001 0.42969375116279074 0.9346520843749999 0.4201187488372093 0.9311375 0.4197062511627907 0.9420437500000001 0.42858281162790696 0.9446312499999999 0.444675 0.945002084375 0.4549390627906977 0.9420437500000001
1 0.5628234372093024 0.818654165625 0.5789140627906977 0.8149583343750001 0.5786359372093024 0.8053479156250001 0.5644875 0.8105229156249999 0.5461765627906977 0.8101520843750001 0.5354375 0.8070729156249999 0.5359125 0.8164354156250001 0.543679688372093 0.818285415625 0.5528359372093022 0.81939375 0.5628234372093024 0.818654165625
1 0.6675281255813954 0.90330625 0.6739093744186047 0.901827084375 0.6739093744186047 0.8925875 0.6628124999999999 0.8959145843749999 0.6508828116279071 0.8970229156249999 0.6422828116279069 0.8962833343750001 0.6324500000000001 0.894120834375 0.6325734372093023 0.902566665625 0.645057811627907 0.904785415625 0.6564312488372094 0.904785415625 0.6675281255813954 0.90330625