2 0.4684109372093024 0.628152084375 0.4305843744186047 0.6284791656250001 0.4305843744186047 0.636010415625 0.4472875 0.634372915625 0.4693937488372093 0.6383041656249999 0.4684109372093024 0.628152084375
2 0.5273625 0.6818625 0.5280984372093023 0.688739584375 0.565925 0.691360415625 0.5678906255813954 0.683170834375 0.5273625 0.6818625
2 0.6241390627906976 0.811225 0.6246312488372092 0.8194125 0.6619656255813954 0.8171208343749999 0.6607375 0.8086062500000001 0.6241390627906976 0.811225
7 0.4455687488372093 0.66319375 0.43304062558139533 0.6622125 0.4345156255813954 0.671708334375 0.46399062558139537 0.66646875 0.46448124883720926 0.661883334375 0.4455687488372093 0.66319375
7 0.531292188372093 0.715260415625 0.532029688372093 0.727379165625 0.5612593744186046 0.726395834375 0.56175 0.7162437500000001 0.531292188372093 0.715260415625
7 0.656317188372093 0.770608334375 0.6423156255813953 0.7748666656250001 0.6278234372093022 0.773883334375 0.6280687511627907 0.782397915625 0.6482109372093023 0.7853458343749999 0.6582812511627908 0.7830541656250001 0.656317188372093 0.770608334375
0 0.4652187488372093 0.687422915625 0.4347609372093023 0.6861125 0.4337781255813954 0.696920834375 0.4472875 0.696920834375 0.4652187488372093 0.695283334375 0.4652187488372093 0.687422915625
0 0.562732811627907 0.7417875 0.5487312488372094 0.744735415625 0.531782811627907 0.742116665625 0.532520311627907 0.749647915625 0.546029688372093 0.750304165625 0.5622406255813953 0.750958334375 0.562732811627907 0.7417875
0 0.6582812511627908 0.7466999999999999 0.6435437511627907 0.749975 0.6270875 0.749320834375 0.627332811627907 0.756854165625 0.6442812488372093 0.758491665625 0.6570531255813954 0.7561979156249999 0.6582812511627908 0.7466999999999999
1 0.42779960232558145 0.747680453125 0.42812812558139535 0.7483375 0.42886562558139535 0.75554375 0.44483125116279065 0.7548874999999999 0.46644687441860466 0.75226875 0.465954688372093 0.74571875 0.44605937441860466 0.7473562499999999 0.42779960232558145 0.747680453125
1 0.5634687488372093 0.80205 0.5251515627906976 0.800739584375 0.527117188372093 0.8069625 0.5393984372093024 0.8069625 0.5651890627906977 0.8076166656250001 0.5634687488372093 0.80205
1 0.6600015627906978 0.6916875 0.6229109372093022 0.6920145843750001 0.6229109372093022 0.6988916656249999 0.6381406255813953 0.6988916656249999 0.6607375 0.697254165625 0.6600015627906978 0.6916875
5 0.46300781162790694 0.713302084375 0.4337781255813954 0.71231875 0.4345156255813954 0.721489584375 0.44777812558139535 0.7211624999999999 0.46399062558139537 0.719852084375 0.46300781162790694 0.713302084375
5 0.5597843744186046 0.7670125 0.5295734372093023 0.765702084375 0.5300640627906977 0.77258125 0.538170311627907 0.77258125 0.5605218744186047 0.7735624999999999 0.5597843744186046 0.7670125
5 0.656807811627907 0.7244375 0.6275781255813954 0.724110415625 0.627332811627907 0.72378125 0.6258593744186046 0.7309875 0.6391234372093023 0.7309875 0.6577906255813953 0.7309875 0.656807811627907 0.7244375