2 0.36028281162790693 0.55715 0.33833437441860464 0.553672915625 0.31942656279069764 0.554541665625 0.32116562558139533 0.561785415625 0.3378984372093023 0.560335415625 0.36071718837209304 0.564104165625 0.36028281162790693 0.55715
2 0.46190312558139535 0.560472915625 0.46168593720930234 0.567427084375 0.50015 0.570614584375 0.501629688372093 0.560341665625 0.46190312558139535 0.560472915625
2 0.6345093744186046 0.680641665625 0.6340749999999999 0.6870166656250001 0.672757811627907 0.685858334375 0.6787968744186046 0.678452084375 0.6345093744186046 0.680641665625
0 0.325795311627907 0.614708334375 0.326229688372093 0.623110415625 0.35730468837209306 0.622820834375 0.357957811627907 0.6152875 0.325795311627907 0.614708334375
0 0.46705 0.6211125 0.4677015627906977 0.630383334375 0.5000812511627907 0.6312541656249999 0.501629688372093 0.619397915625 0.46705 0.6211125
0 0.6638156255813954 0.620058334375 0.6390406255813953 0.620927084375 0.6386062488372093 0.627302084375 0.6705515627906977 0.627302084375 0.6712031255813954 0.61831875 0.6638156255813954 0.620058334375
7 0.358779688372093 0.59088125 0.34986874883720925 0.5885625 0.3272687488372093 0.5900125 0.32683437441860463 0.600733334375 0.33726562558139533 0.598125 0.35986562558139534 0.596385415625 0.358779688372093 0.59088125
7 0.4672812488372093 0.595195834375 0.4670640627906977 0.6053375 0.498792188372093 0.60475625 0.49853906279069765 0.5939895843749999 0.4672812488372093 0.595195834375
7 0.639654688372093 0.64411875 0.640192188372093 0.6548375 0.670832811627907 0.6533875 0.6721374999999999 0.6432458343749999 0.639654688372093 0.64411875
5 0.3263515627906977 0.640258334375 0.3263515627906977 0.648660415625 0.3572093744186047 0.6466333343749999 0.356557811627907 0.64170625 0.3263515627906977 0.640258334375
5 0.47033593720930233 0.6447333343749999 0.4709890627906977 0.651977084375 0.501629688372093 0.652845834375 0.503175 0.6420583343749999 0.47033593720930233 0.6447333343749999
5 0.6419015627906977 0.595379165625 0.6419015627906977 0.602333334375 0.6727609372093023 0.603202084375 0.6729781255813952 0.595958334375 0.6419015627906977 0.595379165625
1 0.3186515627906977 0.6733687500000001 0.3197375 0.682352084375 0.3590718744186046 0.681770834375 0.35820312558139533 0.674527084375 0.3186515627906977 0.6733687500000001
1 0.4685125 0.6793750000000001 0.46786093720930233 0.6889375 0.5058906255813954 0.688647915625 0.5078093744186046 0.678452084375 0.4685125 0.6793750000000001
1 0.6361843744186046 0.561233334375 0.635532811627907 0.5678979156249999 0.6772515627906976 0.56858125 0.6787968744186046 0.559654165625 0.6361843744186046 0.561233334375