2 0.34037968837209304 0.25255 0.35036562558139533 0.252966665625 0.3612875 0.254214584375 0.3653437511627907 0.25629375 0.36472031162790697 0.246729165625 0.34880468837209305 0.24381875000000003 0.3353859372093024 0.24381875000000003 0.327417188372093 0.24347708437499999 0.3250875 0.25005625 0.32477500000000004 0.25670833437499996 0.33101718837209304 0.253383334375 0.34037968837209304 0.25255
2 0.46338437441860464 0.36004375 0.4193859372093023 0.3592375 0.4209437488372093 0.36794375 0.4390437511627907 0.36752916562500004 0.46307343720930233 0.3671125 0.46338437441860464 0.36004375
2 0.556170311627907 0.27168125 0.5686515627906977 0.272929165625 0.576454688372093 0.275008334375 0.5742687488372094 0.265860415625 0.5636593744186047 0.264197915625 0.5521125 0.26378124999999997 0.5364062488372093 0.26177916562500003 0.5333890627906976 0.265860415625 0.5333890627906976 0.27168125 0.5418140627906977 0.27085 0.556170311627907 0.27168125
7 0.3615015627906977 0.278416665625 0.3483937511627907 0.27925 0.3277609372093023 0.27962291562499997 0.329045311627907 0.290475 0.34184062558139533 0.290060415625 0.3611890627906977 0.290060415625 0.3615015627906977 0.278416665625
7 0.45709531162790695 0.323120834375 0.44149218837209303 0.323120834375 0.42453281162790696 0.32355 0.42401562558139533 0.333933334375 0.4452375 0.334347915625 0.457407811627907 0.334347915625 0.45709531162790695 0.323120834375
7 0.5569953116279069 0.299172915625 0.5377781255813954 0.297010415625 0.5376468744186046 0.3104 0.5704140627906976 0.3104 0.5707265627906977 0.299172915625 0.5569953116279069 0.299172915625
0 0.5704140627906976 0.324952084375 0.559804688372093 0.32536875 0.5382718744186047 0.324535415625 0.5388078116279069 0.33453125 0.5529390627906977 0.33451458437500003 0.5704140627906976 0.335345834375 0.5704140627906976 0.324952084375
0 0.45847187441860465 0.296539584375 0.42522031162790697 0.297925 0.425392188372093 0.30735 0.43912343720930236 0.30818124999999996 0.45815937441860466 0.30818124999999996 0.45847187441860465 0.296539584375
0 0.36127187441860464 0.306435415625 0.346604688372093 0.304772915625 0.3281031255813953 0.305704165625 0.32788124883720926 0.315997915625 0.3413 0.315166665625 0.36158437441860464 0.31558333437499997 0.36127187441860464 0.306435415625
5 0.36002343720930235 0.331797915625 0.33973906279069765 0.331383334375 0.328504688372093 0.331383334375 0.3287906255813953 0.340935415625 0.344732811627907 0.34053125 0.36002343720930235 0.340945834375 0.36002343720930235 0.331797915625
5 0.4574312488372093 0.27313125 0.4424515627906977 0.2723 0.4248765627906977 0.272760415625 0.4249765627906977 0.280616665625 0.4393312511627907 0.28103125 0.457742188372093 0.281864584375 0.4574312488372093 0.27313125
5 0.5700015627906977 0.349104165625 0.5537734372093024 0.348272915625 0.5377781255813954 0.348714584375 0.537857811627907 0.356589584375 0.5525249999999999 0.357004165625 0.5703140627906977 0.359083334375 0.5700015627906977 0.349104165625
1 0.5731218744186046 0.393179165625 0.5731218744186046 0.38361458437499996 0.558767188372093 0.38361458437499996 0.5481562511627907 0.382783334375 0.5326312511627908 0.382572915625 0.5328656255813954 0.391514584375 0.55315 0.39068333437499997 0.5646968744186047 0.39193125 0.5731218744186046 0.393179165625
1 0.46332656279069767 0.24851458437499999 0.46332656279069767 0.24144583437499997 0.45458906279069766 0.24019791562499998 0.440857811627907 0.24019791562499998 0.4293109372093023 0.24019791562499998 0.42110156279069766 0.23981666562499998 0.4205734372093023 0.24851458437499999 0.43555312558139536 0.246852084375 0.4480359372093023 0.247266665625 0.46332656279069767 0.24851458437499999
1 0.3659562488372093 0.373464584375 0.3656437488372093 0.3639 0.3509765627906977 0.364316665625 0.334125 0.363485415625 0.3212406255813953 0.36381458437499997 0.321642188372093 0.373464584375 0.3347484372093023 0.373464584375 0.3509765627906977 0.373464584375 0.3659562488372093 0.373464584375