2 0.3655375 0.625954165625 0.36470312558139534 0.63541875 0.40309062558139536 0.635695834375 0.404342188372093 0.625675 0.3655375 0.625954165625
7 0.401004688372093 0.657966665625 0.36869218837209305 0.66099375 0.36887656279069764 0.67160625 0.401004688372093 0.66854375 0.401004688372093 0.657966665625
0 0.4005875 0.68413125 0.36869218837209305 0.686039584375 0.3692937488372093 0.6955458343750001 0.401004688372093 0.693595834375 0.4005875 0.68413125
5 0.4014218744186046 0.7167020843749999 0.401004688372093 0.71085625 0.369475 0.711433334375 0.3699187488372093 0.719485415625 0.38973906279069764 0.717814584375 0.4014218744186046 0.7167020843749999
1 0.4053859372093023 0.750383334375 0.406220311627907 0.743702084375 0.38994687441860465 0.74509375 0.364517188372093 0.7451749999999999 0.36574687441860465 0.75233125 0.38619218837209307 0.752889584375 0.4053859372093023 0.750383334375
1 0.47742031162790693 0.552920834375 0.4765859372093023 0.5598791656250001 0.5178937488372093 0.559602084375 0.5168515627906977 0.554035415625 0.47742031162790693 0.552920834375
2 0.5163703116279069 0.43505000000000005 0.4771484372093023 0.43505000000000005 0.4777437488372093 0.440454165625 0.4892484372093023 0.44284375000000004 0.5176218744186046 0.4434 0.5163703116279069 0.43505000000000005
7 0.5130312488372093 0.469010415625 0.4811359372093023 0.469327084375 0.4811125 0.480145834375 0.5126140627906977 0.47903124999999996 0.5130312488372093 0.469010415625
0 0.5130312488372093 0.493785415625 0.48090312558139536 0.49601249999999997 0.4817375 0.5043624999999999 0.5121968744186046 0.5043624999999999 0.5130312488372093 0.493785415625
5 0.5132406255813954 0.520229165625 0.4811359372093023 0.520460415625 0.4819468744186047 0.527745834375 0.5126140627906977 0.528860415625 0.5132406255813954 0.520229165625
1 0.6213625 0.67645625 0.622404688372093 0.6694979156249999 0.609679688372093 0.6694979156249999 0.5805359372093023 0.668995834375 0.5815140627906977 0.675064584375 0.607592188372093 0.67645625 0.6213625 0.67645625
5 0.6159374999999999 0.709025 0.616017188372093 0.7027375 0.5846437511627908 0.7020666656250001 0.5844343744186047 0.707633334375 0.6015421883720931 0.710416665625 0.6159374999999999 0.709025
0 0.6167718744186047 0.73435625 0.6173984372093023 0.7243354156249999 0.5844718744186046 0.725104165625 0.5844718744186046 0.7340125 0.607592188372093 0.73435625 0.6167718744186047 0.73435625
7 0.6163906255813955 0.7504354156249999 0.585492188372093 0.750045834375 0.5853062511627907 0.7604562500000001 0.6159734372093023 0.762127084375 0.6163906255813955 0.7504354156249999
2 0.6191031255813954 0.793583334375 0.6201468744186047 0.786622915625 0.5800140627906977 0.786222915625 0.5817593744186047 0.794975 0.6017874999999999 0.796366665625 0.6191031255813954 0.793583334375