2 0.31546250000000003 0.81899375 0.3139734372093023 0.828525 0.3544859372093023 0.8269375 0.3547843744186046 0.8193895843749999 0.31546250000000003 0.81899375
2 0.49508906279069764 0.821377084375 0.47870625116279064 0.82495 0.45725781162790696 0.825745834375 0.4566625 0.833689584375 0.49062187441860466 0.831702084375 0.49836562558139536 0.82773125 0.49508906279069764 0.821377084375
2 0.6696515627906977 0.943708334375 0.6520765627906977 0.946489584375 0.6303312511627908 0.9425166656249999 0.6315218744186046 0.950460415625 0.6514812488372093 0.9528437500000001 0.6690562488372093 0.950064584375 0.6696515627906977 0.943708334375
7 0.3512093744186046 0.850766665625 0.31963437441860465 0.851958334375 0.3211234372093023 0.8634770843749999 0.33303906279069767 0.8614916656249999 0.3506140627906977 0.858710415625 0.3512093744186046 0.850766665625
7 0.4938984372093023 0.854341665625 0.46321562558139534 0.8603 0.46291718837209306 0.871025 0.4810890627906977 0.868641665625 0.494195311627907 0.8662583343750001 0.4938984372093023 0.854341665625
7 0.6654812511627908 0.9079625 0.6514812488372093 0.910741665625 0.6339046883720931 0.905977084375 0.6333093744186047 0.9143166656249999 0.645225 0.919083334375 0.6660765627906976 0.9178916656249999 0.6654812511627908 0.9079625
0 0.35091249999999996 0.876585415625 0.335720311627907 0.8797625 0.3181437488372093 0.877379165625 0.3187406255813954 0.886910415625 0.33363437441860466 0.887308334375 0.3506140627906977 0.884529165625 0.35091249999999996 0.876585415625
0 0.49657968837209304 0.879364584375 0.48227968837209306 0.884925 0.46440781162790695 0.8861166656250001 0.4653015627906976 0.8956500000000001 0.481982811627907 0.8924729156250001 0.4956859372093023 0.8904854156249999 0.49657968837209304 0.879364584375
0 0.666970311627907 0.88135 0.655054688372093 0.8833375 0.6350968744186046 0.88055625 0.6356921883720931 0.8896916656249999 0.6514812488372093 0.8924729156250001 0.665182811627907 0.8916770843749999 0.666970311627907 0.88135
5 0.349125 0.90359375 0.335720311627907 0.90518125 0.32022968837209304 0.901210415625 0.31784687441860465 0.9115375 0.33005937441860467 0.910345834375 0.346145311627907 0.90955 0.349125 0.90359375
5 0.49538750000000004 0.9043875 0.4873437488372093 0.910741665625 0.46649218837209305 0.9079625 0.4661937488372093 0.91749375 0.48317343720930234 0.9167 0.49657968837209304 0.9139208343749999 0.49538750000000004 0.9043875
5 0.6687578116279069 0.858314584375 0.6571406255813954 0.8603 0.6365859372093022 0.8563291656249999 0.6362890627906976 0.8642729156250001 0.6490968744186046 0.8654624999999999 0.6666734372093023 0.8654624999999999 0.6687578116279069 0.858314584375
1 0.3500187488372093 0.93536875 0.3270812488372093 0.940133334375 0.312782811627907 0.936558334375 0.312782811627907 0.9460916656249999 0.33542187441860466 0.947283334375 0.3521031255813954 0.940929165625 0.3500187488372093 0.93536875
1 0.5017609372093024 0.939883334375 0.4865687488372093 0.944116665625 0.4629890627906977 0.9429062500000001 0.4629890627906977 0.9519770843750001 0.487929688372093 0.9519770843750001 0.502667188372093 0.9453250000000001 0.5017609372093024 0.939883334375
1 0.6718093744186047 0.823795834375 0.6455093744186047 0.827727084375 0.6321312511627907 0.823795834375 0.6314515627906977 0.8325645843749999 0.6693156255813953 0.8337729156250001 0.6718093744186047 0.823795834375