2 0.36262968837209303 0.736185415625 0.36189687441860463 0.747583334375 0.40290000000000004 0.7466062499999999 0.4024109372093023 0.7374875000000001 0.36262968837209303 0.736185415625
7 0.39826249999999996 0.778845834375 0.3992390627906977 0.76875 0.3670218744186046 0.77200625 0.3670218744186046 0.782752084375 0.377517188372093 0.7821020843750001 0.39826249999999996 0.778845834375
0 0.3997265627906977 0.8042458343750001 0.3985062488372093 0.796429165625 0.366307811627907 0.7985 0.3670218744186046 0.8068500000000001 0.374832811627907 0.808804165625 0.3997265627906977 0.8042458343750001
5 0.39875 0.82801875 0.3992390627906977 0.8202020843750001 0.3860593744186046 0.8244354156249999 0.36600312558139536 0.8225104156249999 0.36726718837209305 0.831925 0.3880125 0.831925 0.39875 0.82801875
1 0.3865468744186047 0.8670958343749999 0.40314374883720927 0.861885415625 0.40192343720930235 0.854070834375 0.3797140627906977 0.85960625 0.36234062558139535 0.8571 0.36238593720930234 0.8638395843750001 0.3743437511627907 0.8664458343750001 0.3865468744186047 0.8670958343749999
1 0.5135015627906977 0.671341665625 0.5137453116279069 0.665479165625 0.47493906279069764 0.665154165625 0.47542656279069767 0.67231875 0.4983687511627907 0.67231875 0.5135015627906977 0.671341665625
2 0.5139890627906977 0.545966665625 0.474695311627907 0.545966665625 0.4732312511627907 0.5518270843749999 0.4927562488372093 0.554758334375 0.514232811627907 0.554758334375 0.5139890627906977 0.545966665625
7 0.5110609372093023 0.57918125 0.47791562558139533 0.580247915625 0.4776234372093023 0.59123125 0.5108640627906977 0.591320834375 0.5110609372093023 0.57918125
0 0.5108640627906977 0.604670834375 0.5011015627906976 0.608254165625 0.478929688372093 0.60683125 0.47816093720930236 0.6160687499999999 0.5103765627906977 0.61541875 0.5108640627906977 0.604670834375
5 0.5108640627906977 0.63105 0.47986874883720926 0.6303979156249999 0.4801125 0.638214584375 0.510132811627907 0.639516665625 0.5108640627906977 0.63105
1 0.61185 0.788645834375 0.618342188372093 0.784933334375 0.6190828116279069 0.779735415625 0.5957140627906976 0.7819625 0.578095311627907 0.7789937499999999 0.5784656255813954 0.786170834375 0.587925 0.788397915625 0.61185 0.788645834375
5 0.6059156255813953 0.8218062500000001 0.6133343744186047 0.8200729156250001 0.613704688372093 0.8124020843749999 0.5984968744186047 0.814133334375 0.5824265627906977 0.812439584375 0.582175 0.81933125 0.5903359372093023 0.820816665625 0.6059156255813953 0.8218062500000001
0 0.6148171883720931 0.8443250000000001 0.6150031255813954 0.8344270843749999 0.599979688372093 0.83888125 0.581267188372093 0.837489584375 0.582175 0.8440770843750001 0.6036890627906977 0.847047915625 0.6148171883720931 0.8443250000000001
7 0.6136109372093024 0.8596 0.6026687488372093 0.862570834375 0.5808031255813954 0.8613 0.5813406255813953 0.8732104156249999 0.6137968744186046 0.874695834375 0.6136109372093024 0.8596
2 0.6128703116279071 0.90785625 0.6180625000000001 0.8974624999999999 0.5896859372093023 0.900927084375 0.5778156255813954 0.8984520843749999 0.5796703116279069 0.906372915625 0.5830093744186047 0.9083520843749999 0.6128703116279071 0.90785625