2 0.4448140627906977 0.257360415625 0.4448140627906977 0.272347915625 0.48881406279069767 0.272347915625 0.48817187441860466 0.257360415625 0.4448140627906977 0.257360415625
2 0.34878593720930234 0.22781250000000003 0.34878593720930234 0.243658334375 0.3924640627906977 0.246227084375 0.39278437441860464 0.228241665625 0.34878593720930234 0.22781250000000003
2 0.588695311627907 0.295472915625 0.588695311627907 0.3126 0.6314109372093024 0.313029165625 0.631732811627907 0.296329165625 0.588695311627907 0.295472915625
2 0.7161984372093023 0.28605208437499996 0.717482811627907 0.301039584375 0.761482811627907 0.2976125 0.7605187511627907 0.28219791562499996 0.7161984372093023 0.28605208437499996
2 0.7107390627906977 0.17043124999999998 0.7110593744186047 0.18927291562499998 0.7576281255813954 0.185847915625 0.7557015627906977 0.16657708437500002 0.7107390627906977 0.17043124999999998
2 0.5867687488372093 0.179425 0.5874109372093024 0.19698125 0.632375 0.197410415625 0.6314109372093024 0.18028125 0.5867687488372093 0.179425
2 0.44192343720930227 0.14216875 0.4428875 0.157585415625 0.48817187441860466 0.15715625 0.4865656255813953 0.143454165625 0.44192343720930227 0.14216875
2 0.35360312558139534 0.113479165625 0.351354688372093 0.128466665625 0.395675 0.13189166562500002 0.396317188372093 0.114335415625 0.35360312558139534 0.113479165625
0 0.355795311627907 0.14715 0.35524687441860464 0.16325625 0.3903859372093023 0.164354165625 0.3909359372093023 0.14788125000000002 0.355795311627907 0.14715
0 0.35524687441860464 0.172772915625 0.355520311627907 0.187414584375 0.3898375 0.189245834375 0.3898375 0.173870834375 0.35524687441860464 0.172772915625
0 0.44639062558139536 0.176066665625 0.4472156255813953 0.19327083437499998 0.482904688372093 0.19253958437500002 0.482629688372093 0.176066665625 0.44639062558139536 0.176066665625
0 0.5921687511627907 0.23902708437500003 0.5918937511627906 0.255133334375 0.6273093744186046 0.254766665625 0.6264859372093023 0.238660415625 0.5921687511627907 0.23902708437500003
0 0.591620311627907 0.263552084375 0.5921687511627907 0.278925 0.6267593744186046 0.27819375 0.6267593744186046 0.26501666562500004 0.591620311627907 0.263552084375
0 0.7187281255813953 0.252570834375 0.7190031255813953 0.268310415625 0.7544171883720929 0.265747915625 0.7533203116279069 0.250739584375 0.7187281255813953 0.252570834375
0 0.7181796883720931 0.22914374999999998 0.7187281255813953 0.24451874999999998 0.752770311627907 0.2426875 0.7524968744186047 0.22585000000000002 0.7181796883720931 0.22914374999999998
3 0.7168062488372093 0.20571666562500002 0.717629688372093 0.21962708437499998 0.7522218744186047 0.21743125000000002 0.7516718744186046 0.20205625 0.7168062488372093 0.20571666562500002
3 0.5921687511627907 0.215233334375 0.5921687511627907 0.231339584375 0.6262109372093024 0.230975 0.6259359372093023 0.21596666562500003 0.5921687511627907 0.215233334375
3 0.4483125 0.223654165625 0.44858750000000003 0.24049166562500002 0.4851 0.240858334375 0.4834531255813953 0.225483334375 0.4483125 0.223654165625
0 0.4480390627906977 0.198395834375 0.4483125 0.21486875 0.482904688372093 0.21486875 0.48235468837209305 0.199129165625 0.4480390627906977 0.198395834375
3 0.35469687441860465 0.19619999999999999 0.35469687441860465 0.211939584375 0.38928906279069764 0.2130375 0.38873906279069764 0.19693125 0.35469687441860465 0.19619999999999999