2 0.3573890627906977 0.635122915625 0.3581312511627907 0.615354165625 0.3188562511627907 0.614858334375 0.3184859372093023 0.620295834375 0.3188562511627907 0.63759375 0.3573890627906977 0.635122915625
2 0.4403843744186047 0.526389584375 0.4007765627906977 0.530045834375 0.4007390627906977 0.5501125 0.4400140627906977 0.545664584375 0.4403843744186047 0.526389584375
2 0.35775937441860467 0.737927084375 0.3596125 0.719145834375 0.34182812558139536 0.722110415625 0.3192265627906977 0.721122915625 0.3173734372093023 0.733972915625 0.3370109372093023 0.7364437500000001 0.35775937441860467 0.737927084375
2 0.4463125 0.645502084375 0.447425 0.630675 0.407725 0.6356604156250001 0.40592656279069766 0.6504458343749999 0.42926875116279073 0.6484687499999999 0.4463125 0.645502084375
2 0.5319015627906977 0.46905625000000006 0.5315312488372093 0.44978125 0.492495311627907 0.450989584375 0.4937390627906977 0.476470834375 0.5074468744186047 0.47202083437500003 0.5319015627906977 0.46905625000000006
2 0.537829688372093 0.552089584375 0.499667188372093 0.554066665625 0.49929687441860465 0.5728479156249999 0.5352359372093023 0.5674125 0.537829688372093 0.552089584375
2 0.5934062488372093 0.423585415625 0.5937765627906977 0.402827084375 0.5536390627906976 0.40404999999999996 0.5537625 0.42852708437500003 0.5700640627906977 0.42457500000000004 0.5934062488372093 0.423585415625
2 0.5982234372093024 0.508595834375 0.560125 0.5115166656250001 0.5626546883720931 0.5254 0.5974828116279071 0.522929165625 0.5982234372093024 0.508595834375
4 0.3229562511627907 0.657277084375 0.3536843744186047 0.657364584375 0.3533140627906977 0.644020834375 0.32145 0.645502084375 0.3229562511627907 0.657277084375
4 0.4074093744186047 0.559008334375 0.40818906279069767 0.573897915625 0.418895311627907 0.5693875 0.43742031162790695 0.56790625 0.435567188372093 0.55555 0.4074093744186047 0.559008334375
4 0.5296781255813954 0.476470834375 0.498554688372093 0.47992916562500004 0.498554688372093 0.49228541562499994 0.5278265627906976 0.488827084375 0.5296781255813954 0.476470834375
4 0.5904421883720931 0.44286041562499995 0.5904421883720931 0.430010415625 0.5722875000000001 0.433470834375 0.5585781255813953 0.435941665625 0.5593187488372093 0.445827084375 0.5741406255813953 0.446320834375 0.5904421883720931 0.44286041562499995
0 0.3533140627906977 0.676145834375 0.35405468837209303 0.663789584375 0.3229562511627907 0.664689584375 0.32441406279069773 0.6766395843749999 0.3384937488372093 0.677629165625 0.3533140627906977 0.676145834375
0 0.3529437488372093 0.70530625 0.354425 0.6914666656249999 0.323882811627907 0.68939375 0.32404375116279066 0.701845834375 0.3333062488372093 0.7048125 0.3529437488372093 0.70530625
0 0.4381609372093023 0.57433125 0.40865156279069764 0.577604165625 0.41000312558139534 0.589158334375 0.4400140627906977 0.5876750000000001 0.4381609372093023 0.57433125
0 0.4403843744186047 0.61189375 0.4403843744186047 0.5995375000000001 0.4091156255813953 0.6035437499999999 0.4096312488372093 0.61733125 0.4240812488372093 0.61831875 0.4403843744186047 0.61189375
0 0.5300484372093023 0.49574583437499997 0.498517188372093 0.497929165625 0.499667188372093 0.5135395843749999 0.5300484372093023 0.5090895843750001 0.5300484372093023 0.49574583437499997
0 0.5307906255813953 0.51848125 0.519304688372093 0.5273770843750001 0.500832811627907 0.526339584375 0.5011484372093024 0.539239584375 0.5304187511627907 0.5377562499999999 0.5307906255813953 0.51848125
0 0.591554688372093 0.44879166562500006 0.5604312488372093 0.452252084375 0.5610515627906977 0.46766666562500003 0.575992188372093 0.46510208437499995 0.5908125 0.459664584375 0.591554688372093 0.44879166562500006
0 0.5926656255813953 0.47399791562500004 0.5624406255813953 0.47754791562500004 0.5622843744186047 0.493275 0.5930359372093023 0.491791665625 0.5926656255813953 0.47399791562500004