2 0.32732656279069766 0.424839584375 0.2885390627906977 0.424839584375 0.2880187488372093 0.44011875 0.32758593720930235 0.442202084375 0.32732656279069766 0.424839584375
2 0.32940937441860463 0.524502084375 0.2882781255813953 0.52554375 0.2882781255813953 0.544641665625 0.32940937441860463 0.544989584375 0.32940937441860463 0.524502084375
2 0.39318593720930234 0.5324875 0.3520562488372093 0.53491875 0.35335781162790697 0.556102084375 0.39006250000000003 0.55540625 0.39318593720930234 0.5324875
2 0.3905828116279069 0.4345625 0.3486234372093023 0.43358749999999996 0.3499734372093023 0.4505375 0.39006250000000003 0.44810625000000004 0.3905828116279069 0.4345625
2 0.5163171883720931 0.45574583437499994 0.47815312558139533 0.454416665625 0.47779062558139535 0.472066665625 0.5168375000000001 0.466510415625 0.5163171883720931 0.45574583437499994
2 0.5220437511627907 0.55228125 0.48238437441860466 0.556827084375 0.48507812558139535 0.5751999999999999 0.5215234372093023 0.57450625 0.5220437511627907 0.55228125
2 0.5946734372093023 0.45852291562499997 0.5556249999999999 0.460954165625 0.557967188372093 0.47658125 0.5944125 0.47449791562500004 0.5946734372093023 0.45852291562499997
2 0.6006593744186046 0.558185415625 0.5608187488372093 0.5646375 0.5618734372093024 0.582839584375 0.6017015627906976 0.5804083343750001 0.6006593744186046 0.558185415625
0 0.3213390627906976 0.47449791562500004 0.32446250000000004 0.460954165625 0.2924437488372093 0.45748125 0.2914015627906977 0.47171874999999996 0.30363749999999995 0.475539584375 0.3213390627906976 0.47449791562500004
0 0.38720000000000004 0.46546875 0.3544812511627907 0.46700208437499996 0.3559609372093023 0.482483334375 0.38720000000000004 0.48178958437499997 0.38720000000000004 0.46546875
0 0.32368125116279073 0.49672083437500003 0.3242015627906976 0.483179165625 0.2929640627906977 0.484220834375 0.2916625 0.500541665625 0.30832343720930233 0.49741458437499997 0.32368125116279073 0.49672083437500003
0 0.38641874883720934 0.50818125 0.3869390627906976 0.49394375 0.355179688372093 0.49533125 0.356742188372093 0.509222915625 0.3734031255813953 0.50818125 0.38641874883720934 0.50818125
4 0.32472343720930236 0.514779165625 0.32368125116279073 0.504708334375 0.29232031162790695 0.504320834375 0.2919234372093023 0.517904165625 0.30728124883720925 0.517904165625 0.32472343720930236 0.514779165625
4 0.38667812558139536 0.524154165625 0.3869390627906976 0.514779165625 0.35643437441860465 0.5143 0.357782811627907 0.5262374999999999 0.37548437441860466 0.527972915625 0.38667812558139536 0.524154165625
4 0.5173578116279071 0.529014584375 0.48664062558139537 0.532141665625 0.48585937441860466 0.54116875 0.5165781255813954 0.540475 0.5173578116279071 0.529014584375
4 0.5946734372093023 0.53978125 0.5637468744186047 0.54250625 0.563695311627907 0.5540166656250001 0.5941515627906977 0.550891665625 0.5946734372093023 0.53978125
0 0.5150156255813954 0.484220834375 0.4836859372093023 0.48609375000000005 0.48507812558139535 0.50019375 0.5157968744186047 0.49672083437500003 0.5150156255813954 0.484220834375
0 0.593892188372093 0.494985415625 0.5603109372093024 0.496027084375 0.5610921883720931 0.510264584375 0.5925906255813953 0.507833334375 0.593892188372093 0.494985415625
0 0.5150156255813954 0.512347915625 0.48481874883720927 0.515472915625 0.4856 0.530404165625 0.5157968744186047 0.5251958343750001 0.5150156255813954 0.512347915625
0 0.5944125 0.519639584375 0.562445311627907 0.5234125 0.563175 0.53735 0.5941515627906977 0.533529165625 0.5944125 0.519639584375