0 0.34829218837209297 0.12515833437499999 0.347567188372093 0.1401375 0.3841718744186046 0.139654165625 0.38453437441860466 0.126125 0.34829218837209297 0.12515833437499999
0 0.34865312558139533 0.146420834375 0.34829218837209297 0.161883334375 0.3827218744186046 0.163333334375 0.3834468744186047 0.148835415625 0.34865312558139533 0.146420834375
0 0.469704688372093 0.16478333437499998 0.469342188372093 0.1797625 0.5052218744186047 0.179279165625 0.5041343744186046 0.165266665625 0.469704688372093 0.16478333437499998
0 0.47006718837209305 0.139170834375 0.47006718837209305 0.15656874999999998 0.5052218744186047 0.157052084375 0.5044968744186047 0.139654165625 0.47006718837209305 0.139170834375
0 0.5860437488372092 0.166233334375 0.586404688372093 0.18411249999999998 0.6219234372093023 0.185079165625 0.6211984372093022 0.166233334375 0.5860437488372092 0.166233334375
0 0.587129688372093 0.189427084375 0.587854688372093 0.20682499999999998 0.6219234372093023 0.20682499999999998 0.6211984372093022 0.187979165625 0.587129688372093 0.189427084375
0 0.7034687511627906 0.20005833437499998 0.7045562488372092 0.21600625 0.7400734372093024 0.215039584375 0.7389875 0.199575 0.7034687511627906 0.20005833437499998
0 0.7034687511627906 0.17638125 0.7041937511627907 0.191360415625 0.7379000000000001 0.191360415625 0.737175 0.17493125 0.7034687511627906 0.17638125
3 0.347567188372093 0.171547915625 0.347204688372093 0.189910415625 0.3841718744186046 0.190877084375 0.38380937441860463 0.172514584375 0.347567188372093 0.171547915625
3 0.470792188372093 0.189910415625 0.470792188372093 0.203441665625 0.5044968744186047 0.205375 0.5041343744186046 0.189910415625 0.470792188372093 0.189910415625
3 0.586767188372093 0.1401375 0.587129688372093 0.16043333437500001 0.6208359372093023 0.1585 0.6201109372093023 0.1401375 0.586767188372093 0.1401375
3 0.7027437488372094 0.15221875 0.7031062511627907 0.1672 0.7379000000000001 0.166233334375 0.7368125000000001 0.15076875 0.7027437488372094 0.15221875
2 0.342492188372093 0.20295833437500002 0.34212968837209307 0.219389584375 0.38670937441860465 0.223254165625 0.38888281162790694 0.204891665625 0.342492188372093 0.20295833437500002
2 0.343942188372093 0.08988125 0.343579688372093 0.105345834375 0.390695311627907 0.10824375 0.39033281162790695 0.09278125000000001 0.343942188372093 0.08988125
2 0.46716718837209303 0.1063125 0.46644218837209306 0.122258334375 0.510295311627907 0.123225 0.5099328116279069 0.10969374999999999 0.46716718837209303 0.1063125
2 0.464992188372093 0.22228750000000003 0.464629688372093 0.23726875 0.5070343744186047 0.237752084375 0.5088468744186047 0.224704165625 0.464992188372093 0.22228750000000003
2 0.5827812511627907 0.22228750000000003 0.5845937488372093 0.239202084375 0.6269968744186046 0.23871875 0.6266343744186047 0.22277083437499998 0.5827812511627907 0.22228750000000003
2 0.5813312511627907 0.10824375 0.5820562511627907 0.12370833437499999 0.6262718744186045 0.12467500000000001 0.6251843744186046 0.10776041562500001 0.5813312511627907 0.10824375
2 0.6983953116279069 0.118391665625 0.699120311627907 0.131922915625 0.7429734372093024 0.131922915625 0.7411609372093023 0.11790833437499999 0.6983953116279069 0.118391665625
2 0.700932811627907 0.233885415625 0.7023812488372093 0.250314584375 0.7458734372093023 0.24838333437500001 0.7440609372093023 0.23291875 0.700932811627907 0.233885415625