2 0.40225937441860465 0.712341665625 0.403004688372093 0.698447915625 0.37732343720930234 0.699439584375 0.3609468744186046 0.697952084375 0.3609468744186046 0.70390625 0.3613187511627907 0.712839584375 0.3803015627906977 0.714822915625 0.40225937441860465 0.712341665625
2 0.399682811627907 0.8239979156249999 0.40117187441860463 0.810102084375 0.37958593720930234 0.812583334375 0.35948749999999996 0.8110958343749999 0.35948749999999996 0.824989584375 0.3751187511627907 0.8254875 0.388517188372093 0.824989584375 0.399682811627907 0.8239979156249999
2 0.4638 0.805445834375 0.4775125 0.8051395843750001 0.478257811627907 0.7922374999999999 0.45555468837209306 0.794222915625 0.4365718744186047 0.786283334375 0.43620000000000003 0.795214584375 0.43731718837209305 0.804147915625 0.4514593744186047 0.8051395843750001 0.4638 0.805445834375
2 0.4849562511627907 0.679589584375 0.4429 0.675620834375 0.4429 0.689514584375 0.462625 0.6915 0.4842125 0.691004165625 0.4849562511627907 0.679589584375
2 0.587607811627907 0.5972125 0.5641593744186046 0.597710415625 0.5475406255813953 0.5954958343750001 0.5475406255813953 0.607425 0.5641593744186046 0.609122915625 0.5872359372093023 0.60813125 0.587607811627907 0.5972125
2 0.5864484372093024 0.7063875000000001 0.5592781255813953 0.7063875000000001 0.5453937511627908 0.704764584375 0.5461093744186046 0.71955625 0.5700718744186046 0.721770834375 0.5853312511627907 0.721275 0.5864484372093024 0.7063875000000001
2 0.6638343744186046 0.7277458343750001 0.6645781255813954 0.70988125 0.6455968744186046 0.711864584375 0.6240093744186046 0.7074 0.6232656255813953 0.71484375 0.6236375000000001 0.7267520843749999 0.6422468744186046 0.7267520843749999 0.6638343744186046 0.7277458343750001
2 0.6668109372093023 0.601202084375 0.644107811627907 0.604677084375 0.6262437488372092 0.60070625 0.625870311627907 0.615097915625 0.647829688372093 0.61708125 0.6664390627906978 0.615097915625 0.6668109372093023 0.601202084375
0 0.6618375 0.647195834375 0.6618375 0.634204165625 0.6425390627906976 0.635477084375 0.6299281255813954 0.631402084375 0.6293562511627908 0.64566875 0.638145311627907 0.648725 0.6515203116279069 0.65 0.6618375 0.647195834375
0 0.6613375 0.6518145843750001 0.6468156255813954 0.653597915625 0.6386000000000001 0.653089584375 0.6273265627906978 0.65130625 0.6280906255813953 0.666335415625 0.6429937511627907 0.668883334375 0.6613375 0.666591665625 0.6613375 0.6518145843750001
0 0.6603093744186047 0.689583334375 0.6606906255813954 0.67608125 0.6484624999999999 0.678883334375 0.638145311627907 0.677610415625 0.6280187511627907 0.675827084375 0.6282093744186046 0.688310415625 0.6383359372093023 0.692385415625 0.6496093744186046 0.692641665625 0.6603093744186047 0.689583334375
0 0.5774093744186046 0.684425 0.5821859372093023 0.68315 0.5825671883720931 0.6704125000000001 0.5707218744186047 0.6716854156250001 0.5584937488372093 0.6716854156250001 0.549895311627907 0.669902084375 0.5497031255813953 0.682385415625 0.559257811627907 0.684679165625 0.5701484372093023 0.68544375 0.5774093744186046 0.684425
0 0.583475 0.6609208343749999 0.583475 0.6461458343750001 0.5712453116279069 0.647929165625 0.5513750000000001 0.645127084375 0.5513750000000001 0.6593916656250001 0.562075 0.661175 0.5735390627906977 0.662704165625 0.583475 0.6609208343749999
0 0.5838562511627907 0.6415270843750001 0.583475 0.626495834375 0.5689531255813953 0.6285333343749999 0.5517562511627907 0.626495834375 0.5511843744186046 0.640508334375 0.5605468744186046 0.642291665625 0.5689531255813953 0.64305625 0.5838562511627907 0.6415270843750001
0 0.47724374883720927 0.72219375 0.47724374883720927 0.708691665625 0.4629125 0.711239584375 0.44648124883720935 0.7071625 0.44648124883720935 0.7199 0.4531687511627907 0.722958334375 0.46310468837209307 0.7247416656250001 0.47724374883720927 0.72219375
0 0.47721875116279067 0.744260415625 0.47721875116279067 0.72871875 0.461932811627907 0.731522915625 0.4544812511627907 0.7297395843750001 0.4455015627906977 0.727191665625 0.4449281255813954 0.742477084375 0.45772968837209305 0.746297915625 0.46804843720930234 0.746297915625 0.47721875116279067 0.744260415625
0 0.47585781162790697 0.766997915625 0.47585781162790697 0.7529874999999999 0.4640109372093023 0.7537499999999999 0.45675 0.75400625 0.44471249999999996 0.75196875 0.4439484372093023 0.765979165625 0.4586609372093023 0.7690375 0.46859687441860465 0.76878125 0.47585781162790697 0.766997915625
0 0.3973968744186046 0.777633334375 0.38230312558139534 0.780435415625 0.36587031162790695 0.7791625 0.365679688372093 0.793683334375 0.37714375116279064 0.7952125 0.39644218837209305 0.7939375 0.3973968744186046 0.777633334375
0 0.39856718837209304 0.771297915625 0.39856718837209304 0.75575625 0.38232656279069765 0.75805 0.36570312558139534 0.757285415625 0.3655125 0.773335415625 0.3781234372093023 0.774608334375 0.39035156279069766 0.7741 0.39856718837209304 0.771297915625
0 0.3985437511627907 0.7483354156249999 0.39911718837209303 0.734325 0.38402187441860464 0.7366166656249999 0.36587031162790695 0.73534375 0.365679688372093 0.748845834375 0.3767609372093023 0.750375 0.385932811627907 0.7501187500000001 0.3985437511627907 0.7483354156249999