2 0.43547031162790695 0.518408334375 0.4114140627906977 0.519408334375 0.39579687441860467 0.5193187499999999 0.39776093720930233 0.53793125 0.43500781162790697 0.53785625 0.43547031162790695 0.518408334375
2 0.43338750000000004 0.6409625 0.43408125116279067 0.6218229156249999 0.41279062558139534 0.623366665625 0.39411874883720927 0.623091665625 0.39404531162790696 0.6403458343749999 0.40399687441860466 0.6409625 0.43338750000000004 0.6409625
2 0.525725 0.535385415625 0.52665 0.519025 0.4872812511627907 0.517004165625 0.4866140627906977 0.5366208343750001 0.49934218837209304 0.5363125 0.525725 0.535385415625
2 0.5224843744186046 0.636641665625 0.5229468744186047 0.6249104156249999 0.482942188372093 0.62270625 0.4840687488372093 0.636641665625 0.49911093720930233 0.638185415625 0.5224843744186046 0.636641665625
2 0.6041765627906978 0.528285415625 0.5636640627906977 0.52935 0.5650656255813954 0.549895834375 0.60325 0.546191665625 0.6041765627906978 0.528285415625
2 0.6712484372093023 0.5261250000000001 0.630517188372093 0.530139584375 0.633295311627907 0.554216665625 0.6705531255813953 0.54896875 0.6712484372093023 0.5261250000000001
2 0.6768015627906977 0.646829165625 0.6768015627906977 0.632010415625 0.6371515627906976 0.63505 0.638617188372093 0.650533334375 0.6490312511627907 0.650533334375 0.6768015627906977 0.646829165625
2 0.6059218744186047 0.6491125 0.6059218744186047 0.631358334375 0.5860843744186046 0.632364584375 0.5667203116279069 0.634239584375 0.567754688372093 0.65313125 0.5850812488372092 0.652127084375 0.6059218744186047 0.6491125
4 0.4316531255813953 0.5516375 0.40033437441860464 0.549266665625 0.3997625 0.561016665625 0.43140156279069763 0.56235625 0.4316531255813953 0.5516375
4 0.506482811627907 0.5466125 0.49041250000000003 0.545608334375 0.49043437441860466 0.5584749999999999 0.5187875 0.558670834375 0.519792188372093 0.548958334375 0.506482811627907 0.5466125
4 0.6003984372093024 0.55565625 0.5689187511627907 0.5576375 0.568757811627907 0.5707312499999999 0.599895311627907 0.571064584375 0.6003984372093024 0.55565625
4 0.6702062511627908 0.558002084375 0.6373109372093023 0.561352084375 0.6378140627906976 0.570060415625 0.6676953116279071 0.570395834375 0.6702062511627908 0.558002084375
0 0.4296437488372093 0.5657062500000001 0.39951718837209305 0.565758334375 0.4000140627906977 0.583458334375 0.4283890627906977 0.5827895843750001 0.4296437488372093 0.5657062500000001
0 0.430675 0.59350625 0.3990359372093023 0.593170834375 0.39777968837209304 0.612935415625 0.4299218744186047 0.613939584375 0.430675 0.59350625
0 0.519670311627907 0.5652874999999999 0.4891781255813954 0.563916665625 0.4900390627906977 0.578016665625 0.5186656255813954 0.580025 0.519670311627907 0.5652874999999999
0 0.5194187511627907 0.59074375 0.48855000000000004 0.59070625 0.4882812511627907 0.602804165625 0.5191671883720931 0.603472915625 0.5194187511627907 0.59074375
0 0.5995234372093023 0.573995834375 0.569232811627907 0.5748 0.5691390627906977 0.590410415625 0.6002765627906976 0.589070834375 0.5995234372093023 0.573995834375
0 0.601029688372093 0.60916875 0.5992718744186047 0.597108334375 0.5854609372093023 0.607158334375 0.57165 0.603808334375 0.569892188372093 0.6182125 0.6000249999999999 0.6182125 0.601029688372093 0.60916875
0 0.6685781255813953 0.586725 0.6690796883720931 0.574666665625 0.6386125 0.5764750000000001 0.6389468744186046 0.591079165625 0.6597890627906977 0.589070834375 0.6685781255813953 0.586725
0 0.6703359372093024 0.601129165625 0.6394484372093023 0.601464584375 0.6391984372093023 0.62055625 0.6703359372093024 0.616202084375 0.6703359372093024 0.601129165625