2 0.413257811627907 0.72495625 0.37461093720930233 0.7298958343749999 0.37299062558139534 0.7434791656249999 0.41279531162790695 0.7394645843750001 0.413257811627907 0.72495625
2 0.41835 0.8240500000000001 0.3790734372093023 0.82831875 0.38062812558139536 0.8481291656250001 0.4185812488372093 0.844733334375 0.41835 0.8240500000000001
2 0.47967656279069765 0.81849375 0.43940937441860467 0.8200375 0.43917812558139535 0.839177084375 0.477825 0.8401041656249999 0.47967656279069765 0.81849375
2 0.564607811627907 0.8221979156250001 0.5274984372093023 0.824460415625 0.5268859372093023 0.844733334375 0.564607811627907 0.845041665625 0.564607811627907 0.8221979156250001
2 0.6458375000000001 0.819420834375 0.605570311627907 0.82250625 0.6078843744186047 0.841029165625 0.645375 0.8397937499999999 0.6458375000000001 0.819420834375
2 0.6435234372093024 0.7172375 0.6044578116279069 0.717604165625 0.6041812488372093 0.73514375 0.6444484372093022 0.734216665625 0.6435234372093024 0.7172375
2 0.5606734372093023 0.737304165625 0.5616 0.7246479156250001 0.5410031255813954 0.727733334375 0.5228687511627907 0.7268625 0.5243406255813953 0.738539584375 0.5340609372093024 0.7376125 0.5606734372093023 0.737304165625
2 0.47898281162790696 0.719708334375 0.438945311627907 0.720016665625 0.43917812558139535 0.733291665625 0.4782875 0.7339083343749999 0.47898281162790696 0.719708334375
0 0.41048125116279066 0.77373125 0.41048125116279066 0.759222915625 0.37994218837209304 0.7600374999999999 0.38062812558139536 0.776202084375 0.3905781255813954 0.7774354156250001 0.41048125116279066 0.77373125
0 0.41071250000000004 0.797502084375 0.411175 0.783302084375 0.38155312558139537 0.787314584375 0.37993281162790693 0.801514584375 0.3933562488372093 0.80275 0.41071250000000004 0.797502084375
0 0.4741218744186047 0.752122915625 0.443304688372093 0.751552084375 0.44311093720930234 0.76663125 0.4741218744186047 0.76971875 0.4741218744186047 0.752122915625
0 0.4736593744186046 0.7808312500000001 0.443304688372093 0.781641665625 0.4421859372093023 0.7962666656249999 0.4736593744186046 0.79503125 0.4736593744186046 0.7808312500000001
0 0.559517188372093 0.7678666656249999 0.5585906255813954 0.7533562500000001 0.527207811627907 0.755408334375 0.528275 0.770335415625 0.5403093744186047 0.76971875 0.559517188372093 0.7678666656249999
0 0.5588218744186046 0.795341665625 0.5583593744186046 0.782991665625 0.5292343744186047 0.7847270843749999 0.5298953116279069 0.797502084375 0.5477140627906977 0.798427084375 0.5588218744186046 0.795341665625
0 0.640745311627907 0.7518125 0.609967188372093 0.752739584375 0.6097359372093023 0.768175 0.6409765627906976 0.767558334375 0.640745311627907 0.7518125
0 0.6419031255813954 0.7783625 0.6090875 0.78086875 0.6115875 0.79410625 0.6416718744186046 0.794414584375 0.6419031255813954 0.7783625
4 0.6419031255813954 0.801822915625 0.6092718744186046 0.799970834375 0.6085781255813955 0.81139375 0.6414406255813954 0.8132458343750001 0.6419031255813954 0.801822915625
4 0.559979688372093 0.8110854156249999 0.5592859372093023 0.801514584375 0.5294312511627907 0.8039854156249999 0.5292 0.81139375 0.5403093744186047 0.8141729156249999 0.559979688372093 0.8110854156249999
4 0.4750484372093023 0.8095416656250001 0.4755109372093024 0.799354165625 0.4639390627906977 0.8024416656250001 0.44172343720930235 0.800279165625 0.44264843720930236 0.8120104156249999 0.46532812558139536 0.8129375 0.4750484372093023 0.8095416656250001
4 0.4141843744186046 0.8147895843749999 0.41187031162790694 0.8039854156249999 0.40261250000000004 0.8067624999999999 0.38109062558139534 0.8079979156249999 0.38062812558139536 0.8181854156249999 0.39844687441860466 0.81695 0.4141843744186046 0.8147895843749999