2 0.3161937511627907 0.8177354156250001 0.29797031162790694 0.8194708343749999 0.275582811627907 0.8177354156250001 0.27688437441860464 0.83405625 0.3128093744186046 0.834402084375 0.3161937511627907 0.8177354156250001
2 0.3130687511627907 0.9358000000000001 0.3164531255813954 0.916354165625 0.29120312558139533 0.919827084375 0.27507187441860464 0.919595834375 0.2758437488372093 0.9375375 0.2945859372093023 0.938925 0.3130687511627907 0.9358000000000001
2 0.3786687488372093 0.8371812500000001 0.3786687488372093 0.823985415625 0.35836406279069766 0.8298895843749999 0.336907811627907 0.826733334375 0.3406625 0.8427374999999999 0.369557811627907 0.8420416656249999 0.3786687488372093 0.8371812500000001
2 0.378929688372093 0.944135415625 0.3817937488372093 0.9233 0.36200937441860465 0.926425 0.34146406279069763 0.927841665625 0.34170468837209306 0.94760625 0.35367812558139533 0.948302084375 0.378929688372093 0.944135415625
0 0.3109859372093023 0.86565625 0.3107265627906977 0.8517645843749999 0.2966687488372093 0.85454375 0.28027968837209305 0.849733334375 0.27922812558139537 0.866002084375 0.2977109372093023 0.8705166656250001 0.3109859372093023 0.86565625
0 0.3091640627906977 0.8899625 0.3107265627906977 0.8750312499999999 0.2899015627906977 0.876766665625 0.2789765627906977 0.8766375 0.2800093744186047 0.8916999999999999 0.29745 0.894129165625 0.3091640627906977 0.8899625
0 0.374504688372093 0.855933334375 0.34378749999999997 0.859058334375 0.34430781162790697 0.8743375 0.3739843744186046 0.8726 0.374504688372093 0.855933334375
0 0.3742437511627907 0.899339584375 0.374504688372093 0.884754165625 0.34404687441860465 0.8871854156250001 0.34456718837209305 0.8989916656249999 0.3643515627906977 0.900033334375 0.3742437511627907 0.899339584375
4 0.3102062511627907 0.907672915625 0.3107265627906977 0.894825 0.29875156279069764 0.896560415625 0.27995312558139535 0.8978999999999999 0.27922812558139537 0.9101041656250001 0.2943265627906977 0.91149375 0.3102062511627907 0.907672915625
4 0.3760656255813954 0.914270834375 0.3760656255813954 0.904895834375 0.343742188372093 0.9065770843750001 0.34404687441860465 0.9180895843749999 0.36643437441860466 0.9173958343749999 0.3760656255813954 0.914270834375
4 0.5069562488372092 0.931104165625 0.5064359372093022 0.917214584375 0.489254688372093 0.9227708343750001 0.47652656279069766 0.9221999999999999 0.4757187488372093 0.93388125 0.48951562558139533 0.933535415625 0.5069562488372092 0.931104165625
4 0.5834906255813953 0.9394375 0.5834906255813953 0.929366665625 0.5663093744186046 0.9314520843749999 0.5520312488372093 0.9313125 0.5532937511627907 0.9432583343750001 0.5696937488372092 0.9436041656249999 0.5834906255813953 0.9394375
2 0.5059156255813954 0.8560979156249999 0.5048734372093023 0.8429020843749999 0.4861312511627907 0.8456791656249999 0.4654609372093023 0.846695834375 0.4676484372093023 0.8595708343749999 0.495242188372093 0.8574875000000001 0.5059156255813954 0.8560979156249999
2 0.583229688372093 0.848110415625 0.543895311627907 0.851902084375 0.5436609372093023 0.8665145843750001 0.5821890627906977 0.864779165625 0.583229688372093 0.848110415625
2 0.5124234372093023 0.960620834375 0.5124234372093023 0.9397854156250001 0.4942015627906977 0.9442999999999999 0.47262031162790696 0.947802084375 0.47363593720930236 0.9665229156249999 0.4884734372093023 0.9665229156249999 0.5124234372093023 0.960620834375
2 0.5881765627906976 0.9679125000000001 0.5879156255813953 0.9442999999999999 0.5665687488372093 0.9554125000000001 0.550429688372093 0.9547166656250001 0.5496484372093023 0.973120834375 0.5642265627906977 0.9713854156249999 0.5881765627906976 0.9679125000000001
0 0.5040937488372093 0.88665625 0.5040937488372093 0.874154165625 0.4929 0.8786687499999999 0.47259531162790697 0.877627084375 0.4741562488372093 0.8922125 0.488995311627907 0.890475 0.5040937488372093 0.88665625
0 0.581407811627907 0.897072915625 0.581407811627907 0.8852666656249999 0.5730781255813954 0.8880437499999999 0.55095 0.886308334375 0.55095 0.8991562500000001 0.5592812511627907 0.8991562500000001 0.581407811627907 0.897072915625
0 0.505395311627907 0.9127000000000001 0.5040937488372093 0.9019354156249999 0.4913375 0.9061020843750001 0.4741562488372093 0.9047124999999999 0.47337500000000005 0.917908334375 0.4942015627906977 0.916866665625 0.505395311627907 0.9127000000000001
0 0.5811468744186047 0.9224229156250001 0.5827093744186047 0.909920834375 0.5681312488372093 0.9127000000000001 0.551054688372093 0.912654165625 0.551470311627907 0.924854165625 0.5707343744186046 0.9258958343750001 0.5811468744186047 0.9224229156250001