2 0.4273031255813953 0.8567125000000001 0.42678281162790693 0.834835415625 0.4007515627906977 0.839697915625 0.387475 0.835877084375 0.38825624883720933 0.85845 0.40361406279069767 0.8574083343750001 0.4273031255813953 0.8567125000000001
2 0.5160718744186047 0.835877084375 0.4768515627906977 0.8345437499999999 0.477545311627907 0.854977084375 0.5168531255813954 0.854977084375 0.5160718744186047 0.835877084375
2 0.5949484372093023 0.84490625 0.5746437488372093 0.8501145843750001 0.5549593744186047 0.848864584375 0.5561609372093024 0.8671312500000001 0.5926062488372092 0.8660895843749999 0.5949484372093023 0.84490625
2 0.6613296883720929 0.843170834375 0.640504688372093 0.846989584375 0.6213515627906977 0.847995834375 0.6256656255813954 0.869214584375 0.6602890627906978 0.8671312500000001 0.6613296883720929 0.843170834375
2 0.4239187488372093 0.94283125 0.41637031162790694 0.944914584375 0.385392188372093 0.9435270843750001 0.3848718744186046 0.958110415625 0.41923437441860467 0.9612354156249999 0.4239187488372093 0.94283125
2 0.5139890627906977 0.94456875 0.496807811627907 0.9417895843749999 0.47650312558139535 0.9404 0.47546249999999995 0.9560270843750001 0.5124281255813954 0.9553333343749999 0.5139890627906977 0.94456875
2 0.5944281255813954 0.96644375 0.5965109372093024 0.9480395843749999 0.5746437488372093 0.95325 0.559545311627907 0.9518604156249999 0.5582437511627907 0.966791665625 0.5686562511627907 0.9720000000000001 0.5944281255813954 0.96644375
2 0.6686187488372093 0.9629729156250001 0.6686187488372093 0.9497770843750001 0.6480531255813954 0.953595834375 0.6277484372093023 0.952208334375 0.6293109372093023 0.967833334375 0.649354688372093 0.967833334375 0.6686187488372093 0.9629729156250001
4 0.4210562511627907 0.8695625 0.38930468837209303 0.867958334375 0.3900781255813954 0.87824375 0.42157656279069766 0.8799791656249999 0.4210562511627907 0.8695625
4 0.5093031255813953 0.8647 0.48140781162790697 0.86361875 0.48197031162790693 0.87650625 0.508782811627907 0.876854165625 0.5093031255813953 0.8647
4 0.5905234372093023 0.8744229156250001 0.5582140627906977 0.87576875 0.5605859372093023 0.8855354156249999 0.5902625 0.8862291656249999 0.5905234372093023 0.8744229156250001
4 0.6587265627906977 0.8744229156250001 0.6291625 0.877504165625 0.6274875 0.888660415625 0.6584656255813953 0.887270834375 0.6587265627906977 0.8744229156250001
0 0.4205359372093023 0.883797915625 0.38930468837209303 0.88488125 0.389817188372093 0.900466665625 0.41897343720930236 0.9001187500000001 0.4205359372093023 0.883797915625
0 0.419754688372093 0.911927084375 0.3883281255813954 0.9122187500000001 0.38825624883720933 0.929983334375 0.42001406279069764 0.9285937499999999 0.419754688372093 0.911927084375
0 0.510604688372093 0.8966479156249999 0.510604688372093 0.8831041656249999 0.48010624883720926 0.88184375 0.47962812558139534 0.8956062499999999 0.4947265627906977 0.8956062499999999 0.510604688372093 0.8966479156249999
0 0.5100843744186047 0.907758334375 0.4791062488372093 0.9067166656250001 0.4798875 0.9223437499999999 0.5100843744186047 0.9233854156250001 0.5100843744186047 0.907758334375
0 0.5592843744186047 0.8945645843750001 0.5592843744186047 0.9074125000000001 0.5902625 0.905329165625 0.590782811627907 0.892133334375 0.5592843744186047 0.8945645843750001
0 0.591304688372093 0.91435625 0.575945311627907 0.9219958343749999 0.562445311627907 0.9191625 0.5603265627906977 0.9369291656250001 0.590782811627907 0.93484375 0.591304688372093 0.91435625
0 0.6608093744186047 0.903591665625 0.6613296883720929 0.892133334375 0.6290499999999999 0.8945645843750001 0.6300906255813953 0.9060229156249999 0.6441484372093024 0.907064584375 0.6608093744186047 0.903591665625
0 0.6623703116279069 0.9178291656249999 0.6304656255813953 0.920029165625 0.6329546883720931 0.9369291656250001 0.6605484372093022 0.933802084375 0.6623703116279069 0.9178291656249999