2 0.40838437441860465 0.532022915625 0.40912968837209307 0.518129165625 0.3834484372093023 0.519120834375 0.3670718744186046 0.5176333343749999 0.3670718744186046 0.5235875 0.3674437488372093 0.532520834375 0.38642656279069765 0.534504165625 0.40838437441860465 0.532022915625
2 0.40709531162790696 0.64425 0.4085843744186047 0.630354165625 0.38699843720930227 0.632835415625 0.3669 0.6313479156249999 0.3669 0.645241665625 0.3825312511627907 0.645739584375 0.395929688372093 0.645241665625 0.40709531162790696 0.64425
2 0.470417188372093 0.6248812499999999 0.484129688372093 0.624575 0.484875 0.611672915625 0.46217187441860463 0.613658334375 0.44318906279069764 0.6057187500000001 0.44281718837209305 0.6146499999999999 0.44393437441860467 0.623583334375 0.4580765627906977 0.624575 0.470417188372093 0.6248812499999999
2 0.49089687441860463 0.50016875 0.4488406255813953 0.4962 0.4488406255813953 0.51009375 0.4685656255813953 0.512079165625 0.49015312558139534 0.511583334375 0.49089687441860463 0.50016875
2 0.5939781255813954 0.416566665625 0.5705296883720931 0.417064584375 0.5539109372093023 0.41485000000000005 0.5539109372093023 0.426779165625 0.5705296883720931 0.428477084375 0.5936062488372092 0.427485415625 0.5939781255813954 0.416566665625
2 0.5922062488372093 0.525660415625 0.5650359372093023 0.525660415625 0.5511515627906977 0.5240375 0.551867188372093 0.5388291656249999 0.575829688372093 0.5410437499999999 0.5910890627906976 0.540547915625 0.5922062488372093 0.525660415625
2 0.6700812488372092 0.5497124999999999 0.670825 0.531847915625 0.6518437511627908 0.53383125 0.6302562488372092 0.529366665625 0.6295125 0.536810415625 0.6298843744186047 0.54871875 0.6484937488372092 0.54871875 0.6700812488372092 0.5497124999999999
2 0.6740375 0.422189584375 0.6513343744186046 0.42566458437500004 0.6334703116279069 0.42169375000000003 0.6330968744186046 0.43608541562500003 0.6550562511627908 0.43806874999999995 0.6736656255813953 0.43608541562500003 0.6740375 0.422189584375
0 0.6690031255813953 0.46777499999999994 0.6690031255813953 0.45478333437499996 0.649704688372093 0.45605624999999994 0.63665 0.45478541562499997 0.6373843744186047 0.46849166562500005 0.6454625 0.46849166562500005 0.657945311627907 0.46898125 0.6690031255813953 0.46777499999999994
0 0.6685062511627907 0.49817708437499997 0.6539843744186047 0.49996041562500004 0.6457687511627908 0.499452084375 0.634495311627907 0.49766875 0.6352593744186047 0.512697915625 0.6509125 0.5118625 0.6685062511627907 0.512954165625 0.6685062511627907 0.49817708437499997
0 0.6691296883720931 0.48748125 0.6695109372093023 0.47397916562500003 0.657282811627907 0.47678125 0.6469656255813954 0.475508334375 0.6368390627906977 0.47372500000000006 0.6370296883720931 0.486208334375 0.6491343744186047 0.48660625 0.6583125 0.487585415625 0.6691296883720931 0.48748125
0 0.5845750000000001 0.506064584375 0.5893515627906977 0.504789584375 0.5897328116279069 0.49205208437500003 0.5778875 0.493325 0.5656593744186047 0.493325 0.5570609372093023 0.49154166562499996 0.5568687511627907 0.5040250000000001 0.5664234372093023 0.5063187499999999 0.5773140627906976 0.5070833343750001 0.5845750000000001 0.506064584375
0 0.5900281255813954 0.48158124999999996 0.5900281255813954 0.46680625 0.5777984372093024 0.468589584375 0.5579281255813954 0.46578749999999997 0.5579281255813954 0.480052084375 0.5687265627906977 0.48073125 0.580475 0.481710415625 0.5900281255813954 0.48158124999999996
0 0.590042188372093 0.46096250000000005 0.5896609372093023 0.44593125 0.5751390627906977 0.44796874999999997 0.5579421883720931 0.44593125 0.557370311627907 0.45994375 0.566732811627907 0.461727084375 0.5751390627906977 0.462491665625 0.590042188372093 0.46096250000000005
0 0.48336874883720926 0.545139584375 0.48336874883720926 0.5316375 0.4695937511627907 0.53164375 0.4526062511627907 0.530108334375 0.4526062511627907 0.542845834375 0.46151718837209305 0.543391665625 0.470695311627907 0.544370834375 0.48336874883720926 0.545139584375
0 0.4837109372093023 0.564104165625 0.4837109372093023 0.5485625 0.4688484372093023 0.54948125 0.4618015627906977 0.548664584375 0.4519937511627907 0.547035415625 0.451420311627907 0.562320834375 0.464820311627907 0.563954165625 0.47510156279069765 0.564933334375 0.4837109372093023 0.564104165625
0 0.4817984372093023 0.58855625 0.4817984372093023 0.5745458343750001 0.46995156279069766 0.5753083343750001 0.46269062558139534 0.575564584375 0.45065312558139536 0.573527084375 0.4498890627906976 0.5875375 0.46298593720930237 0.586472915625 0.4728984372093023 0.587452084375 0.4817984372093023 0.58855625
0 0.4033375 0.598375 0.3882437511627907 0.601177084375 0.3718109372093023 0.599904165625 0.37162031162790693 0.614425 0.3847812511627907 0.613397915625 0.40238281162790696 0.6146791656249999 0.4033375 0.598375
0 0.4043859372093023 0.591877084375 0.4043859372093023 0.576335415625 0.38814531162790694 0.578629165625 0.3715218744186046 0.577864584375 0.3713312511627907 0.593914584375 0.38394218837209304 0.5951875 0.39617031162790695 0.594679165625 0.4043859372093023 0.591877084375
0 0.4043625 0.567689584375 0.4049359372093023 0.553679165625 0.3898406255813954 0.555970834375 0.3716890627906977 0.554697915625 0.3714984372093023 0.5682 0.382579688372093 0.569729165625 0.39175156279069767 0.569472915625 0.4043625 0.567689584375