2 0.4009937511627907 0.48098958437499995 0.36164218837209305 0.479445834375 0.36047968837209304 0.50251875 0.4009937511627907 0.5007625 0.4009937511627907 0.48098958437499995
2 0.40198124883720926 0.584683334375 0.3641140627906977 0.584866665625 0.3637734372093023 0.6000625 0.40231093720930233 0.601820834375 0.40198124883720926 0.584683334375
2 0.5208890627906977 0.520972915625 0.480704688372093 0.5214125000000001 0.480045311627907 0.539866665625 0.5215484372093023 0.5385479156249999 0.5208890627906977 0.520972915625
2 0.5205609372093023 0.626864584375 0.4818890627906977 0.6276937499999999 0.48268124883720925 0.643560415625 0.5212187488372093 0.640045834375 0.5205609372093023 0.626864584375
2 0.5914281255813953 0.62055625 0.5528406255813954 0.6207125 0.5534984372093023 0.644 0.592367188372093 0.641364584375 0.5914281255813953 0.62055625
2 0.592695311627907 0.723529165625 0.5544875 0.7248479156250001 0.5525109372093023 0.741983334375 0.591707811627907 0.741983334375 0.592695311627907 0.723529165625
2 0.649020311627907 0.69189375 0.6087234372093023 0.69358125 0.610482811627907 0.718695834375 0.6483625000000001 0.71254375 0.649020311627907 0.69189375
2 0.6533031255813954 0.8114062499999999 0.6539609372093023 0.796027084375 0.6144875 0.797904165625 0.6150937511627907 0.815360415625 0.6355156255813954 0.817558334375 0.6533031255813954 0.8114062499999999
4 0.39901718837209305 0.511745834375 0.36329062558139535 0.510741665625 0.3660781255813953 0.519654165625 0.397370311627907 0.52009375 0.39901718837209305 0.511745834375
4 0.48531562558139535 0.54909375 0.4849875 0.562714584375 0.5162781255813954 0.561835415625 0.5162781255813954 0.54909375 0.48531562558139535 0.54909375
4 0.5870968744186047 0.6497124999999999 0.5568359372093022 0.6496562499999999 0.5577812511627906 0.6633333343750001 0.5870968744186047 0.6628937500000001 0.5870968744186047 0.6497124999999999
4 0.6457265627906976 0.7213333343749999 0.6149 0.726525 0.6147640627906976 0.73583125 0.6467156255813953 0.7345145843750001 0.6457265627906976 0.7213333343749999
0 0.5870968744186047 0.665091665625 0.5568359372093022 0.665029165625 0.5561343744186046 0.6800312500000001 0.586767188372093 0.6795916656250001 0.5870968744186047 0.665091665625
0 0.5884140627906976 0.690575 0.5560125 0.692483334375 0.5577812511627906 0.709029165625 0.5880843744186046 0.7116666656249999 0.5884140627906976 0.690575
0 0.6463859372093023 0.738029165625 0.6161359372093023 0.743545834375 0.6164109372093024 0.755164584375 0.6477031255813953 0.750770834375 0.6463859372093023 0.738029165625
0 0.649020311627907 0.765710415625 0.617070311627907 0.768785415625 0.617729688372093 0.784604165625 0.648692188372093 0.781966665625 0.649020311627907 0.765710415625
0 0.5169375 0.6070916656249999 0.517595311627907 0.593910415625 0.485595311627907 0.593652084375 0.48366875116279073 0.606214584375 0.5054093744186047 0.610608334375 0.5169375 0.6070916656249999
0 0.5166078116279069 0.5671083343750001 0.48531562558139535 0.5671083343750001 0.48630468837209306 0.581608334375 0.5162781255813954 0.580729165625 0.5166078116279069 0.5671083343750001
0 0.397370311627907 0.5534875 0.38715937441860465 0.552608334375 0.364525 0.556314584375 0.3690437488372093 0.5710625 0.39802968837209307 0.570183334375 0.397370311627907 0.5534875
0 0.397057811627907 0.526116665625 0.3660781255813953 0.527564584375 0.367067188372093 0.540745834375 0.39704062558139536 0.54030625 0.397057811627907 0.526116665625