2 0.3274890627906977 0.47974375 0.32718437441860465 0.4647125 0.2869859372093023 0.46268125 0.28729062558139534 0.47974375 0.295207811627907 0.48055624999999996 0.3274890627906977 0.47974375
2 0.32596562558139536 0.5837395843750001 0.3277937511627907 0.562614584375 0.28790937441860465 0.562570834375 0.28485312558139536 0.5845520843750001 0.2976437488372093 0.5853645843749999 0.32596562558139536 0.5837395843750001
2 0.3887 0.47243124999999997 0.3488265627906976 0.47474791562499996 0.35032812558139537 0.4890875 0.38748281162790693 0.48543125 0.3887 0.47243124999999997
2 0.39113593720930234 0.5691145843750001 0.3522531255813953 0.57323125 0.35367812558139533 0.594302084375 0.38900468837209307 0.592677084375 0.39113593720930234 0.5691145843750001
2 0.5159968744186046 0.504929165625 0.5153875 0.494775 0.47762499999999997 0.49274375 0.47671093720930235 0.507772915625 0.4910234372093023 0.5061479156249999 0.5159968744186046 0.504929165625
2 0.523 0.5886145843749999 0.484367188372093 0.593535415625 0.48493281162790697 0.613395834375 0.523 0.612583334375 0.523 0.5886145843749999
2 0.6003531255813953 0.612583334375 0.5994390627906977 0.595520834375 0.560457811627907 0.601614584375 0.561067188372093 0.62070625 0.5991343744186047 0.61908125 0.6003531255813953 0.612583334375
2 0.5552812511627907 0.49640000000000006 0.5555859372093023 0.515085415625 0.5948703116279069 0.5130541656250001 0.5957843744186047 0.498025 0.5552812511627907 0.49640000000000006
0 0.592129688372093 0.532554165625 0.5605140627906977 0.534141665625 0.5625906255813954 0.548804165625 0.5924343744186047 0.546366665625 0.592129688372093 0.532554165625
0 0.5945656255813954 0.559364584375 0.5622859372093023 0.562614584375 0.5619812511627907 0.574802084375 0.5936531255813954 0.572770834375 0.5945656255813954 0.559364584375
0 0.513254688372093 0.521991665625 0.48284531162790695 0.5255124999999999 0.484020311627907 0.539460415625 0.51295 0.535397915625 0.513254688372093 0.521991665625
0 0.5147781255813954 0.5528666656250001 0.484367188372093 0.552925 0.48493281162790697 0.567083334375 0.5144734372093024 0.564239584375 0.5147781255813954 0.5528666656250001
0 0.385654688372093 0.5020854156250001 0.3526343744186046 0.50520625 0.35428750000000003 0.520366665625 0.3859593744186047 0.518741665625 0.385654688372093 0.5020854156250001
0 0.32170312558139535 0.511429165625 0.3223109372093023 0.49680625 0.29209843720930234 0.497591665625 0.292467188372093 0.510210415625 0.30617187441860466 0.511835415625 0.32170312558139535 0.511429165625
0 0.3238343744186047 0.521179165625 0.29057499999999997 0.521452084375 0.29185781162790697 0.5370229156249999 0.323225 0.537429165625 0.3238343744186047 0.521179165625
0 0.38656874883720926 0.545554165625 0.3862640627906977 0.532554165625 0.35428750000000003 0.534179165625 0.354592188372093 0.545960415625 0.3704281255813954 0.547991665625 0.38656874883720926 0.545554165625
4 0.3238343744186047 0.540272915625 0.2912484372093023 0.541085415625 0.29064062558139536 0.554085415625 0.323529688372093 0.5561166656250001 0.3238343744186047 0.540272915625
4 0.38687343720930234 0.5524604156249999 0.3549187488372093 0.551910415625 0.35520156279069764 0.565052084375 0.38717812558139536 0.564645834375 0.38687343720930234 0.5524604156249999
4 0.5166046883720931 0.568302084375 0.4846296883720931 0.572364584375 0.48523750000000004 0.581708334375 0.5169093744186046 0.578864584375 0.5166046883720931 0.568302084375
4 0.5933484372093023 0.577239584375 0.5631796883720931 0.580845834375 0.5622859372093023 0.594708334375 0.5936531255813954 0.587802084375 0.5933484372093023 0.577239584375