2 0.41075 0.8462999999999999 0.41102187441860466 0.83005 0.372045311627907 0.8336291656249999 0.37176562558139536 0.847745834375 0.38015781162790696 0.8491895843749999 0.41075 0.8462999999999999
2 0.41697656279069767 0.9495875 0.4167062511627907 0.9279187500000001 0.37678437441860463 0.9329124999999999 0.3796156255813954 0.952477084375 0.39477656279069767 0.9528375 0.41697656279069767 0.9495875
2 0.4757265627906977 0.82499375 0.43701093720930234 0.8264374999999999 0.435657811627907 0.840522915625 0.47518437441860467 0.839077084375 0.4757265627906977 0.82499375
2 0.47626718837209303 0.92466875 0.43703281162790697 0.927497915625 0.43647031162790695 0.9466979156249999 0.47680937441860466 0.9463374999999999 0.47626718837209303 0.92466875
2 0.5596531255813953 0.841966665625 0.5593812511627907 0.8289666656250001 0.5369109372093023 0.83474375 0.5212093744186047 0.8286041656249999 0.5217499999999999 0.8430500000000001 0.5379937488372093 0.843410415625 0.5596531255813953 0.841966665625
2 0.562629688372093 0.9271958343750001 0.5239156255813954 0.930445834375 0.5239156255813954 0.950308334375 0.5604640627906977 0.949225 0.562629688372093 0.9271958343750001
2 0.6419546883720931 0.8242708343749999 0.6035593744186046 0.8277625000000001 0.6040515627906976 0.8394395843750001 0.6416843744186047 0.840522915625 0.6419546883720931 0.8242708343749999
2 0.6443906255813954 0.925389584375 0.6035593744186046 0.929302084375 0.6062187488372093 0.9481416656249999 0.6416843744186047 0.945254165625 0.6443906255813954 0.925389584375
0 0.4085843744186047 0.865079165625 0.3774609372093023 0.8690104156249999 0.37717968837209304 0.8853041656249999 0.4083140627906977 0.882054165625 0.4085843744186047 0.865079165625
0 0.4085843744186047 0.900470834375 0.4085843744186047 0.8867479156250001 0.3969437488372093 0.8928875 0.37813906279069764 0.891845834375 0.37799218837209303 0.9066104156250001 0.39721406279069765 0.9080562499999999 0.4085843744186047 0.900470834375
0 0.47328906279069766 0.8564125 0.44075468837209303 0.855741665625 0.44161406279069765 0.872302084375 0.4716656255813953 0.87121875 0.47328906279069766 0.8564125
0 0.47085312558139536 0.898304165625 0.4722062488372093 0.8845812499999999 0.4399890627906977 0.886027084375 0.4405312511627907 0.89975 0.456775 0.900470834375 0.47085312558139536 0.898304165625
0 0.55505 0.872302084375 0.5558624999999999 0.862191665625 0.5496359372093024 0.863275 0.5249984372093023 0.8607458343750001 0.5247281255813954 0.875914584375 0.5379937488372093 0.875914584375 0.55505 0.872302084375
0 0.556945311627907 0.9015541656250001 0.5564031255813954 0.889277084375 0.5263875 0.8895895843750001 0.5263531255813954 0.903360415625 0.5431375 0.903722915625 0.556945311627907 0.9015541656250001
0 0.6389765627906977 0.858939584375 0.6232734372093024 0.861108334375 0.6079593744186046 0.857095834375 0.607029688372093 0.8730249999999999 0.6392468744186046 0.87121875 0.6389765627906977 0.858939584375
0 0.6387062488372093 0.884941665625 0.606267188372093 0.885979165625 0.6097374999999999 0.9008333343749999 0.6389765627906977 0.89975 0.6387062488372093 0.884941665625
4 0.41183281162790697 0.9196125 0.41047968837209303 0.908416665625 0.3788156255813953 0.91305625 0.3796156255813954 0.923585415625 0.3923406255813953 0.922502084375 0.41183281162790697 0.9196125
4 0.4727484372093023 0.9131125000000001 0.4718937488372093 0.903579165625 0.44134374883720934 0.903722915625 0.44134374883720934 0.9178062499999999 0.4608359372093024 0.918529165625 0.4727484372093023 0.9131125000000001
4 0.556132811627907 0.9156395843749999 0.556132811627907 0.90625 0.5274031255813953 0.9076395843749999 0.5260812511627907 0.918529165625 0.543407811627907 0.9221395843750001 0.556132811627907 0.9156395843749999
4 0.6395187511627907 0.9156395843749999 0.6384343744186047 0.9051666656249999 0.6257109372093023 0.9066104156250001 0.6079593744186046 0.907189584375 0.607842188372093 0.918166665625 0.6270640627906976 0.9196125 0.6395187511627907 0.9156395843749999