2 0.38780312558139535 0.40625625000000004 0.38813281162790697 0.392579165625 0.36397968837209305 0.392579165625 0.3461125 0.391697915625 0.34512031162790696 0.39875625000000003 0.34545156279069766 0.4084625 0.3672890627906976 0.40890208437500003 0.38780312558139535 0.40625625000000004
2 0.38742031162790697 0.51708125 0.38708906279069766 0.5056125 0.369882811627907 0.506935415625 0.3447375 0.50340625 0.34407499999999996 0.51708125 0.36028906279069767 0.51840625 0.3758390627906977 0.51840625 0.38742031162790697 0.51708125
2 0.4820812488372093 0.389791665625 0.458920311627907 0.390233334375 0.43972968837209303 0.387585415625 0.4387375 0.3999375 0.4661984372093023 0.40126249999999997 0.4814187511627907 0.40126249999999997 0.4820812488372093 0.389791665625
2 0.4776312511627907 0.5176791656249999 0.47928437441860466 0.502239584375 0.45447031162790696 0.503120834375 0.437595311627907 0.5000333343750001 0.4366031255813953 0.507091665625 0.4372640627906977 0.5176791656249999 0.462742188372093 0.518120834375 0.4776312511627907 0.5176791656249999
2 0.573967188372093 0.38978125 0.5547765627906976 0.38978125 0.5333843744186046 0.387527084375 0.5322062511627907 0.400489584375 0.551467188372093 0.403014584375 0.5736359372093023 0.404339584375 0.573967188372093 0.38978125
2 0.5667812488372093 0.515877084375 0.5681062511627907 0.49955416562500005 0.5446140627906977 0.4991125 0.5269062511627908 0.49753125000000004 0.5264156255813953 0.501760415625 0.5260843744186047 0.511025 0.5459375000000001 0.514995834375 0.5667812488372093 0.515877084375
2 0.6667015627906977 0.39664375 0.6425484372093022 0.396202084375 0.6248437511627907 0.39376666562499996 0.62455 0.40751666562500005 0.6458562488372093 0.408554165625 0.666370311627907 0.409877084375 0.6667015627906977 0.39664375
2 0.6601687511627907 0.5209125 0.6611625 0.504589584375 0.640317188372093 0.50370625 0.6204656255813954 0.50061875 0.6201343744186046 0.5081187500000001 0.6198031255813954 0.5178229156249999 0.6393249999999999 0.522235415625 0.6601687511627907 0.5209125
0 0.6269890627906977 0.46979791562499995 0.6259968744186046 0.483475 0.6580906255813954 0.48568125 0.6580906255813954 0.47376874999999996 0.6269890627906977 0.46979791562499995
0 0.6284562488372092 0.44467916562500004 0.6291187511627908 0.45879583437499993 0.6602203116279071 0.461002084375 0.6605515627906977 0.447327084375 0.6284562488372092 0.44467916562500004
0 0.6612687488372092 0.444089584375 0.6612687488372092 0.428208334375 0.6285125 0.426885415625 0.628182811627907 0.441002084375 0.6612687488372092 0.444089584375
0 0.536870311627907 0.418083334375 0.5358765627906976 0.43440625 0.5666484372093024 0.43705416562500005 0.5673093744186046 0.422495834375 0.536870311627907 0.418083334375
0 0.5360859372093023 0.439664584375 0.5357546883720931 0.45422291562500006 0.5671875 0.4559875 0.5681812511627907 0.44407708437500004 0.5360859372093023 0.439664584375
0 0.5653984372093024 0.46722083437500006 0.5515015627906976 0.4663375 0.5342968744186046 0.462808334375 0.5339656255813954 0.47427916562499994 0.5435609372093023 0.47692500000000004 0.565067188372093 0.480454165625 0.5653984372093024 0.46722083437500006
0 0.47585 0.42158541562499996 0.443425 0.42070208437499995 0.443425 0.435260415625 0.45632968837209303 0.436583334375 0.47518906279069767 0.437466665625 0.47585 0.42158541562499996
0 0.474545311627907 0.43909583437500005 0.4669359372093023 0.43997916562499995 0.4566781255813953 0.43997916562499995 0.44344374883720933 0.438214584375 0.44377500000000003 0.45277291562500005 0.46263437441860467 0.454095834375 0.475207811627907 0.454977084375 0.474545311627907 0.43909583437500005
0 0.4739937488372093 0.46605208437499995 0.45744999999999997 0.466933334375 0.44222968837209303 0.46472708437500004 0.44222968837209303 0.4779625 0.4561265627906977 0.479285415625 0.4739937488372093 0.479727084375 0.4739937488372093 0.46605208437499995
0 0.3832406255813953 0.43028541562499995 0.35048437441860464 0.429404165625 0.35048437441860464 0.44175624999999996 0.36140312558139537 0.44396250000000004 0.3832406255813953 0.44396250000000004 0.3832406255813953 0.43028541562499995
0 0.3820984372093023 0.45282708437499997 0.36522343720930234 0.45415 0.35033437441860465 0.45194375000000003 0.3506656255813953 0.465620834375 0.3645625 0.468266665625 0.3827593744186047 0.46914999999999996 0.3820984372093023 0.45282708437499997
0 0.3836718744186046 0.47332916562499994 0.3717609372093023 0.47376874999999996 0.35124687441860464 0.47244583437500004 0.35157656279069766 0.487445834375 0.36911406279069764 0.48656249999999995 0.3833406255813953 0.48568125 0.3836718744186046 0.47332916562499994