7 0.4212531255813954 0.77669375 0.42179687441860464 0.768354165625 0.4212531255813954 0.762189584375 0.41717343720930233 0.7640020843750001 0.40765624883720936 0.765454165625 0.39487343720930235 0.763639584375 0.37991718837209304 0.761827084375 0.37991718837209304 0.7701666656249999 0.37991718837209304 0.77488125 0.39895312558139534 0.77705625 0.4212531255813954 0.77669375
7 0.5109968744186046 0.77814375 0.5281296883720931 0.77741875 0.5281296883720931 0.770891665625 0.5284015627906977 0.760014584375 0.5191562511627907 0.7640020843750001 0.5017515627906977 0.764729165625 0.4857062488372093 0.758927084375 0.48597812558139536 0.767991665625 0.4870656255813954 0.77524375 0.5003906255813954 0.77741875 0.5109968744186046 0.77814375
7 0.6314718744186048 0.764364584375 0.6328312488372093 0.759652084375 0.633375 0.75095 0.6108031255813954 0.75095 0.5920390627906976 0.746960415625 0.5909515627906977 0.7542125000000001 0.5933984372093023 0.762189584375 0.6176015627906977 0.763639584375 0.6314718744186048 0.764364584375
7 0.7048984372093023 0.760739584375 0.711970311627907 0.759652084375 0.712242188372093 0.7527625 0.7116968744186046 0.741883334375 0.6926609372093023 0.745872915625 0.6842312511627907 0.7480479156250001 0.667642188372093 0.743697915625 0.6670968744186047 0.7498625 0.6692734372093023 0.761464584375 0.6923890627906977 0.761464584375 0.7048984372093023 0.760739584375
8 0.705442188372093 0.77415625 0.673625 0.77306875 0.6725359372093023 0.786483334375 0.6864062511627907 0.788660415625 0.705442188372093 0.7882979156250001 0.705442188372093 0.77415625
8 0.5944859372093023 0.7737937500000001 0.5942140627906977 0.7882979156250001 0.626032811627907 0.7919229156250001 0.627392188372093 0.77669375 0.5944859372093023 0.7737937500000001
8 0.49005625116279067 0.789747915625 0.4897843744186047 0.805339584375 0.5221468744186046 0.8060645843750001 0.5226906255813953 0.789747915625 0.49005625116279067 0.789747915625
8 0.38453906279069766 0.789747915625 0.38317968837209304 0.804977084375 0.4160859372093023 0.8057020843749999 0.41635781162790697 0.791197915625 0.38453906279069766 0.789747915625
0 0.38317968837209304 0.812229165625 0.38317968837209304 0.824558334375 0.4158140627906977 0.826733334375 0.4158140627906977 0.812954165625 0.38317968837209304 0.812229165625
0 0.41554218837209306 0.8336229156250001 0.383995311627907 0.832535415625 0.383995311627907 0.849577084375 0.4003125 0.849577084375 0.41635781162790697 0.850664584375 0.41554218837209306 0.8336229156250001
0 0.523779688372093 0.827820834375 0.5240515627906976 0.8125916656250001 0.505557811627907 0.814404165625 0.4897843744186047 0.815129165625 0.48924062558139536 0.8256458343749999 0.5001187511627907 0.828545834375 0.5071906255813954 0.8289083343750001 0.523779688372093 0.827820834375
0 0.523779688372093 0.8350729156250001 0.5096375 0.8376104156249999 0.501479688372093 0.836160415625 0.49032968837209306 0.833260415625 0.49060156279069767 0.851752084375 0.5104531255813953 0.8550166656249999 0.5240515627906976 0.852114584375 0.523779688372093 0.8350729156250001
0 0.6268484372093023 0.8147666656249999 0.6265765627906977 0.80135 0.6151546883720931 0.804252084375 0.606179688372093 0.802439584375 0.5942140627906977 0.7959125 0.593670311627907 0.808966665625 0.606725 0.8115041656249999 0.6156984372093024 0.814041665625 0.6268484372093023 0.8147666656249999
0 0.6064515627906977 0.82201875 0.6010125000000001 0.82165625 0.592854688372093 0.815491665625 0.5925828116279069 0.833260415625 0.624129688372093 0.836160415625 0.624129688372093 0.82201875 0.6064515627906977 0.82201875
0 0.6915734372093023 0.839425 0.6975562488372092 0.838335415625 0.705170311627907 0.8339854156250001 0.705442188372093 0.8133166656249999 0.6942921883720929 0.81730625 0.6825984372093024 0.81839375 0.6725359372093023 0.814404165625 0.670904688372093 0.8321729156250001 0.6744406255813954 0.8376104156249999 0.6823265627906977 0.839425 0.6915734372093023 0.839425
0 0.6714484372093024 0.7959125 0.671992188372093 0.8093291656250001 0.6861343744186046 0.8115041656249999 0.6961968744186047 0.8107791656250001 0.705442188372093 0.807514584375 0.7068031255813954 0.793010415625 0.691029688372093 0.796275 0.680967188372093 0.7966375 0.6714484372093024 0.7959125
2 0.6945640627906977 0.868070834375 0.70925 0.86698125 0.7097937488372094 0.851752084375 0.6877656255813953 0.8539291656250001 0.6665531255813953 0.849939584375 0.6660093744186046 0.856466665625 0.6670968744186047 0.86770625 0.6812390627906977 0.868795834375 0.6945640627906977 0.868070834375
2 0.6276640627906978 0.8716958343749999 0.628479688372093 0.855379165625 0.6105312488372093 0.857554165625 0.5866 0.8513895843749999 0.5868718744186047 0.869158334375 0.6001968744186046 0.8706083343750001 0.6148828116279069 0.8716958343749999 0.6276640627906978 0.8716958343749999
2 0.527857811627907 0.884025 0.5284015627906977 0.86770625 0.5129015627906977 0.8716958343749999 0.5039265627906977 0.872420834375 0.484345311627907 0.86770625 0.4851625 0.88475 0.501479688372093 0.8858375 0.5180687511627907 0.8862 0.527857811627907 0.884025
2 0.41227812558139537 0.8854749999999999 0.42152500000000004 0.884025 0.4212531255813954 0.868795834375 0.4024890627906977 0.8713333343749999 0.3899781255813954 0.8716958343749999 0.376925 0.86698125 0.37665312558139535 0.8735083343750001 0.3761093744186047 0.8843875000000001 0.39895312558139534 0.886925 0.41227812558139537 0.8854749999999999