0 0.5252906255813954 0.6184499999999999 0.5262171883720931 0.63491875 0.558025 0.630389584375 0.5570984372093023 0.616389584375 0.5252906255813954 0.6184499999999999
0 0.524054688372093 0.5970375 0.5246734372093024 0.6098020843749999 0.5567890627906976 0.60733125 0.5570984372093023 0.5941562499999999 0.524054688372093 0.5970375
0 0.5225109372093023 0.57274375 0.524054688372093 0.5871562499999999 0.5567890627906976 0.5855083343749999 0.5567890627906976 0.572333334375 0.5225109372093023 0.57274375
0 0.6000234372093024 0.5752145843750001 0.6003312488372092 0.58756875 0.633375 0.585920834375 0.633375 0.57274375 0.6000234372093024 0.5752145843750001
0 0.601257811627907 0.59745 0.6018765627906977 0.610214584375 0.6346109372093023 0.60774375 0.6343015627906976 0.595391665625 0.601257811627907 0.59745
0 0.6015671883720931 0.618860415625 0.601257811627907 0.633683334375 0.6343015627906976 0.6320375 0.633375 0.6155666656250001 0.6015671883720931 0.618860415625
0 0.4480875 0.55256875 0.4480875 0.5661562499999999 0.4805125 0.56698125 0.4802031255813954 0.553804165625 0.4480875 0.55256875
0 0.44777812558139535 0.575627084375 0.44777812558139535 0.5912729156250001 0.4792781255813954 0.591685415625 0.47958593720930237 0.578097915625 0.44777812558139535 0.575627084375
0 0.44716093720930233 0.595802084375 0.4465437511627907 0.6114499999999999 0.4786593744186047 0.612685415625 0.4792781255813954 0.59745 0.44716093720930233 0.595802084375
0 0.335679688372093 0.58674375 0.335370311627907 0.598272915625 0.3690312488372093 0.595802084375 0.36841406279069766 0.586333334375 0.335679688372093 0.58674375
0 0.33475312558139536 0.565745834375 0.33475312558139536 0.575627084375 0.36717812558139534 0.5752145843750001 0.36717812558139534 0.564097915625 0.33475312558139536 0.565745834375
0 0.33259062558139535 0.542275 0.33351718837209304 0.553804165625 0.365325 0.553804165625 0.36687031162790695 0.540216665625 0.33259062558139535 0.542275
2 0.3291937511627907 0.506452084375 0.3288859372093023 0.520452084375 0.370267188372093 0.517158334375 0.3708843744186046 0.50439375 0.3291937511627907 0.506452084375
2 0.44345468837209306 0.515922915625 0.4437640627906977 0.529922915625 0.48545312558139536 0.530335415625 0.4857625 0.51880625 0.44345468837209306 0.515922915625
2 0.518804688372093 0.537333334375 0.518804688372093 0.55215625 0.560495311627907 0.550922915625 0.560495311627907 0.537745834375 0.518804688372093 0.537333334375
2 0.5953906255813953 0.5418624999999999 0.5960093744186047 0.551333334375 0.6358453116279069 0.5496875 0.6355359372093023 0.537333334375 0.5953906255813953 0.5418624999999999
7 0.5987875 0.649741665625 0.5984796883720931 0.663329165625 0.6401687488372093 0.6616833343749999 0.6389343744186047 0.6480958343750001 0.5987875 0.649741665625
7 0.5218937488372093 0.647683334375 0.5215843744186046 0.663329165625 0.5623484372093024 0.6625062500000001 0.5620390627906977 0.64850625 0.5218937488372093 0.647683334375
7 0.44160156279069773 0.629977084375 0.4425281255813953 0.642741665625 0.482675 0.6415062500000001 0.482675 0.6291541656249999 0.44160156279069773 0.629977084375
7 0.33228281162790696 0.615979165625 0.33104687441860464 0.630389584375 0.37397187441860463 0.62833125 0.37397187441860463 0.61433125 0.33228281162790696 0.615979165625