7 0.47427812558139537 0.559066665625 0.45524062558139533 0.55741875 0.43966406279069764 0.554122915625 0.43892187441860464 0.566647915625 0.4517781255813953 0.56994375 0.47427812558139537 0.570604165625 0.47427812558139537 0.559066665625
7 0.43422343720930234 0.57884375 0.43274062558139537 0.5946666656249999 0.44361874883720925 0.596314584375 0.46537656279069767 0.598620834375 0.477245311627907 0.600929165625 0.4779859372093023 0.588404165625 0.4567234372093023 0.584447915625 0.4443609372093023 0.583458334375 0.43422343720930234 0.57884375
7 0.5902359372093023 0.474027084375 0.5892468744186047 0.460841665625 0.5783687511627907 0.4605125 0.565017188372093 0.462820834375 0.545979688372093 0.463479165625 0.5469687488372093 0.4793 0.5578468744186047 0.47798125 0.578120311627907 0.47468541562500005 0.5902359372093023 0.474027084375
7 0.5855390627906977 0.488529165625 0.571445311627907 0.49083750000000004 0.551820311627907 0.49053333437499996 0.5521593744186046 0.504352084375 0.564275 0.503033334375 0.5865265627906977 0.50105625 0.5855390627906977 0.488529165625
7 0.8160734372093024 0.525860415625 0.8047000000000001 0.532783334375 0.7891234372093023 0.5397062499999999 0.7848875 0.541227084375 0.7883812511627907 0.557175 0.7992609372093024 0.551241665625 0.8215125000000001 0.538716665625 0.8160734372093024 0.525860415625
7 0.831154688372093 0.5647562500000001 0.8272 0.5502520843750001 0.8212656255813954 0.555197915625 0.8007437511627907 0.565085415625 0.787670311627907 0.570902084375 0.790854688372093 0.5848625000000001 0.8056890627906977 0.5779395843749999 0.822254688372093 0.570689584375 0.831154688372093 0.5647562500000001
2 0.48500156279069767 0.471195834375 0.46642187441860467 0.4681 0.445520311627907 0.465002084375 0.4435843744186046 0.47635625 0.4582937488372093 0.47842083437499994 0.48422656279069765 0.48203333437499996 0.48500156279069767 0.471195834375
2 0.594542188372093 0.578027084375 0.572092188372093 0.580608334375 0.5527390627906976 0.583189584375 0.5550609372093023 0.59299375 0.5740281255813954 0.592479165625 0.5929937511627907 0.588866665625 0.594542188372093 0.578027084375
2 0.7969812488372092 0.44229375 0.7613703116279069 0.46035833437499996 0.7613703116279069 0.474291665625 0.7834343744186046 0.46551875000000004 0.8020140627906976 0.451583334375 0.7969812488372092 0.44229375
3 0.7729828116279069 0.49751666562499997 0.7760796883720931 0.5088708343749999 0.8078187511627907 0.49390416562499995 0.8047234372093023 0.48203333437499996 0.7729828116279069 0.49751666562499997
3 0.5550609372093023 0.538804165625 0.5554484372093024 0.55170625 0.587575 0.549641665625 0.587575 0.535708334375 0.5550609372093023 0.538804165625
3 0.44513281162790697 0.505258334375 0.4435843744186046 0.517129165625 0.47842031162790694 0.522289584375 0.47958281162790695 0.5088708343749999 0.44513281162790697 0.505258334375
0 0.44319687441860467 0.529514584375 0.4412625 0.54345 0.47454999999999997 0.548610415625 0.47648593720930227 0.535191665625 0.44319687441860467 0.529514584375
0 0.5539 0.51403125 0.5542875 0.526933334375 0.5868015627906976 0.523320834375 0.5864140627906977 0.511452084375 0.5539 0.51403125
0 0.7791765627906977 0.520225 0.7818859372093023 0.532610415625 0.8128515627906976 0.5186770843749999 0.8105281255813953 0.504225 0.7791765627906977 0.520225