7 0.3873562488372093 0.41064166562500004 0.38597968837209307 0.426241665625 0.430370311627907 0.42761875 0.4307140627906976 0.413854165625 0.3873562488372093 0.41064166562500004
7 0.5380734372093023 0.4128625 0.5150187511627907 0.414239584375 0.49437187441860464 0.40965208437499995 0.49402812558139536 0.42616875 0.5157062511627907 0.42754375 0.5370406255813953 0.42754375 0.5380734372093023 0.4128625
7 0.6423671883720931 0.40204791562500003 0.6007515627906976 0.398122915625 0.6004796883720931 0.41262708437500006 0.6197890627906977 0.41190208437500003 0.641679688372093 0.415354165625 0.6423671883720931 0.40204791562500003
7 0.7220140627906977 0.40806458437500004 0.7223593744186046 0.392925 0.6986156255813953 0.394760415625 0.6777687488372093 0.39625208437500004 0.6769375 0.393383334375 0.6769375 0.39980625000000003 0.678657811627907 0.40898333437499995 0.7079062511627907 0.40806458437500004 0.7220140627906977 0.40806458437500004
8 0.6817781255813954 0.424633334375 0.680745311627907 0.44023333437499995 0.7148125 0.44023333437499995 0.7149609372093023 0.424258334375 0.6817781255813954 0.424633334375
8 0.6050203116279069 0.425866665625 0.6033 0.44055 0.634957811627907 0.442385415625 0.635645311627907 0.42862083437500004 0.6050203116279069 0.425866665625
8 0.5314046883720931 0.441527084375 0.498370311627907 0.44015000000000004 0.498370311627907 0.45575 0.5117906255813953 0.457125 0.5314046883720931 0.457125 0.5314046883720931 0.441527084375
8 0.392517188372093 0.440135415625 0.391829688372093 0.45481875 0.4234875 0.45619375 0.424520311627907 0.44105416562500005 0.392517188372093 0.440135415625
0 0.391607811627907 0.4611375 0.39229687441860467 0.47490208437500003 0.42326562558139535 0.47719583437499996 0.423954688372093 0.46435000000000004 0.391607811627907 0.4611375
0 0.42454218837209307 0.484279165625 0.40664843720930227 0.484279165625 0.39116406279069765 0.48198541562499997 0.3908203116279069 0.49896041562500004 0.40802499999999997 0.501254165625 0.42385468837209306 0.5017125 0.42454218837209307 0.484279165625
0 0.5326546883720931 0.478929165625 0.5329984372093023 0.464247915625 0.5192343744186046 0.46516458437499997 0.4985875 0.46470625 0.4982437488372093 0.47709375 0.5056015627906977 0.47676458437499997 0.5167515627906977 0.47748958437500005 0.5326546883720931 0.478929165625
0 0.5317156255813954 0.503125 0.5317156255813954 0.485233334375 0.5182968744186047 0.48798541562500003 0.5107265627906977 0.485691665625 0.4983375 0.48293749999999996 0.4979937511627907 0.502208334375 0.5124468744186047 0.504960415625 0.522770311627907 0.503585415625 0.5317156255813954 0.503125
0 0.6349312511627907 0.45369166562499996 0.6204781255813954 0.45415 0.6032734372093024 0.44589166562500004 0.6018968744186046 0.460114584375 0.6160046883720931 0.46195 0.6338984372093023 0.46424374999999996 0.6349312511627907 0.45369166562499996
0 0.6331156255813953 0.47140624999999997 0.6135015627906977 0.47094791562499994 0.6018015627906977 0.46727708437500004 0.601457811627907 0.482877084375 0.6186625 0.48333541562500004 0.632770311627907 0.48884166562500003 0.6331156255813953 0.47140624999999997
0 0.7153281255813954 0.44545833437500004 0.6822937511627907 0.446835415625 0.68195 0.46151666562500004 0.693304688372093 0.46151666562500004 0.7142953116279069 0.461058334375 0.7153281255813954 0.44545833437500004
0 0.7147656255813953 0.4869625 0.7151093744186047 0.46631666562499996 0.7084781255813953 0.465204165625 0.6984156255813954 0.46665416562499995 0.6908015627906977 0.467016665625 0.6817312488372093 0.46631666562499996 0.6807000000000001 0.48604583437500004 0.693520311627907 0.48696041562500003 0.702767188372093 0.485872915625 0.7147656255813953 0.4869625
2 0.7060046883720931 0.519991665625 0.7197687511627907 0.5172395843750001 0.7197687511627907 0.5020979156250001 0.706692188372093 0.503475 0.694992188372093 0.503933334375 0.6757234372093024 0.500264584375 0.676067188372093 0.508522915625 0.6777875 0.518616665625 0.694992188372093 0.519991665625 0.7060046883720931 0.519991665625
2 0.6192562511627907 0.519202084375 0.6356859372093022 0.5222249999999999 0.6367187488372094 0.5080020843749999 0.612975 0.506625 0.5947375 0.5020374999999999 0.5947375 0.50754375 0.5947375 0.517177084375 0.6064734372093022 0.517752084375 0.6192562511627907 0.519202084375
2 0.5372765627906977 0.529670834375 0.5362437511627907 0.51911875 0.5211031255813954 0.520954165625 0.506995311627907 0.521870834375 0.4928875 0.517283334375 0.4932312511627907 0.532883334375 0.5114687488372094 0.53609375 0.534867188372093 0.535177084375 0.5372765627906977 0.529670834375
2 0.42913437441860464 0.535170834375 0.4281031255813953 0.520947915625 0.408832811627907 0.52003125 0.38715312558139536 0.5177375 0.38577812558139535 0.525995834375 0.38577812558139535 0.536089584375 0.4139937511627907 0.53700625 0.42913437441860464 0.535170834375