7 0.42169999999999996 0.693091665625 0.43468437441860464 0.694629165625 0.4352609372093023 0.680789584375 0.4191031255813954 0.6800208343749999 0.4017062511627907 0.674795834375 0.40121562558139534 0.6792520843750001 0.3994843744186046 0.687325 0.409582811627907 0.69116875 0.42169999999999996 0.693091665625
7 0.420257811627907 0.72076875 0.4358375 0.72230625 0.436992188372093 0.715772915625 0.437279688372093 0.7088520843749999 0.4251625 0.7088520843749999 0.4121781255813953 0.706545834375 0.39573281162790697 0.7019333343749999 0.39515625116279074 0.7077 0.3945781255813954 0.7153875000000001 0.40323437441860466 0.71769375 0.420257811627907 0.72076875
7 0.6812562511627906 0.49645625000000004 0.6659640627906978 0.49953125 0.6466437488372092 0.5017729156249999 0.6500953116279069 0.514525 0.666829688372093 0.51221875 0.6815437488372093 0.509141665625 0.6812562511627906 0.49645625000000004
7 0.6775046883720931 0.481079165625 0.683275 0.47954166562499995 0.6826984372093023 0.467239584375 0.6676953116279071 0.4707 0.6399812488372093 0.473429165625 0.6399968744186048 0.48069583437499996 0.6420156255813952 0.48876875000000003 0.6596156255813954 0.485691665625 0.6775046883720931 0.481079165625
7 0.834342188372093 0.44427291562500004 0.8331890627906977 0.43005000000000004 0.8181859372093023 0.43466250000000006 0.8005234372093023 0.43831875 0.8002968744186046 0.45157708437500005 0.8080875 0.45119375 0.8204937488372094 0.44734999999999997 0.834342188372093 0.44427291562500004
7 0.8308796883720929 0.47348958437500005 0.8427093744186046 0.470414584375 0.8409781255813953 0.45888125 0.8259749999999999 0.462725 0.8135687511627907 0.465416665625 0.7986187488372094 0.468354165625 0.7997203116279069 0.47387499999999994 0.8014515627906976 0.48079375 0.8190515627906977 0.47733333437500003 0.8308796883720929 0.47348958437500005
2 0.4212781255813954 0.590870834375 0.4076375 0.586320834375 0.40652031162790697 0.5957125 0.4280984372093023 0.6014875 0.44628437441860463 0.6025 0.44704218837209303 0.5934 0.4212781255813954 0.590870834375
2 0.6925625 0.594410415625 0.6940781255813954 0.581770834375 0.6569468744186047 0.594410415625 0.6588406255813953 0.60199375 0.6804375 0.598454165625 0.6925625 0.594410415625
2 0.7882406255813953 0.353320834375 0.7883140627906977 0.36707708437500003 0.7996078116279071 0.359891665625 0.8265093744186046 0.35483750000000003 0.8246140627906977 0.342704165625 0.7882406255813953 0.353320834375
3 0.8253718744186046 0.384158334375 0.7939984372093023 0.390445834375 0.7965765627906977 0.40438124999999997 0.8276453116279069 0.39780833437499996 0.8253718744186046 0.384158334375
3 0.6848046883720931 0.541891665625 0.6556812511627907 0.5477125 0.6560093744186046 0.563629165625 0.686320311627907 0.5555416656250001 0.6848046883720931 0.541891665625
3 0.4067 0.6288458343750001 0.40557343720930233 0.639291665625 0.43663281162790696 0.645529165625 0.43776875116279074 0.6323854156250001 0.4067 0.6288458343750001
0 0.6844250000000001 0.517625 0.6495234372093023 0.524975 0.6499468744186047 0.53986875 0.6844250000000001 0.5332958343749999 0.6844250000000001 0.517625
0 0.43663281162790696 0.655135415625 0.4036781255813953 0.649395834375 0.4032906255813954 0.6652458343750001 0.435117188372093 0.669795834375 0.43663281162790696 0.655135415625
0 0.8302984372093023 0.406402084375 0.7977875 0.41444583437500004 0.7999859372093022 0.43168125 0.8310562488372094 0.422075 0.8302984372093023 0.406402084375