7 0.4866687511627907 0.68965 0.4866687511627907 0.704008334375 0.5283531255813954 0.70308125 0.5283531255813954 0.6919666656250001 0.4866687511627907 0.68965
7 0.40225781162790697 0.5794166656249999 0.40190937441860464 0.5909958343749999 0.44463593720930233 0.587291665625 0.4442890627906977 0.5757125000000001 0.40225781162790697 0.5794166656249999
7 0.33208750000000004 0.500216665625 0.33208750000000004 0.5127208343749999 0.3751625 0.5076270843749999 0.37550937441860466 0.49465833437500006 0.33208750000000004 0.500216665625
7 0.2976984372093023 0.34042500000000003 0.298045311627907 0.35339375 0.34146718837209306 0.35339375 0.3407718744186046 0.341814584375 0.2976984372093023 0.34042500000000003
0 0.30290937441860466 0.367752084375 0.301867188372093 0.3835 0.3355609372093023 0.3839625 0.33521406279069765 0.37053125 0.30290937441860466 0.367752084375
0 0.3022140627906977 0.3923 0.3015187511627907 0.40619375 0.3366031255813953 0.40619375 0.3355609372093023 0.394152084375 0.3022140627906977 0.3923
0 0.3015187511627907 0.41360416562499996 0.301867188372093 0.430741665625 0.33625625116279073 0.4279625 0.3355609372093023 0.41592083437499994 0.3015187511627907 0.41360416562499996
0 0.33729843720930236 0.528933334375 0.33938281162790696 0.540047915625 0.3727312511627907 0.540510415625 0.37134062558139536 0.52754375 0.33729843720930236 0.528933334375
0 0.33868750000000003 0.5507 0.33938281162790696 0.562279165625 0.37307812558139536 0.5590375 0.3716890627906977 0.548847915625 0.33868750000000003 0.5507
0 0.3400781255813954 0.57154375 0.3400781255813954 0.5863645843749999 0.3727312511627907 0.5845125 0.3716890627906977 0.5710791656249999 0.3400781255813954 0.57154375
0 0.40850937441860463 0.6312916656249999 0.409204688372093 0.644722915625 0.4408156255813953 0.64101875 0.4404687488372093 0.627585415625 0.40850937441860463 0.6312916656249999
0 0.40712031162790696 0.609522915625 0.40746718837209306 0.625270834375 0.4397734372093023 0.620639584375 0.440120311627907 0.605816665625 0.40712031162790696 0.609522915625
0 0.408857811627907 0.653522915625 0.408857811627907 0.66788125 0.44255312558139537 0.665564584375 0.44220468837209304 0.652133334375 0.408857811627907 0.653522915625
0 0.49222656279069765 0.72021875 0.49222656279069765 0.735966665625 0.5238375 0.735502084375 0.5234906255813954 0.71975625 0.49222656279069765 0.72021875
0 0.491879688372093 0.744766665625 0.49153124883720933 0.757270834375 0.524532811627907 0.7558812500000001 0.524532811627907 0.742914584375 0.491879688372093 0.744766665625
0 0.4908375 0.7637562499999999 0.49153124883720933 0.778577084375 0.5259218744186047 0.7776500000000001 0.525575 0.766070834375 0.4908375 0.7637562499999999
2 0.48632187441860464 0.8035875000000001 0.4866687511627907 0.8151666656250001 0.5280062488372093 0.812852084375 0.5287000000000001 0.8017354156250001 0.48632187441860464 0.8035875000000001
2 0.4057312511627907 0.68965 0.4057312511627907 0.70308125 0.4477625 0.700302084375 0.44741562558139536 0.687797915625 0.4057312511627907 0.68965
2 0.3379937488372093 0.609522915625 0.3379937488372093 0.6238812499999999 0.3793312488372093 0.618785415625 0.3793312488372093 0.6072062500000001 0.3379937488372093 0.609522915625
2 0.2956140627906977 0.451120834375 0.29596093720930233 0.465016665625 0.339729688372093 0.4627 0.3390359372093023 0.45019375000000006 0.2956140627906977 0.451120834375