2 0.29337187441860463 0.60733125 0.29306406279069763 0.622566665625 0.3359890627906977 0.620508334375 0.335370311627907 0.606095834375 0.29337187441860463 0.60733125
2 0.4277062511627907 0.6320375 0.42924999999999996 0.6452125 0.4706312511627907 0.640683334375 0.46939531162790693 0.626272915625 0.4277062511627907 0.6320375
2 0.5728484372093023 0.6320375 0.5734656255813954 0.6452125 0.6151546883720931 0.644802084375 0.6136109372093024 0.632447915625 0.5728484372093023 0.6320375
2 0.6966812488372094 0.6480958343750001 0.6973 0.6625062500000001 0.7377531255813953 0.6608583343750001 0.7368265627906977 0.649741665625 0.6966812488372094 0.6480958343750001
0 0.6994609372093024 0.6114499999999999 0.6997703116279069 0.6258604156249999 0.7328125 0.627095834375 0.7328125 0.6130958343749999 0.6994609372093024 0.6114499999999999
0 0.6997703116279069 0.589627084375 0.6994609372093024 0.6032145843750001 0.7349749999999999 0.6032145843750001 0.7337390627906977 0.592508334375 0.6997703116279069 0.589627084375
0 0.6985343744186047 0.568627084375 0.6988437511627907 0.5842729156249999 0.7340484372093024 0.582627084375 0.7334296883720931 0.568627084375 0.6985343744186047 0.568627084375
0 0.5756265627906977 0.55215625 0.5756265627906977 0.56656875 0.6102140627906977 0.564510415625 0.609904688372093 0.5496875 0.5756265627906977 0.55215625
0 0.5765531255813954 0.57274375 0.5768625 0.58756875 0.6095968744186047 0.586333334375 0.6092875 0.5715104156249999 0.5765531255813954 0.57274375
0 0.5777890627906976 0.595391665625 0.577170311627907 0.610214584375 0.6105234372093024 0.608979165625 0.6102140627906977 0.595802084375 0.5777890627906976 0.595391665625
0 0.42924999999999996 0.5933312500000001 0.42924999999999996 0.60733125 0.4629109372093023 0.606095834375 0.462292188372093 0.5912729156250001 0.42924999999999996 0.5933312500000001
0 0.4277062511627907 0.57274375 0.42863281162790695 0.585920834375 0.4619843744186046 0.581804165625 0.461675 0.5698624999999999 0.4277062511627907 0.57274375
0 0.4261609372093023 0.5496875 0.4261609372093023 0.5628625 0.461057811627907 0.560804165625 0.4595140627906977 0.549275 0.4261609372093023 0.5496875
0 0.29800468837209304 0.571920834375 0.29862187441860466 0.5855083343749999 0.33259062558139535 0.5855083343749999 0.33228281162790696 0.5715104156249999 0.29800468837209304 0.571920834375
0 0.30016562558139537 0.550097915625 0.2995484372093023 0.560391665625 0.33166562558139534 0.561216665625 0.3313562511627907 0.549275 0.30016562558139537 0.550097915625
0 0.2989312488372093 0.524570834375 0.2992390627906977 0.541452084375 0.33320937441860465 0.539804165625 0.33259062558139535 0.52498125 0.2989312488372093 0.524570834375
7 0.29462343720930234 0.495685415625 0.29555312558139535 0.5105562499999999 0.33706562558139536 0.508489584375 0.3376859372093023 0.49651249999999997 0.29462343720930234 0.495685415625
7 0.4200937511627907 0.5212958343749999 0.42040312558139536 0.5353395843750001 0.4631562511627907 0.52914375 0.4631562511627907 0.5146875 0.4200937511627907 0.5212958343749999
7 0.5722062488372093 0.521708334375 0.572517188372093 0.5336875 0.6143406255813953 0.5336875 0.6143406255813953 0.52046875 0.5722062488372093 0.521708334375
7 0.6958187511627907 0.53781875 0.6951984372093024 0.55145 0.7370218744186046 0.5518625 0.735782811627907 0.53781875 0.6958187511627907 0.53781875