2 0.43377187441860465 0.46674791562499995 0.415904688372093 0.46321874999999996 0.39241249999999994 0.45660208437499994 0.3897656255813954 0.47204166562500005 0.4089562511627907 0.47380625 0.43244843720930237 0.480864584375 0.43377187441860465 0.46674791562499995
2 0.5264156255813953 0.4610125 0.5287312488372092 0.477335415625 0.5697593744186047 0.47557083437500003 0.5697593744186047 0.46013125 0.5264156255813953 0.4610125
2 0.6713374999999999 0.471602084375 0.671667188372093 0.48704166562499995 0.7133578116279069 0.488364584375 0.7133578116279069 0.47513125 0.6713374999999999 0.471602084375
2 0.784495311627907 0.46939583437500004 0.784495311627907 0.4866 0.8268468744186046 0.48880625 0.8265156255813954 0.47292500000000004 0.784495311627907 0.46939583437500004
0 0.7868109372093024 0.5068937499999999 0.787142188372093 0.522775 0.8208906255813954 0.5241 0.8208906255813954 0.5091 0.7868109372093024 0.5068937499999999
0 0.8202281255813955 0.53248125 0.808979688372093 0.530716665625 0.7878031255813953 0.5271874999999999 0.7884656255813953 0.540422915625 0.8020312488372093 0.541745834375 0.8208906255813954 0.546158334375 0.8202281255813955 0.53248125
0 0.6756375000000001 0.50380625 0.675307811627907 0.52189375 0.707732811627907 0.522775 0.7080640627906978 0.509541665625 0.6756375000000001 0.50380625
0 0.5323718744186047 0.496747915625 0.5313781255813953 0.512629165625 0.566120311627907 0.5121875 0.5667812488372093 0.495422915625 0.5323718744186047 0.496747915625
0 0.533695311627907 0.521010415625 0.534025 0.53248125 0.5664515627906976 0.535129165625 0.5664515627906976 0.520570834375 0.533695311627907 0.521010415625
0 0.4268234372093023 0.498954165625 0.41193437441860464 0.49321875000000004 0.39274374883720925 0.48968958437500004 0.39042812558139534 0.505129165625 0.40432343720930236 0.509541665625 0.42384531162790695 0.515277084375 0.4268234372093023 0.498954165625
0 0.4231843744186046 0.522335415625 0.40101562558139536 0.517041665625 0.39042812558139534 0.513952084375 0.3900968744186047 0.527629165625 0.40961875116279073 0.528510415625 0.4225218744186046 0.5346875 0.4231843744186046 0.522335415625
8 0.42119843720930233 0.542629165625 0.4036625 0.539539584375 0.3887734372093023 0.53556875 0.38546406279069767 0.5505687499999999 0.40299999999999997 0.55365625 0.4195437488372093 0.55806875 0.42119843720930233 0.542629165625
8 0.5350187488372093 0.5408625 0.5353484372093024 0.555420834375 0.5657890627906977 0.554539584375 0.5657890627906977 0.539539584375 0.5350187488372093 0.5408625
8 0.707070311627907 0.5514520843749999 0.6743140627906976 0.551010415625 0.6739843744186047 0.567333334375 0.6865562511627906 0.5677749999999999 0.7074015627906978 0.5682145843749999 0.707070311627907 0.5514520843749999
8 0.8212218744186046 0.551891665625 0.8053390627906977 0.552333334375 0.7874718744186047 0.551010415625 0.7874718744186047 0.56556875 0.805670311627907 0.566891665625 0.8205593744186046 0.56645 0.8212218744186046 0.551891665625
7 0.8245296883720931 0.5933625 0.8242 0.5818916656249999 0.7997140627906977 0.582772915625 0.780854688372093 0.578804165625 0.780854688372093 0.5845374999999999 0.7825093744186047 0.59424375 0.8036859372093023 0.59424375 0.8245296883720931 0.5933625
7 0.7107109372093023 0.59645 0.7123656255813954 0.589391665625 0.7113718744186046 0.582772915625 0.6872187488372092 0.582333334375 0.6683593744186046 0.580127084375 0.6663734372093023 0.586302084375 0.6670359372093023 0.593802084375 0.6905281255813954 0.59424375 0.7107109372093023 0.59645
7 0.572075 0.582772915625 0.572075 0.56865625 0.549245311627907 0.5699791656250001 0.5297234372093024 0.570420834375 0.5287312488372092 0.573510415625 0.5293937511627906 0.5845374999999999 0.5535468744186047 0.5845374999999999 0.572075 0.582772915625
7 0.4073015627906976 0.58365625 0.42053749999999995 0.58895 0.4231843744186046 0.584097915625 0.42384531162790695 0.574833334375 0.40002343720930233 0.5677749999999999 0.38083281162790694 0.56115625 0.37752343720930237 0.569097915625 0.37851562558139534 0.577479165625 0.3973765627906977 0.580127084375 0.4073015627906976 0.58365625