2 0.2949187488372093 0.557185415625 0.29457187441860466 0.5710791656249999 0.33521406279069765 0.568764584375 0.334867188372093 0.5581125 0.2949187488372093 0.557185415625
2 0.334867188372093 0.7169770843750001 0.33625625116279073 0.72948125 0.37794062558139535 0.723925 0.376204688372093 0.71095625 0.334867188372093 0.7169770843750001
2 0.4039937488372093 0.7952520843750001 0.4039937488372093 0.8077562500000001 0.4442890627906977 0.8063666656249999 0.4449843744186046 0.7938625 0.4039937488372093 0.7952520843750001
2 0.4845843744186047 0.905483334375 0.485279688372093 0.9189166656250001 0.5276593744186047 0.9193791656249999 0.5269640627906977 0.9077999999999999 0.4845843744186047 0.905483334375
0 0.3379937488372093 0.675754165625 0.3379937488372093 0.691039584375 0.37134062558139536 0.68965 0.37134062558139536 0.67621875 0.3379937488372093 0.675754165625
0 0.337645311627907 0.655375 0.3379937488372093 0.66788125 0.37029843720930233 0.665564584375 0.37029843720930233 0.653522915625 0.337645311627907 0.655375
0 0.33729843720930236 0.634070834375 0.337645311627907 0.646575 0.36960468837209304 0.643795834375 0.36786718837209303 0.630364584375 0.33729843720930236 0.634070834375
0 0.40503593720930237 0.713270834375 0.4060781255813954 0.72948125 0.4376890627906977 0.7253125 0.4383843744186046 0.71095625 0.40503593720930237 0.713270834375
0 0.4067734372093023 0.735039584375 0.40746718837209306 0.750325 0.43907812558139536 0.7461562500000001 0.4397734372093023 0.731797915625 0.4067734372093023 0.735039584375
0 0.4067734372093023 0.7591249999999999 0.40781562558139534 0.773945834375 0.440120311627907 0.769777084375 0.440120311627907 0.757270834375 0.4067734372093023 0.7591249999999999
0 0.4894484372093023 0.826745834375 0.49014218837209306 0.84249375 0.5221 0.839714584375 0.5214062511627907 0.826745834375 0.4894484372093023 0.826745834375
0 0.489795311627907 0.8494416656249999 0.49014218837209306 0.863335415625 0.5224484372093023 0.8600937500000001 0.5224484372093023 0.848977084375 0.489795311627907 0.8494416656249999
0 0.49014218837209306 0.870745834375 0.49014218837209306 0.885104165625 0.5221 0.883252084375 0.5214062511627907 0.870745834375 0.49014218837209306 0.870745834375
0 0.29874062558139536 0.51874375 0.2990875 0.534027084375 0.33278281162790696 0.534027084375 0.33278281162790696 0.520595834375 0.29874062558139536 0.51874375
0 0.3004765627906977 0.49882708437499995 0.30012968837209303 0.509941665625 0.33278281162790696 0.509941665625 0.33347812558139533 0.500216665625 0.3004765627906977 0.49882708437499995
0 0.30012968837209303 0.47427916562499994 0.299782811627907 0.49002708437500003 0.333825 0.49002708437500003 0.333825 0.473352084375 0.30012968837209303 0.47427916562499994
7 0.29630937441860467 0.44463749999999996 0.29630937441860467 0.45853124999999995 0.33868750000000003 0.45853124999999995 0.33868750000000003 0.446952084375 0.29630937441860467 0.44463749999999996
7 0.3303515627906977 0.6044270843749999 0.33104531162790696 0.6197125 0.374120311627907 0.613227084375 0.3727312511627907 0.601647915625 0.3303515627906977 0.6044270843749999
7 0.39878281162790696 0.682702084375 0.39913124883720935 0.697060415625 0.44220468837209304 0.692891665625 0.44116249999999996 0.679922915625 0.39878281162790696 0.682702084375
7 0.4842375 0.797566665625 0.485279688372093 0.810997915625 0.5269640627906977 0.8114625 0.526617188372093 0.79849375 0.4842375 0.797566665625