7 0.36748749999999997 0.709033334375 0.3690312488372093 0.7213875 0.4101031255813954 0.714797915625 0.4085593744186047 0.70326875 0.36748749999999997 0.709033334375
7 0.45766093720930234 0.718504165625 0.459204688372093 0.7320916656249999 0.5005859372093023 0.7246812499999999 0.4981156255813953 0.7094458343750001 0.45766093720930234 0.718504165625
7 0.5493781255813953 0.733327084375 0.5524656255813953 0.7485625 0.5938468744186046 0.733327084375 0.589832811627907 0.720152084375 0.5493781255813953 0.733327084375
7 0.646345311627907 0.73826875 0.6485062488372093 0.7543270843750001 0.689579688372093 0.7543270843750001 0.6883437511627908 0.74115 0.646345311627907 0.73826875
0 0.6500515627906978 0.7077979156249999 0.649742188372093 0.7094458343750001 0.6515953116279071 0.72385625 0.6830937511627908 0.723033334375 0.6830937511627908 0.7077979156249999 0.6500515627906978 0.7077979156249999
0 0.6849468744186046 0.687210415625 0.649742188372093 0.687210415625 0.6503593744186047 0.699975 0.6824765627906977 0.7003874999999999 0.6827843744186046 0.6884458343750001 0.6849468744186046 0.687210415625
0 0.6494328116279069 0.664977084375 0.6500515627906978 0.6793875 0.6834031255813953 0.678977084375 0.6837109372093023 0.6641541656250001 0.6494328116279069 0.664977084375
0 0.5496875 0.70326875 0.5524656255813953 0.71726875 0.5830390627906976 0.70326875 0.5808765627906977 0.691329165625 0.5496875 0.70326875
0 0.544745311627907 0.6798 0.548142188372093 0.692564584375 0.57995 0.681858334375 0.5774796883720931 0.670329165625 0.544745311627907 0.6798
0 0.5416578116279069 0.657564584375 0.5444375 0.6728 0.5750093744186047 0.661270834375 0.5725390627906977 0.64891875 0.5416578116279069 0.657564584375
0 0.45611718837209303 0.6398604156250001 0.456425 0.655095834375 0.4897765627906977 0.64891875 0.48885 0.63491875 0.45611718837209303 0.6398604156250001
0 0.45766093720930234 0.663741665625 0.458895311627907 0.678564584375 0.49132187441860464 0.6732125 0.4897765627906977 0.6588 0.45766093720930234 0.663741665625
0 0.45982187441860467 0.684741665625 0.4601312488372093 0.7003874999999999 0.49317343720930235 0.6933874999999999 0.49193906279069766 0.677329165625 0.45982187441860467 0.684741665625
0 0.370575 0.6777416656249999 0.3715015627906977 0.6900937500000001 0.4051625 0.6859770843749999 0.40392656279069766 0.6728 0.370575 0.6777416656249999
0 0.36934062558139535 0.65591875 0.370267188372093 0.667447915625 0.40299999999999997 0.663741665625 0.40299999999999997 0.652625 0.36934062558139535 0.65591875
0 0.36841406279069766 0.631625 0.369957811627907 0.64850625 0.40269218837209303 0.643977084375 0.40238281162790696 0.62791875 0.36841406279069766 0.631625
2 0.361620311627907 0.598272915625 0.362854688372093 0.6098020843749999 0.40392656279069766 0.605685415625 0.40269218837209303 0.5920979156249999 0.361620311627907 0.598272915625
2 0.44777812558139535 0.606095834375 0.44870468837209304 0.619683334375 0.49193906279069766 0.612272915625 0.49070312558139534 0.599095834375 0.44777812558139535 0.606095834375
2 0.5296140627906977 0.626683334375 0.531775 0.640683334375 0.5756265627906977 0.6250375 0.5734656255813954 0.61433125 0.5296140627906977 0.626683334375
2 0.6454187488372093 0.629977084375 0.6457281255813954 0.643566665625 0.6889609372093023 0.6415062500000001 0.687417188372093 0.62833125 0.6454187488372093 0.629977084375