7 0.35848906279069764 0.7621395843750001 0.35924999999999996 0.7793916656250001 0.39464218837209303 0.777360415625 0.39426249999999996 0.759602084375 0.35848906279069764 0.7621395843750001
7 0.3565859372093023 0.792583334375 0.35772812558139533 0.807297915625 0.39882968837209304 0.8032395843750001 0.39882968837209304 0.788525 0.3565859372093023 0.792583334375
7 0.482932811627907 0.622091665625 0.486357811627907 0.6352854156250001 0.5255562488372093 0.61245 0.5221312488372093 0.600272915625 0.482932811627907 0.622091665625
7 0.49435 0.6454333343750001 0.49891718837209303 0.658625 0.5289812511627907 0.639852084375 0.5266984372093023 0.62818125 0.49435 0.6454333343750001
7 0.716217188372093 0.5464875 0.7230671883720929 0.556635415625 0.7542734372093023 0.51655 0.748945311627907 0.506908334375 0.716217188372093 0.5464875
7 0.7055625000000001 0.523145834375 0.7120312488372093 0.533802084375 0.737529688372093 0.499297915625 0.7306796883720931 0.491685415625 0.7055625000000001 0.523145834375
2 0.3940687511627907 0.6715125 0.374195311627907 0.67290625 0.3511843744186046 0.674997915625 0.3511843744186046 0.68894375 0.3752406255813953 0.6865041656249999 0.39511406279069766 0.683714584375 0.3940687511627907 0.6715125
3 0.357720311627907 0.714745834375 0.357982811627907 0.7293875 0.3919765627906977 0.725902084375 0.3919765627906977 0.71160625 0.357720311627907 0.714745834375
0 0.35876718837209304 0.73915 0.35850624883720933 0.75379375 0.39432968837209303 0.751004165625 0.3938062511627907 0.735664584375 0.35876718837209304 0.73915
0 0.501279688372093 0.6655833343750001 0.5049406255813954 0.6812729156249999 0.5357968744186046 0.663491665625 0.531875 0.6491979156250001 0.501279688372093 0.6655833343750001
3 0.508079688372093 0.6885958343749999 0.510954688372093 0.703239584375 0.5423343744186047 0.685458334375 0.53815 0.673254165625 0.508079688372093 0.6885958343749999
2 0.5538406255813954 0.70846875 0.5313515627906976 0.722066665625 0.512525 0.7297374999999999 0.5193234372093023 0.7412416656249999 0.5378890627906977 0.73113125 0.5556703116279069 0.720322915625 0.5538406255813954 0.70846875
2 0.6945234372093023 0.43303125 0.6869390627906977 0.42710416562500003 0.6728187488372094 0.449416665625 0.6597437511627907 0.465804165625 0.6644515627906977 0.473822915625 0.6770031255813953 0.45883124999999997 0.688507811627907 0.44627916562500003 0.6945234372093023 0.43303125
3 0.7052437511627907 0.459179165625 0.6801406255813953 0.49125625 0.688770311627907 0.499972915625 0.7000140627906978 0.483935415625 0.712042188372093 0.466152084375 0.7052437511627907 0.459179165625
0 0.71675 0.47486875 0.6932156255813954 0.507991665625 0.7013218744186046 0.519147915625 0.7136109372093024 0.5027625 0.7253781255813954 0.48532916562499995 0.71675 0.47486875