7 0.3150390627906977 0.7803916656250001 0.3320265627906977 0.777508334375 0.33017343720930237 0.7606229156250001 0.31380312558139534 0.76391875 0.28693281162790696 0.769272915625 0.28662343720930233 0.774214584375 0.28785937441860465 0.78656875 0.30237656279069763 0.785333334375 0.3150390627906977 0.7803916656250001
7 0.44321718837209306 0.7536229156250001 0.4422906255813953 0.7396208343749999 0.4209781255813953 0.743739584375 0.39781406279069764 0.744152084375 0.399357811627907 0.7593875 0.414492188372093 0.7593875 0.4317890627906977 0.756916665625 0.44321718837209306 0.7536229156250001
7 0.578807811627907 0.756916665625 0.5775718744186047 0.7379749999999999 0.5571875 0.7478583343749999 0.533404688372093 0.749504165625 0.5346406255813954 0.762683334375 0.5559515627906977 0.761035415625 0.5667609372093023 0.7593875 0.578807811627907 0.756916665625
7 0.6896890627906977 0.772154165625 0.6980281255813953 0.769683334375 0.6983374999999999 0.7536229156250001 0.6878359372093024 0.7573291656250001 0.6569499999999999 0.758977084375 0.6557140627906977 0.76391875 0.6560234372093023 0.774214584375 0.6776437511627907 0.773389584375 0.6896890627906977 0.772154165625
8 0.6612734372093023 0.7449749999999999 0.683820311627907 0.7429166656249999 0.6937031255813954 0.740445834375 0.6937031255813954 0.726854165625 0.672392188372093 0.731795834375 0.659729688372093 0.7305604156250001 0.6612734372093023 0.7449749999999999
8 0.5707765627906977 0.727679165625 0.5679968744186046 0.71120625 0.552554688372093 0.716970834375 0.5364937488372092 0.719441665625 0.5368015627906977 0.735504165625 0.552245311627907 0.73426875 0.559967188372093 0.7297374999999999 0.5707765627906977 0.727679165625
8 0.4342593744186046 0.71161875 0.4203609372093023 0.7149125 0.40182968837209304 0.715735415625 0.40213750000000004 0.731795834375 0.4154187511627907 0.7297374999999999 0.43549531162790694 0.727266665625 0.4342593744186046 0.71161875
8 0.32399687441860464 0.749504165625 0.320907811627907 0.732620834375 0.3036109372093023 0.738385415625 0.28878593720930235 0.738797915625 0.28847656279069767 0.7556812500000001 0.2986687488372093 0.755270834375 0.3033031255813953 0.7536229156250001 0.32399687441860464 0.749504165625
0 0.321525 0.724795834375 0.31750937441860466 0.709558334375 0.306082811627907 0.7149125 0.3005218744186046 0.717795834375 0.28631562558139534 0.717795834375 0.28693281162790696 0.73303125 0.29774218837209304 0.7313854156249999 0.307317188372093 0.730972915625 0.321525 0.724795834375
0 0.318745311627907 0.6864979156250001 0.30268437441860463 0.690614584375 0.2844625 0.693497915625 0.2853890627906977 0.71079375 0.302067188372093 0.705852084375 0.319054688372093 0.705029165625 0.318745311627907 0.6864979156250001
0 0.399357811627907 0.671260415625 0.399357811627907 0.6864979156250001 0.4317890627906977 0.6844375 0.4324062488372093 0.6679645843750001 0.399357811627907 0.671260415625
0 0.40090312558139535 0.693910415625 0.40090312558139535 0.7083229156249999 0.433332811627907 0.7046166656249999 0.4339515627906977 0.69185 0.40090312558139535 0.693910415625
0 0.550392188372093 0.672495834375 0.5398906255813953 0.671670834375 0.530007811627907 0.675789584375 0.5315515627906977 0.6922625 0.5649078116279069 0.684027084375 0.5646 0.6696125 0.550392188372093 0.672495834375
0 0.552245311627907 0.696791665625 0.5457593744186047 0.6996749999999999 0.533095311627907 0.700910415625 0.5346406255813954 0.712029165625 0.5667609372093023 0.706677084375 0.5655265627906977 0.693497915625 0.552245311627907 0.696791665625
0 0.657567188372093 0.684027084375 0.6578765627906977 0.701322915625 0.69185 0.700497915625 0.6909234372093024 0.6852625 0.657567188372093 0.684027084375
0 0.691542188372093 0.705439584375 0.674554688372093 0.7070875 0.6584937488372092 0.705029165625 0.6594203116279069 0.71861875 0.672392188372093 0.719441665625 0.691542188372093 0.7198541656249999 0.691542188372093 0.705439584375
2 0.311332811627907 0.672495834375 0.3199812511627907 0.668789584375 0.3193625 0.657258334375 0.29743437441860465 0.65890625 0.27674062558139534 0.6626125 0.27612187441860464 0.668377084375 0.27704843720930233 0.679085415625 0.29681562558139535 0.675789584375 0.311332811627907 0.672495834375
2 0.421904688372093 0.6494333343750001 0.4351859372093023 0.6469625 0.4351859372093023 0.63543125 0.4141843744186046 0.636666665625 0.39194531162790697 0.637491665625 0.392254688372093 0.645727084375 0.39256406279069767 0.6552 0.41047812558139535 0.6510812500000001 0.421904688372093 0.6494333343750001
2 0.5528625 0.6510812500000001 0.5658343744186046 0.649845834375 0.5633640627906976 0.635020834375 0.5476125000000001 0.6387270843749999 0.5222859372093024 0.6424333343749999 0.5225937488372093 0.648610415625 0.5244468744186047 0.660964584375 0.5402 0.655610415625 0.5528625 0.6510812500000001
2 0.6828937511627907 0.6663187500000001 0.6937031255813954 0.664258334375 0.693395311627907 0.647375 0.6652890627906977 0.65149375 0.6516984372093023 0.6510812500000001 0.6513890627906977 0.6564354156250001 0.6513890627906977 0.666729165625 0.6708484372093023 0.667141665625 0.6828937511627907 0.6663187500000001