2 0.3069281255813954 0.9364874999999999 0.3075 0.9520958343749999 0.34889843720930236 0.9463854156249999 0.34832812558139536 0.930779165625 0.3069281255813954 0.9364874999999999
2 0.3897281255813953 0.9482895843750001 0.39058437441860466 0.964658334375 0.4328406255813953 0.9581875 0.432554688372093 0.94524375 0.3897281255813953 0.9482895843750001
2 0.484232811627907 0.9330624999999999 0.485375 0.947529165625 0.5276312511627907 0.94524375 0.5270609372093024 0.930397915625 0.484232811627907 0.9330624999999999
2 0.581879688372093 0.93725 0.5830218744186046 0.950572915625 0.6252765627906977 0.9429604156250001 0.6232781255813953 0.930779165625 0.581879688372093 0.93725
0 0.5821640627906977 0.9003229156250001 0.5833062488372093 0.914789584375 0.6181390627906977 0.910220834375 0.6169968744186046 0.8957541656249999 0.5821640627906977 0.9003229156250001
0 0.5815937511627908 0.8793854156249999 0.5827359372093023 0.893089584375 0.615854688372093 0.88661875 0.6149984372093023 0.8744375 0.5815937511627908 0.8793854156249999
0 0.5790234372093023 0.854260415625 0.5804515627906977 0.87329375 0.6135718744186047 0.866822915625 0.6127140627906976 0.8519770843750001 0.5790234372093023 0.854260415625
0 0.487945311627907 0.85235625 0.4876593744186047 0.867964584375 0.5199218744186046 0.866822915625 0.5199218744186046 0.850454165625 0.487945311627907 0.85235625
0 0.5210640627906977 0.885095834375 0.5207796883720931 0.8717708343749999 0.487945311627907 0.8736750000000001 0.48877041627906975 0.88724805625 0.5210640627906977 0.885095834375
0 0.4885156255813954 0.89499375 0.488229688372093 0.910220834375 0.5207796883720931 0.909460415625 0.5207796883720931 0.8946125 0.4885156255813954 0.89499375
0 0.3940109372093023 0.910220834375 0.3940109372093023 0.9246874999999999 0.42598749999999996 0.9220229156249999 0.426845311627907 0.9090791656249999 0.3940109372093023 0.910220834375
0 0.3934390627906977 0.888141665625 0.3934390627906977 0.902227084375 0.4265593744186047 0.9007041656249999 0.42741562558139534 0.8869999999999999 0.3934390627906977 0.888141665625
0 0.392582811627907 0.866060415625 0.39315312558139537 0.8797666656249999 0.42598749999999996 0.8797666656249999 0.425417188372093 0.8637770843749999 0.392582811627907 0.866060415625
0 0.3094984372093023 0.8546416656250001 0.3100687488372093 0.8687270843749999 0.34290312558139535 0.867204165625 0.34318906279069766 0.8519770843750001 0.3094984372093023 0.8546416656250001
0 0.3100687488372093 0.8771020843749999 0.3106406255813953 0.8911875 0.3443312511627907 0.888902084375 0.34404531162790697 0.875958334375 0.3100687488372093 0.8771020843749999
0 0.3100687488372093 0.8987999999999999 0.3106406255813953 0.9136479156249999 0.34461562558139536 0.91174375 0.34375937441860466 0.897277084375 0.3100687488372093 0.8987999999999999
7 0.30578593720930236 0.824947915625 0.3055015627906976 0.8397937499999999 0.3477562511627907 0.837510415625 0.348042188372093 0.8230437500000001 0.30578593720930236 0.824947915625
7 0.38801406279069767 0.8359875000000001 0.38801406279069767 0.8519770843750001 0.42912812558139535 0.84855 0.42998593720930234 0.833702084375 0.38801406279069767 0.8359875000000001
7 0.481092188372093 0.819997915625 0.48223437441860467 0.8359875000000001 0.5236343744186046 0.8318 0.5247765627906976 0.8177145843750001 0.481092188372093 0.819997915625
7 0.5730281255813954 0.826470834375 0.5738843744186046 0.840935415625 0.6149984372093023 0.8359875000000001 0.6132859372093024 0.822283334375 0.5730281255813954 0.826470834375