7 0.36832343720930233 0.454791665625 0.3651937488372093 0.465791665625 0.40473750000000003 0.46541249999999995 0.4036 0.452516665625 0.36832343720930233 0.454791665625
7 0.3702812488372093 0.48499375 0.36914218837209306 0.501683334375 0.40128906279069765 0.500166665625 0.40185937441860464 0.48271875 0.3702812488372093 0.48499375
7 0.46504999999999996 0.565670834375 0.4639125 0.58311875 0.4991890627906977 0.581222915625 0.49719687441860466 0.566429165625 0.46504999999999996 0.565670834375
7 0.461242188372093 0.600335415625 0.4603890627906977 0.612095834375 0.4987937511627907 0.611716665625 0.4996468744186046 0.6010958343749999 0.461242188372093 0.600335415625
7 0.5574359372093023 0.5304895843749999 0.558575 0.54831875 0.5901531255813953 0.544145834375 0.5892984372093023 0.5293520843749999 0.5574359372093023 0.5304895843749999
7 0.5531859372093023 0.499670834375 0.5529015627906977 0.5121875 0.5930140627906977 0.5091520843749999 0.5921609372093023 0.498152084375 0.5531859372093023 0.499670834375
0 0.5599593744186047 0.55870625 0.559675 0.576533334375 0.5935281255813953 0.57425625 0.5915374999999999 0.5571875000000001 0.5599593744186047 0.55870625
0 0.560707811627907 0.583047915625 0.561845311627907 0.5970833343749999 0.5931390627906977 0.594427084375 0.5934234372093024 0.581152084375 0.560707811627907 0.583047915625
0 0.46408906279069767 0.536227084375 0.46323593720930234 0.552916665625 0.4962359372093023 0.5525375 0.494529688372093 0.535089584375 0.46408906279069767 0.536227084375
0 0.464745311627907 0.51534375 0.4644609372093023 0.527860415625 0.497745311627907 0.52748125 0.495754688372093 0.51534375 0.464745311627907 0.51534375
2 0.45937968837209303 0.487864584375 0.45937968837209303 0.50265625 0.49920781162790695 0.499622915625 0.4989234372093023 0.48900208437500003 0.45937968837209303 0.487864584375
2 0.4045593744186047 0.56315625 0.38805937441860466 0.56656875 0.36700781162790697 0.565810415625 0.36643906279069766 0.576810415625 0.39630937441860464 0.577947915625 0.40512968837209307 0.5752937499999999 0.4045593744186047 0.56315625
0 0.3692312488372093 0.515079165625 0.3686625 0.53404375 0.40223125116279074 0.530629165625 0.4010937511627907 0.515079165625 0.3692312488372093 0.515079165625
0 0.371545311627907 0.537579165625 0.3709765627906977 0.5531312500000001 0.40027812558139536 0.551233334375 0.402270311627907 0.53568125 0.371545311627907 0.537579165625
2 0.5782343744186047 0.608770834375 0.5578656255813953 0.609404165625 0.5578656255813953 0.6270875 0.6000234372093024 0.618877084375 0.597654688372093 0.606245834375 0.5782343744186047 0.608770834375