7 0.43625156279069766 0.7793875 0.43625156279069766 0.767329165625 0.4190875 0.766497915625 0.4022281255813953 0.76005625 0.4013 0.7727354156249999 0.40941406279069764 0.776477084375 0.421895311627907 0.778141665625 0.43625156279069766 0.7793875
7 0.427825 0.807245834375 0.43562656279069767 0.8076625 0.43687499999999996 0.795604165625 0.41815156279069765 0.7951875 0.4053562511627907 0.792277084375 0.3953640627906977 0.787052084375 0.39568281162790697 0.793941665625 0.39568281162790697 0.8026729156249999 0.4150312488372093 0.8055833343750001 0.427825 0.807245834375
7 0.683495311627907 0.5653020843750001 0.6822468744186047 0.551579165625 0.6594656255813953 0.557816665625 0.6403859372093023 0.561020834375 0.640429688372093 0.566964584375 0.6419906255813954 0.57528125 0.6622750000000001 0.5715375 0.683495311627907 0.5653020843750001
7 0.6809984372093023 0.5815166656249999 0.667579688372093 0.58484375 0.6472484372093023 0.5875583343749999 0.650104688372093 0.6006437499999999 0.666020311627907 0.59815 0.6825593744186047 0.59440625 0.6809984372093023 0.5815166656249999
7 0.8337015627906976 0.515633334375 0.8190343744186046 0.520622915625 0.8016734372093024 0.52304375 0.802495311627907 0.536422915625 0.8165375 0.5339270843749999 0.8352625 0.52810625 0.8337015627906976 0.515633334375
7 0.8436874999999999 0.5559645843750001 0.8415031255813953 0.543075 0.8187218744186047 0.550560415625 0.7996859372093024 0.553054165625 0.8006218744186047 0.560954165625 0.8021828116279069 0.566775 0.8234031255813953 0.563864584375 0.8436874999999999 0.5559645843750001
2 0.43185937441860467 0.68930625 0.44844843720930233 0.68930625 0.4481765627906977 0.678791665625 0.42750781162790696 0.6769791656249999 0.40765624883720936 0.671902084375 0.406295311627907 0.674439584375 0.40602343720930234 0.682779165625 0.417445311627907 0.68604375 0.43185937441860467 0.68930625
3 0.40765624883720936 0.7121500000000001 0.406295311627907 0.725929165625 0.438929688372093 0.73064375 0.440017188372093 0.719039584375 0.40765624883720936 0.7121500000000001
0 0.4049359372093023 0.735358334375 0.402217188372093 0.7505875 0.4381140627906977 0.7563875 0.438929688372093 0.7415208343749999 0.4049359372093023 0.735358334375
0 0.6515968744186047 0.6098979156250001 0.6526843744186047 0.624764584375 0.6864062511627907 0.6182375 0.6845031255813954 0.605545834375 0.6515968744186047 0.6098979156250001
0 0.7981781255813953 0.500029165625 0.7998093744186047 0.516708334375 0.8324437488372093 0.50764375 0.8316281255813954 0.494227084375 0.7981781255813953 0.500029165625
3 0.7962750000000001 0.475733334375 0.7973625000000001 0.488425 0.8289093744186047 0.483347915625 0.8275484372093023 0.46848124999999996 0.7962750000000001 0.475733334375
3 0.6545875 0.634916665625 0.655675 0.649058334375 0.6883093744186046 0.6418062499999999 0.6869500000000001 0.629114584375 0.6545875 0.634916665625
2 0.6967406255813954 0.6806041656249999 0.6967406255813954 0.6682750000000001 0.6703609372093023 0.675164584375 0.6551312488372093 0.678791665625 0.655675 0.68495625 0.6602984372093024 0.69003125 0.6834140627906976 0.68531875 0.6967406255813954 0.6806041656249999
2 0.8286375 0.44128749999999994 0.8261890627906977 0.428958334375 0.8017140627906977 0.43584791562499997 0.7867562488372093 0.439472915625 0.7856687488372093 0.44455 0.7867562488372093 0.45325208437500003 0.807425 0.4456375 0.8286375 0.44128749999999994