7 0.43224062558139537 0.42147500000000004 0.4175375 0.41747708437500003 0.3999562511627907 0.41581458437499996 0.39743281162790695 0.42787291562499996 0.4109359372093023 0.431070834375 0.4328406255813953 0.43426875000000004 0.43224062558139537 0.42147500000000004
7 0.4328406255813953 0.46185625 0.43434062558139536 0.456658334375 0.434942188372093 0.451860415625 0.42683906279069767 0.4494625 0.41423750000000004 0.446264584375 0.40853593720930237 0.445064584375 0.39236718837209306 0.440891665625 0.392032811627907 0.4474625 0.392032811627907 0.45585833437499995 0.42263906279069763 0.45985624999999997 0.4328406255813953 0.46185625
7 0.6710937488372093 0.22092708437500003 0.6836609372093023 0.219560415625 0.682892188372093 0.208625 0.673657811627907 0.2076 0.6564734372093023 0.210675 0.6400187511627906 0.215539584375 0.640570311627907 0.22092708437500003 0.640570311627907 0.22810416562500002 0.6536515627906977 0.22400416562499997 0.6710937488372093 0.22092708437500003
7 0.6769921883720931 0.24929375 0.6816093744186047 0.248952084375 0.6818656255813954 0.236647915625 0.672375 0.23733125 0.6610890627906977 0.23938333437499998 0.6473531255813953 0.244497915625 0.6492906255813954 0.25476041562499996 0.6608328116279071 0.25031875000000003 0.6690406255813954 0.248952084375 0.6769921883720931 0.24929375
7 0.8312125 0.170827084375 0.8204390627906977 0.17253541562500002 0.809667188372093 0.175270834375 0.7982546883720931 0.178683334375 0.7996624999999999 0.190991665625 0.8163359372093023 0.186547915625 0.8322375 0.183472915625 0.8312125 0.170827084375
7 0.8319812488372093 0.21183749999999998 0.8407031255813954 0.210129165625 0.8401890627906977 0.19816666562500002 0.8260828116279069 0.19919375 0.809667188372093 0.205002084375 0.797407811627907 0.20839375000000002 0.796842188372093 0.215939584375 0.797867188372093 0.22140624999999997 0.8114625 0.21628124999999998 0.8319812488372093 0.21183749999999998
2 0.43501249999999997 0.340158334375 0.44468437441860464 0.34331041562500003 0.44425468837209303 0.33299375000000003 0.42877968837209307 0.32926875 0.4051375 0.32554375 0.40384843720930236 0.32812291562499996 0.4027734372093023 0.33557291562499997 0.422332811627907 0.337866665625 0.43501249999999997 0.340158334375
3 0.43673281162790695 0.372541665625 0.4244812511627907 0.370535415625 0.4040640627906977 0.366810415625 0.40126875116279065 0.379704165625 0.415025 0.3811375 0.43630312558139533 0.384289584375 0.43673281162790695 0.372541665625
0 0.4360875 0.39603958437500003 0.421042188372093 0.393172915625 0.4014843744186047 0.391741665625 0.400625 0.404922915625 0.424267188372093 0.406929165625 0.43458281162790696 0.41008125 0.4360875 0.39603958437500003
0 0.6834687511627907 0.26020625000000003 0.672292188372093 0.260491665625 0.650154688372093 0.264504165625 0.6520890627906977 0.278833334375 0.665845311627907 0.275679165625 0.6843281255813953 0.272527084375 0.6834687511627907 0.26020625000000003
3 0.6862625 0.283704165625 0.6731531255813954 0.284277084375 0.6553140627906977 0.29086875 0.6557437488372093 0.303191665625 0.6701437488372093 0.29860625 0.686907811627907 0.2963125 0.6862625 0.283704165625
2 0.6830390627906977 0.3390125 0.6959343744186046 0.33557291562499997 0.6952906255813953 0.322391665625 0.6778812511627907 0.32525624999999997 0.6546687511627907 0.335 0.6553140627906977 0.339585415625 0.6574625 0.345889584375 0.6710031255813953 0.340445834375 0.6830390627906977 0.3390125
2 0.8087718744186047 0.097147915625 0.826395311627907 0.093995834375 0.8255359372093024 0.087404165625 0.8220968744186047 0.081958334375 0.8079125 0.0845375 0.7849140627906976 0.091129165625 0.7849140627906976 0.096 0.7844843744186046 0.105458334375 0.7973812511627907 0.10001249999999999 0.8087718744186047 0.097147915625
3 0.8261812488372093 0.135260415625 0.8266109372093023 0.122652084375 0.8150046883720931 0.122364584375 0.80125 0.127522915625 0.7924375 0.13296875 0.7935125 0.145291665625 0.8042578116279069 0.137839584375 0.8137156255813953 0.13669375 0.8261812488372093 0.135260415625
0 0.8279000000000001 0.146722915625 0.8137156255813953 0.149875 0.7958765627906976 0.155608334375 0.7971656255813954 0.17108125000000002 0.810920311627907 0.166497915625 0.829404688372093 0.16219791562500002 0.8279000000000001 0.146722915625