2 0.3254875 0.558847915625 0.3254875 0.57026875 0.3694562488372093 0.5676041656249999 0.36888437441860467 0.555802084375 0.3254875 0.558847915625
2 0.443404688372093 0.567222915625 0.4425484372093023 0.580166665625 0.484232811627907 0.5816895843750001 0.4839468744186047 0.5706479156250001 0.443404688372093 0.567222915625
2 0.517067188372093 0.589683334375 0.517067188372093 0.60376875 0.5590375 0.601485415625 0.5576109372093023 0.588160415625 0.517067188372093 0.589683334375
2 0.5941562511627907 0.590064584375 0.593870311627907 0.601104165625 0.6355562488372094 0.601104165625 0.6352703116279069 0.589683334375 0.5941562511627907 0.590064584375
7 0.329770311627907 0.669627084375 0.329770311627907 0.681808334375 0.3711687511627907 0.6791437499999999 0.3705984372093023 0.666202084375 0.329770311627907 0.669627084375
7 0.4402640627906977 0.678002084375 0.4399781255813954 0.693991665625 0.4802359372093023 0.695133334375 0.4805218744186046 0.682952084375 0.4402640627906977 0.678002084375
7 0.5204937488372093 0.699320834375 0.5210640627906977 0.71340625 0.5610359372093023 0.71340625 0.5604656255813953 0.699320834375 0.5204937488372093 0.699320834375
7 0.5978671883720931 0.6997020843749999 0.5975828116279069 0.714166665625 0.638125 0.713025 0.6372687488372093 0.701985415625 0.5978671883720931 0.6997020843749999
0 0.5995812511627906 0.667722915625 0.6001515627906977 0.682570834375 0.6318437511627907 0.682570834375 0.632129688372093 0.668485415625 0.5995812511627906 0.667722915625
0 0.5990093744186046 0.647166665625 0.5987250000000001 0.657445834375 0.6318437511627907 0.657445834375 0.632129688372093 0.6452625000000001 0.5990093744186046 0.647166665625
0 0.5987250000000001 0.625847915625 0.5990093744186046 0.638791665625 0.6315593744186047 0.6368875 0.6309875 0.6250875 0.5987250000000001 0.625847915625
0 0.5227781255813954 0.623183334375 0.5227781255813954 0.639552084375 0.5544703116279069 0.636127084375 0.5536125 0.621660415625 0.5227781255813954 0.623183334375
0 0.5233484372093024 0.649070834375 0.5233484372093024 0.659347915625 0.5561828116279071 0.657445834375 0.5550406255813953 0.6460250000000001 0.5233484372093024 0.649070834375
0 0.522492188372093 0.668866665625 0.5227781255813954 0.682952084375 0.5558968744186046 0.681047915625 0.5561828116279071 0.668104165625 0.522492188372093 0.668866665625
0 0.4456890627906977 0.64640625 0.4451171883720931 0.660110415625 0.47623906279069766 0.662775 0.47652343720930235 0.6467854156249999 0.4456890627906977 0.64640625
0 0.446545311627907 0.626610415625 0.4459734372093023 0.6410750000000001 0.4773812488372093 0.6410750000000001 0.47795156279069767 0.628133334375 0.446545311627907 0.626610415625
0 0.4451171883720931 0.60415 0.4454031255813954 0.618235415625 0.478807811627907 0.6178541656250001 0.479379688372093 0.60300625 0.4451171883720931 0.60415
0 0.333195311627907 0.63765 0.3334812511627907 0.6494500000000001 0.3666015627906977 0.6475479156249999 0.36745781162790697 0.636127084375 0.333195311627907 0.63765
0 0.333195311627907 0.6167125 0.333195311627907 0.629275 0.3663156255813953 0.626989584375 0.3663156255813953 0.6148083343749999 0.333195311627907 0.6167125
0 0.331482811627907 0.593108334375 0.332625 0.60795625 0.3651734372093023 0.604910415625 0.3657437511627907 0.5908249999999999 0.331482811627907 0.593108334375