6 0.369054688372093 0.5392875 0.3536687488372093 0.5428375 0.33828437441860465 0.5400750000000001 0.3388765627906977 0.550727084375 0.36402500000000004 0.549147915625 0.36994218837209303 0.5463875 0.369054688372093 0.5392875
6 0.3747125 0.5701562499999999 0.3545937511627907 0.572916665625 0.33565781162790703 0.569760415625 0.3359546883720931 0.579622915625 0.3593281255813954 0.5812 0.375304688372093 0.579622915625 0.3747125 0.5701562499999999
6 0.40411406279069767 0.5493458343750001 0.40352187441860465 0.558814584375 0.43429218837209305 0.559208334375 0.4345890627906977 0.548952084375 0.40411406279069767 0.5493458343750001
6 0.41561562558139536 0.5786854156250001 0.4002312511627907 0.577108334375 0.39963906279069766 0.586970834375 0.4381015627906977 0.586970834375 0.43662187441860467 0.5755312499999999 0.41561562558139536 0.5786854156250001
6 0.4943531255813953 0.558764584375 0.4763062511627907 0.559554165625 0.4748265627906977 0.56744375 0.5053 0.5666541656249999 0.5061875 0.556002084375 0.4943531255813953 0.558764584375
6 0.5107375 0.586379165625 0.4920968744186046 0.5911125 0.47257031162790697 0.5883499999999999 0.4728656255813954 0.600185415625 0.4941687488372093 0.5982125 0.5104406255813954 0.5950562500000001 0.5107375 0.586379165625
6 0.5331859372093023 0.559504165625 0.5337765627906976 0.572127084375 0.5648437488372093 0.57094375 0.5642515627906977 0.56029375 0.5331859372093023 0.559504165625
6 0.5545984372093024 0.59061875 0.5321125 0.59061875 0.5309296883720931 0.5985083343750001 0.5702796883720931 0.6000875 0.569392188372093 0.589041665625 0.5545984372093024 0.59061875
0 0.337767188372093 0.514877084375 0.3380625 0.525922915625 0.3691281255813954 0.524739584375 0.369720311627907 0.514483334375 0.337767188372093 0.514877084375
0 0.33743437441860463 0.493675 0.3371375 0.503535415625 0.36731562558139536 0.50038125 0.3676125 0.49170208437499996 0.33743437441860463 0.493675
0 0.40145156279069766 0.502747915625 0.40085937441860464 0.5106375 0.43162968837209303 0.509454165625 0.4310375 0.499591665625 0.40145156279069766 0.502747915625
0 0.4024875 0.5245416656249999 0.40159999999999996 0.535983334375 0.433257811627907 0.534404165625 0.433257811627907 0.522964584375 0.4024875 0.5245416656249999
0 0.47423437441860467 0.511129165625 0.4733468744186046 0.520991665625 0.5044125 0.519808334375 0.502932811627907 0.509158334375 0.47423437441860467 0.511129165625
0 0.47438281162790696 0.533566665625 0.47527031162790695 0.544216665625 0.5057437488372093 0.5418499999999999 0.5042640627906977 0.5319875 0.47438281162790696 0.533566665625
0 0.5337406255813953 0.5338625 0.5334437488372092 0.544514584375 0.5642140627906976 0.543725 0.5639187488372093 0.53346875 0.5337406255813953 0.5338625
0 0.5340734372093023 0.511770834375 0.5334812511627907 0.522422915625 0.5642515627906977 0.522027084375 0.5636593744186047 0.512166665625 0.5340734372093023 0.511770834375
2 0.5293390627906976 0.47700624999999997 0.5281562488372094 0.487658334375 0.5672093744186046 0.490025 0.5663218744186046 0.47700624999999997 0.5293390627906976 0.47700624999999997
2 0.46902031162790697 0.479029165625 0.468132811627907 0.488102084375 0.5077781255813953 0.48573541562500006 0.5077781255813953 0.47823958437499997 0.46902031162790697 0.479029165625
2 0.3968656255813954 0.468427084375 0.3971609372093023 0.47907708437499996 0.43532812558139533 0.478289584375 0.43621562558139537 0.468033334375 0.3968656255813954 0.468427084375
2 0.33159062558139535 0.461720834375 0.33159062558139535 0.46961041562499994 0.3694609372093023 0.468427084375 0.3700531255813953 0.46093124999999996 0.33159062558139535 0.461720834375