6 0.35976562558139535 0.91100625 0.35943281162790697 0.9034625000000001 0.34811718837209304 0.9065687499999999 0.329479688372093 0.9052374999999999 0.32914687441860463 0.91366875 0.340795311627907 0.91366875 0.34911562558139536 0.91366875 0.35976562558139535 0.91100625
6 0.3637593744186046 0.9438437499999999 0.3670875 0.9323062500000001 0.3524437511627907 0.9354125 0.3261515627906977 0.93319375 0.3258187488372093 0.9442875000000001 0.34312499999999996 0.94473125 0.3577687511627907 0.9451750000000001 0.3637593744186046 0.9438437499999999
6 0.4130140627906977 0.9105624999999999 0.3920484372093023 0.9123374999999999 0.39171562558139533 0.92254375 0.42299843720930236 0.9216562500000001 0.4236640627906977 0.9105624999999999 0.4130140627906977 0.9105624999999999
6 0.42765781162790695 0.9380750000000001 0.4093531255813953 0.9442875000000001 0.3983718744186046 0.9442875000000001 0.38805468837209306 0.93940625 0.38838750000000005 0.952275 0.40502812558139534 0.95360625 0.427325 0.9513875 0.42765781162790695 0.9380750000000001
6 0.5025406255813953 0.9491687499999999 0.4925562488372093 0.9513875 0.47857812558139534 0.95538125 0.4632687511627907 0.95183125 0.46459999999999996 0.9620374999999999 0.4849015627906977 0.9620374999999999 0.5008765627906977 0.9584875 0.5025406255813953 0.9491687499999999
6 0.4849015627906977 0.9221 0.4659312511627907 0.9212125 0.46559843720930233 0.9300875 0.49788125116279075 0.92964375 0.49788125116279075 0.9181062499999999 0.4849015627906977 0.9221
6 0.5454718744186047 0.92609375 0.5255031255813953 0.92254375 0.5251703116279071 0.9362999999999999 0.556454688372093 0.93408125 0.5567875 0.9221 0.5454718744186047 0.92609375
6 0.561779688372093 0.9509437500000001 0.543475 0.9558249999999999 0.5218437511627907 0.9513875 0.5211781255813953 0.96425625 0.5448062488372093 0.96425625 0.559782811627907 0.962925 0.561779688372093 0.9509437500000001
0 0.346120311627907 0.85864375 0.327482811627907 0.8577562500000001 0.3264843744186047 0.8661875 0.35843437441860465 0.8639687500000001 0.35843437441860465 0.8537625 0.346120311627907 0.85864375
0 0.34811718837209304 0.87905625 0.3284812511627907 0.8777250000000001 0.3278156255813954 0.88793125 0.35910000000000003 0.8892625000000001 0.36009843720930235 0.8777250000000001 0.34811718837209304 0.87905625
0 0.4106843744186046 0.86574375 0.3923812511627907 0.8648562500000001 0.3923812511627907 0.87373125 0.4213343744186046 0.8724000000000001 0.4213343744186046 0.86219375 0.4106843744186046 0.86574375
0 0.40768906279069766 0.88793125 0.3920484372093023 0.8865999999999999 0.3920484372093023 0.8963625000000001 0.42266562558139537 0.8959187500000001 0.42299843720930236 0.8857125 0.40768906279069766 0.88793125
0 0.49422031162790697 0.8715125 0.47957656279069766 0.87195625 0.46393437441860463 0.8724000000000001 0.46360156279069764 0.8834937500000001 0.47957656279069766 0.88615625 0.4955515627906977 0.8812749999999999 0.49422031162790697 0.8715125
0 0.48623281162790694 0.89680625 0.464267188372093 0.8936999999999999 0.4652656255813954 0.9079 0.496217188372093 0.9052374999999999 0.496217188372093 0.8936999999999999 0.48623281162790694 0.89680625
0 0.5241718744186046 0.8963625000000001 0.524504688372093 0.9087875000000001 0.5551234372093024 0.9074562500000001 0.5557890627906976 0.89680625 0.5241718744186046 0.8963625000000001
0 0.524504688372093 0.87461875 0.5248375 0.88615625 0.5561218744186046 0.88615625 0.554125 0.8759499999999999 0.524504688372093 0.87461875
2 0.3627609372093023 0.831133334375 0.36242812558139537 0.820927084375 0.34345781162790695 0.827139584375 0.32182499999999997 0.824033334375 0.32115937441860465 0.832464584375 0.33646875116279074 0.8360145843750001 0.3511125 0.8342395843749999 0.3627609372093023 0.831133334375
2 0.42665937441860463 0.8289145843749999 0.4106843744186046 0.832464584375 0.3873890627906976 0.8289145843749999 0.3877218744186046 0.8408958343749999 0.40469531162790695 0.8408958343749999 0.42665937441860463 0.8408958343749999 0.42665937441860463 0.8289145843749999
2 0.48257187441860466 0.8431145843750001 0.4735859372093023 0.844445834375 0.470257811627907 0.842227084375 0.459607811627907 0.8417833343750001 0.459275 0.8524312500000001 0.4985468744186047 0.850214584375 0.49887968837209307 0.8395645843749999 0.48257187441860466 0.8431145843750001
2 0.53815 0.842227084375 0.5191812511627907 0.840452084375 0.5198468744186047 0.8542062500000001 0.55945 0.8519875000000001 0.55945 0.8395645843749999 0.53815 0.842227084375