2 0.3849125 0.531508334375 0.3661484372093023 0.536391665625 0.34509531162790696 0.534560415625 0.3437234372093023 0.543714584375 0.36431874883720927 0.546154165625 0.3867437511627907 0.543104165625 0.3849125 0.531508334375
2 0.49932812558139533 0.530872915625 0.477817188372093 0.533925 0.4595109372093023 0.5314833343750001 0.4590531255813953 0.5436875 0.4805625 0.5436875 0.500242188372093 0.5406375 0.49932812558139533 0.530872915625
2 0.6416812488372092 0.54429375 0.6334437488372093 0.540022915625 0.6105609372093023 0.538802084375 0.6091875 0.552227084375 0.6499187488372092 0.548566665625 0.6508343744186047 0.538802084375 0.6416812488372092 0.54429375
2 0.7739906255813953 0.531589584375 0.7341734372093023 0.5285375 0.7337156255813954 0.5389125 0.7529375 0.5413520843749999 0.7744484372093023 0.5419625 0.7739906255813953 0.531589584375
0 0.34921093720930235 0.5669 0.34921093720930235 0.5772729156249999 0.382620311627907 0.576054165625 0.38170468837209304 0.5669 0.34921093720930235 0.5669
0 0.34923593720930235 0.5900875 0.3496937511627907 0.601683334375 0.38218749999999996 0.601683334375 0.38127187441860466 0.5888687499999999 0.34923593720930235 0.5900875
0 0.46409218837209304 0.567539584375 0.465007811627907 0.576083334375 0.495670311627907 0.5742520843750001 0.49612812558139535 0.562047915625 0.46409218837209304 0.567539584375
0 0.465507811627907 0.5888687499999999 0.46596406279069763 0.5986312500000001 0.4975437511627907 0.5955812500000001 0.49708593720930233 0.586427084375 0.465507811627907 0.5888687499999999
0 0.6137875 0.5723625 0.6137875 0.5815166656249999 0.6453656255813954 0.5815166656249999 0.6453656255813954 0.57419375 0.6137875 0.5723625
0 0.6129000000000001 0.594383334375 0.6129000000000001 0.6065875000000001 0.6463093744186046 0.6065875000000001 0.6449359372093023 0.595604165625 0.6129000000000001 0.594383334375
0 0.7368593744186047 0.5616458343749999 0.7368593744186047 0.573239584375 0.7702687488372092 0.573239584375 0.7693546883720931 0.56530625 0.7368593744186047 0.5616458343749999
0 0.7362484372093023 0.581795834375 0.7357906255813954 0.593389584375 0.766454688372093 0.596439584375 0.7659968744186046 0.586677084375 0.7362484372093023 0.581795834375
6 0.35202343720930235 0.615079165625 0.351107811627907 0.6230125 0.38039843720930233 0.6248437499999999 0.38039843720930233 0.616910415625 0.35202343720930235 0.615079165625
6 0.38584843720930234 0.646204165625 0.3689156255813954 0.6468145843750001 0.3464890627906977 0.641933334375 0.3460312511627907 0.652308334375 0.36113437441860463 0.6541375 0.384475 0.655358334375 0.38584843720930234 0.646204165625
6 0.4829 0.613920834375 0.465507811627907 0.6120895843749999 0.4659656255813953 0.62429375 0.49937499999999996 0.623072915625 0.49800312558139537 0.6108687500000001 0.4829 0.613920834375
6 0.5039906255813954 0.6394895843749999 0.4898031255813953 0.643760415625 0.4646312488372093 0.640708334375 0.4646312488372093 0.652304165625 0.488429688372093 0.65169375 0.503532811627907 0.651083334375 0.5039906255813954 0.6394895843749999
6 0.614657811627907 0.621266665625 0.6137421883720929 0.631029165625 0.6444062511627907 0.6298083343750001 0.6444062511627907 0.62370625 0.614657811627907 0.621266665625
6 0.649004688372093 0.652941665625 0.6270375 0.652941665625 0.6110187511627907 0.649279165625 0.6091890627906977 0.65904375 0.6293265627906978 0.661483334375 0.647632811627907 0.662704165625 0.649004688372093 0.652941665625
6 0.7530203116279071 0.612447915625 0.7360859372093024 0.6075666656250001 0.7351718744186045 0.62038125 0.7644625 0.62343125 0.7667499999999999 0.613058334375 0.7530203116279071 0.612447915625
6 0.768304688372093 0.641129165625 0.7472515627906977 0.642960415625 0.7316906255813953 0.63746875 0.730775 0.646620834375 0.748167188372093 0.648452084375 0.7705921883720931 0.65089375 0.768304688372093 0.641129165625