3 0.5014359372093024 0.5080145843749999 0.48033593720930234 0.506841665625 0.4662687488372093 0.504789584375 0.4662687488372093 0.5182687500000001 0.4834125 0.520614584375 0.5014359372093024 0.5217854156249999 0.5014359372093024 0.5080145843749999
3 0.6289203116279071 0.476072915625 0.6071593744186047 0.479004165625 0.5939718744186047 0.479297915625 0.5963906255813953 0.49365625 0.6135343744186046 0.491310415625 0.6298 0.48779583437499996 0.6289203116279071 0.476072915625
8 0.6326562511627907 0.520320834375 0.6174906255813953 0.522372915625 0.5992468744186046 0.524716665625 0.6005656255813954 0.53878125 0.6150734372093024 0.5370229156249999 0.6344156255813954 0.534385415625 0.6326562511627907 0.520320834375
8 0.5016562488372093 0.55401875 0.4897875 0.5543125 0.46582812558139536 0.55138125 0.46714687441860464 0.56398125 0.4840718744186046 0.565154165625 0.5009968744186046 0.565154165625 0.5016562488372093 0.55401875
9 0.6396906255813953 0.5490375000000001 0.6221062511627907 0.552260415625 0.6082593744186047 0.5554833343750001 0.5977359372093023 0.556260415625 0.5981484372093023 0.5689625 0.6124359372093022 0.566327084375 0.639470311627907 0.562222915625 0.6396906255813953 0.5490375000000001
9 0.5053921883720931 0.593577084375 0.5062718744186047 0.582441665625 0.47769843720930233 0.583029165625 0.4633609372093023 0.5789770843750001 0.4627515627906977 0.58976875 0.4781375 0.5950416656249999 0.4922046883720931 0.595629165625 0.5053921883720931 0.593577084375
9 0.7466265627906976 0.33418541562500004 0.7341187511627907 0.339975 0.717442188372093 0.346691665625 0.7060812488372094 0.348116665625 0.7092781255813954 0.361975 0.7238703116279069 0.3571125 0.7497531255813954 0.34738541562499997 0.7466265627906976 0.33418541562500004
8 0.7382875 0.30917500000000003 0.718657811627907 0.314964584375 0.7062984372093023 0.317422915625 0.7075406255813954 0.331870834375 0.7228281255813954 0.32700625 0.7429781255813953 0.32260625 0.7382875 0.30917500000000003
3 0.7311656255813954 0.262627084375 0.7167468744186047 0.267954165625 0.696770311627907 0.273510415625 0.6995500000000001 0.29157500000000003 0.7110156255813953 0.284858334375 0.7339453116279069 0.279533334375 0.7311656255813954 0.262627084375
0 0.467732811627907 0.5307375000000001 0.46731562558139533 0.5418624999999999 0.5017375000000001 0.5424187500000001 0.502154688372093 0.529345834375 0.467732811627907 0.5307375000000001
0 0.5991640627906978 0.502364584375 0.5995828116279069 0.5157166656250001 0.630875 0.511820834375 0.630667188372093 0.49958125000000003 0.5991640627906978 0.502364584375
2 0.5901937488372093 0.44617500000000004 0.5904031255813954 0.458135415625 0.6292062511627907 0.45062499999999994 0.6275375 0.438108334375 0.5901937488372093 0.44617500000000004
2 0.46481093720930233 0.468983334375 0.46397656279069766 0.482335415625 0.5050765627906977 0.482614584375 0.5052843744186046 0.47037500000000004 0.46481093720930233 0.468983334375
2 0.6886640627906976 0.24172500000000002 0.6890812488372093 0.254797915625 0.7310140627906977 0.23838541562499999 0.7289281255813954 0.22586875 0.6886640627906976 0.24172500000000002
0 0.7030593744186047 0.296522915625 0.7038937488372092 0.310708334375 0.7368562488372092 0.297635415625 0.734770311627907 0.287620834375 0.7030593744186047 0.296522915625