9 0.4500781255813953 0.40333125000000003 0.442332811627907 0.41148541562499996 0.47290937441860464 0.453339584375 0.47657812558139534 0.4451875 0.4500781255813953 0.40333125000000003
9 0.720370311627907 0.306575 0.691017188372093 0.299508334375 0.6893874999999999 0.31146666562499997 0.7293390627906976 0.3256 0.7313781255813954 0.31146666562499997 0.720370311627907 0.306575
9 0.9238031255813953 0.344625 0.9229875000000001 0.35712708437499996 0.9649781255813953 0.3647375 0.9670171883720929 0.35114791562500003 0.9238031255813953 0.344625
8 0.691425 0.32995 0.689795311627907 0.341364584375 0.7211859372093024 0.3478875 0.7252624999999999 0.337558334375 0.691425 0.32995
8 0.4382562488372093 0.42616250000000006 0.4321406255813954 0.435945834375 0.45619374883720926 0.46692916562500003 0.4643468744186046 0.4598625 0.4382562488372093 0.42616250000000006
8 0.9295109372093023 0.31907708437500004 0.9291031255813953 0.331035415625 0.962532811627907 0.334841665625 0.9633484372093023 0.3245125 0.9295109372093023 0.31907708437500004
3 0.685717188372093 0.375066665625 0.6828640627906977 0.389197915625 0.7154781255813953 0.39735208437499997 0.7179249999999999 0.38430624999999996 0.685717188372093 0.375066665625
3 0.4154265627906977 0.458775 0.408495311627907 0.469104165625 0.43377187441860465 0.501175 0.43947968837209306 0.49247708437500004 0.4154265627906977 0.458775
3 0.9323640627906976 0.27015625 0.9319562511627908 0.28700625 0.9649781255813953 0.28755000000000003 0.9653859372093023 0.27124375 0.9323640627906976 0.27015625
2 0.4259187511627907 0.522789584375 0.39444531162790697 0.480825 0.3873859372093023 0.4902375 0.405329688372093 0.5141625000000001 0.4185656255813953 0.529458334375 0.4259187511627907 0.522789584375
0 0.4259187511627907 0.443175 0.41885937441860466 0.45101874999999997 0.44592031162790696 0.485139584375 0.4509218744186047 0.476904165625 0.4259187511627907 0.443175
0 0.686529688372093 0.353364584375 0.6859406255813953 0.364345834375 0.7185906255813953 0.372972915625 0.7194734372093023 0.361991665625 0.686529688372093 0.353364584375
2 0.7165328116279069 0.421997915625 0.695942188372093 0.41336874999999995 0.6735875 0.41062291562500003 0.674175 0.420820834375 0.6930015627906977 0.42435 0.7130031255813953 0.43297916562500005 0.7165328116279069 0.421997915625
2 0.9718484372093024 0.249433334375 0.9724359372093023 0.239235415625 0.962729688372093 0.236883334375 0.9571406255813953 0.23413750000000003 0.9312562511627906 0.23256875 0.9291968744186047 0.2466875 0.9447875 0.24472708437500001 0.9577296883720929 0.245510415625 0.9718484372093024 0.249433334375
0 0.93155 0.29531874999999996 0.9303734372093023 0.30786875 0.9639062511627907 0.3094375 0.9644953116279069 0.29885 0.93155 0.29531874999999996