2 0.333145311627907 0.47025208437500005 0.29021875116279067 0.467802084375 0.29038593720930234 0.48005000000000003 0.31410312558139536 0.48005000000000003 0.3328109372093023 0.48450416562500004 0.333145311627907 0.47025208437500005
2 0.4158687511627907 0.591845834375 0.4157015627906977 0.573585415625 0.37360937441860465 0.5718041656249999 0.3732765627906977 0.5902875 0.3821281255813953 0.5925125 0.4061812511627907 0.592291665625 0.4158687511627907 0.591845834375
2 0.52245 0.48122708437500006 0.4800234372093023 0.48211875 0.4795218744186046 0.49614791562500005 0.495725 0.49770624999999996 0.5214468744186047 0.496591665625 0.52245 0.48122708437500006
2 0.567829688372093 0.603970834375 0.5672218744186046 0.6234791656249999 0.611317188372093 0.6248145843749999 0.610817188372093 0.607445834375 0.567829688372093 0.603970834375
0 0.5743640627906977 0.575485415625 0.5741593744186047 0.5894125 0.6079593744186046 0.589958334375 0.607754688372093 0.5804 0.5743640627906977 0.575485415625
0 0.5745687488372093 0.5533645843749999 0.5757984372093023 0.56510625 0.607754688372093 0.566472915625 0.6079593744186046 0.5566416656250001 0.5745687488372093 0.5533645843749999
0 0.4835812511627907 0.5180875 0.483 0.53015 0.5176203116279069 0.52933125 0.516595311627907 0.518135415625 0.4835812511627907 0.5180875
0 0.48460468837209303 0.54335625 0.48443437441860465 0.5569145843750001 0.5180296883720931 0.5555479156249999 0.5163906255813954 0.544079165625 0.48460468837209303 0.54335625
0 0.37627187441860466 0.522185415625 0.37599687441860463 0.53554375 0.4104109372093023 0.53363125 0.409182811627907 0.5224354156250001 0.37627187441860466 0.522185415625
0 0.37681562558139536 0.542370834375 0.37742968837209306 0.5606687499999999 0.41061562558139536 0.556572915625 0.41000156279069766 0.5445562500000001 0.37681562558139536 0.542370834375
0 0.2938062488372093 0.504427084375 0.293895311627907 0.5166999999999999 0.3283093744186047 0.517791665625 0.328104688372093 0.5041375 0.2938062488372093 0.504427084375
0 0.29450937441860464 0.528989584375 0.2949187488372093 0.543191665625 0.32687656279069766 0.543464584375 0.3279 0.532266665625 0.29450937441860464 0.528989584375
8 0.29355 0.552235415625 0.293895311627907 0.5653125 0.3262609372093023 0.565858334375 0.3256468744186046 0.554660415625 0.29355 0.552235415625
8 0.3764062511627907 0.500716665625 0.37558749999999996 0.516283334375 0.41000156279069766 0.516010415625 0.40877343720930237 0.502627084375 0.3764062511627907 0.500716665625
8 0.485604688372093 0.567977084375 0.484375 0.57616875 0.5173562511627907 0.579445834375 0.5183812511627908 0.567977084375 0.485604688372093 0.567977084375
8 0.575267188372093 0.534477084375 0.574982811627907 0.54851875 0.6091921883720931 0.5479729156250001 0.6091921883720931 0.535410415625 0.575267188372093 0.534477084375
9 0.5716812488372093 0.509208334375 0.5715 0.519025 0.6132906255813954 0.5203895843749999 0.6132906255813954 0.510558334375 0.5716812488372093 0.509208334375
9 0.48050781162790696 0.594235415625 0.48083593720930234 0.607370834375 0.5230343744186047 0.607370834375 0.522829688372093 0.59699375 0.48050781162790696 0.594235415625
9 0.3714062511627907 0.47642708437500003 0.372354688372093 0.488829165625 0.41455312558139534 0.488283334375 0.41414375116279073 0.476541665625 0.3714062511627907 0.47642708437500003
9 0.28740312558139536 0.579552084375 0.28769062558139535 0.59179375 0.3313234372093023 0.591245834375 0.33111874883720926 0.583872915625 0.28740312558139536 0.579552084375