9 0.287675 0.58995 0.285032811627907 0.601022915625 0.32354062558139535 0.622164584375 0.32618281162790697 0.6105875000000001 0.287675 0.58995
9 0.4334015627906977 0.716295834375 0.4281156255813954 0.727872915625 0.46473593720930234 0.756060415625 0.4685109372093023 0.744483334375 0.4334015627906977 0.716295834375
9 0.727495311627907 0.45555 0.7210765627906978 0.4686375 0.7565640627906977 0.49732916562499996 0.7603390627906977 0.48826875000000003 0.727495311627907 0.45555
8 0.7218312488372093 0.483235415625 0.717679688372093 0.494308334375 0.7444843744186047 0.517464584375 0.749392188372093 0.508404165625 0.7218312488372093 0.483235415625
8 0.4435937488372093 0.6966625 0.4409515627906977 0.70673125 0.4696437488372093 0.728879165625 0.47228593720930234 0.721329165625 0.4435937488372093 0.6966625
8 0.2978687488372093 0.563772915625 0.29560312558139534 0.5768625000000001 0.32542812558139533 0.5914583343750001 0.32882656279069766 0.581895834375 0.2978687488372093 0.563772915625
3 0.30806249999999996 0.5199812500000001 0.3065515627906977 0.530552084375 0.3375093744186046 0.54615625 0.340529688372093 0.5355854156250001 0.30806249999999996 0.5199812500000001
3 0.4598281255813953 0.653372915625 0.4560531255813954 0.6649520843750001 0.484367188372093 0.685589584375 0.488142188372093 0.674514584375 0.4598281255813953 0.653372915625
3 0.705220311627907 0.523 0.698425 0.5365916656249999 0.7278718744186047 0.56125625 0.732779688372093 0.5471625 0.705220311627907 0.523
2 0.35231562558139534 0.502577084375 0.341854688372093 0.498883334375 0.31539218837209304 0.484525 0.3126234372093023 0.49683333437500005 0.3310843744186046 0.503395834375 0.35231562558139534 0.514064584375 0.35231562558139534 0.502577084375
0 0.304929688372093 0.5427833343749999 0.30277656279069765 0.553860415625 0.332007811627907 0.5669875 0.3357 0.558372915625 0.304929688372093 0.5427833343749999
0 0.4523187488372093 0.6748875 0.4489343744186046 0.683914584375 0.4750890627906977 0.705658334375 0.4787812511627907 0.699504165625 0.4523187488372093 0.6748875
2 0.501857811627907 0.645347915625 0.48862656279069766 0.6346812500000001 0.4677031255813954 0.61745 0.463395311627907 0.6268875 0.47416562558139536 0.636733334375 0.5006281255813954 0.653554165625 0.501857811627907 0.645347915625
2 0.720325 0.592835415625 0.7221718744186046 0.583808334375 0.704017188372093 0.57068125 0.6898624999999999 0.554679165625 0.684017188372093 0.562475 0.6910937511627907 0.571910415625 0.7030937488372093 0.582579165625 0.720325 0.592835415625
0 0.738479688372093 0.530885415625 0.7255562511627908 0.521447915625 0.714170311627907 0.5058583343749999 0.7095562488372094 0.513654165625 0.7175562511627908 0.523910415625 0.7366328116279071 0.537858334375 0.738479688372093 0.530885415625