2 0.35755156279069766 0.44467708437500003 0.3562734372093023 0.46086666562499995 0.39812031162790695 0.464529165625 0.39875468837209305 0.44508958437499996 0.35755156279069766 0.44467708437500003
2 0.4595437511627907 0.56974375 0.46000312558139533 0.585485415625 0.5016390627906977 0.588020834375 0.5029062511627906 0.575060415625 0.4595437511627907 0.56974375
2 0.585567188372093 0.5965499999999999 0.585779688372093 0.61091875 0.6278374999999999 0.608102084375 0.6259343744186047 0.594577084375 0.585567188372093 0.5965499999999999
2 0.7034250000000001 0.48554375 0.7034515627906976 0.504547915625 0.7452968744186047 0.503420834375 0.7455093744186047 0.485670834375 0.7034250000000001 0.48554375
0 0.7081000000000001 0.5197625 0.7053531255813954 0.531595834375 0.7421265627906977 0.5324416656250001 0.7402249999999999 0.518635415625 0.7081000000000001 0.5197625
0 0.7070359372093024 0.542864584375 0.706825 0.5563875 0.7416968744186047 0.553570834375 0.7419093744186046 0.543427084375 0.7070359372093024 0.542864584375
0 0.588354688372093 0.535322915625 0.5868749999999999 0.5496916656249999 0.6209015627906976 0.546310415625 0.6209015627906976 0.53306875 0.588354688372093 0.535322915625
0 0.5885656255813954 0.5609625 0.5885656255813954 0.5747687499999999 0.6217468744186047 0.572795834375 0.6209015627906976 0.5603979156250001 0.5885656255813954 0.5609625
0 0.466792188372093 0.537275 0.466792188372093 0.54859375 0.5000343744186047 0.550279165625 0.5002140627906977 0.540645834375 0.466792188372093 0.537275
0 0.36064062558139537 0.47627499999999995 0.35919531162790697 0.48952083437500005 0.39261718837209303 0.49144791562499995 0.3931593744186046 0.48085208437500004 0.36064062558139537 0.47627499999999995
0 0.3590140627906977 0.501083334375 0.3593765627906977 0.5155333343749999 0.392075 0.5167375 0.391895311627907 0.50325 0.3590140627906977 0.501083334375
8 0.3582625 0.520145834375 0.35829218837209303 0.533114584375 0.3917140627906977 0.5364875 0.392075 0.52035 0.3582625 0.520145834375
8 0.46825781162790703 0.487922915625 0.4671984372093023 0.5001895843749999 0.5004406255813953 0.501875 0.5015234372093024 0.495614584375 0.46825781162790703 0.487922915625
8 0.5881906255813953 0.512616665625 0.5876265627906977 0.5252416656250001 0.6206875 0.524758334375 0.6205078116279069 0.511270834375 0.5881906255813953 0.512616665625
8 0.7069937511627907 0.5614041656250001 0.7072906255813953 0.575704165625 0.7410734372093024 0.57498125 0.740892188372093 0.5610125 0.7069937511627907 0.5614041656250001
9 0.703154688372093 0.588808334375 0.7033156255813954 0.5978625 0.744325 0.597139584375 0.7436031255813954 0.58895 0.703154688372093 0.588808334375
9 0.5827156255813953 0.486160415625 0.582354688372093 0.50109375 0.6257125 0.493627084375 0.6244484372093023 0.483752084375 0.5827156255813953 0.486160415625
0 0.466792188372093 0.51174375 0.4664312511627907 0.5223416656250001 0.5005765627906976 0.52523125 0.5002140627906977 0.5139125 0.466792188372093 0.51174375
9 0.46419218837209303 0.45901249999999993 0.463079688372093 0.47367708437499995 0.506257811627907 0.474641665625 0.5078843744186046 0.46452499999999997 0.46419218837209303 0.45901249999999993
9 0.35434531162790694 0.5459583343750001 0.353954688372093 0.5588416656249999 0.3947234372093023 0.5591375000000001 0.3958312488372093 0.54998125 0.35434531162790694 0.5459583343750001