2 0.4369515627906977 0.442564584375 0.43412500000000004 0.458870834375 0.47983593720930234 0.46278333437499997 0.48014531162790697 0.447960415625 0.4369515627906977 0.442564584375
2 0.5289156255813954 0.546229165625 0.5286062488372093 0.5682583343750001 0.571382811627907 0.56866875 0.5696843744186046 0.547052084375 0.5289156255813954 0.546229165625
2 0.6076828116279069 0.44374791562500004 0.6067750000000001 0.46144166562500005 0.6498656255813954 0.4599875 0.6476843744186046 0.44302083437500006 0.6076828116279069 0.44374791562500004
2 0.6803953116279069 0.546825 0.681282811627907 0.569995834375 0.7223734372093024 0.566358334375 0.7214656255813953 0.544785415625 0.6803953116279069 0.546825
0 0.6836468744186047 0.519335415625 0.6834640627906977 0.535333334375 0.718192188372093 0.5304854156250001 0.7174640627906976 0.520304165625 0.6836468744186047 0.519335415625
0 0.6835781255813954 0.497120834375 0.6829187488372093 0.511820834375 0.7180109372093023 0.50866875 0.717282811627907 0.495579165625 0.6835781255813954 0.497120834375
0 0.6119734372093023 0.48045 0.6125437511627908 0.494425 0.6467265627906976 0.493697915625 0.6465437511627907 0.48036666562499997 0.6119734372093023 0.48045
0 0.6123625 0.507272915625 0.6130890627906976 0.517695834375 0.6476359372093023 0.518422915625 0.6463625000000001 0.508 0.6123625 0.507272915625
0 0.5328687511627908 0.495302084375 0.5343531255813954 0.509995834375 0.5661718744186046 0.512904165625 0.5658078116279069 0.498360415625 0.5328687511627908 0.495302084375
0 0.533095311627907 0.518639584375 0.5323468744186046 0.535877084375 0.5661656255813954 0.5341812499999999 0.5667109372093023 0.520122915625 0.533095311627907 0.518639584375
0 0.439670311627907 0.478025 0.43929687441860465 0.49272708437499996 0.47311562558139536 0.49418125 0.47366093720930236 0.483272915625 0.439670311627907 0.478025
0 0.4388390627906977 0.50448125 0.4371156255813954 0.518420834375 0.4727515627906977 0.521085415625 0.47366093720930236 0.511147915625 0.4388390627906977 0.50448125
8 0.4388390627906977 0.528235415625 0.43774843720930234 0.5420520843750001 0.471567188372093 0.5456875 0.47138437441860465 0.533083334375 0.4388390627906977 0.528235415625
8 0.532642188372093 0.47620625 0.5335312488372094 0.491454165625 0.5664406255813953 0.49339374999999996 0.5648031255813953 0.47836458437499996 0.532642188372093 0.47620625
8 0.6144046883720929 0.531945834375 0.6136765627906977 0.542125 0.6473140627906977 0.540429165625 0.645495311627907 0.528066665625 0.6144046883720929 0.531945834375
8 0.6818593744186046 0.47546666562500006 0.6834968744186046 0.490254165625 0.715132811627907 0.489041665625 0.715132811627907 0.4764375 0.6818593744186046 0.47546666562500006
9 0.6785765627906977 0.45165625 0.6784046883720931 0.462620834375 0.7216781255813953 0.461408334375 0.7193156255813954 0.45074375 0.6785765627906977 0.45165625
9 0.610382811627907 0.557433334375 0.6111312511627907 0.570729165625 0.6524046883720931 0.569272915625 0.6522234372093023 0.5569124999999999 0.610382811627907 0.557433334375
9 0.529575 0.45103125000000005 0.528120311627907 0.465089584375 0.5712109372093023 0.46460625 0.5708484372093023 0.45199999999999996 0.529575 0.45103125000000005
9 0.432429688372093 0.5564312499999999 0.4333390627906977 0.567339584375 0.4757031255813954 0.570004165625 0.4755218744186046 0.5586125 0.432429688372093 0.5564312499999999