9 0.17850937441860462 0.86871875 0.17936562558139535 0.8846999999999999 0.22302968837209303 0.873854165625 0.22131718837209302 0.8607270843749999 0.17850937441860462 0.86871875
9 0.4105296883720931 0.58333125 0.4105296883720931 0.598741665625 0.45076875116279075 0.6027375 0.4511968744186047 0.587327084375 0.4105296883720931 0.58333125
9 0.5766249999999999 0.70661875 0.5693468744186047 0.70319375 0.5522234372093023 0.757416665625 0.5595015627906976 0.760841665625 0.5766249999999999 0.70661875
8 0.594175 0.7265958343750001 0.586470311627907 0.7214583343750001 0.5710593744186047 0.765408334375 0.579192188372093 0.7694041656249999 0.594175 0.7265958343750001
8 0.4160937488372093 0.5593583343749999 0.41566562558139536 0.570772915625 0.4490562511627907 0.5730562499999999 0.4494843744186046 0.5610708343749999 0.4160937488372093 0.5593583343749999
8 0.17936562558139535 0.840179165625 0.18107812558139535 0.8538770843749999 0.21703750000000002 0.8447458343750001 0.21489687441860464 0.832758334375 0.17936562558139535 0.840179165625
3 0.17508437441860467 0.791091665625 0.17551250000000002 0.8059333343749999 0.21232812558139535 0.797941665625 0.2110437511627907 0.781960415625 0.17508437441860467 0.791091665625
3 0.41652187441860467 0.509702084375 0.41695 0.522258334375 0.45076875116279075 0.5245416656249999 0.4494843744186046 0.509702084375 0.41652187441860467 0.509702084375
3 0.6237125 0.7460020843749999 0.6151515627906977 0.741435415625 0.6001687511627907 0.783672915625 0.6091578116279069 0.7899520843750001 0.6237125 0.7460020843749999
0 0.2117234372093023 0.806772915625 0.19996093720930233 0.8133374999999999 0.17835 0.8177145843750001 0.17944531162790697 0.827927084375 0.19558437441860466 0.823914584375 0.2125437488372093 0.8184437499999999 0.2117234372093023 0.806772915625
2 0.209807811627907 0.7498750000000001 0.19558437441860466 0.754252084375 0.167682811627907 0.7579 0.1665875 0.7703 0.1868312511627907 0.7662875 0.2100812488372093 0.7589937499999999 0.209807811627907 0.7498750000000001
2 0.4532625 0.47851875 0.438217188372093 0.475966665625 0.4149656255813953 0.474508334375 0.41469218837209304 0.48545 0.4308312511627907 0.484720834375 0.4529890627906977 0.486908334375 0.4532625 0.47851875
0 0.41770156279069764 0.53578125 0.41633437441860466 0.5456291656250001 0.44915937441860465 0.5470875000000001 0.4483390627906977 0.5387 0.41770156279069764 0.53578125
0 0.6015234372093023 0.7341916656249999 0.587025 0.775041665625 0.5924968744186047 0.779783334375 0.6069937511627908 0.7396625 0.6015234372093023 0.7341916656249999
2 0.6359890627906977 0.790360415625 0.642007811627907 0.772122915625 0.6444687488372093 0.756439584375 0.639545311627907 0.754252084375 0.6346218744186046 0.77540625 0.6206718744186047 0.8060437500000001 0.6296984372093023 0.811879165625 0.6359890627906977 0.790360415625