3 0.8322640627906976 0.49289583437499995 0.832307811627907 0.509625 0.866475 0.505641665625 0.8647671883720931 0.489139584375 0.8322640627906976 0.49289583437499995
3 0.7579953116279069 0.334929165625 0.75885 0.32183958437500004 0.7430468744186046 0.31615000000000004 0.7251843744186046 0.316308334375 0.7259640627906977 0.32923749999999996 0.7396312488372092 0.32639375 0.747745311627907 0.330377084375 0.7579953116279069 0.334929165625
8 0.753725 0.368502084375 0.734932811627907 0.36338125 0.7218968744186047 0.36139375 0.7221203116279069 0.374191665625 0.7430468744186046 0.3759 0.752870311627907 0.37817500000000004 0.753725 0.368502084375
8 0.8673296883720931 0.53409375 0.851954688372093 0.536939584375 0.8341437488372092 0.5348499999999999 0.8357249999999999 0.5494583343749999 0.851954688372093 0.550027084375 0.8677562511627908 0.5471812500000001 0.8673296883720931 0.53409375
9 0.8694640627906977 0.576772915625 0.8754437488372093 0.575633334375 0.8737359372093023 0.5636833343750001 0.860495311627907 0.56880625 0.8472562511627907 0.5705125 0.8327343744186047 0.566785415625 0.8327359372093024 0.575633334375 0.8344437488372093 0.5807541656249999 0.8506734372093023 0.581325 0.8694640627906977 0.576772915625
9 0.7543890627906976 0.4085375 0.7552546883720931 0.398541665625 0.7457328116279069 0.393929165625 0.7324609372093024 0.390854165625 0.7145406255813954 0.389245834375 0.713707811627907 0.393929165625 0.713707811627907 0.40007916562499996 0.7315953116279069 0.400464584375 0.7543890627906976 0.4085375
9 0.4909015627906977 0.366008334375 0.4934984372093023 0.3560125 0.474167188372093 0.344095834375 0.455007811627907 0.33171249999999997 0.4525281255813954 0.34102083437499997 0.46320312558139537 0.347170834375 0.4805140627906977 0.359089584375 0.4909015627906977 0.366008334375
8 0.4984031255813953 0.3264125 0.4903234372093023 0.32256874999999996 0.4667484372093023 0.306754165625 0.46464531162790695 0.316416665625 0.495517188372093 0.336408334375 0.4984031255813953 0.3264125
3 0.5099437488372093 0.28643333437499996 0.4797562488372093 0.264027084375 0.47676406279069766 0.276052084375 0.496382811627907 0.288354165625 0.506770311627907 0.29604375 0.5099437488372093 0.28643333437499996
0 0.47283437441860465 0.285466665625 0.47050937441860463 0.296316665625 0.5007312511627907 0.31522291562500004 0.503054688372093 0.305614584375 0.47283437441860465 0.285466665625
2 0.5249062511627907 0.252302084375 0.5084015627906977 0.24114375 0.4860859372093023 0.22905625000000002 0.48422499999999996 0.239285415625 0.501195311627907 0.24889375 0.5228140627906976 0.26253125 0.5249062511627907 0.252302084375
2 0.7655093744186047 0.2860875 0.751095311627907 0.27926875 0.726454688372093 0.278647915625 0.725292188372093 0.28887708437500004 0.7411 0.288566665625 0.7657406255813953 0.295695834375 0.7655093744186047 0.2860875
2 0.8654687511627908 0.45129374999999994 0.8464062511627907 0.45780208437500003 0.8243218744186047 0.45842083437500003 0.82595 0.47329999999999994 0.8466390627906977 0.47175 0.8668640627906977 0.466170834375 0.8654687511627908 0.45129374999999994
0 0.8657015627906977 0.513283334375 0.8480343744186046 0.516072915625 0.8333890627906977 0.516072915625 0.8340859372093022 0.528470834375 0.8496609372093022 0.52878125 0.8666312488372093 0.524752084375 0.8657015627906977 0.513283334375
0 0.7555125 0.345289584375 0.7411 0.341879165625 0.7238968744186047 0.338779165625 0.7243624999999999 0.351797915625 0.7394718744186047 0.3530375 0.755279688372093 0.3545875 0.7555125 0.345289584375