9 0.508817188372093 0.44475625 0.5096640627906978 0.457172915625 0.5503015627906976 0.447579165625 0.5481843744186047 0.4351625 0.508817188372093 0.44475625
9 0.5955953116279069 0.32115 0.5998281255813953 0.334695834375 0.6387734372093022 0.310427084375 0.633270311627907 0.299702084375 0.5955953116279069 0.32115
9 0.7818515627906977 0.284464584375 0.788625 0.295752084375 0.8199500000000001 0.25455 0.8127531255813953 0.24664791562500002 0.7818515627906977 0.284464584375
8 0.517282811627907 0.4724125 0.5177062488372093 0.48369999999999996 0.5498781255813954 0.475235415625 0.5481843744186047 0.46281875 0.517282811627907 0.4724125
8 0.6078718744186047 0.344291665625 0.611257811627907 0.35557916562499997 0.6408890627906977 0.338083334375 0.6375031255813954 0.327922915625 0.6078718744186047 0.344291665625
8 0.7721156255813953 0.2658375 0.7776187488372093 0.272610415625 0.8021703116279071 0.23931041562500002 0.7962437511627907 0.23140833437500002 0.7721156255813953 0.2658375
3 0.7479875 0.2325375 0.7543359372093024 0.24156875000000003 0.7755015627906976 0.207139584375 0.7691515627906976 0.198108334375 0.7479875 0.2325375
3 0.6226875000000001 0.38549375 0.6264968744186047 0.399039584375 0.6561281255813953 0.382670834375 0.6527421883720931 0.370254165625 0.6226875000000001 0.38549375
3 0.521517188372093 0.5158729156249999 0.523632811627907 0.5305479156249999 0.5553812511627907 0.5243395843750001 0.5549578116279069 0.51135625 0.521517188372093 0.5158729156249999
0 0.519142188372093 0.495989584375 0.5207906255813953 0.5073375 0.5537343744186046 0.4970875 0.5518124999999999 0.48903541562499997 0.519142188372093 0.495989584375
0 0.6160531255813954 0.367875 0.6179749999999999 0.377025 0.6489968744186045 0.361285415625 0.6454281255813953 0.348108334375 0.6160531255813954 0.367875
0 0.7596343744186047 0.249641665625 0.765125 0.25732916562499997 0.7881859372093024 0.222554165625 0.784342188372093 0.21596666562500003 0.7596343744186047 0.249641665625
2 0.7266906255813953 0.213404165625 0.7319062511627907 0.218529165625 0.7607328116279071 0.177164584375 0.7560656255813953 0.169479165625 0.7266906255813953 0.213404165625
2 0.6303281255813953 0.42278125 0.6330734372093024 0.434495834375 0.671782811627907 0.412897915625 0.6687640627906978 0.40155 0.6303281255813953 0.42278125
2 0.5229859372093023 0.557852084375 0.5254562488372093 0.568833334375 0.5641656255813954 0.556020834375 0.563342188372093 0.542477084375 0.5229859372093023 0.557852084375