9 0.368279688372093 0.354791665625 0.34362031162790696 0.340339584375 0.3314375 0.331629165625 0.32742656279069765 0.340933334375 0.36530937441860467 0.364691665625 0.368279688372093 0.354791665625
8 0.37333124883720925 0.32648125 0.35535625116279074 0.31539583437499996 0.34347031162790703 0.305497915625 0.339770311627907 0.31646666562500003 0.3443625 0.323314584375 0.3526812511627907 0.323908334375 0.36976562558139536 0.33717291562499996 0.37333124883720925 0.32648125
3 0.38625468837209304 0.2819375 0.35595000000000004 0.264714584375 0.35164531162790696 0.276883334375 0.35862343720930234 0.278572915625 0.37541093720930235 0.29163958437500004 0.38239218837209304 0.295004165625 0.38625468837209304 0.2819375
9 0.48616249999999994 0.33886875 0.48883593720930235 0.331345834375 0.479329688372093 0.321841665625 0.46135312558139535 0.307785415625 0.454520311627907 0.30145 0.4502125 0.310954165625 0.45927343720930236 0.31550625 0.48616249999999994 0.33886875
8 0.4656625 0.279079165625 0.46260156279069764 0.289252084375 0.4760609372093023 0.29927291562499997 0.48898437441860465 0.31135 0.4944812511627907 0.302045834375 0.4656625 0.279079165625
3 0.5096343744186047 0.26244999999999996 0.504879688372093 0.25670833437499996 0.48081406279069766 0.23869375 0.477629688372093 0.250164584375 0.4836375 0.25215624999999997 0.49893750000000003 0.26185625 0.5047312511627907 0.272745834375 0.5096343744186047 0.26244999999999996
9 0.5221375 0.49736874999999997 0.544504688372093 0.5094770843750001 0.5466015627906976 0.500535415625 0.5224171883720929 0.48917083437500003 0.5109015627906976 0.48123125 0.508857811627907 0.48060208437499996 0.5069015627906976 0.489358334375 0.5221375 0.49736874999999997
8 0.5471593744186046 0.48116041562499995 0.5495359372093024 0.47221875 0.525632811627907 0.459179165625 0.5182234372093023 0.457314584375 0.517804688372093 0.46774791562500007 0.5295468744186046 0.471660415625 0.5471593744186046 0.48116041562499995
3 0.5447437511627907 0.418620834375 0.5314640627906977 0.413404165625 0.5276625 0.42698958437499995 0.5430656255813954 0.43035625 0.5590015627906977 0.440975 0.560679688372093 0.43091458437499996 0.5447437511627907 0.418620834375
0 0.34980468837209305 0.28533125 0.346375 0.29790625 0.37861249999999996 0.31596666562500003 0.38084062558139536 0.30293541562500004 0.34980468837209305 0.28533125
0 0.47463593720930236 0.256522915625 0.4679484372093023 0.272070834375 0.4996718744186046 0.29150416562500003 0.5024156255813953 0.2771 0.47463593720930236 0.256522915625
2 0.3631796883720931 0.226114584375 0.35957812558139535 0.239604165625 0.3979890627906977 0.26338125 0.401417188372093 0.25195 0.3631796883720931 0.226114584375
2 0.527107811627907 0.2274875 0.488354688372093 0.2023375 0.4832109372093023 0.21285416562499998 0.522820311627907 0.239833334375 0.5267640627906977 0.230916665625 0.527107811627907 0.2274875
2 0.536367188372093 0.376097915625 0.5325937511627907 0.39004374999999997 0.5713468744186047 0.408104165625 0.5728906255813954 0.396216665625 0.536367188372093 0.376097915625
0 0.5246546883720931 0.4349125 0.5215875 0.44571875 0.553132811627907 0.462660415625 0.5568562488372093 0.447179165625 0.5246546883720931 0.4349125