8 0.425967188372093 0.74424375 0.42420781162790694 0.733108334375 0.4151968744186047 0.7357458343750001 0.403767188372093 0.740727084375 0.39108906279069766 0.7434875 0.3936562511627907 0.7565500000000001 0.4061843744186046 0.75420625 0.41783437441860466 0.748345834375 0.425967188372093 0.74424375
8 0.5510406255813953 0.587233334375 0.547304688372093 0.579614584375 0.5389515627906977 0.586354165625 0.5268625 0.596025 0.5176312488372092 0.602764584375 0.5209281255813953 0.614777084375 0.5288406255813953 0.608625 0.536095311627907 0.601297915625 0.5510406255813953 0.587233334375
8 0.7265171883720931 0.64196875 0.7197031255813954 0.635229165625 0.7120109372093023 0.645779165625 0.7025593744186046 0.6575 0.6942062511627907 0.6654125 0.7008015627906977 0.674789584375 0.7071749999999999 0.666877084375 0.717945311627907 0.653691665625 0.7265171883720931 0.64196875
9 0.741025 0.656327084375 0.7333312488372093 0.6492958343749999 0.7247593744186046 0.66248125 0.7146484372093024 0.6785979156249999 0.7076140627906977 0.68504375 0.703807811627907 0.685964584375 0.7117906255813954 0.6994020843750001 0.7219015627906976 0.6853374999999999 0.7342109372093024 0.671272915625 0.741025 0.656327084375
9 0.5451828116279069 0.561972915625 0.5396875 0.5543541656250001 0.5286968744186046 0.563145834375 0.5104546883720931 0.577504165625 0.5037562488372093 0.583372915625 0.5073765627906976 0.592741665625 0.5163890627906976 0.583658334375 0.5240812488372093 0.578383334375 0.5451828116279069 0.561972915625
3 0.7023390627906976 0.60680625 0.6953062488372094 0.598895834375 0.6891515627906977 0.60680625 0.6772828116279069 0.62204375 0.6722265627906976 0.633472915625 0.6772828116279069 0.6413833343750001 0.6869531255813953 0.629077084375 0.6946468744186046 0.6185270843749999 0.7023390627906976 0.60680625
3 0.569579688372093 0.631127084375 0.5651843744186047 0.62204375 0.5522156255813954 0.628783334375 0.544082811627907 0.6358166656249999 0.534192188372093 0.645485415625 0.5388078116279069 0.656035415625 0.548479688372093 0.648122915625 0.5605687511627907 0.639625 0.569579688372093 0.631127084375
3 0.4335484372093023 0.79070625 0.431570311627907 0.7763479156249999 0.42079999999999995 0.78279375 0.40827187441860463 0.78806875 0.3990593744186046 0.789654165625 0.40079843720930236 0.8024270843749999 0.411129688372093 0.8027208343750001 0.42233906279069766 0.797152084375 0.4335484372093023 0.79070625
9 0.42431718837209303 0.71745 0.42365781162790694 0.703385415625 0.4142062511627907 0.708658334375 0.39838124883720927 0.71510625 0.381675 0.718035415625 0.3840937511627907 0.7323937500000001 0.39310468837209306 0.731222915625 0.4115687488372093 0.724775 0.42431718837209303 0.71745
2 0.44291093720930236 0.8247312499999999 0.4417796883720931 0.81341875 0.4245281255813953 0.8194520843750001 0.40218437441860466 0.82925625 0.40359843720930233 0.835289584375 0.405295311627907 0.8394395843750001 0.42028437441860467 0.835289584375 0.44291093720930236 0.8247312499999999
0 0.3959609372093023 0.7677875000000001 0.3973765627906977 0.778725 0.428204688372093 0.768166665625 0.4273562488372093 0.7560979156250001 0.3959609372093023 0.7677875000000001
0 0.527195311627907 0.626372915625 0.5320031255813954 0.6339166656249999 0.5583062488372093 0.6109125 0.5549124999999999 0.6018625 0.527195311627907 0.626372915625
0 0.6824687488372093 0.649754165625 0.6889734372093024 0.65691875 0.7130140627906977 0.625241665625 0.7062265627906976 0.617322915625 0.6824687488372093 0.649754165625
2 0.678225 0.5701854156249999 0.6683265627906977 0.5841375 0.650507811627907 0.6109125 0.6567312488372092 0.6199625 0.6705890627906976 0.5988458343749999 0.6861453116279069 0.5769729156250001 0.678225 0.5701854156249999
2 0.5798015627906977 0.64786875 0.5631140627906976 0.662575 0.54275 0.678791665625 0.5489718744186046 0.691235415625 0.5704671883720931 0.6708729156250001 0.5837609372093023 0.657672915625 0.5798015627906977 0.64786875