8 0.12924531162790698 0.696016665625 0.13573593720930233 0.7054125 0.16423593720930232 0.678339584375 0.15828906279069765 0.6670625 0.1461687511627907 0.68260625 0.12924531162790698 0.696016665625
3 0.12467187441860464 0.642070834375 0.1120937488372093 0.6539583343750001 0.11849687441860465 0.6661479156250001 0.13587812558139534 0.6509104156250001 0.14685468837209303 0.639633334375 0.14045156279069768 0.626833334375 0.12467187441860464 0.642070834375
9 0.1752125 0.692054165625 0.15371562558139534 0.709120834375 0.13716406279069768 0.7233125 0.14159531162790698 0.733808334375 0.17841406279069766 0.6999791656250001 0.1752125 0.692054165625
9 0.507732811627907 0.752035415625 0.5106937488372093 0.74358125 0.491875 0.7331562500000001 0.476732811627907 0.71451875 0.47347968837209303 0.7235750000000001 0.4817265627906977 0.735127084375 0.507732811627907 0.752035415625
8 0.5172484372093024 0.715120834375 0.5066765627906977 0.711458334375 0.48888125116279074 0.6948000000000001 0.48637812558139537 0.702441665625 0.513442188372093 0.726391665625 0.5172484372093024 0.715120834375
3 0.501557811627907 0.664516665625 0.528454688372093 0.685535415625 0.5337406255813953 0.674545834375 0.5062531255813953 0.65313125 0.501557811627907 0.664516665625
9 0.682829688372093 0.8088124999999999 0.6595031255813953 0.8006458343749999 0.6449968744186046 0.7938208343750001 0.6421062488372092 0.8019624999999999 0.6796671883720931 0.8209312499999999 0.682829688372093 0.8088124999999999
8 0.6824343744186047 0.791952084375 0.6836218744186047 0.778514584375 0.6553515627906977 0.7677125 0.6529796883720931 0.77930625 0.6589093744186046 0.782204165625 0.6824343744186047 0.791952084375
3 0.6624687488372093 0.7239791656250001 0.6610468744186047 0.73555 0.6733406255813954 0.742158334375 0.6909359372093024 0.7469 0.6927156255813954 0.733991665625 0.6624687488372093 0.7239791656250001
0 0.12079531162790698 0.673522915625 0.12491250000000001 0.6856020843749999 0.15593437441860467 0.6614416656250001 0.15291562558139535 0.6493625 0.12079531162790698 0.673522915625
2 0.09334062558139535 0.626302084375 0.09718437441860465 0.636185415625 0.1358937488372093 0.604339584375 0.13177656279069766 0.594089584375 0.09334062558139535 0.626302084375
0 0.49882656279069765 0.672789584375 0.49470937441860463 0.682672915625 0.5221625 0.705733334375 0.5262812511627907 0.695485415625 0.49882656279069765 0.672789584375
2 0.5158484372093023 0.6193479156249999 0.5114562488372093 0.6299625 0.5463218744186047 0.659979165625 0.5504390627906977 0.650827084375 0.5158484372093023 0.6193479156249999
2 0.664920311627907 0.686333334375 0.6629984372093024 0.698779165625 0.7014328116279069 0.7137875 0.703354688372093 0.703170834375 0.664920311627907 0.686333334375
0 0.6583312488372094 0.7441687499999999 0.6558609372093023 0.759177084375 0.6879812488372092 0.770522915625 0.6890781255813953 0.7566145843750001 0.6583312488372094 0.7441687499999999