3 0.44625937441860464 0.707633334375 0.43039062558139535 0.687258334375 0.42169375116279073 0.67521875 0.4162531255813953 0.6838 0.423754688372093 0.6995604156249999 0.4402 0.713783334375 0.44625937441860464 0.707633334375
3 0.7212265627906977 0.60194375 0.7108406255813954 0.5981 0.6897937488372093 0.58765 0.6883359372093023 0.599252084375 0.7030500000000001 0.6050187499999999 0.7194968744186045 0.6119375 0.7212265627906977 0.60194375
3 0.9410765627906976 0.48696666562499996 0.9409093744186047 0.499752084375 0.9749562488372092 0.50398125 0.9752437488372092 0.492447915625 0.9410765627906976 0.48696666562499996
8 0.9530281255813954 0.540116665625 0.939807811627907 0.536885415625 0.9391781255813954 0.548572915625 0.9726468744186046 0.5512645843749999 0.9729359372093024 0.543191665625 0.9530281255813954 0.540116665625
9 0.9743781255813954 0.567410415625 0.9504312488372093 0.566641665625 0.9334625 0.563960415625 0.933407811627907 0.573945834375 0.9634140627906977 0.578175 0.9749562488372092 0.579327084375 0.9743781255813954 0.567410415625
8 0.7082640627906976 0.54968125 0.6964562511627906 0.5453458343750001 0.6955687488372093 0.554295834375 0.7281718744186046 0.562752084375 0.7284609372093023 0.555064584375 0.7082640627906976 0.54968125
9 0.7359625 0.5412250000000001 0.737404688372093 0.530077084375 0.7226890627906977 0.52469375 0.6961390627906976 0.515733334375 0.6955687488372093 0.52776875 0.712592188372093 0.531614584375 0.7359625 0.5412250000000001
9 0.46954687441860465 0.6543 0.4808 0.66583125 0.48512812558139534 0.66045 0.4683937488372093 0.6381541656249999 0.45532656279069766 0.61599375 0.45194687441860465 0.6208541656250001 0.4507937488372093 0.624314584375 0.46031406279069764 0.64238125 0.46954687441860465 0.6543
8 0.465507811627907 0.680825 0.470125 0.675827084375 0.45714062558139534 0.65968125 0.445807811627907 0.642220834375 0.4401187488372093 0.649685415625 0.45194687441860465 0.666985415625 0.46175781162790697 0.678133334375 0.465507811627907 0.680825
2 0.4305 0.740070834375 0.40194531162790703 0.698008334375 0.395145311627907 0.70635 0.41554218837209306 0.735720834375 0.42451718837209307 0.7473229156250001 0.4305 0.740070834375
0 0.4582390627906977 0.691483334375 0.4343062511627907 0.6592104156249999 0.42886718837209303 0.6686395843749999 0.437570311627907 0.6806041656249999 0.4530718744186047 0.699822915625 0.4582390627906977 0.691483334375
0 0.6942921883720929 0.5678354156250001 0.692932811627907 0.5794374999999999 0.7244796883720931 0.5885041656250001 0.725295311627907 0.5787125 0.6942921883720929 0.5678354156250001
2 0.7187687488372093 0.649058334375 0.7209437488372092 0.6378166656250001 0.6787921883720931 0.62295 0.6782468744186047 0.635279165625 0.6923890627906977 0.63963125 0.7019078116279069 0.64253125 0.7187687488372093 0.649058334375
2 0.9401375 0.451439584375 0.9387765627906977 0.46413125 0.9822890627906977 0.46739375 0.981745311627907 0.457966665625 0.9401375 0.451439584375
0 0.9417687488372093 0.51271875 0.9401375 0.525047915625 0.9741312488372094 0.527585415625 0.9744031255813953 0.5156208343750001 0.9417687488372093 0.51271875