0 0.4364265627906977 0.6337625 0.4360312488372093 0.646660415625 0.46920937441860466 0.647725 0.46920937441860466 0.6365375 0.4364265627906977 0.6337625
0 0.4364265627906977 0.658345834375 0.43483281162790693 0.672233334375 0.46880937441860465 0.674895834375 0.4690093744186047 0.664772915625 0.4364265627906977 0.658345834375
0 0.5297687511627908 0.6725 0.528170311627907 0.6879500000000001 0.5613484372093024 0.688483334375 0.5615484372093023 0.6759625 0.5297687511627908 0.6725
0 0.6073000000000001 0.6343625 0.6084875000000001 0.644758334375 0.6418656255813954 0.6442249999999999 0.6404656255813953 0.634102084375 0.6073000000000001 0.6343625
0 0.6095484372093023 0.661341665625 0.6096859372093024 0.6732604156249999 0.6422656255813953 0.6727291656250001 0.6422656255813953 0.658877084375 0.6095484372093023 0.661341665625
0 0.6787968744186046 0.649952084375 0.6800406255813953 0.6647375 0.7136187511627907 0.660475 0.7124187488372092 0.6476875 0.6787968744186046 0.649952084375
0 0.680595311627907 0.6724354156250001 0.6810390627906976 0.6865812499999999 0.7138171883720931 0.68365 0.714017188372093 0.672195834375 0.680595311627907 0.6724354156250001
2 0.6752437488372093 0.703629165625 0.676642188372093 0.7177479156250001 0.7206140627906977 0.71828125 0.7182156255813953 0.6980354156249999 0.6752437488372093 0.703629165625
2 0.6030281255813954 0.5968895843750001 0.6026906255813954 0.613589584375 0.6466624999999999 0.61385625 0.6446640627906978 0.59760625 0.6030281255813954 0.5968895843750001
2 0.5669156255813953 0.703095834375 0.539932811627907 0.703895834375 0.5259093744186046 0.697016665625 0.524942188372093 0.721477084375 0.5499265627906977 0.720679165625 0.5663156255813954 0.719879165625 0.5669156255813953 0.703095834375
2 0.4344031255813953 0.595391665625 0.43161406279069764 0.6118958343750001 0.47678437441860466 0.616425 0.47458593720930237 0.600972915625 0.4344031255813953 0.595391665625
8 0.43401249999999997 0.680091665625 0.4338125 0.695008334375 0.46719062558139535 0.696872915625 0.4673906255813954 0.688347915625 0.43401249999999997 0.680091665625
0 0.529532811627907 0.649952084375 0.528170311627907 0.664241665625 0.5615484372093023 0.666372915625 0.5617484372093023 0.652520834375 0.529532811627907 0.649952084375
8 0.529045311627907 0.629904165625 0.529645311627907 0.64295625 0.5622234372093023 0.6456208343750001 0.561425 0.630702084375 0.529045311627907 0.629904165625
8 0.6099968744186046 0.682627084375 0.6105921883720931 0.6914395843750001 0.643570311627907 0.6957020843749999 0.643570311627907 0.680516665625 0.6099968744186046 0.682627084375
8 0.6780843744186046 0.628670834375 0.6784843744186047 0.6443875 0.7124609372093024 0.643320834375 0.7122609372093023 0.63026875 0.6780843744186046 0.628670834375
9 0.7154593744186046 0.606825 0.6738875 0.604960415625 0.6744859372093023 0.615083334375 0.6750859372093023 0.6153500000000001 0.7158593744186046 0.614285415625 0.7154593744186046 0.606825
9 0.60685 0.71110625 0.6074343744186046 0.7231875 0.6486062511627907 0.722120834375 0.646407811627907 0.7104 0.60685 0.71110625
9 0.5250109372093024 0.604685415625 0.5246968744186047 0.616829165625 0.5662687488372093 0.617629165625 0.565670311627907 0.605108334375 0.5250109372093024 0.604685415625
9 0.42810781162790695 0.7090062500000001 0.4287140627906977 0.722945834375 0.47088593720930233 0.72374375 0.4694859372093023 0.713089584375 0.42810781162790695 0.7090062500000001