9 0.45851562558139536 0.447052084375 0.438625 0.44871875 0.417357811627907 0.44788541562499995 0.4183125 0.45775 0.42749062558139533 0.456220834375 0.44425468837209303 0.45772291562499995 0.45713906279069766 0.46005624999999994 0.45851562558139536 0.447052084375
8 0.4215937511627907 0.48545833437499997 0.45363749999999997 0.485897915625 0.4532625 0.475727084375 0.4207359372093023 0.47556041562500007 0.4215937511627907 0.48545833437499997
3 0.4530734372093023 0.5239812500000001 0.432932811627907 0.523147915625 0.42004687441860467 0.522147915625 0.4199218744186047 0.533152084375 0.4531984372093023 0.535485415625 0.4530734372093023 0.5239812500000001
3 0.5797109372093023 0.40655416562499996 0.5629484372093023 0.41055624999999996 0.56545 0.42456041562499997 0.5848406255813954 0.419558334375 0.5963499999999999 0.41405624999999996 0.5935968744186046 0.40072083437500006 0.5797109372093023 0.40655416562499996
8 0.553542188372093 0.368354165625 0.5553437511627907 0.378791665625 0.562675 0.37535625 0.5865687488372093 0.3671875 0.584692188372093 0.355685415625 0.553542188372093 0.368354165625
9 0.5821906255813953 0.328010415625 0.568304688372093 0.33134375 0.5452859372093023 0.34251458437500004 0.5456562511627907 0.353166665625 0.556795311627907 0.34885 0.5758093744186046 0.340679165625 0.584192188372093 0.3390125 0.5821906255813953 0.328010415625
3 0.780695311627907 0.20691666562500002 0.7746218744186046 0.198397915625 0.7594390627906977 0.22076250000000003 0.7522468744186047 0.233327084375 0.758 0.24014375000000002 0.774142188372093 0.21714166562499998 0.780695311627907 0.20691666562500002
8 0.8029093744186047 0.24078125 0.797795311627907 0.23290208437499998 0.7752609372093023 0.26783125 0.780854688372093 0.274220834375 0.7945984372093023 0.255691665625 0.8029093744186047 0.24078125
9 0.8197156255813953 0.256329165625 0.8139625 0.248875 0.8048531255813953 0.26442291562500003 0.787432811627907 0.289129165625 0.7906281255813954 0.298075 0.8123640627906977 0.267404165625 0.8197156255813953 0.256329165625
2 0.45621406279069765 0.55970625 0.4155312511627907 0.55970625 0.4155312511627907 0.5707333343750001 0.431625 0.571925 0.45554218837209304 0.571627084375 0.45621406279069765 0.55970625
0 0.42179062558139535 0.49860833437499996 0.42134375116279066 0.51023125 0.45174218837209307 0.51023125 0.4528609372093023 0.4998 0.42179062558139535 0.49860833437499996
0 0.5892109372093023 0.37820416562500003 0.571775 0.387739584375 0.559704688372093 0.391316665625 0.5621640627906976 0.40145 0.5827281255813953 0.393702084375 0.5921156255813954 0.3883375 0.5892109372093023 0.37820416562500003
2 0.6055281255813953 0.43453125000000004 0.5854109372093023 0.443175 0.5655171883720931 0.450922915625 0.5690937511627907 0.462247915625 0.594575 0.45271249999999996 0.6073156255813953 0.44526041562499996 0.6055281255813953 0.43453125000000004
2 0.7356187488372092 0.21696875000000002 0.745454688372093 0.20355625000000002 0.7662421883720931 0.1761375 0.7597593744186046 0.16749375 0.7481359372093023 0.183885415625 0.7286890627906977 0.2101125 0.7356187488372092 0.21696875000000002
0 0.7693718744186047 0.257202084375 0.7803234372093024 0.23991666562499997 0.7912765627906977 0.222033334375 0.7843468744186046 0.21428541562499998 0.7774187488372093 0.230379165625 0.7633359372093023 0.249752084375 0.7693718744186047 0.257202084375