9 0.5266781255813954 0.72384375 0.5248468744186047 0.7143604156250001 0.501670311627907 0.732783334375 0.49064687441860466 0.741885415625 0.49272499999999997 0.751479165625 0.5035 0.744164584375 0.5266781255813954 0.72384375
8 0.514804688372093 0.700027084375 0.510475 0.689739584375 0.49465937441860464 0.7062999999999999 0.48327968837209306 0.714291665625 0.48731718837209304 0.7246166656249999 0.5082156255813953 0.7075541656250001 0.514804688372093 0.700027084375
3 0.4712875 0.685133334375 0.49917812558139535 0.662141665625 0.49541250000000003 0.651854165625 0.46792500000000004 0.674435415625 0.4712875 0.685133334375
9 0.6538234372093022 0.637079165625 0.6540109372093023 0.62704375 0.6319843744186047 0.6325624999999999 0.6154343744186046 0.6334 0.6140984372093022 0.643352084375 0.6348078116279069 0.641845834375 0.6538234372093022 0.637079165625
8 0.6474218744186047 0.612741665625 0.6466687511627908 0.5996958343750001 0.6282187511627908 0.604964584375 0.6161406255813954 0.605808334375 0.616357811627907 0.61675625 0.6323609372093024 0.61525 0.6474218744186047 0.612741665625
3 0.625017188372093 0.55779375 0.6112734372093023 0.558045834375 0.611907811627907 0.5697520843749999 0.6285953116279069 0.569085415625 0.6442218744186046 0.565320834375 0.643279688372093 0.553027084375 0.625017188372093 0.55779375
3 0.7217359372093023 0.5694625 0.727195311627907 0.566704165625 0.7253124999999999 0.5554125 0.7010265627906976 0.563191665625 0.6953859372093024 0.564422915625 0.6980140627906977 0.577241665625 0.717970311627907 0.57448125 0.7217359372093023 0.5694625
8 0.7343500000000001 0.6111125000000001 0.732279688372093 0.5995708343749999 0.7187234372093023 0.606595834375 0.7024406255813953 0.609570834375 0.7036625000000001 0.62165 0.7296437488372093 0.617385415625 0.7343500000000001 0.6111125000000001
9 0.742445311627907 0.639714584375 0.7422578116279069 0.62691875 0.7339734372093024 0.630683334375 0.7164640627906976 0.637458334375 0.7046031255813954 0.639714584375 0.704979688372093 0.65100625 0.7275718744186047 0.6462395843750001 0.742445311627907 0.639714584375
2 0.48739531162790695 0.618091665625 0.48474687441860465 0.616916665625 0.46709843720930233 0.633779165625 0.4509218744186047 0.6467229156250001 0.4541562511627907 0.654172915625 0.47357031162790697 0.6412312499999999 0.48974843720930233 0.6255437500000001 0.48739531162790695 0.618091665625
2 0.6444671883720929 0.5173 0.6194656255813954 0.5204375 0.6035812511627907 0.5239666656249999 0.6041703116279069 0.53455625 0.626525 0.5318104156250001 0.6459375 0.527495834375 0.6444671883720929 0.5173
2 0.7244734372093022 0.519260415625 0.7009421883720931 0.5298499999999999 0.6841765627906977 0.53141875 0.6862359372093023 0.5435770843750001 0.7021187511627908 0.54083125 0.726532811627907 0.5298499999999999 0.7244734372093022 0.519260415625
0 0.729475 0.578872915625 0.7168265627906978 0.583579165625 0.7000609372093024 0.587502084375 0.7012375000000001 0.600835415625 0.7165328116279069 0.596914584375 0.730945311627907 0.590245834375 0.729475 0.578872915625
0 0.6447609372093024 0.576127084375 0.6291718744186047 0.578872915625 0.6138765627906977 0.58161875 0.6150531255813954 0.594560415625 0.6353484372093023 0.59103125 0.64535 0.58789375 0.6447609372093024 0.576127084375
0 0.5029843744186047 0.67143125 0.49474843720930234 0.67888125 0.47533437441860465 0.69339375 0.4788640627906977 0.7024125 0.48974843720930233 0.695354165625 0.506807811627907 0.68045 0.5029843744186047 0.67143125