9 0.388267188372093 0.802495834375 0.38854218837209303 0.791514584375 0.34776718837209303 0.79005 0.348179688372093 0.800116665625 0.355729688372093 0.803227084375 0.37453906279069765 0.803958334375 0.388267188372093 0.802495834375
9 0.4993312488372093 0.718120834375 0.5015281255813954 0.705491665625 0.458132811627907 0.701925 0.45773437441860465 0.715010415625 0.471325 0.717389584375 0.484229688372093 0.716839584375 0.4993312488372093 0.718120834375
9 0.6190375 0.724258334375 0.5772484372093023 0.7298458343750001 0.5771656255813954 0.7409125000000001 0.5973468744186046 0.7425604156250001 0.6195875 0.737252084375 0.6190375 0.724258334375
9 0.7391656255813954 0.84146875 0.7373140627906977 0.83046875 0.697432811627907 0.8299916656249999 0.6970718744186046 0.8416937499999999 0.7056593744186047 0.84146875 0.7201390627906977 0.842814584375 0.7391656255813954 0.84146875
8 0.7347859372093023 0.812729165625 0.7331031255813955 0.8041979156249999 0.7001015627906977 0.801954165625 0.7004390627906977 0.8174416656249999 0.7112140627906977 0.8183395843750001 0.733607811627907 0.8183395843750001 0.7347859372093023 0.812729165625
8 0.6138875 0.7530187500000001 0.5814453116279069 0.754210415625 0.5817281255813953 0.767833334375 0.5899781255813954 0.769179165625 0.6143921883720931 0.7673833343750001 0.6138875 0.7530187500000001
8 0.4619406255813953 0.730827084375 0.4619406255813953 0.7423895843749999 0.4956 0.744041665625 0.496425 0.7357812499999999 0.4619406255813953 0.730827084375
8 0.38749218837209304 0.7646437500000001 0.3527187488372093 0.759935415625 0.35148281162790695 0.7759375000000001 0.362779688372093 0.777585415625 0.3862562511627907 0.7782916656250001 0.38749218837209304 0.7646437500000001
0 0.38660937441860466 0.747935415625 0.3536015627906977 0.743935415625 0.3536015627906977 0.75781875 0.367545311627907 0.759466665625 0.3867859372093023 0.7587604156250001 0.38660937441860466 0.747935415625
0 0.3548984372093023 0.71683125 0.3541312511627907 0.7342854156249999 0.38696250000000004 0.734520834375 0.3873156255813953 0.7246374999999999 0.3548984372093023 0.71683125
0 0.46049843720930234 0.753764584375 0.46049843720930234 0.76411875 0.49456562558139533 0.767883334375 0.49456562558139533 0.759177084375 0.46049843720930234 0.753764584375
0 0.49385937441860467 0.78294375 0.45961562558139535 0.779414584375 0.458379688372093 0.793297915625 0.4696781255813953 0.79376875 0.49297812558139537 0.795652084375 0.49385937441860467 0.78294375
0 0.6155484372093024 0.7874770843750001 0.6156999999999999 0.774402084375 0.582504688372093 0.77741875 0.5814484372093023 0.7917 0.5879375 0.7917 0.6098156255813952 0.791297915625 0.6155484372093024 0.7874770843750001
0 0.6153625 0.80256875 0.5818671883720931 0.802970834375 0.5821687511627907 0.8160458343749999 0.5998218744186047 0.816447915625 0.6149109372093023 0.815441665625 0.6153625 0.80256875
0 0.7008562488372092 0.762685415625 0.7014609372093022 0.7739499999999999 0.734504688372093 0.77475625 0.7339015627906977 0.761077084375 0.7008562488372092 0.762685415625
0 0.7342031255813953 0.785214584375 0.7016109372093023 0.783808334375 0.701157811627907 0.796279165625 0.7123234372093024 0.7978875000000001 0.7348062511627906 0.796279165625 0.7342031255813953 0.785214584375
2 0.738125 0.72708125 0.6957265627906977 0.726479165625 0.6973859372093023 0.74639375 0.717604688372093 0.748002084375 0.7388796883720931 0.7453875 0.738125 0.72708125
2 0.6209515627906976 0.850235415625 0.6207937488372093 0.8350520843749999 0.605132811627907 0.840114584375 0.579282811627907 0.839089584375 0.5801406255813953 0.852766665625 0.5897890627906976 0.853820834375 0.6018109372093023 0.8529770843750001 0.6209515627906976 0.850235415625
2 0.4972359372093023 0.81599375 0.4553234372093023 0.8119041656249999 0.455892188372093 0.8267395843750001 0.47266406279069767 0.8300333343749999 0.4965859372093023 0.829860415625 0.4972359372093023 0.81599375
2 0.35197968837209304 0.685327084375 0.3535687488372093 0.7047375 0.39267031162790694 0.707275 0.3928437488372093 0.6885895843750001 0.35197968837209304 0.685327084375