3 0.11503125116279068 0.3585625 0.1040937511627907 0.359627084375 0.09715781162790697 0.364247915625 0.0895 0.36848541562500003 0.09262343720930231 0.381308334375 0.1259687511627907 0.37135625 0.12329999999999999 0.35820625 0.11503125116279068 0.3585625
8 0.0983 0.41424583437500007 0.09982656279069767 0.42786875 0.13530468837209303 0.415072915625 0.13210312558139534 0.40334375 0.0983 0.41424583437500007
9 0.14277343720930233 0.442441665625 0.1409062511627907 0.43177916562499996 0.12490156279069768 0.43746458437499997 0.10889531162790698 0.44279583437500003 0.09712656279069769 0.4443625 0.09982656279069767 0.45807916562499995 0.1201 0.451327084375 0.13877187441860464 0.44421875 0.14277343720930233 0.442441665625
9 0.37065937441860464 0.718195834375 0.37482499999999996 0.7106 0.3570656255813953 0.6974541656250001 0.3395 0.679954165625 0.33535937441860464 0.6881062499999999 0.34347187441860466 0.6974541656250001 0.3570656255813953 0.70943125 0.37065937441860464 0.718195834375
9 0.4680093744186047 0.746239584375 0.445645311627907 0.731925 0.430879688372093 0.719495834375 0.4274468744186046 0.72988125 0.44345156279069764 0.741566665625 0.46384218837209307 0.755295834375 0.4680093744186047 0.746239584375
8 0.38227968837209303 0.68255625 0.36956406279069764 0.67466875 0.353725 0.658416665625 0.349392188372093 0.6661958343750001 0.3610125 0.67788125 0.3774562488372093 0.69044375 0.38227968837209303 0.68255625
8 0.473270311627907 0.716441665625 0.4448625 0.696029165625 0.4406015627906977 0.70621875 0.4555109372093023 0.71731875 0.46866718837209304 0.726375 0.473270311627907 0.716441665625
3 0.4859875 0.673791665625 0.457882811627907 0.6519874999999999 0.4539765627906977 0.665027084375 0.473270311627907 0.678758334375 0.48269843720930233 0.684891665625 0.4859875 0.673791665625
3 0.3934625 0.6512979156250001 0.3978468744186046 0.64195 0.3785531255813953 0.62500625 0.3713265627906977 0.616945834375 0.3658359372093023 0.627927084375 0.373729688372093 0.6349375 0.38293750000000004 0.643116665625 0.3934625 0.6512979156250001
0 0.09575 0.394041665625 0.09719062558139535 0.40364166562500003 0.1313875 0.391641665625 0.1277875 0.384922915625 0.09575 0.394041665625
2 0.0799125 0.335008334375 0.08099218837209303 0.344127084375 0.12130781162790698 0.3330875 0.12022812558139534 0.32396875 0.0799125 0.335008334375
2 0.4121593744186047 0.6129 0.3830031255813953 0.584104165625 0.3772437488372093 0.590822915625 0.3851625 0.602341665625 0.41000000000000003 0.6205791656249999 0.4121593744186047 0.6129
2 0.4985515627906977 0.6455375 0.4812734372093023 0.63401875 0.4672343744186046 0.622020834375 0.46435468837209304 0.6292187499999999 0.47731406279069766 0.642177084375 0.49819218837209306 0.653216665625 0.4985515627906977 0.6455375
0 0.4517562511627907 0.676735415625 0.44887656279069765 0.684414584375 0.47731406279069766 0.7069708343750001 0.47767343720930233 0.697372915625 0.4517562511627907 0.676735415625
0 0.36284531162790695 0.639777084375 0.35924531162790696 0.6479375 0.388042188372093 0.670495834375 0.3887625 0.660895834375 0.36284531162790695 0.639777084375