9 0.18696562558139534 0.724108334375 0.19745468837209304 0.7140833343749999 0.20338437441860466 0.705577084375 0.19903406511627908 0.697108359375 0.18970312558139535 0.709829165625 0.17670468837209305 0.722589584375 0.16325156279069766 0.73079375 0.16895312558139536 0.7396041656250001 0.17419687441860465 0.735958334375 0.18696562558139534 0.724108334375
8 0.18514218837209304 0.6754979156250001 0.1748812488372093 0.6870437500000001 0.16712812558139534 0.695854165625 0.15574062558139534 0.703141665625 0.1607437511627907 0.712564584375 0.1739687488372093 0.702233334375 0.18993124883720933 0.6846125 0.18514218837209304 0.6754979156250001
3 0.16530468837209303 0.6347875000000001 0.15162187441860464 0.649066665625 0.14546562558139534 0.655445834375 0.13718593720930233 0.6630208343749999 0.14250156279069767 0.674283334375 0.15549843720930231 0.6627375 0.171004688372093 0.64633125 0.16530468837209303 0.6347875000000001
3 0.5419859372093023 0.64399375 0.5296718744186046 0.63214375 0.5150640627906976 0.620227084375 0.511429688372093 0.6297125 0.5246562488372093 0.64065 0.5383375 0.652195834375 0.5419859372093023 0.64399375
3 0.6993218744186047 0.698072915625 0.6915703116279069 0.695641665625 0.6831328116279071 0.690477084375 0.674695311627907 0.687741665625 0.6682718744186046 0.685420834375 0.6667156255813954 0.697160415625 0.6819921883720931 0.7032375 0.697270311627907 0.710225 0.6993218744186047 0.698072915625
8 0.6908859372093024 0.741822915625 0.677204688372093 0.736960415625 0.6604984372093022 0.7302208343750001 0.6582781255813953 0.7409104156249999 0.6724156255813953 0.7472916656249999 0.688604688372093 0.753670834375 0.6908859372093024 0.741822915625
8 0.527392188372093 0.683185415625 0.5118859372093023 0.673766665625 0.505729688372093 0.667083334375 0.4995734372093023 0.6600958343750001 0.49432812558139533 0.669210415625 0.510975 0.682577084375 0.5237437511627907 0.6913875 0.527392188372093 0.683185415625
9 0.6883765627906976 0.7834458343749999 0.6890609372093023 0.772204165625 0.6724156255813953 0.767039584375 0.661242188372093 0.76248125 0.6504687511627908 0.7549625 0.6491562488372092 0.767039584375 0.6603296883720929 0.772204165625 0.6758359372093022 0.779191665625 0.6883765627906976 0.7834458343749999
9 0.5113171883720931 0.71495625 0.5174734372093023 0.71799375 0.5197531255813953 0.7094875 0.5074406255813954 0.700677084375 0.49672343720930234 0.6927770843750001 0.48547500000000005 0.6830812500000001 0.482357811627907 0.6915625000000001 0.4926187511627907 0.700677084375 0.503792188372093 0.708575 0.5113171883720931 0.71495625
0 0.18187222558139535 0.666132328125 0.1764062488372093 0.655875 0.14620156279069768 0.684641665625 0.150007811627907 0.69445625 0.18187222558139535 0.666132328125
2 0.11929687441860466 0.634554165625 0.12259531162790697 0.6450458343750001 0.1619375 0.6145875000000001 0.15635468837209304 0.602741665625 0.11929687441860466 0.634554165625
0 0.5078968744186046 0.640645834375 0.5033281255813954 0.651475 0.5309953116279069 0.672795834375 0.5370859372093023 0.661629165625 0.5078968744186046 0.640645834375
0 0.6642515627906976 0.706977084375 0.6617125 0.720854165625 0.6919171883720929 0.733714584375 0.6949640627906977 0.719160415625 0.6642515627906976 0.706977084375
2 0.5251562511627906 0.585820834375 0.5195734372093023 0.595972915625 0.5561234372093024 0.625754165625 0.559929688372093 0.614247915625 0.5251562511627906 0.585820834375
2 0.6705968744186046 0.64876875 0.668820311627907 0.6609520843750001 0.7081625 0.677872915625 0.7094312488372093 0.665689584375 0.6705968744186046 0.64876875