9 0.33712187441860464 0.8399645843749999 0.3150062488372093 0.85820625 0.299975 0.8667979156250001 0.30377343720930233 0.87738125 0.32623906279069764 0.861479165625 0.340982811627907 0.8479166656249999 0.33712187441860464 0.8399645843749999
9 0.536157811627907 0.741277084375 0.5091281255813953 0.733327084375 0.496070311627907 0.727833334375 0.49543750000000003 0.73940625 0.518604688372093 0.747358334375 0.5354546883720931 0.752035415625 0.536157811627907 0.741277084375
9 0.6576140627906977 0.782904165625 0.6569125 0.7721458343750001 0.6365531255813954 0.774952084375 0.616507811627907 0.7731250000000001 0.6165437488372093 0.78430625 0.6340953116279069 0.784775 0.6477859372093023 0.786177084375 0.6576140627906977 0.782904165625
8 0.3290484372093023 0.8273375 0.3251859372093023 0.816110415625 0.3150062488372093 0.825466665625 0.30517812558139534 0.8315458343750001 0.294570311627907 0.8369479156249999 0.2981562511627907 0.84698125 0.3072843744186047 0.842304165625 0.32202656279069763 0.8334166656249999 0.3290484372093023 0.8273375
8 0.5372109372093022 0.7108770843750001 0.518604688372093 0.705264584375 0.506107811627907 0.701583334375 0.5045640627906977 0.713683334375 0.5231687488372093 0.718827084375 0.535104688372093 0.723504165625 0.5372109372093022 0.7108770843750001
8 0.6537531255813953 0.75624375 0.6530515627906976 0.7450187500000001 0.6365531255813954 0.746422915625 0.6211406255813953 0.7448187500000001 0.6218093744186047 0.7567125 0.6312875 0.7567125 0.6432218744186046 0.757647915625 0.6537531255813953 0.75624375
3 0.544932811627907 0.66644375 0.512670311627907 0.657320834375 0.5115843744186046 0.66925 0.5280828116279069 0.673458334375 0.542475 0.678135415625 0.544932811627907 0.66644375
3 0.6527000000000001 0.7094729156249999 0.6530515627906976 0.69778125 0.6376062488372093 0.698716665625 0.6203687488372093 0.697466665625 0.6214578116279069 0.7118125 0.6319890627906977 0.712747915625 0.6425203116279069 0.713214584375 0.6527000000000001 0.7094729156249999
3 0.2995609372093023 0.782904165625 0.29043437441860465 0.78991875 0.27990156279069767 0.797316665625 0.284817188372093 0.809095834375 0.3150062488372093 0.786177084375 0.30939062558139535 0.7730812499999999 0.2995609372093023 0.782904165625
0 0.2892234372093023 0.8155958343749999 0.2887687511627907 0.82835 0.320195311627907 0.8064875 0.31837343720930233 0.794947915625 0.2892234372093023 0.8155958343749999
0 0.5096718744186046 0.677739584375 0.50785 0.688670834375 0.5392781255813953 0.700210415625 0.5392781255813953 0.6910999999999999 0.5096718744186046 0.677739584375
0 0.6526890627906977 0.725110415625 0.6372031255813954 0.72693125 0.6221734372093024 0.720858334375 0.6221734372093024 0.7336125 0.6426687488372093 0.7354333343749999 0.653145311627907 0.730575 0.6526890627906977 0.725110415625
2 0.6554218744186047 0.6649875 0.638570311627907 0.666808334375 0.6162515627906977 0.662558334375 0.6162515627906977 0.6734895843750001 0.6349265627906976 0.6734895843750001 0.6558781255813954 0.671060415625 0.6554218744186047 0.6649875
2 0.554307811627907 0.634622915625 0.537 0.6303708343750001 0.5169593744186046 0.62186875 0.5155921883720931 0.630979165625 0.528345311627907 0.6370520843749999 0.5524859372093023 0.641302084375 0.554307811627907 0.634622915625
2 0.30379843720930233 0.743329165625 0.2819359372093023 0.756689584375 0.26644999999999996 0.7670125 0.2682718744186046 0.776729165625 0.2846687488372093 0.7633687499999999 0.3051656255813953 0.7518312500000001 0.30379843720930233 0.743329165625