2 0.347207811627907 0.7667375 0.32032812558139534 0.763752084375 0.3222484372093023 0.77783125 0.35744843720930236 0.778258334375 0.36224843720930233 0.765458334375 0.347207811627907 0.7667375
2 0.32768749999999996 0.687377084375 0.32768749999999996 0.70145625 0.3596890627906976 0.701883334375 0.3590484372093023 0.687377084375 0.32768749999999996 0.687377084375
2 0.3929687488372093 0.576866665625 0.3920093744186047 0.589241665625 0.43201093720930234 0.587108334375 0.43201093720930234 0.5730270843749999 0.3929687488372093 0.576866665625
2 0.39808906279069767 0.652816665625 0.3984093744186047 0.66646875 0.43041093720930235 0.663483334375 0.42945 0.649402084375 0.39808906279069767 0.652816665625
2 0.5145718744186046 0.699322915625 0.484492188372093 0.7006041656249999 0.484492188372093 0.7138312499999999 0.4982515627906977 0.7116979156250001 0.5152125 0.7099895843749999 0.5145718744186046 0.699322915625
2 0.47841093720930233 0.775272915625 0.47969218837209304 0.7927666656250001 0.5190531255813954 0.78721875 0.518732811627907 0.773139584375 0.47841093720930233 0.775272915625
2 0.5638531255813953 0.67884375 0.5635328116279069 0.694629165625 0.5936140627906977 0.689510415625 0.594254688372093 0.6801229156249999 0.5638531255813953 0.67884375
2 0.5836937511627908 0.6011875 0.5603328116279069 0.60246875 0.5593734372093023 0.616120834375 0.5984140627906976 0.6135604156250001 0.6000140627906977 0.600760415625 0.5836937511627908 0.6011875
0 0.3270484372093023 0.7112708343749999 0.32672812558139536 0.722791665625 0.3590484372093023 0.72364375 0.3590484372093023 0.7112708343749999 0.3270484372093023 0.7112708343749999
0 0.3580890627906977 0.7304708343749999 0.3452890627906977 0.732604165625 0.32640781162790694 0.73004375 0.3260875 0.74241875 0.3452890627906977 0.744552084375 0.35712812558139534 0.741991665625 0.3580890627906977 0.7304708343749999
0 0.397770311627907 0.630629165625 0.39745 0.6417229156250001 0.42945 0.639589584375 0.428170311627907 0.627214584375 0.397770311627907 0.630629165625
0 0.39745 0.609720834375 0.39617031162790695 0.6203875 0.4272109372093023 0.621241665625 0.4272109372093023 0.610147915625 0.39745 0.609720834375
0 0.4851312488372093 0.7219375 0.4832109372093023 0.73601875 0.5142531255813954 0.732604165625 0.5139328116279069 0.7232166656250001 0.4851312488372093 0.7219375
0 0.48481093720930235 0.744977084375 0.4854515627906977 0.753085415625 0.514892188372093 0.753085415625 0.514892188372093 0.747110415625 0.48481093720930235 0.744977084375
0 0.594575 0.655802084375 0.5622531255813954 0.655375 0.5625734372093023 0.668177084375 0.5776140627906976 0.6698833343749999 0.5936140627906977 0.665616665625 0.594575 0.655802084375
0 0.5632140627906977 0.63745625 0.561932811627907 0.64855 0.5948937511627908 0.6455625 0.5939343744186046 0.636602084375 0.5632140627906977 0.63745625
4 0.48129218837209303 0.673295834375 0.4809718744186046 0.6818291656250001 0.518732811627907 0.6801229156249999 0.518732811627907 0.670310415625 0.48129218837209303 0.673295834375
4 0.4208093744186046 0.6839625 0.41185 0.682683334375 0.39585 0.6852437499999999 0.39456874883720927 0.695483334375 0.43232968837209307 0.693777084375 0.432970311627907 0.685670834375 0.4208093744186046 0.6839625
4 0.3625687488372093 0.6698833343749999 0.3644890627906977 0.6566562499999999 0.352007811627907 0.6609229156249999 0.3356875 0.661775 0.32384843720930234 0.657935415625 0.32448750000000004 0.669029165625 0.33920781162790703 0.6698833343749999 0.35328906279069766 0.6711625 0.3625687488372093 0.6698833343749999
4 0.5820937511627907 0.7112708343749999 0.5584140627906976 0.7116979156250001 0.558732811627907 0.722364584375 0.5968140627906976 0.71895 0.5974546883720929 0.709564584375 0.5820937511627907 0.7112708343749999