0 0.32051406279069766 0.891652084375 0.3203093744186047 0.9041229156249999 0.35157343720930234 0.9041229156249999 0.352942188372093 0.8903166656250001 0.32051406279069766 0.891652084375
0 0.42257187441860466 0.807925 0.39014375116279065 0.8093625 0.3892 0.8228125000000001 0.407957811627907 0.821339584375 0.42397812558139536 0.8199249999999999 0.42257187441860466 0.807925
0 0.39084687441860466 0.7895916656249999 0.39025781162790696 0.804520834375 0.42255312558139535 0.801827084375 0.42444843720930236 0.789354165625 0.39084687441860466 0.7895916656249999
0 0.4763 0.924091665625 0.4763281255813953 0.933841665625 0.5085812511627907 0.9361708343749999 0.510332811627907 0.9258 0.4763 0.924091665625
2 0.5544531255813954 0.8566520843750001 0.5547734372093024 0.86964375 0.589229688372093 0.870660415625 0.5882468744186047 0.858047915625 0.5544531255813954 0.8566520843750001
2 0.4705515627906977 0.956570834375 0.4714109372093023 0.9703687499999999 0.5143265627906977 0.970735415625 0.5146062488372093 0.9584020843750001 0.4705515627906977 0.956570834375
2 0.47458593720930237 0.879210415625 0.47497656279069767 0.8904125 0.5083031255813953 0.8920999999999999 0.5092562488372093 0.879152084375 0.47458593720930237 0.879210415625
2 0.5511468744186047 0.779270834375 0.5503968744186046 0.794408334375 0.5915515627906976 0.793408334375 0.5926640627906977 0.779689584375 0.5511468744186047 0.779270834375
2 0.391242188372093 0.8335062499999999 0.391620311627907 0.84761875 0.4241890627906977 0.843597915625 0.42390781162790697 0.8308500000000001 0.391242188372093 0.8335062499999999
2 0.3838375 0.756685415625 0.3850890627906977 0.770445834375 0.42655781162790696 0.7688958343750001 0.4257140627906977 0.752022915625 0.3838375 0.756685415625
2 0.32011093720930234 0.8667999999999999 0.31845 0.879827084375 0.3534468744186047 0.8806749999999999 0.3539812511627907 0.8686729156249999 0.32011093720930234 0.8667999999999999
4 0.386579688372093 0.8645687499999999 0.38562031162790694 0.876766665625 0.42857656279069767 0.874208334375 0.428854688372093 0.86011875 0.386579688372093 0.8645687499999999
0 0.3178812488372093 0.910927084375 0.3186625 0.922127084375 0.35207656279069766 0.9223874999999999 0.3509031255813953 0.9111874999999999 0.3178812488372093 0.910927084375
4 0.31744062558139535 0.837954165625 0.3166484372093023 0.853441665625 0.3602234372093023 0.8521395843749999 0.36062343720930234 0.838377084375 0.31744062558139535 0.837954165625
2 0.31296562558139535 0.944770834375 0.313542188372093 0.961854165625 0.35555312558139535 0.956645834375 0.3561390627906976 0.9433604156250001 0.31296562558139535 0.944770834375
0 0.47499218837209306 0.9006604156250001 0.474292188372093 0.912804165625 0.509075 0.9138458343750001 0.508682811627907 0.900820834375 0.47499218837209306 0.9006604156250001
0 0.5557078116279071 0.8146645843749999 0.5556375 0.82714375 0.5874875 0.82805625 0.5877656255813953 0.815079165625 0.5557078116279071 0.8146645843749999
4 0.47261718837209304 0.849954165625 0.47219062558139535 0.8631270843750001 0.5155734372093023 0.86315625 0.5136109372093023 0.8508208343750001 0.47261718837209304 0.849954165625
0 0.5874437488372093 0.83545625 0.5546156255813954 0.8346750000000001 0.554029688372093 0.8484812500000001 0.5749031255813953 0.846697915625 0.5876390627906977 0.8497833343750001 0.5874437488372093 0.83545625
4 0.592045311627907 0.887052084375 0.549554688372093 0.8882125000000001 0.550532811627907 0.9025395843749999 0.5696812511627907 0.902279165625 0.5900984372093023 0.898175 0.592045311627907 0.887052084375