0 0.30377656279069765 0.8816645843750001 0.30357187441860467 0.894135415625 0.3348359372093023 0.894135415625 0.336204688372093 0.880329165625 0.30377656279069765 0.8816645843750001
0 0.403420311627907 0.743452084375 0.40247656279069766 0.756902084375 0.437254688372093 0.754014584375 0.43584843720930233 0.742014584375 0.403420311627907 0.743452084375
0 0.4038218744186047 0.761279165625 0.4036265627906977 0.777429165625 0.43625781162790694 0.776127084375 0.43781718837209305 0.7622625000000001 0.4038218744186047 0.761279165625
0 0.5107875 0.859685415625 0.5102015627906977 0.873491665625 0.5438109372093024 0.87479375 0.5436156255813953 0.860466665625 0.5107875 0.859685415625
0 0.6015750000000001 0.718045834375 0.6016031255813954 0.727795834375 0.6348218744186047 0.72961875 0.6356031255813954 0.718677084375 0.6015750000000001 0.718045834375
0 0.6009390627906976 0.7384375000000001 0.6008687488372093 0.7509166656249999 0.6348687488372093 0.752479165625 0.6344781255813954 0.7402354156250001 0.6009390627906976 0.7384375000000001
2 0.5998140627906977 0.7609625 0.6001343744186046 0.773954165625 0.6339390627906977 0.774214584375 0.6333531255813953 0.76145 0.5998140627906977 0.7609625
2 0.5988281255813954 0.68389375 0.5996875 0.6976916656250001 0.6405265627906976 0.698733334375 0.6405265627906976 0.680758334375 0.5988281255813954 0.68389375
2 0.5088343744186047 0.8299770843750001 0.5092249999999999 0.841179165625 0.5498687488372093 0.842741665625 0.5512359372093023 0.82945625 0.5088343744186047 0.8299770843750001
2 0.5090781255813953 0.9031812499999999 0.5083281255813954 0.9183187500000001 0.5423281255813954 0.917797915625 0.5435 0.9045125 0.5090781255813953 0.9031812499999999
2 0.4021984372093023 0.721027084375 0.4025765627906977 0.7351395843749999 0.435145311627907 0.73111875 0.43486406279069767 0.718370834375 0.4021984372093023 0.721027084375
2 0.40093281162790695 0.7976708343750001 0.40218437441860466 0.81143125 0.44365312558139536 0.8098812499999999 0.44280937441860463 0.793008334375 0.40093281162790695 0.7976708343750001
2 0.3048265627906977 0.8564458343749999 0.30403437441860465 0.8732916656249999 0.33822812558139537 0.872770834375 0.3378375 0.858964584375 0.3048265627906977 0.8564458343749999
4 0.3966125 0.689070834375 0.396025 0.703139584375 0.439645311627907 0.705245834375 0.4388015627906977 0.690622915625 0.3966125 0.689070834375
4 0.5465234372093023 0.935154165625 0.5022640627906977 0.9351645843749999 0.503242188372093 0.949491665625 0.5223906255813954 0.9492312500000001 0.5450578116279069 0.947929165625 0.5465234372093023 0.935154165625
4 0.5962609372093023 0.791758334375 0.5958343744186047 0.8049312499999999 0.6382374999999999 0.8036291656250001 0.6363390627906976 0.78896875 0.5962609372093023 0.791758334375
0 0.30317500000000003 0.9035062500000001 0.3039562511627907 0.91470625 0.337370311627907 0.914966665625 0.3361968744186047 0.903766665625 0.30317500000000003 0.9035062500000001
4 0.29917031162790697 0.828108334375 0.29837812558139537 0.8435958343750001 0.34195312558139535 0.84229375 0.341367188372093 0.83005 0.29917031162790697 0.828108334375
2 0.2995562511627907 0.935920834375 0.30013281162790695 0.9530041656250001 0.3421437511627907 0.947795834375 0.342729688372093 0.934510415625 0.2995562511627907 0.935920834375
0 0.5104484372093023 0.8827604156250001 0.5097484372093023 0.894904165625 0.5445312511627907 0.8959458343750001 0.5441390627906977 0.882920834375 0.5104484372093023 0.8827604156250001