2 0.38272968837209304 0.934525 0.37008281162790696 0.9376312499999999 0.3411281255813953 0.9385187500000001 0.34312499999999996 0.95360625 0.35743593720930233 0.9527187500000001 0.3817312488372093 0.94650625 0.38272968837209304 0.934525
2 0.345454688372093 0.8595312500000001 0.345454688372093 0.8706250000000001 0.375075 0.8706250000000001 0.37540781162790693 0.8608625 0.345454688372093 0.8595312500000001
2 0.4619375 0.8688499999999999 0.448625 0.8706250000000001 0.42998749999999997 0.8706250000000001 0.42932187441860464 0.8795 0.4386406255813953 0.884825 0.46227031162790694 0.8821625 0.4619375 0.8688499999999999
2 0.46360156279069764 0.94473125 0.4472937488372093 0.94739375 0.4259937511627907 0.9442875000000001 0.426992188372093 0.959375 0.45062187441860463 0.9624812500000001 0.46360156279069764 0.95715625 0.46360156279069764 0.94473125
2 0.5557890627906976 0.923875 0.5391484372093024 0.9269812500000001 0.5235062488372093 0.9247624999999999 0.5238390627906977 0.9385187500000001 0.5501312511627907 0.9376312499999999 0.5567875 0.9327500000000001 0.5557890627906976 0.923875
2 0.559117188372093 0.845333334375 0.5408125 0.850214584375 0.529829688372093 0.850658334375 0.5198468744186047 0.8484395843750001 0.5195140627906977 0.8613062499999999 0.5371515627906976 0.86175 0.5581187511627906 0.8590875 0.559117188372093 0.845333334375
2 0.6446484372093023 0.8289145843749999 0.6273437488372093 0.8284708343749999 0.6060437511627907 0.8289145843749999 0.6053781255813954 0.842670834375 0.6226843744186046 0.844445834375 0.6456468744186046 0.8408958343749999 0.6446484372093023 0.8289145843749999
2 0.6419859372093023 0.9034625000000001 0.6270109372093023 0.91011875 0.6103703116279069 0.906125 0.6103703116279069 0.9176624999999999 0.6223515627906977 0.9216562500000001 0.6423187511627907 0.91633125 0.6419859372093023 0.9034625000000001
0 0.6107031255813954 0.8839375 0.609704688372093 0.89769375 0.6426515627906977 0.8959187500000001 0.6433171883720931 0.8834937500000001 0.6107031255813954 0.8839375
0 0.6416531255813953 0.8661875 0.6100375 0.8653000000000001 0.6100375 0.8759499999999999 0.6253468744186047 0.8750625 0.641320311627907 0.87195625 0.6416531255813953 0.8661875
0 0.5408125 0.8821625 0.5231734372093023 0.88083125 0.5238390627906977 0.89325625 0.556454688372093 0.8923687499999999 0.556454688372093 0.8821625 0.5408125 0.8821625
0 0.5241718744186046 0.9016875000000001 0.5238390627906977 0.9141125000000001 0.556454688372093 0.91145 0.5554562511627907 0.902575 0.5241718744186046 0.9016875000000001
0 0.4619375 0.8945874999999999 0.45195312558139533 0.8959187500000001 0.43032031162790696 0.891925 0.42965468837209303 0.90301875 0.44795937441860467 0.9052374999999999 0.4602734372093023 0.90213125 0.4619375 0.8945874999999999
0 0.46227031162790694 0.91011875 0.446295311627907 0.91366875 0.42998749999999997 0.909675 0.42932187441860464 0.9234312499999999 0.44063749999999996 0.9234312499999999 0.45994062558139537 0.9229875 0.46227031162790694 0.91011875
0 0.3447890627906977 0.90301875 0.34379062558139534 0.91366875 0.3764062511627907 0.9123374999999999 0.3760734372093023 0.9052374999999999 0.3447890627906977 0.90301875
0 0.37773749999999995 0.8812749999999999 0.3627609372093023 0.884825 0.3447890627906977 0.8830500000000001 0.345454688372093 0.8963625000000001 0.3634265627906977 0.8941437499999999 0.3757406255813953 0.891925 0.37773749999999995 0.8812749999999999
4 0.38239687441860465 0.8306895843750001 0.3617625 0.832908334375 0.3417937488372093 0.8302458343750001 0.340795311627907 0.842227084375 0.35943281162790697 0.842670834375 0.38239687441860465 0.840452084375 0.38239687441860465 0.8306895843750001
4 0.44696093720930236 0.842227084375 0.4246625 0.839120834375 0.4246625 0.8519875000000001 0.46459999999999996 0.8519875000000001 0.464932811627907 0.8413395843749999 0.44696093720930236 0.842227084375
4 0.559117188372093 0.9558249999999999 0.5401468744186047 0.9584875 0.520179688372093 0.9544937499999999 0.5205125 0.9695812500000001 0.543475 0.9686937500000001 0.5604484372093024 0.9638125000000001 0.559117188372093 0.9558249999999999
4 0.646645311627907 0.9460625 0.6463125000000001 0.9385187500000001 0.6270109372093023 0.9416249999999999 0.6060437511627907 0.93940625 0.6063765627906976 0.9509437500000001 0.6213531255813953 0.9505000000000001 0.6320031255813954 0.9491687499999999 0.646645311627907 0.9460625