2 0.34716718837209304 0.236258334375 0.346825 0.25039791562499997 0.3901968744186047 0.257322915625 0.38999687441860464 0.24160624999999997 0.34716718837209304 0.236258334375
2 0.445195311627907 0.25604375 0.4449609372093023 0.272772915625 0.4883312488372093 0.272772915625 0.4887312511627907 0.260785415625 0.445195311627907 0.25604375
2 0.5653 0.132083334375 0.5259093744186046 0.13223541562500002 0.5233265627906977 0.153127084375 0.5435140627906977 0.14566874999999999 0.5688968744186046 0.145935415625 0.5653 0.132083334375
2 0.6121375 0.260766665625 0.6137375 0.274885415625 0.6547093744186047 0.274885415625 0.6549093744186048 0.26342916562499996 0.6121375 0.260766665625
3 0.617867188372093 0.22096875 0.6180093744186047 0.235616665625 0.6501890627906977 0.23535 0.6519874999999999 0.22202916562500002 0.617867188372093 0.22096875
3 0.5304062488372093 0.175404165625 0.5312671883720931 0.188464584375 0.564645311627907 0.187133334375 0.5640453116279069 0.173547915625 0.5304062488372093 0.175404165625
3 0.4833765627906977 0.22206458437499998 0.4509984372093023 0.215404165625 0.4503984372093023 0.23112083437500003 0.4833765627906977 0.23351875 0.4833765627906977 0.22206458437499998
3 0.354067188372093 0.197752084375 0.3524687511627907 0.210804165625 0.386845311627907 0.214266665625 0.386845311627907 0.202545834375 0.354067188372093 0.197752084375
0 0.354667188372093 0.169514584375 0.35526562558139535 0.18682916562500002 0.3900437488372093 0.191358334375 0.3894437511627907 0.17324375 0.354667188372093 0.169514584375
0 0.44991562558139536 0.18919375 0.45040312558139534 0.205477084375 0.48398124883720933 0.20707499999999998 0.4849812488372093 0.190825 0.44991562558139536 0.18919375
0 0.531042188372093 0.199247915625 0.5318406255813953 0.21629583437500002 0.5670187488372093 0.21256666562499998 0.5650187511627908 0.19578541562500001 0.531042188372093 0.199247915625
0 0.6163859372093023 0.19391875 0.6167843744186047 0.212033334375 0.6513625 0.21123541562499998 0.6509625 0.196583334375 0.6163859372093023 0.19391875
7 0.616067188372093 0.17150625 0.6171843744186046 0.187527084375 0.6505624999999999 0.18672708437500002 0.6497640627906976 0.170210415625 0.616067188372093 0.17150625
7 0.6545609372093023 0.144370834375 0.6108968744186046 0.143027084375 0.6115890627906977 0.157958334375 0.6363718744186047 0.15449375 0.6541609372093022 0.15928958437500002 0.6545609372093023 0.144370834375
7 0.532879688372093 0.219770834375 0.5339468744186047 0.23717291562499998 0.567725 0.232910415625 0.566925 0.21905833437500002 0.532879688372093 0.219770834375
7 0.5287515627906977 0.25395625 0.5305500000000001 0.26594375000000003 0.5723218744186047 0.264345834375 0.5723218744186047 0.24782916562500001 0.5287515627906977 0.25395625
7 0.4894312488372093 0.1418625 0.44765937441860465 0.137333334375 0.4468593744186046 0.1503875 0.46624687441860463 0.149854165625 0.491829688372093 0.15571458437500002 0.4894312488372093 0.1418625
7 0.4510406255813954 0.165210415625 0.4506562511627907 0.179689584375 0.485832811627907 0.183952084375 0.4850343744186047 0.166635415625 0.4510406255813954 0.165210415625
7 0.3532375 0.11634791562499999 0.35252187441860466 0.13227291562500001 0.396092188372093 0.1368 0.3954937511627907 0.12481249999999999 0.3532375 0.11634791562499999
7 0.354120311627907 0.144260415625 0.3555187511627907 0.161041665625 0.3906968744186046 0.164770834375 0.39089687441860466 0.150652084375 0.354120311627907 0.144260415625