2 0.433142188372093 0.558772915625 0.3907640627906977 0.5608854156249999 0.3922859372093023 0.573145834375 0.40671406279069766 0.575979165625 0.43299062558139534 0.575372915625 0.433142188372093 0.558772915625
2 0.4989843744186046 0.48054375 0.4586984372093023 0.4745125 0.4576906255813954 0.48929375 0.47306718837209305 0.48929375 0.5008843744186047 0.493439584375 0.4989843744186046 0.48054375
2 0.5615281255813954 0.48422708437499995 0.5195312511627906 0.483064584375 0.518679688372093 0.495970834375 0.5385484372093023 0.495970834375 0.563082811627907 0.497122915625 0.5615281255813954 0.48422708437499995
2 0.6235453116279069 0.510360415625 0.5837625 0.5084125 0.5815515627906976 0.521354165625 0.5963625 0.522354165625 0.6233578116279069 0.525602084375 0.6235453116279069 0.510360415625
3 0.6171718744186047 0.5485895843749999 0.5847390627906977 0.5473416656250001 0.5853015627906977 0.561333334375 0.6016109372093024 0.56408125 0.6169843744186048 0.5628333343749999 0.6171718744186047 0.5485895843749999
3 0.558304688372093 0.522854165625 0.5247140627906977 0.5216291656250001 0.5236234372093023 0.536595834375 0.5410578116279069 0.536595834375 0.558867188372093 0.537095834375 0.558304688372093 0.522854165625
3 0.49400312558139536 0.51785625 0.459970311627907 0.514597915625 0.46007031162790696 0.5281020843750001 0.481629688372093 0.5281020843750001 0.49419062558139537 0.53035 0.49400312558139536 0.51785625
3 0.39495156279069765 0.5203854156250001 0.39607656279069764 0.533129165625 0.4294468744186047 0.534129165625 0.4294468744186047 0.522885415625 0.39495156279069765 0.5203854156250001
0 0.4307593744186046 0.49539999999999995 0.39522812558139536 0.49519791562500004 0.39495156279069765 0.510641665625 0.40995000000000004 0.510891665625 0.43094687441860463 0.510641665625 0.4307593744186046 0.49539999999999995
0 0.4601812511627907 0.53990625 0.45962968837209306 0.5551166656250001 0.49356093720930233 0.559864584375 0.49356093720930233 0.5403749999999999 0.4601812511627907 0.53990625
0 0.5573015627906976 0.547370834375 0.522604688372093 0.548904165625 0.523370311627907 0.5658624999999999 0.542679688372093 0.5648625 0.5589890627906977 0.5636125 0.5573015627906976 0.547370834375
0 0.583129688372093 0.572804165625 0.5827984372093024 0.5898479156249999 0.6182390627906977 0.590597915625 0.6174890627906977 0.57460625 0.583129688372093 0.572804165625
7 0.6158015627906976 0.601341665625 0.5829062488372093 0.597547915625 0.5833687488372092 0.6108374999999999 0.598929688372093 0.6153354156249999 0.6159890627906977 0.613585415625 0.6158015627906976 0.601341665625
7 0.5788656255813953 0.6259479156250001 0.579 0.6400187500000001 0.6210765627906977 0.642777084375 0.6206156255813953 0.62990625 0.5788656255813953 0.6259479156250001
7 0.5186031255813953 0.6014625 0.5196812511627907 0.614585415625 0.5624468744186046 0.615197915625 0.5617562488372093 0.602020834375 0.5186031255813953 0.6014625
7 0.5240343744186047 0.571460415625 0.5238187511627908 0.58915 0.5592265627906977 0.586391665625 0.5578484372093023 0.574133334375 0.5240343744186047 0.571460415625
7 0.4583390627906977 0.562839584375 0.4585218744186047 0.5802625 0.4918609372093023 0.581489584375 0.4918609372093023 0.56800625 0.4583390627906977 0.562839584375
7 0.45392343720930234 0.592827084375 0.4548437511627907 0.60784375 0.49622812558139534 0.6075375000000001 0.49622812558139534 0.596810415625 0.45392343720930234 0.592827084375
7 0.391625 0.442702084375 0.39221562558139533 0.456325 0.43584687441860465 0.45841875 0.43565 0.44427500000000003 0.391625 0.442702084375
7 0.39535937441860464 0.473089584375 0.39575312558139536 0.490116665625 0.42995 0.489591665625 0.43034375116279067 0.4741375 0.39535937441860464 0.473089584375