7 0.38625781162790696 0.6672083343749999 0.38625781162790696 0.653708334375 0.34340937441860464 0.651358334375 0.3434359372093024 0.6634187500000001 0.3508984372093023 0.6653125 0.37417500000000004 0.66791875 0.38625781162790696 0.6672083343749999
7 0.4795406255813954 0.672654165625 0.43734999999999996 0.670545834375 0.43760781162790696 0.6844958343750001 0.4521765627906977 0.685916665625 0.4791843744186047 0.6844958343750001 0.4795406255813954 0.672654165625
7 0.3802156255813953 0.68094375 0.34610156279069765 0.677391665625 0.3455687488372093 0.69349375 0.3594265627906977 0.694204165625 0.37879531162790697 0.695152084375 0.3802156255813953 0.68094375
7 0.4733218744186046 0.6987041656249999 0.44174843720930235 0.6974625 0.4406281255813953 0.711729165625 0.45661874883720927 0.7133875 0.47385468837209305 0.7136250000000001 0.4733218744186046 0.6987041656249999
7 0.5554437488372093 0.749675 0.5216843744186047 0.750147915625 0.5215062511627907 0.767435415625 0.5373203116279069 0.766725 0.5554437488372093 0.765066665625 0.5554437488372093 0.749675
7 0.561129688372093 0.794195834375 0.5607734372093023 0.780697915625 0.518307811627907 0.782829165625 0.5188406255813953 0.796564584375 0.533767188372093 0.7970375 0.549579688372093 0.79514375 0.561129688372093 0.794195834375
7 0.6422343744186046 0.676479165625 0.6004796883720931 0.674820834375 0.6004796883720931 0.689739584375 0.6111406255813953 0.68879375 0.6422343744186046 0.68831875 0.6422343744186046 0.676479165625
7 0.6374375 0.703239584375 0.6047437488372093 0.702764584375 0.6042109372093023 0.718158334375 0.6182484372093023 0.715316665625 0.6372593744186046 0.71484375 0.6374375 0.703239584375
0 0.6387718744186046 0.726929165625 0.6050125 0.725508334375 0.6048359372093023 0.741375 0.6179843744186045 0.7416125 0.6391281255813953 0.7416125 0.6387718744186046 0.726929165625
0 0.554895311627907 0.72829375 0.5207796883720931 0.730425 0.5218453116279069 0.7455812500000001 0.532329688372093 0.7455812500000001 0.5559609372093023 0.741791665625 0.554895311627907 0.72829375
0 0.379617188372093 0.7054083343750001 0.343725 0.70161875 0.3440812488372093 0.71488125 0.3549187488372093 0.718670834375 0.379795311627907 0.7198541656249999 0.379617188372093 0.7054083343750001
0 0.47467656279069764 0.722933334375 0.4397484372093023 0.71985 0.4403843744186047 0.73666875 0.4569093744186047 0.73690625 0.4741437488372093 0.737616665625 0.47467656279069764 0.722933334375
3 0.37730781162790694 0.73240625 0.3444359372093023 0.729089584375 0.34177031162790694 0.7430625 0.35562968837209297 0.74543125 0.3764187488372093 0.74495625 0.37730781162790694 0.73240625
3 0.4738484372093023 0.751329165625 0.43902187441860463 0.748960415625 0.43884531162790696 0.762695834375 0.45075 0.76340625 0.4722484372093023 0.763170834375 0.4738484372093023 0.751329165625
3 0.5549562511627907 0.718910415625 0.5524687488372093 0.70304375 0.5215515627906977 0.704227084375 0.5201312511627907 0.72009375 0.541629688372093 0.719383334375 0.5528234372093024 0.717252084375 0.5549562511627907 0.718910415625
3 0.639 0.754433334375 0.6308265627906977 0.755379165625 0.6238968744186048 0.75514375 0.6155453116279069 0.752302084375 0.6055953116279069 0.7537229156249999 0.6061281255813953 0.7686416656249999 0.6201656255813953 0.768879165625 0.641132811627907 0.765327084375 0.639 0.754433334375
2 0.6436359372093023 0.793083334375 0.6015031255813953 0.794522915625 0.6028921883720931 0.8074833343750001 0.617554688372093 0.8066604156249999 0.6431734372093023 0.8060437500000001 0.6436359372093023 0.793083334375
2 0.5551234372093024 0.666585415625 0.5149015627906977 0.664745834375 0.515295311627907 0.6834041656250001 0.5358015627906977 0.6794625 0.5568984372093023 0.677360415625 0.5551234372093024 0.666585415625
2 0.4783562511627907 0.791495834375 0.434967188372093 0.787852084375 0.43616249999999995 0.802270834375 0.452132811627907 0.804897915625 0.476779688372093 0.8027958343750001 0.4783562511627907 0.791495834375
2 0.3755890627906977 0.78645625 0.37953125116279074 0.77463125 0.358829688372093 0.772791665625 0.3367468744186046 0.7680625 0.33694375116279074 0.781727084375 0.3499562511627907 0.784091665625 0.3667156255813953 0.78645625 0.3755890627906977 0.78645625