7 0.379095311627907 0.688079165625 0.3451531255813953 0.6781312500000001 0.34438281162790696 0.693064584375 0.3564375 0.697497915625 0.3766015627906977 0.701377084375 0.379095311627907 0.688079165625
7 0.38429218837209306 0.6739499999999999 0.3867859372093023 0.66286875 0.3451531255813953 0.6510083343749999 0.34459062558139536 0.663975 0.35872499999999996 0.668685415625 0.3738984372093023 0.6739499999999999 0.38429218837209306 0.6739499999999999
7 0.49073593720930236 0.6103229156250001 0.4495781255813953 0.60976875 0.4487468744186046 0.621958334375 0.4628812511627907 0.62334375 0.48990468837209306 0.6241749999999999 0.49073593720930236 0.6103229156250001
7 0.48533125116279074 0.638027084375 0.451242188372093 0.637195834375 0.45311250000000003 0.652710415625 0.4676625 0.650770834375 0.484707811627907 0.651325 0.48533125116279074 0.638027084375
7 0.6132062511627907 0.689739584375 0.5797406255813954 0.6925104156249999 0.579325 0.7105187500000001 0.5905484372093023 0.708025 0.6136218744186047 0.705254165625 0.6132062511627907 0.689739584375
7 0.7141437511627907 0.667470834375 0.713520311627907 0.6561125 0.671532811627907 0.65860625 0.670492188372093 0.670241665625 0.670907811627907 0.670241665625 0.686082811627907 0.668579165625 0.7141437511627907 0.667470834375
7 0.6189734372093023 0.721114584375 0.5769843744186047 0.72693125 0.5786484372093024 0.738014584375 0.594029688372093 0.737460415625 0.6193890627906976 0.733304165625 0.6189734372093023 0.721114584375
7 0.7098093744186046 0.6803895843750001 0.6764859372093024 0.682808334375 0.6788375 0.69895 0.6892312511627907 0.69645625 0.710225 0.695627084375 0.7098093744186046 0.6803895843750001
0 0.712332811627907 0.706127084375 0.6782437511627907 0.7077895843750001 0.6784515627906976 0.723304165625 0.6911312511627907 0.721641665625 0.7127484372093024 0.720810415625 0.712332811627907 0.706127084375
0 0.577829688372093 0.674639584375 0.5792843744186047 0.689045834375 0.5940437488372093 0.6846125 0.6121265627906977 0.68211875 0.610879688372093 0.669097915625 0.577829688372093 0.674639584375
0 0.4853125 0.6623479156250001 0.4520125 0.660360415625 0.452054688372093 0.674814584375 0.4695156255813953 0.675091665625 0.48572812558139533 0.676477084375 0.4853125 0.6623479156250001
0 0.377125 0.710183334375 0.3619515627906977 0.709075 0.34328281162790697 0.701202084375 0.3415812488372093 0.716 0.36257500000000004 0.7220958343749999 0.37587812558139533 0.723758334375 0.377125 0.710183334375
3 0.3721359372093023 0.73871875 0.34047812558139534 0.729572915625 0.3384625 0.742595834375 0.35197343720930235 0.747860415625 0.371720311627907 0.750908334375 0.3721359372093023 0.73871875
3 0.48367031162790697 0.689985415625 0.45107656279069763 0.686860415625 0.4510359372093023 0.700789584375 0.462882811627907 0.702175 0.4834625 0.701897915625 0.48367031162790697 0.689985415625
3 0.6081968744186046 0.643577084375 0.5741078116279069 0.6480104156250001 0.5772265627906977 0.662139584375 0.5907375 0.65936875 0.6090281255813953 0.656877084375 0.6081968744186046 0.643577084375
3 0.7130562511627907 0.732208334375 0.6795265627906977 0.733314584375 0.6797984372093023 0.747722915625 0.6949718744186046 0.748277084375 0.7128484372093024 0.74550625 0.7130562511627907 0.732208334375
2 0.718670311627907 0.773175 0.6777218744186047 0.776777084375 0.6791765627906977 0.787027084375 0.6974687511627907 0.787027084375 0.7180468744186046 0.784810415625 0.718670311627907 0.773175
2 0.608325 0.605675 0.568207811627907 0.608445834375 0.5673765627906977 0.624789584375 0.5865 0.6214666656250001 0.6106125 0.6170333343750001 0.608325 0.605675
2 0.48876250000000004 0.729045834375 0.446567188372093 0.7279375 0.44802187441860464 0.7412354156250001 0.4617406255813954 0.7415125 0.4875156255813954 0.7412354156250001 0.48876250000000004 0.729045834375
2 0.3689375 0.789414584375 0.3737187488372093 0.776947915625 0.3516859372093023 0.775008334375 0.3301890627906977 0.767608334375 0.32985937441860463 0.778610415625 0.33796718837209305 0.7824875 0.3500234372093023 0.7869208343749999 0.3689375 0.789414584375