9 0.34447187441860466 0.6581375 0.34690937441860464 0.643514584375 0.32680937441860464 0.64635625 0.30656562558139533 0.64633125 0.3051875 0.65935625 0.32193593720930236 0.66016875 0.34447187441860466 0.6581375
9 0.4528875 0.779602084375 0.4538 0.767414584375 0.4315687511627907 0.770664584375 0.41507499999999997 0.7712125000000001 0.4132968744186047 0.784477084375 0.4407062511627907 0.782852084375 0.4528875 0.779602084375
9 0.5646515627906977 0.773508334375 0.564042188372093 0.766195834375 0.5488156255813954 0.767008334375 0.5265843744186047 0.767008334375 0.526279688372093 0.781633334375 0.5503375 0.779602084375 0.5646515627906977 0.773508334375
9 0.650529688372093 0.68535625 0.6499218744186047 0.67154375 0.6340859372093023 0.6752 0.612767188372093 0.6727624999999999 0.611245311627907 0.68373125 0.6325624999999999 0.68495 0.650529688372093 0.68535625
8 0.34203593720930237 0.6727624999999999 0.32437343720930234 0.67398125 0.309992188372093 0.674758334375 0.3106687488372093 0.6857624999999999 0.340817188372093 0.68454375 0.34203593720930237 0.6727624999999999
8 0.44709999999999994 0.7548229156249999 0.44770937441860464 0.7430416656250001 0.41507499999999997 0.745829165625 0.416342188372093 0.758072915625 0.4276109372093023 0.757666665625 0.44709999999999994 0.7548229156249999
8 0.5597781255813953 0.749947915625 0.5594750000000001 0.7393854156249999 0.546075 0.742229165625 0.528107811627907 0.742229165625 0.5271937488372093 0.754010415625 0.547292188372093 0.7523854156249999 0.5597781255813953 0.749947915625
8 0.6465718744186048 0.710541665625 0.6465718744186048 0.69795 0.6359125000000001 0.6995750000000001 0.6170312511627907 0.70160625 0.6170312511627907 0.710541665625 0.6353031255813953 0.710947915625 0.6465718744186048 0.710541665625
0 0.3433234372093023 0.707089584375 0.34234062558139533 0.69754375 0.3237640627906977 0.69754375 0.31075312558139534 0.6991270843749999 0.31036406279069767 0.7076979156250001 0.32285 0.7076979156250001 0.3433234372093023 0.707089584375
0 0.430420311627907 0.730245834375 0.4456484372093023 0.729839584375 0.4459515627906977 0.718870834375 0.4325531255813953 0.7204958343750001 0.4143125 0.720447915625 0.41458437441860463 0.732683334375 0.4258531255813953 0.7322770843749999 0.430420311627907 0.730245834375
0 0.558629688372093 0.7237458343750001 0.557717188372093 0.714402084375 0.5406624999999999 0.718870834375 0.527567188372093 0.718464584375 0.5254359372093024 0.727402084375 0.5479718744186046 0.726995834375 0.558629688372093 0.7237458343750001
0 0.6481640627906977 0.7237458343750001 0.6353734372093023 0.7253708343749999 0.6174062511627907 0.726995834375 0.6177093744186046 0.734714584375 0.6487734372093024 0.7355270843749999 0.6481640627906977 0.7237458343750001
3 0.34210625116279064 0.719683334375 0.327182811627907 0.7237458343750001 0.31075312558139534 0.72349375 0.3122609372093023 0.733902084375 0.3427140627906977 0.734308334375 0.34210625116279064 0.719683334375
3 0.44382031162790697 0.706683334375 0.44351562558139535 0.694089584375 0.4218937488372093 0.696120834375 0.41279062558139534 0.698110415625 0.4148890627906977 0.711152084375 0.4352937511627907 0.708714584375 0.44382031162790697 0.706683334375
3 0.557717188372093 0.703027084375 0.5568031255813953 0.687183334375 0.540967188372093 0.6928708343750001 0.52635 0.689620834375 0.526045311627907 0.7046520843749999 0.537007811627907 0.703839584375 0.557717188372093 0.703027084375
3 0.6499906255813953 0.76111875 0.6487734372093024 0.7444625 0.6402453116279069 0.7460875 0.6174062511627907 0.7473062500000001 0.6183187488372094 0.7607125 0.625932811627907 0.761525 0.6499906255813953 0.76111875
2 0.34880468837209305 0.75786875 0.30656562558139533 0.759027084375 0.3073890627906977 0.7704625 0.3472828116279069 0.7696500000000001 0.34880468837209305 0.75786875
2 0.4459515627906977 0.658747915625 0.4279843744186046 0.6607791656249999 0.40666718837209304 0.661997915625 0.4075812488372093 0.675810415625 0.426157811627907 0.671341665625 0.44382031162790697 0.669716665625 0.4459515627906977 0.658747915625
2 0.5485812511627907 0.668091665625 0.5592390627906977 0.666466665625 0.5592390627906977 0.654279165625 0.5354859372093023 0.657935415625 0.519395311627907 0.656991665625 0.5196500000000001 0.6684979156249999 0.5333531255813954 0.6684979156249999 0.5485812511627907 0.668091665625
2 0.6545593744186047 0.7915875 0.6545593744186047 0.78386875 0.6417687511627906 0.78549375 0.6171015627906977 0.7883375 0.6149687488372093 0.797275 0.6466406255813953 0.79768125 0.6545593744186047 0.7915875