9 0.45802812558139533 0.431275 0.457507811627907 0.416691665625 0.43329843720930233 0.41530208437500005 0.41976093720930235 0.415647915625 0.41950156279069767 0.427802084375 0.43668281162790695 0.42849791562500006 0.45802812558139533 0.431275
9 0.5382062488372092 0.540660415625 0.5387265627906976 0.530589584375 0.4986562488372093 0.535129165625 0.5004593744186047 0.54586875 0.5171203116279071 0.5448270843749999 0.5382062488372092 0.540660415625
9 0.617082811627907 0.407314584375 0.617082811627907 0.393772915625 0.5952156255813954 0.39898125 0.578392188372093 0.402345834375 0.578295311627907 0.410439584375 0.6027656255813953 0.40974583437499995 0.617082811627907 0.407314584375
9 0.7048093744186047 0.52676875 0.70455 0.516004165625 0.6790390627906977 0.51426875 0.6675656255813954 0.51213125 0.667845311627907 0.524685415625 0.688929688372093 0.52538125 0.7048093744186047 0.52676875
8 0.453342188372093 0.45141666562499994 0.45438437441860463 0.444470834375 0.42152500000000004 0.44313541562500003 0.42236406279069766 0.452110415625 0.43381875116279073 0.45176249999999996 0.453342188372093 0.45141666562499994
8 0.5324734372093024 0.516697915625 0.5324734372093024 0.504889584375 0.5012609372093023 0.5103958343749999 0.5027968744186047 0.516697915625 0.5231031255813954 0.513225 0.5324734372093024 0.516697915625
8 0.6142140627906977 0.42537083437499995 0.5849015627906977 0.4275125 0.5847984372093024 0.436135415625 0.6147343744186047 0.43543958437499997 0.6142140627906977 0.42537083437499995
8 0.703242188372093 0.49655625 0.7027218744186047 0.489264584375 0.6722640627906977 0.48544375000000006 0.6722640627906977 0.497597915625 0.6910078116279069 0.4989875 0.703242188372093 0.49655625
0 0.4530765627906977 0.469122915625 0.42105781162790695 0.46738749999999996 0.42053749999999995 0.477804165625 0.452817188372093 0.4767625 0.4530765627906977 0.469122915625
0 0.5306515627906977 0.47919375000000003 0.5194578116279069 0.48231875 0.49995937441860466 0.48566041562500006 0.5001937511627907 0.49343125 0.531432811627907 0.49204166562499996 0.5306515627906977 0.47919375000000003
0 0.6162968744186046 0.4580125 0.6165562511627907 0.448635415625 0.6035406255813953 0.451066665625 0.5852265627906977 0.45355 0.5847984372093024 0.462525 0.599375 0.458358334375 0.6162968744186046 0.4580125
0 0.7016812511627907 0.46495625 0.6717968744186047 0.461360415625 0.672004688372093 0.47329166562499997 0.7024609372093024 0.475720834375 0.7016812511627907 0.46495625
3 0.4525562511627907 0.49273749999999994 0.41957187441860466 0.49086875 0.42001718837209306 0.50141875 0.4525562511627907 0.503502084375 0.4525562511627907 0.49273749999999994
3 0.529870311627907 0.46738749999999996 0.529870311627907 0.4580125 0.49963281162790696 0.460927084375 0.4996734372093023 0.472595834375 0.5145125 0.470860415625 0.529870311627907 0.46738749999999996
3 0.6175984372093023 0.472247915625 0.586529688372093 0.47394375 0.5879218744186047 0.485791665625 0.6181187511627907 0.484402084375 0.6175984372093023 0.472247915625
3 0.7040234372093023 0.4389125 0.6852812488372093 0.43648125000000004 0.6730984372093023 0.436625 0.6717437488372092 0.45037291562500004 0.7037625000000001 0.45453958437499997 0.7040234372093023 0.4389125
2 0.4543781255813954 0.529891665625 0.416317188372093 0.526016665625 0.41480937441860466 0.53614375 0.4546390627906977 0.538227084375 0.4543781255813954 0.529891665625
2 0.5316921883720931 0.431272915625 0.5309125 0.42189791562499995 0.49186406279069766 0.424329165625 0.49214843720930235 0.435758334375 0.49915312558139535 0.433704165625 0.5199781255813953 0.433010415625 0.5316921883720931 0.431272915625
2 0.6241062488372092 0.5184333343749999 0.6233249999999999 0.50766875 0.609007811627907 0.5083624999999999 0.5855781255813953 0.510445834375 0.5850578116279069 0.523641665625 0.6061437511627907 0.5212104156249999 0.6241062488372092 0.5184333343749999
2 0.7092296883720931 0.40210416562500007 0.6696609372093023 0.40175625000000004 0.670170311627907 0.414495834375 0.6803343744186047 0.413216665625 0.7092296883720931 0.41147916562500003 0.7092296883720931 0.40210416562500007