9 0.4445718744186047 0.324341665625 0.444854688372093 0.31345 0.41838749999999997 0.31082083437499997 0.407125 0.314952084375 0.407970311627907 0.326595834375 0.4285234372093023 0.323966665625 0.4445718744186047 0.324341665625
9 0.5464968744186046 0.43739375 0.5456531255813953 0.42086875 0.528195311627907 0.42424791562499997 0.5082046883720931 0.427629165625 0.5096125 0.44115000000000004 0.5287593744186047 0.43889583437499996 0.5464968744186046 0.43739375
9 0.6171687511627907 0.419741665625 0.6174499999999999 0.406595834375 0.5980234372093023 0.40546875 0.5815890627906977 0.400914584375 0.582254688372093 0.414483334375 0.5980234372093023 0.419741665625 0.6171687511627907 0.419741665625
9 0.7269765627906977 0.340116665625 0.7078312488372093 0.33711250000000004 0.690375 0.33410625 0.6892484372093023 0.34913125 0.7100843744186046 0.351008334375 0.726695311627907 0.34913125 0.7269765627906977 0.340116665625
2 0.448795311627907 0.436266665625 0.448795311627907 0.42387291562499996 0.422329688372093 0.425 0.4105125 0.427197915625 0.40853281162790694 0.439270834375 0.4186687488372093 0.435139584375 0.448795311627907 0.436266665625
2 0.539457811627907 0.316829165625 0.5152437488372092 0.31720625 0.5014484372093023 0.318708334375 0.5020343744186047 0.33004375 0.5225640627906977 0.326220834375 0.539457811627907 0.32509375 0.539457811627907 0.316829165625
2 0.6244890627906977 0.295420834375 0.584507811627907 0.29391875 0.5854609372093023 0.303760415625 0.6014015627906977 0.3055625 0.6239265627906977 0.307439584375 0.6244890627906977 0.295420834375
2 0.7224718744186047 0.463685415625 0.7224718744186047 0.45053958437499997 0.7019187511627907 0.44866041562500003 0.6836703116279069 0.447379165625 0.6833359372093023 0.459929165625 0.6985390627906977 0.46067916562500005 0.7224718744186047 0.463685415625
8 0.41106718837209305 0.342745834375 0.41232187441860463 0.352414584375 0.4426015627906977 0.34950625 0.441475 0.34124374999999996 0.41106718837209305 0.342745834375
8 0.538925 0.412160415625 0.5410562511627907 0.41378541562500004 0.5410562511627907 0.4016 0.531920311627907 0.4016 0.5096890627906976 0.40200625 0.5096890627906976 0.41622291562499997 0.525829688372093 0.413379165625 0.538925 0.412160415625
8 0.615057811627907 0.3926625 0.6156671883720931 0.3821 0.6025718744186047 0.37763125 0.5837390627906976 0.37880416562499997 0.583082811627907 0.3894125 0.5952640627906977 0.3894125 0.615057811627907 0.3926625
8 0.7225593744186046 0.37763125 0.7234734372093022 0.3666625 0.7061140627906977 0.36300625000000003 0.6903437488372093 0.363575 0.6914968744186046 0.37600625 0.704592188372093 0.37763125 0.7225593744186046 0.37763125
0 0.442995311627907 0.3764125 0.442995311627907 0.36585 0.42594218837209297 0.36706875 0.41164843720930233 0.36814375 0.41162812558139533 0.37925624999999996 0.43050937441860465 0.3764125 0.442995311627907 0.3764125
0 0.5398375 0.38697499999999996 0.5392296883720931 0.37681875 0.5075921883720931 0.378295834375 0.5078625 0.38981875 0.5206531255813953 0.38819375 0.5398375 0.38697499999999996
0 0.6162765627906976 0.3666625 0.6168859372093023 0.35731875 0.5958734372093023 0.35650624999999997 0.586404688372093 0.353420834375 0.584604688372093 0.364225 0.6034859372093022 0.36544374999999996 0.6162765627906976 0.3666625
0 0.7213406255813953 0.39185 0.707942188372093 0.39103750000000004 0.6895828116279069 0.389970834375 0.6905828116279069 0.40038125 0.7201234372093023 0.40241249999999995 0.7213406255813953 0.39185
3 0.443604688372093 0.399975 0.44329999999999997 0.38534999999999997 0.42624687441860465 0.38697499999999996 0.41324687441860464 0.388041665625 0.4134562511627907 0.40241249999999995 0.4277687488372093 0.3991625 0.443604688372093 0.399975
3 0.5374015627906977 0.3634125 0.5377062488372093 0.351225 0.5215656255813954 0.3504125 0.5075921883720931 0.35240625 0.5072531255813953 0.36869375 0.5264390627906976 0.36544374999999996 0.5374015627906977 0.3634125
3 0.6168859372093023 0.332539584375 0.5967859372093023 0.328477084375 0.5867843744186046 0.328039584375 0.58765 0.34188333437499996 0.6171906255813954 0.345133334375 0.6168859372093023 0.332539584375
3 0.7195140627906977 0.411754165625 0.7076375 0.41134791562500006 0.6890609372093023 0.41094166562499995 0.6881468744186047 0.424347915625 0.7186 0.428004165625 0.7195140627906977 0.411754165625