2 0.505542188372093 0.694525 0.5060859372093023 0.680747915625 0.48895312558139536 0.683285415625 0.471820311627907 0.682197915625 0.472092188372093 0.695614584375 0.48133906279069766 0.696339584375 0.4938484372093023 0.6952499999999999 0.505542188372093 0.694525
2 0.5698562511627907 0.703566665625 0.5698562511627907 0.6872499999999999 0.5549 0.6916 0.5372234372093023 0.685075 0.5366781255813954 0.7017541656249999 0.5483734372093023 0.7053791656249999 0.560882811627907 0.705741665625 0.5698562511627907 0.703566665625
2 0.631182811627907 0.68855 0.6143218744186046 0.68855 0.5966453116279069 0.68855 0.5971890627906976 0.704866665625 0.619217188372093 0.705954165625 0.6309109372093022 0.702691665625 0.631182811627907 0.68855
2 0.6297015627906978 0.767110415625 0.6035937511627908 0.7689229156249999 0.6038656255813953 0.783427084375 0.6142 0.7841541656250001 0.630245311627907 0.783064584375 0.6297015627906978 0.767110415625
2 0.636579688372093 0.797179165625 0.6194468744186047 0.800441665625 0.6014984372093023 0.797179165625 0.600954688372093 0.812770834375 0.6216218744186047 0.8134958343750001 0.636579688372093 0.810958334375 0.636579688372093 0.797179165625
2 0.570595311627907 0.815416665625 0.570867188372093 0.80345 0.5526468744186047 0.806714584375 0.538232811627907 0.8016375 0.538232811627907 0.813604165625 0.549382811627907 0.8172291656249999 0.5670593744186047 0.818316665625 0.570595311627907 0.815416665625
2 0.5078593744186046 0.803064584375 0.5084031255813953 0.790372915625 0.4929031255813953 0.794725 0.4741375 0.790372915625 0.4746812488372093 0.801614584375 0.4852875 0.8034270843750001 0.4948062488372093 0.804152084375 0.5078593744186046 0.803064584375
2 0.5044906255813953 0.758716665625 0.491979688372093 0.76198125 0.4781109372093023 0.756904165625 0.477295311627907 0.774670834375 0.48926093720930236 0.776122915625 0.5039468744186046 0.774308334375 0.5044906255813953 0.758716665625
2 0.5670124999999999 0.72325 0.5553171883720931 0.725425 0.540904688372093 0.7236125 0.540632811627907 0.737029165625 0.5498781255813954 0.738479165625 0.5678281255813953 0.737754165625 0.5670124999999999 0.72325
0 0.5677968744186047 0.7469166656249999 0.5539281255813954 0.750541665625 0.5408734372093024 0.7469166656249999 0.5411468744186047 0.76033125 0.5539281255813954 0.763958334375 0.5667093744186047 0.763233334375 0.5677968744186047 0.7469166656249999
0 0.5661031255813953 0.770191665625 0.5497859372093024 0.77418125 0.5402687488372093 0.7720041656250001 0.5399968744186047 0.785058334375 0.5535937488372092 0.787595834375 0.5666468744186046 0.785058334375 0.5661031255813953 0.770191665625
0 0.6290328116279069 0.736260415625 0.6162515627906977 0.7409749999999999 0.6021093744186047 0.7398875 0.6021093744186047 0.753302084375 0.6165234372093024 0.752939584375 0.6295765627906976 0.751489584375 0.6290328116279069 0.736260415625
0 0.6276937488372094 0.716677084375 0.6162718744186048 0.716677084375 0.6018593744186047 0.7170395843749999 0.6015874999999999 0.73190625 0.613825 0.7315437499999999 0.6285093744186047 0.73045625 0.6276937488372094 0.716677084375
0 0.5026531255813953 0.709795834375 0.47654687441860466 0.710158334375 0.47654687441860466 0.725025 0.4893281255813953 0.7261124999999999 0.5023812488372092 0.7232125 0.5026531255813953 0.709795834375
0 0.5041734372093023 0.73201875 0.490575 0.7338312499999999 0.47725 0.73238125 0.47697812558139535 0.744710415625 0.49383906279069767 0.7465229156250001 0.5033578116279069 0.745435415625 0.5041734372093023 0.73201875