1 0.5335375 0.737910415625 0.5166765627906976 0.741172915625 0.49927187441860466 0.740447915625 0.4998156255813953 0.7502395843749999 0.5166765627906976 0.74915 0.5343531255813954 0.7469750000000001 0.5335375 0.737910415625
1 0.578420311627907 0.7499041656250001 0.5588406255813954 0.753891665625 0.5457343744186047 0.751354165625 0.5457343744186047 0.760070834375 0.5615593744186046 0.7615062499999999 0.5795093744186046 0.7596937500000001 0.578420311627907 0.7499041656250001
1 0.6314515627906977 0.864095834375 0.6317234372093024 0.853216665625 0.611054688372093 0.85901875 0.597457811627907 0.8564812500000001 0.5977296883720931 0.8666333343750001 0.6115984372093023 0.8677208343749999 0.6222046883720931 0.8666333343750001 0.6314515627906977 0.864095834375
5 0.6289296883720931 0.821670834375 0.6129375 0.8238749999999999 0.601954688372093 0.824570834375 0.6011906255813954 0.8365375 0.6115250000000001 0.8372624999999999 0.6294734372093024 0.8350875 0.6289296883720931 0.821670834375
5 0.574875 0.78211875 0.5566531255813953 0.78211875 0.548495311627907 0.7803041656249999 0.5490390627906977 0.7933583343749999 0.5656281255813953 0.794445834375 0.574875 0.793720834375 0.574875 0.78211875
5 0.5044187488372093 0.7701125 0.5041468744186046 0.783529165625 0.5302531255813954 0.782804165625 0.531070311627907 0.7712 0.5044187488372093 0.7701125
0 0.5308281255813954 0.793889584375 0.5218234372093022 0.7941125 0.5041562511627906 0.7935416656250001 0.5044187488372093 0.803541665625 0.5158406255813953 0.803541665625 0.5316140627906977 0.8024541656249999 0.5308281255813954 0.793889584375
0 0.5759624999999999 0.8053125 0.5610046883720929 0.8060375000000001 0.5482234372093023 0.8038624999999999 0.548495311627907 0.814377084375 0.5561093744186046 0.8161895843750001 0.5754187488372093 0.8161895843750001 0.5759624999999999 0.8053125
0 0.6260015627906977 0.775229165625 0.6134609372093024 0.7782 0.6004375000000001 0.776316665625 0.6004375000000001 0.78683125 0.6137640627906976 0.78755625 0.6260015627906977 0.78574375 0.6260015627906977 0.775229165625
0 0.626242188372093 0.809733334375 0.6256984372093023 0.7984916656250001 0.6142765627906976 0.8006666656249999 0.6074765627906977 0.801029165625 0.6012218744186046 0.799941665625 0.6006781255813953 0.809733334375 0.6131874999999999 0.8115458343749999 0.6216187511627908 0.811183334375 0.626242188372093 0.809733334375
0 0.575167188372093 0.8387270843750001 0.5754390627906977 0.828210415625 0.5645609372093023 0.829297915625 0.5493312488372093 0.828210415625 0.5487875 0.8376374999999999 0.5585781255813953 0.839089584375 0.5670078116279069 0.839089584375 0.575167188372093 0.8387270843750001
0 0.5052125000000001 0.8177104156249999 0.5046687511627908 0.8271375000000001 0.5313203116279069 0.8260500000000001 0.531592188372093 0.8177104156249999 0.5052125000000001 0.8177104156249999
2 0.5329734372093023 0.8637333343750001 0.5356921883720931 0.85394375 0.5172 0.85503125 0.5014265627906977 0.85394375 0.5016984372093023 0.86083125 0.503875 0.865545834375 0.5253593744186046 0.865545834375 0.5329734372093023 0.8637333343750001
2 0.5773218744186046 0.87781875 0.5794968744186046 0.8752791656250001 0.5789531255813953 0.866577084375 0.5623640627906977 0.868027084375 0.5444156255813953 0.865852084375 0.5446875 0.8720166656250001 0.5468640627906977 0.8785437500000001 0.563725 0.87781875 0.5773218744186046 0.87781875
2 0.622445311627907 0.7513395843749999 0.6311484372093022 0.749525 0.6297875000000001 0.739735415625 0.6129265627906977 0.741547915625 0.5957937488372093 0.7382854156249999 0.5941625 0.74445 0.5944343744186047 0.752427084375 0.612382811627907 0.753152084375 0.622445311627907 0.7513395843749999