2 0.45275937441860464 0.645008334375 0.4537359372093023 0.63459375 0.420682811627907 0.6310395843750001 0.41955937441860464 0.6428375 0.43550781162790697 0.644572915625 0.45275937441860464 0.645008334375
2 0.44795937441860467 0.666177084375 0.4241812511627907 0.664339584375 0.4209437488372093 0.67615625 0.44795937441860467 0.679629165625 0.44795937441860467 0.666177084375
0 0.4466468744186046 0.69345625 0.435579688372093 0.6925874999999999 0.4210812511627907 0.686941665625 0.4222343744186046 0.7012666656250001 0.4466468744186046 0.6995312499999999 0.4466468744186046 0.69345625
8 0.4462890627906977 0.714433334375 0.41958437441860463 0.711266665625 0.42057500000000003 0.7235437499999999 0.4453125 0.727883334375 0.4462890627906977 0.714433334375
9 0.4482125 0.7539958343750001 0.44918906279069765 0.7457499999999999 0.41662812558139534 0.741914584375 0.41468750000000004 0.7500895843750001 0.43031093720930236 0.7539958343750001 0.4482125 0.7539958343750001
9 0.516595311627907 0.6215229156250001 0.5182218744186047 0.609808334375 0.4862593744186047 0.610279165625 0.4850218744186046 0.6197874999999999 0.4960890627906977 0.6210895843750001 0.516595311627907 0.6215229156250001
8 0.5151906255813954 0.6531125 0.5145406255813953 0.6392270843750001 0.48916718837209305 0.639791665625 0.48947812558139536 0.651810415625 0.49501093720930234 0.6531125 0.5151906255813954 0.6531125
0 0.5158781255813953 0.663135415625 0.49009687441860467 0.66379375 0.4908156255813953 0.67485 0.5149015627906977 0.675285415625 0.5158781255813953 0.663135415625
2 0.5158859372093023 0.684627084375 0.4992859372093023 0.6894 0.49010468837209303 0.686247915625 0.489845311627907 0.69634375 0.5152343744186046 0.697645834375 0.5158859372093023 0.684627084375
2 0.5198421883720931 0.719735415625 0.48625156279069764 0.7191687499999999 0.485992188372093 0.7331875 0.5185406255813954 0.731016665625 0.5198421883720931 0.719735415625
2 0.6060265627906978 0.63689375 0.5722593744186046 0.636010415625 0.5708390627906977 0.6486208343750001 0.6044625 0.64888125 0.6060265627906978 0.63689375
2 0.600717188372093 0.671102084375 0.5891843744186046 0.671885415625 0.576282811627907 0.669279165625 0.5751093744186047 0.6823083343749999 0.6005218744186046 0.6823083343749999 0.600717188372093 0.671102084375
0 0.6012593744186047 0.694385415625 0.5757484372093024 0.6935979156250001 0.5750640627906977 0.70506875 0.6012593744186047 0.706372915625 0.6012593744186047 0.694385415625
8 0.6002515627906977 0.718258334375 0.574595311627907 0.7171333343749999 0.5736656255813953 0.728160415625 0.600642188372093 0.7299854156250001 0.6002515627906977 0.718258334375
9 0.6030937488372092 0.7607166656250001 0.6052437511627907 0.7510749999999999 0.5723562488372094 0.750516665625 0.571425 0.75863125 0.5792453116279069 0.7601958343749999 0.6030937488372092 0.7607166656250001