0 0.470620311627907 0.8575375 0.46978749999999997 0.8467270843750001 0.45690000000000003 0.8486666656249999 0.4435968744186047 0.846172915625 0.44318125116279067 0.8589229156249999 0.453367188372093 0.8592000000000001 0.45981093720930233 0.8603083343750001 0.470620311627907 0.8575375
0 0.47020468837209306 0.872227084375 0.4602265627906977 0.874997915625 0.44401250000000003 0.872227084375 0.4444281255813954 0.884420834375 0.45461406279069766 0.884420834375 0.470620311627907 0.883035415625 0.47020468837209306 0.872227084375
0 0.5140640627906977 0.85033125 0.5026312511627907 0.8558729156249999 0.48891249999999997 0.8522708343750001 0.488704688372093 0.865852084375 0.5036718744186046 0.8675145843750001 0.5148968744186047 0.8630791656250001 0.5140640627906977 0.85033125
0 0.5144812488372092 0.872227084375 0.5009687488372093 0.879433334375 0.490575 0.8738895843750001 0.48891249999999997 0.88719375 0.503879688372093 0.8896875 0.515104688372093 0.8846979156250001 0.5144812488372092 0.872227084375
0 0.5683187488372093 0.869177084375 0.5531437488372093 0.87444375 0.5415031255813954 0.871116665625 0.5417109372093023 0.88248125 0.554392188372093 0.8833125000000001 0.5685265627906977 0.88248125 0.5683187488372093 0.869177084375
0 0.568942188372093 0.89051875 0.5556390627906977 0.897725 0.5427515627906977 0.893845834375 0.5427515627906977 0.9063166656250001 0.5552234372093023 0.906870834375 0.5683187488372093 0.904654165625 0.568942188372093 0.89051875
3 0.46978749999999997 0.897447915625 0.4564843744186047 0.897447915625 0.44401250000000003 0.8952312499999999 0.444220311627907 0.907147915625 0.4544062511627907 0.91130625 0.46999687441860466 0.906870834375 0.46978749999999997 0.897447915625
3 0.515520311627907 0.8993874999999999 0.505957811627907 0.901052084375 0.4899515627906977 0.899941665625 0.4897437488372093 0.9118604156250001 0.5061656255813953 0.913522915625 0.5146890627906977 0.910197915625 0.515520311627907 0.8993874999999999
3 0.5670718744186046 0.8494999999999999 0.5550156255813954 0.8481125 0.5415031255813954 0.8464499999999999 0.5419187488372093 0.8600312499999999 0.5539765627906977 0.8608625 0.5664484372093023 0.85836875 0.5670718744186046 0.8494999999999999
2 0.470620311627907 0.940408334375 0.47436093720930234 0.928766665625 0.4612656255813954 0.929597915625 0.43964687441860467 0.92655 0.440270311627907 0.9387458343749999 0.45107968837209306 0.941239584375 0.4631359372093023 0.943179165625 0.470620311627907 0.940408334375
2 0.5196765627906977 0.939577084375 0.518845311627907 0.9312625000000001 0.5080359372093023 0.932925 0.48704218837209307 0.9293208343750001 0.48808125116279066 0.946229165625 0.5051265627906977 0.944841665625 0.5153125 0.9442875000000001 0.5196765627906977 0.939577084375
2 0.5710218744186046 0.936527084375 0.571645311627907 0.926272915625 0.560420311627907 0.9315395843750001 0.5400484372093024 0.926827084375 0.5398406255813953 0.9409625 0.5516890627906976 0.9409625 0.5670718744186046 0.940408334375 0.5710218744186046 0.936527084375
2 0.5706062488372093 0.8256625 0.5710218744186046 0.8126374999999999 0.556054688372093 0.817070834375 0.537554688372093 0.8143 0.5365140627906977 0.827327084375 0.5479484372093023 0.828435415625 0.5631218744186046 0.827327084375 0.5706062488372093 0.8256625
2 0.5175984372093023 0.819010415625 0.5028390627906977 0.8240000000000001 0.4857937488372093 0.8206749999999999 0.4853781255813953 0.8337 0.5001375 0.835641665625 0.5173906255813954 0.831760415625 0.5175984372093023 0.819010415625
2 0.47352968837209297 0.81513125 0.4587718744186047 0.8165166656249999 0.4411015627906977 0.81346875 0.44151718837209303 0.8276041656249999 0.4571078116279069 0.8281583343750001 0.47352968837209297 0.8270500000000001 0.47352968837209297 0.81513125