1 0.5370640627906976 0.6332791656250001 0.518545311627907 0.6347937499999999 0.5011406255813953 0.63406875 0.5016843744186046 0.6438604156250001 0.518545311627907 0.642770834375 0.5375671883720929 0.641660415625 0.5370640627906976 0.6332791656250001
1 0.5820718744186046 0.644679165625 0.560942188372093 0.64671875 0.548629688372093 0.64601875 0.5478359372093023 0.652895834375 0.5636609372093023 0.654333334375 0.5816109372093023 0.652520834375 0.5820718744186046 0.644679165625
1 0.6343218744186047 0.7574854156249999 0.6345937511627907 0.7466062499999999 0.613925 0.752408334375 0.6003281255813954 0.749870834375 0.6005999999999999 0.760022915625 0.6144687511627908 0.7611104156249999 0.6250749999999999 0.760022915625 0.6343218744186047 0.7574854156249999
5 0.631657811627907 0.714072915625 0.6156656255813954 0.7162770843749999 0.6046828116279069 0.7169749999999999 0.6039187511627907 0.7289395843750001 0.6142531255813953 0.729664584375 0.6322015627906977 0.727489584375 0.631657811627907 0.714072915625
5 0.579570311627907 0.6748937500000001 0.5613484372093024 0.6748937500000001 0.5531906255813953 0.673079165625 0.5537343744186046 0.686133334375 0.5703234372093023 0.6872208343749999 0.579570311627907 0.686495834375 0.579570311627907 0.6748937500000001
5 0.508120311627907 0.6637791656250001 0.5078484372093024 0.677195834375 0.533954688372093 0.676470834375 0.5347718744186046 0.664866665625 0.508120311627907 0.6637791656250001
0 0.5347406255813953 0.68770625 0.5257343744186046 0.6879291656250001 0.5080687488372093 0.687358334375 0.508329688372093 0.6973583343749999 0.5197515627906977 0.6973583343749999 0.5355249999999999 0.696270834375 0.5347406255813953 0.68770625
0 0.5805328116279069 0.6994979156250001 0.5655749999999999 0.700222915625 0.5527937511627907 0.698047915625 0.5530656255813954 0.7085625 0.560679688372093 0.710375 0.5799890627906976 0.710375 0.5805328116279069 0.6994979156250001
0 0.6290875 0.6692312499999999 0.6165468744186047 0.6722020843750001 0.6035234372093023 0.6703187500000001 0.6035234372093023 0.680833334375 0.61685 0.681558334375 0.6290875 0.679745834375 0.6290875 0.6692312499999999
0 0.6293078116279069 0.704947915625 0.6287640627906976 0.69370625 0.617342188372093 0.69588125 0.6105421883720931 0.69624375 0.6042875 0.6951562499999999 0.6037437511627907 0.704947915625 0.6162531255813953 0.706760415625 0.6246843744186047 0.706397915625 0.6293078116279069 0.704947915625
0 0.5790125 0.733483334375 0.5792843744186047 0.722966665625 0.5684062488372092 0.7240541656249999 0.5531765627906977 0.722966665625 0.552632811627907 0.7323937500000001 0.5624234372093023 0.7338458343750001 0.5708531255813953 0.7338458343750001 0.5790125 0.733483334375
0 0.50815 0.711764584375 0.5076062511627907 0.7211916656249999 0.534257811627907 0.720104165625 0.534529688372093 0.711764584375 0.50815 0.711764584375
2 0.536004688372093 0.7578104156250001 0.5387234372093024 0.748020834375 0.5202312488372093 0.749108334375 0.5044578116279069 0.748020834375 0.5047296883720931 0.7549083343749999 0.5069062511627906 0.759622915625 0.5283906255813954 0.759622915625 0.536004688372093 0.7578104156250001
2 0.5823281255813954 0.7700875 0.5845031255813954 0.767547915625 0.5839593744186047 0.758845834375 0.567370311627907 0.760295834375 0.5494218744186047 0.758120834375 0.5496937488372093 0.7642854156250001 0.551870311627907 0.7708125 0.5687312511627907 0.7700875 0.5823281255813954 0.7700875
2 0.6263437488372093 0.6451125 0.6350468744186046 0.643297915625 0.6336859372093023 0.633508334375 0.6168250000000001 0.6353208343750001 0.599692188372093 0.632058334375 0.5980609372093023 0.638222915625 0.5983328116279071 0.6462 0.6162812511627908 0.646925 0.6263437488372093 0.6451125