4 0.409092188372093 0.7761916656250001 0.3826906255813954 0.775135415625 0.38229531162790703 0.783935415625 0.3912718744186046 0.7853416656250001 0.40935625116279073 0.7860458343750001 0.409092188372093 0.7761916656250001
4 0.533904688372093 0.717916665625 0.5341687511627907 0.72918125 0.5607031255813953 0.72953125 0.5602125 0.717854165625 0.533904688372093 0.717916665625
0 0.5350484372093023 0.7343625 0.5345703116279069 0.741002084375 0.5347109372093023 0.748752084375 0.5610187511627908 0.7492 0.5606812511627907 0.7357104156250001 0.5350484372093023 0.7343625
0 0.5333703116279069 0.758152084375 0.5338765627906977 0.773216665625 0.559679688372093 0.7777125 0.5601859372093023 0.76894375 0.5333703116279069 0.758152084375
0 0.4634437488372093 0.730966665625 0.46457187441860465 0.743025 0.491217188372093 0.74235 0.49155468837209304 0.729310415625 0.4634437488372093 0.730966665625
0 0.4649609372093023 0.7520875 0.46435312558139535 0.7695916656249999 0.49234843720930227 0.768691665625 0.491167188372093 0.75093125 0.4649609372093023 0.7520875
0 0.384720311627907 0.727064584375 0.384045311627907 0.742352084375 0.41220937441860467 0.743927084375 0.4127156255813953 0.7275145843749999 0.384720311627907 0.727064584375
0 0.38312968837209305 0.754870834375 0.38298906279069767 0.768722915625 0.4092265627906977 0.770454165625 0.41014062558139536 0.756358334375 0.38312968837209305 0.754870834375
2 0.4122437511627907 0.797814584375 0.39991718837209306 0.797710415625 0.37886875116279073 0.79465625 0.3788359372093023 0.8117812499999999 0.3798484372093023 0.817627084375 0.41205937441860463 0.8183020843750001 0.4122437511627907 0.797814584375
2 0.4960281255813953 0.797291665625 0.46112031162790695 0.797741665625 0.461457811627907 0.815727084375 0.474104688372093 0.8166270843750001 0.4951859372093024 0.816177084375 0.4960281255813953 0.797291665625
2 0.493845311627907 0.697964584375 0.4604906255813953 0.699597915625 0.46097031162790697 0.7116687500000001 0.47058281162790694 0.71099375 0.4944390627906977 0.710039584375 0.493845311627907 0.697964584375
2 0.5305593744186047 0.68874375 0.5308968744186047 0.709427084375 0.564207811627907 0.70945 0.5653 0.68896875 0.5305593744186047 0.68874375
2 0.4050890627906977 0.696645834375 0.38251250000000003 0.694572915625 0.382120311627907 0.711816665625 0.41564843720930233 0.71565625 0.416692188372093 0.6969770843750001 0.4050890627906977 0.696645834375
4 0.49274531162790697 0.776635415625 0.46468906279069766 0.7776625 0.465154688372093 0.7887791656250001 0.4758484372093023 0.788602084375 0.49307031162790693 0.7866125 0.49274531162790697 0.776635415625
2 0.5303343744186046 0.791814584375 0.5299781255813953 0.81108125 0.5633875 0.811477084375 0.5640015627906977 0.793691665625 0.5303343744186046 0.791814584375