2 0.42845 0.46903125 0.4137984372093023 0.47149583437500003 0.39499687441860465 0.4705875 0.39518437441860466 0.48592500000000005 0.4065375 0.4880375 0.42845 0.488741665625 0.42845 0.46903125
2 0.42390937441860466 0.52014375 0.4244375 0.505360415625 0.4108406255813954 0.506064584375 0.397154688372093 0.504022915625 0.39724374883720925 0.518383334375 0.4046359372093023 0.52014375 0.4148 0.520495834375 0.42390937441860466 0.52014375
2 0.4681562488372093 0.53266875 0.46800312558139534 0.547335415625 0.4953281255813954 0.548391665625 0.4958562488372093 0.5343125 0.4681562488372093 0.53266875
2 0.4975890627906977 0.5835583343749999 0.49825 0.567895834375 0.464179688372093 0.566160415625 0.46419218837209303 0.5817979156249999 0.47514843720930233 0.5844375 0.48821718837209305 0.584966665625 0.4975890627906977 0.5835583343749999
2 0.5559375 0.47427916562499994 0.5558062511627907 0.459145834375 0.5469609372093024 0.461785415625 0.5220281255813953 0.459458334375 0.521879688372093 0.47216874999999997 0.5323093744186047 0.475160415625 0.5432656255813954 0.47603958437499994 0.5559375 0.47427916562499994
2 0.5515656255813953 0.49317708437499996 0.524257811627907 0.492577084375 0.5238437511627907 0.50514375 0.5292562488372093 0.505495834375 0.5514328116279069 0.505847915625 0.5515656255813953 0.49317708437499996
0 0.5515718744186047 0.527475 0.5515718744186047 0.513747915625 0.5389 0.51533125 0.5249562488372093 0.512889584375 0.524642188372093 0.5253625000000001 0.5329593744186046 0.527825 0.5419359372093023 0.52870625 0.5515718744186047 0.527475
0 0.49635 0.514597915625 0.4695531255813954 0.5126625 0.46942187441860467 0.525508334375 0.4803781255813953 0.5262125 0.495954688372093 0.526741665625 0.49635 0.514597915625
0 0.42411249999999995 0.525933334375 0.3967875 0.527166665625 0.3966562511627907 0.540539584375 0.40853593720930237 0.541947915625 0.423717188372093 0.541595834375 0.42411249999999995 0.525933334375
5 0.39575468837209304 0.551270834375 0.3958859372093023 0.5630604156250001 0.42281562558139535 0.56429375 0.42281562558139535 0.552325 0.39575468837209304 0.551270834375
5 0.46975156279069763 0.489902084375 0.4695390627906976 0.50084375 0.4960718744186046 0.5018979156250001 0.49620312558139534 0.4909875 0.46975156279069763 0.489902084375
5 0.5512781255813953 0.540204165625 0.5247437511627907 0.54038125 0.5246124999999999 0.550939584375 0.5388687488372093 0.552172915625 0.55075 0.553404165625 0.5512781255813953 0.540204165625
1 0.391742188372093 0.585433334375 0.3916281255813953 0.5974625 0.42462968837209303 0.60080625 0.42581718837209304 0.5881354156249999 0.391742188372093 0.585433334375
1 0.5015531255813953 0.468325 0.5019484372093024 0.456533334375 0.4672312511627907 0.45495 0.467495311627907 0.467620834375 0.47950781162790695 0.469204165625 0.49534843720930233 0.468502084375 0.5015531255813953 0.468325
1 0.548625 0.586570834375 0.553904688372093 0.585691665625 0.5537718744186046 0.573195834375 0.5387234372093024 0.5739 0.520525 0.570489584375 0.5205078116279069 0.5821708343750001 0.5272390627906977 0.584635415625 0.5379312511627907 0.58621875 0.548625 0.586570834375