7 0.46669218837209303 0.7511687499999999 0.46732812558139536 0.7401416656250001 0.46573749999999997 0.73165625 0.44760312558139537 0.7358979156250001 0.4339234372093023 0.7358979156250001 0.43296875116279065 0.7422625 0.4332875 0.7545625 0.45046718837209304 0.7541395843750001 0.46669218837209303 0.7511687499999999
7 0.538525 0.8601854156250001 0.5452062511627908 0.8584875000000001 0.5496609372093023 0.8512770843749999 0.549342188372093 0.8419437500000001 0.5334359372093024 0.843641665625 0.5153015627906976 0.83855 0.5153015627906976 0.8457625 0.516892188372093 0.857639584375 0.5270718744186047 0.8593354156249999 0.538525 0.8601854156250001
7 0.4373093744186047 0.826252084375 0.4373093744186047 0.8415229156249999 0.4640343744186047 0.839827084375 0.4643515627906977 0.8237062500000001 0.4373093744186047 0.826252084375
7 0.520392188372093 0.751864584375 0.5200734372093023 0.766710415625 0.5458437488372093 0.767983334375 0.5471156255813954 0.753560415625 0.520392188372093 0.751864584375
7 0.593745311627907 0.741902084375 0.6010625 0.742325 0.6096531255813954 0.7406291656249999 0.609017188372093 0.723660415625 0.5915187488372093 0.724510415625 0.5765656255813953 0.7228125000000001 0.5733843744186047 0.7296 0.5737031255813954 0.737660415625 0.583882811627907 0.7410520843749999 0.593745311627907 0.741902084375
7 0.6083593744186047 0.8149791656250001 0.594042188372093 0.8175229156249999 0.5813156255813954 0.815827084375 0.5803625 0.831522915625 0.596904688372093 0.8281291656249999 0.6089953116279069 0.8281291656249999 0.6083593744186047 0.8149791656250001
0 0.4639687511627907 0.8049520843750001 0.463332811627907 0.788833334375 0.4448796883720931 0.793075 0.43629062558139536 0.79265 0.43660781162790696 0.805377084375 0.44265312558139536 0.8074979156250001 0.4493343744186047 0.80665 0.4639687511627907 0.8049520843750001
0 0.46535312558139535 0.774622915625 0.4643984372093023 0.761472915625 0.45039999999999997 0.7661374999999999 0.43544687441860463 0.76359375 0.436082811627907 0.775470834375 0.44308281162790697 0.77674375 0.45453593720930235 0.777166665625 0.46535312558139535 0.774622915625
0 0.5455687488372093 0.784283334375 0.5197984372093023 0.783010415625 0.5191625000000001 0.7987062500000001 0.5315703116279069 0.8008270843749999 0.54525 0.799554165625 0.5455687488372093 0.784283334375
0 0.6053843744186047 0.783560415625 0.5885218744186046 0.78483125 0.5780234372093024 0.782710415625 0.5783421883720931 0.796285415625 0.5904312488372093 0.7992541656250001 0.6057031255813953 0.797558334375 0.6053843744186047 0.783560415625
0 0.596542188372093 0.764839584375 0.6057671883720931 0.763991665625 0.6060859372093024 0.74956875 0.593042188372093 0.750416665625 0.574907811627907 0.747872915625 0.5745890627906977 0.7533875 0.578725 0.763991665625 0.5889062488372093 0.764839584375 0.596542188372093 0.764839584375
0 0.5384390627906976 0.8324979156250001 0.547982811627907 0.83165 0.546392188372093 0.8248625 0.5441656255813954 0.8159541656249999 0.5346203116279069 0.819772915625 0.516804688372093 0.816379165625 0.5142593744186046 0.8231666656250001 0.5142593744186046 0.8282562499999999 0.526667188372093 0.8295291656250001 0.5384390627906976 0.8324979156250001
2 0.4643984372093023 0.868675 0.4685343744186047 0.865704165625 0.4688515627906976 0.853827084375 0.451354688372093 0.85849375 0.43417343720930235 0.8572208343750001 0.434492188372093 0.864008334375 0.436082811627907 0.8707958343750001 0.4516718744186047 0.8707958343750001 0.4643984372093023 0.868675
2 0.5466359372093023 0.737627084375 0.5529984372093023 0.736779165625 0.5526812511627908 0.724902084375 0.5329562511627907 0.726175 0.5192765627906977 0.723204165625 0.5164125 0.72575 0.5167312511627907 0.735083334375 0.5275468744186047 0.737627084375 0.5466359372093023 0.737627084375
2 0.605654688372093 0.860097915625 0.6110625 0.857977084375 0.6113812488372092 0.851189584375 0.6116984372093023 0.843129165625 0.600245311627907 0.8486437499999999 0.5897468744186046 0.84906875 0.577657811627907 0.846522915625 0.577657811627907 0.850764584375 0.578929688372093 0.860520834375 0.5900656255813953 0.86221875 0.605654688372093 0.860097915625