2 0.466575 0.8133895843750001 0.43453749999999997 0.80849375 0.43393437441860466 0.825264584375 0.46558593720930236 0.827375 0.466575 0.8133895843750001
2 0.5135640627906977 0.8083770843750001 0.48052812558139535 0.81154375 0.480725 0.8223625 0.5135640627906977 0.8184041656250001 0.5135640627906977 0.8083770843750001
2 0.4613390627906977 0.91769375 0.4299937511627907 0.91329375 0.42929218837209304 0.925345834375 0.46153750000000004 0.928247915625 0.4613390627906977 0.91769375
2 0.5172171883720931 0.925135415625 0.5184046883720931 0.913789584375 0.4970406255813954 0.9161645843749999 0.4970406255813954 0.9119416656249999 0.4854843744186047 0.909522915625 0.4859625 0.925927084375 0.5015890627906977 0.92645625 0.5172171883720931 0.925135415625
2 0.5795312488372093 0.7912229156249999 0.5678593744186047 0.79491875 0.5478078116279069 0.798270834375 0.5484734372093023 0.8086395843749999 0.5803218744186047 0.805210415625 0.5795312488372093 0.7912229156249999
2 0.5883406255813953 0.908652084375 0.5875484372093023 0.8925541656249999 0.5786468744186046 0.8991520843749999 0.554145311627907 0.9041229156249999 0.5555015627906976 0.9155125 0.568557811627907 0.9134020843749999 0.5883406255813953 0.908652084375
6 0.45971562558139534 0.836083334375 0.434592188372093 0.834764584375 0.43419687441860466 0.8487500000000001 0.458529688372093 0.851125 0.45971562558139534 0.836083334375
6 0.5134062488372093 0.8858874999999999 0.4884984372093023 0.8880270843750001 0.4876890627906977 0.898554165625 0.5138015627906977 0.896970834375 0.5134062488372093 0.8858874999999999
6 0.5772625 0.830666665625 0.5772625 0.8187916656249999 0.5729093744186047 0.822222915625 0.5529093744186047 0.8264250000000001 0.5529296883720931 0.83594375 0.5681625 0.835152084375 0.5772625 0.830666665625
0 0.46054843720930233 0.861345834375 0.43621562558139537 0.8597625000000001 0.43384218837209304 0.868208334375 0.4593609372093023 0.872429165625 0.46054843720930233 0.861345834375
0 0.45916250000000003 0.883054165625 0.43370312558139534 0.8817 0.43265468837209303 0.89625 0.4593609372093023 0.8988875000000001 0.45916250000000003 0.883054165625
0 0.5102531255813954 0.837666665625 0.4848515627906977 0.8385020843750001 0.48572343720930233 0.854291665625 0.509857811627907 0.851125 0.5102531255813954 0.837666665625
0 0.5115859372093023 0.8644437500000001 0.4868765627906977 0.865995834375 0.4864625 0.876845834375 0.5111906255813954 0.8752625 0.5115859372093023 0.8644437500000001
0 0.5808625 0.842541665625 0.5565109372093023 0.8481895843749999 0.5559375 0.859166665625 0.5806656255813953 0.85494375 0.5808625 0.842541665625
0 0.5802812511627907 0.8644437500000001 0.5686109372093023 0.870777084375 0.5550890627906977 0.87325 0.556345311627907 0.88344375 0.580875 0.8823874999999999 0.5802812511627907 0.8644437500000001