2 0.4710015627906977 0.7968375 0.45976093720930233 0.7971375 0.446495311627907 0.7947375 0.446495311627907 0.8058291656250001 0.4599843744186047 0.806129165625 0.4723515627906977 0.8064291656250001 0.4710015627906977 0.7968375
2 0.5323937511627908 0.77376875 0.5314937511627907 0.764477084375 0.5195781255813954 0.767475 0.5018156255813954 0.764177084375 0.5011406255813953 0.777366665625 0.5137312511627907 0.777666665625 0.5274468744186046 0.7779666656249999 0.5323937511627908 0.77376875
2 0.6005171883720931 0.79964375 0.5868031255813954 0.8011437499999999 0.5766859372093023 0.796645834375 0.5762359372093023 0.806239584375 0.5856781255813953 0.8092375 0.600967188372093 0.8056395843749999 0.6005171883720931 0.79964375
2 0.6068718744186047 0.89188125 0.6084453116279069 0.882289584375 0.595854688372093 0.8867854156250001 0.5819156255813953 0.886485415625 0.575845311627907 0.8849875 0.5769687511627907 0.895779165625 0.5864125 0.89428125 0.6019249999999999 0.8939812500000001 0.6068718744186047 0.89188125
2 0.5254937488372093 0.861397915625 0.5295406255813954 0.861397915625 0.5304406255813954 0.85120625 0.5187484372093023 0.8560020843749999 0.5045843744186047 0.8494083343750001 0.5048093744186046 0.8596 0.5077312488372093 0.861697915625 0.517625 0.8625979156250001 0.5254937488372093 0.861397915625
2 0.47250468837209303 0.890683334375 0.473179688372093 0.879291665625 0.46823281162790703 0.8840875 0.45901562558139536 0.8846875000000001 0.4506968744186047 0.8837875000000001 0.44215312558139536 0.8783916656249999 0.44237812558139533 0.889183334375 0.4540687488372093 0.89248125 0.46643437441860464 0.89338125 0.47250468837209303 0.890683334375
0 0.45946562558139536 0.821229165625 0.44665000000000005 0.81853125 0.44575000000000004 0.829022915625 0.4709312511627907 0.8302229156250001 0.4709312511627907 0.819429165625 0.45946562558139536 0.821229165625
0 0.5284171883720931 0.836408334375 0.5315640627906977 0.836408334375 0.5302156255813953 0.8280145843750001 0.517625 0.8295125000000001 0.5048093744186046 0.8271145843750001 0.5048093744186046 0.83820625 0.5129031255813953 0.83760625 0.5216718744186046 0.83820625 0.5284171883720931 0.836408334375
0 0.5933812511627907 0.82503125 0.5778687511627907 0.821733334375 0.5771937488372093 0.8325270843749999 0.6034984372093023 0.831927084375 0.603275 0.8214333343750001 0.5933812511627907 0.82503125
4 0.476254688372093 0.774147915625 0.47558125116279065 0.766654165625 0.4618656255813953 0.767552084375 0.444329688372093 0.764854165625 0.443204688372093 0.77205 0.45197343720930233 0.774147915625 0.46299062558139537 0.775645834375 0.476254688372093 0.774147915625
4 0.5326890627906977 0.8921812499999999 0.5331374999999999 0.8840875 0.5203218744186047 0.887985415625 0.5016609372093023 0.8843875000000001 0.5018859372093023 0.89278125 0.5149265627906977 0.89338125 0.524145311627907 0.894579165625 0.5326890627906977 0.8921812499999999
4 0.6040562511627907 0.772870834375 0.6038312511627908 0.766875 0.5876437511627907 0.769272915625 0.5710062511627907 0.768075 0.5710062511627907 0.77586875 0.5806734372093023 0.77616875 0.5959625 0.7752687500000001 0.6040562511627907 0.772870834375
7 0.6035109372093024 0.8443270843749999 0.5886718744186047 0.849422915625 0.577654688372093 0.8422291656249999 0.577654688372093 0.85661875 0.5927187488372093 0.85631875 0.6023875000000001 0.85481875 0.6035109372093024 0.8443270843749999
7 0.5297781255813954 0.814222915625 0.5295531255813953 0.80433125 0.5144890627906977 0.8058291656250001 0.5041468744186046 0.80433125 0.5041468744186046 0.813925 0.5167375 0.815122915625 0.522357811627907 0.8157229156250001 0.5297781255813954 0.814222915625
7 0.4700312511627907 0.8552 0.46980781162790697 0.84470625 0.4614890627906976 0.84470625 0.44620000000000004 0.8426083343749999 0.445975 0.8513020843750001 0.453170311627907 0.8552 0.4628375 0.8554999999999999 0.4700312511627907 0.8552