2 0.4757734372093024 0.558620834375 0.4437359372093023 0.553725 0.44313281162790696 0.5704958343750001 0.47478437441860466 0.57260625 0.4757734372093024 0.558620834375
2 0.5238437511627907 0.553608334375 0.490807811627907 0.556775 0.491004688372093 0.56759375 0.5238437511627907 0.5636354156250001 0.5238437511627907 0.553608334375
2 0.47161875116279073 0.663645834375 0.44027343720930234 0.659245834375 0.4395718744186047 0.6713 0.471817188372093 0.674202084375 0.47161875116279073 0.663645834375
2 0.5264156255813953 0.668925 0.5276015627906977 0.657577084375 0.5062375 0.659952084375 0.5062375 0.655729165625 0.49468281162790695 0.653310415625 0.49515937441860464 0.669716665625 0.5107875 0.67024375 0.5264156255813953 0.668925
2 0.5887281255813954 0.536454165625 0.577057811627907 0.54015 0.5570062488372093 0.543502084375 0.557670311627907 0.553870834375 0.589520311627907 0.550441665625 0.5887281255813954 0.536454165625
2 0.598620311627907 0.653883334375 0.5978281255813954 0.637785415625 0.5889265627906977 0.644383334375 0.5644250000000001 0.6493541656249999 0.5657812511627907 0.66074375 0.5788375 0.6586333343749999 0.598620311627907 0.653883334375
6 0.47161875116279073 0.581314584375 0.446495311627907 0.579995834375 0.4461 0.59398125 0.470432811627907 0.59635625 0.47161875116279073 0.581314584375
6 0.5220625 0.6303979156249999 0.4971562488372093 0.6325375 0.49634687441860464 0.643064584375 0.5224593744186047 0.64148125 0.5220625 0.6303979156249999
6 0.587542188372093 0.574454165625 0.587542188372093 0.562579165625 0.5831890627906977 0.566010415625 0.5631890627906977 0.5702125 0.5632093744186046 0.57973125 0.578442188372093 0.578939584375 0.587542188372093 0.574454165625
0 0.47082812558139536 0.60585625 0.446495311627907 0.604272915625 0.4441218744186047 0.612716665625 0.46964062558139535 0.6169395843750001 0.47082812558139536 0.60585625
0 0.4694437511627907 0.628285415625 0.443982811627907 0.6269312499999999 0.44293437441860467 0.64148125 0.46964062558139535 0.64411875 0.4694437511627907 0.628285415625
0 0.5210734372093023 0.582897915625 0.4956718744186046 0.583733334375 0.4965437511627907 0.5995229156249999 0.5206781255813954 0.59635625 0.5210734372093023 0.582897915625
0 0.5218656255813954 0.60823125 0.4971562488372093 0.609783334375 0.49674218837209305 0.620633334375 0.521470311627907 0.61905 0.5218656255813954 0.60823125
0 0.589520311627907 0.586329165625 0.565167188372093 0.5919770843750001 0.564595311627907 0.602954165625 0.5893218744186047 0.5987312499999999 0.589520311627907 0.586329165625
0 0.5911031255813953 0.60823125 0.5794312511627907 0.614564584375 0.5659093744186047 0.6170375 0.5671656255813953 0.62723125 0.591695311627907 0.626175 0.5911031255813953 0.60823125