3 0.4782984372093023 0.694491665625 0.46615937441860467 0.696179165625 0.45351406279069767 0.69415625 0.453007811627907 0.703935415625 0.46362968837209306 0.70865625 0.478045311627907 0.705283334375 0.4782984372093023 0.694491665625
3 0.5243609372093023 0.704375 0.5233484372093024 0.696283334375 0.5112093744186047 0.69830625 0.49831093720930236 0.693585415625 0.4978062511627907 0.707410415625 0.509945311627907 0.708085415625 0.5162671883720931 0.710108334375 0.5243609372093023 0.704375
3 0.5746031255813954 0.653716665625 0.573845311627907 0.6469729156249999 0.565245311627907 0.6459604156250001 0.550325 0.647983334375 0.5498187511627907 0.6584375 0.5637281255813954 0.6584375 0.5718218744186047 0.657089584375 0.5746031255813954 0.653716665625
0 0.4791890627906977 0.643720834375 0.46780937441860465 0.64641875 0.45339375116279074 0.643720834375 0.45263437441860466 0.6568729156249999 0.4632562488372093 0.6568729156249999 0.4789375 0.6568729156249999 0.4791890627906977 0.643720834375
0 0.4785281255813953 0.670541665625 0.47043437441860464 0.671216665625 0.45349062558139536 0.6688562499999999 0.45273124883720933 0.680320834375 0.4636062511627907 0.6820083343750001 0.47903437441860464 0.6799833343749999 0.4785281255813953 0.670541665625
0 0.5229031255813953 0.67208125 0.5079812511627907 0.6734312499999999 0.49786406279069767 0.670733334375 0.49735937441860467 0.683883334375 0.5082343744186046 0.682872915625 0.5223968744186046 0.683883334375 0.5229031255813953 0.67208125
0 0.5240625 0.64799375 0.5099 0.652039584375 0.4985187511627907 0.648666665625 0.4980125 0.662829165625 0.514957811627907 0.663841665625 0.5235562511627907 0.659458334375 0.5240625 0.64799375
0 0.575117188372093 0.672083334375 0.565 0.6717479156249999 0.550079688372093 0.670397915625 0.5495734372093023 0.680177084375 0.5604484372093024 0.682875 0.5748640627906977 0.682875 0.575117188372093 0.672083334375
0 0.5762218744186046 0.690752084375 0.5620578116279069 0.6978333343750001 0.5501718744186046 0.691425 0.5506781255813954 0.703564584375 0.5653468744186047 0.704914584375 0.5764734372093023 0.703564584375 0.5762218744186046 0.690752084375
2 0.580404688372093 0.7235625 0.5606781255813953 0.72963125 0.548032811627907 0.723225 0.548792188372093 0.7373875 0.5627015627906976 0.7400854156250001 0.580404688372093 0.7360395843750001 0.580404688372093 0.7235625
2 0.5282515627906976 0.7267375 0.5115593744186047 0.729435415625 0.49613281162790696 0.7270749999999999 0.49613281162790696 0.7412375 0.511054688372093 0.742922915625 0.525975 0.739214584375 0.5282515627906976 0.7267375
2 0.578795311627907 0.614095834375 0.5633671883720931 0.6161187499999999 0.5456640627906977 0.614770834375 0.544904688372093 0.626572915625 0.5595734372093023 0.6275833343749999 0.578795311627907 0.624885415625 0.578795311627907 0.614095834375
2 0.527567188372093 0.6156291656249999 0.5116343744186046 0.6206875000000001 0.4936781255813954 0.615966665625 0.49443750000000003 0.630466665625 0.516945311627907 0.6314770843749999 0.5268093744186046 0.62641875 0.527567188372093 0.6156291656249999
2 0.4835718744186046 0.6135125 0.470420311627907 0.6141875 0.4512 0.612164584375 0.4512 0.625989584375 0.46333906279069764 0.627339584375 0.48407812558139535 0.625989584375 0.4835718744186046 0.6135125
2 0.4815187511627907 0.7241208343750001 0.467607811627907 0.726483334375 0.44813437441860465 0.723785415625 0.4491468744186047 0.7349125 0.46077968837209304 0.739295834375 0.48000156279069767 0.7379479156250001 0.4815187511627907 0.7241208343750001