2 0.41295781162790696 0.571097915625 0.420192188372093 0.570929165625 0.4204468744186047 0.55333125 0.38757187441860463 0.550116665625 0.38757187441860463 0.565345834375 0.39201406279069767 0.567545834375 0.4005187488372093 0.5692375000000001 0.41295781162790696 0.571097915625
2 0.41682812558139537 0.67381875 0.4172093744186047 0.654529165625 0.38344531162790696 0.6499604156250001 0.38268437441860464 0.67128125 0.389157811627907 0.671958334375 0.4059125 0.67381875 0.41682812558139537 0.67381875
2 0.5001 0.65490625 0.4663375 0.654229165625 0.46697187441860466 0.6730125 0.48182187441860463 0.672504165625 0.5001 0.672504165625 0.5001 0.65490625
2 0.49788125116279075 0.5532375 0.46615 0.55526875 0.46564218837209304 0.5671125 0.47935 0.565758334375 0.49762812558139535 0.566097915625 0.49788125116279075 0.5532375
2 0.5692593744186046 0.546429165625 0.534492188372093 0.544658334375 0.5349890627906977 0.565720834375 0.553775 0.565889584375 0.5690062488372093 0.5655520843749999 0.5692593744186046 0.546429165625
2 0.5679906255813953 0.6499604156250001 0.5349890627906977 0.64606875 0.534354688372093 0.665529165625 0.5514890627906976 0.6670520843750001 0.5678640627906977 0.666883334375 0.5679906255813953 0.6499604156250001
0 0.5651343744186046 0.590347915625 0.5388609372093024 0.5895020843750001 0.539495311627907 0.603716665625 0.5528218744186046 0.60506875 0.5653890627906977 0.6042229156250001 0.5651343744186046 0.590347915625
0 0.565007811627907 0.623852084375 0.537825 0.61469375 0.538225 0.630452084375 0.5462218744186046 0.632483334375 0.565007811627907 0.633160415625 0.565007811627907 0.623852084375
0 0.4692968744186046 0.5883125 0.46917031162790696 0.59948125 0.49620624883720926 0.59948125 0.4967140627906977 0.587635415625 0.4692968744186046 0.5883125
0 0.49620624883720926 0.6252020843749999 0.496332811627907 0.605064584375 0.46943124883720927 0.606441665625 0.4696781255813953 0.624525 0.47640468837209304 0.6246937499999999 0.4878281255813954 0.625708334375 0.49620624883720926 0.6252020843749999
0 0.4164484372093023 0.5984229156249999 0.41594062558139533 0.5831937500000001 0.389157811627907 0.583870834375 0.388270311627907 0.5980854156250001 0.398170311627907 0.60113125 0.4164484372093023 0.598591665625 0.4164484372093023 0.5984229156249999
0 0.41517812558139533 0.626175 0.41517812558139533 0.613145834375 0.38818281162790697 0.611308334375 0.38801562558139535 0.623466665625 0.3957593744186047 0.6243125 0.40438906279069764 0.62600625 0.41517812558139533 0.626175
4 0.4146812511627907 0.6333854156250001 0.387332811627907 0.6303625 0.38666093720930234 0.6404416656249999 0.39693593720930237 0.641064584375 0.41421406279069767 0.641895834375 0.4146812511627907 0.6333854156250001
4 0.496720311627907 0.63359375 0.47004687441860465 0.6324375 0.46947812558139534 0.645008334375 0.47990781162790697 0.64563125 0.4978093744186047 0.644385415625 0.496720311627907 0.63359375
4 0.539070311627907 0.573727084375 0.539070311627907 0.586179165625 0.5656890627906976 0.586179165625 0.5655343744186047 0.573520834375 0.539070311627907 0.573727084375