2 0.45732500000000004 0.685433334375 0.4576218744186047 0.6729625 0.44158593720930234 0.6753375 0.4243687511627907 0.670547915625 0.42391562558139534 0.683058334375 0.42955781162790696 0.686027084375 0.44425781162790695 0.68800625 0.45732500000000004 0.685433334375
2 0.578954688372093 0.674795834375 0.5442093744186046 0.673014584375 0.5445062488372093 0.6844958343750001 0.5627703116279069 0.686475 0.5791046883720931 0.68469375 0.578954688372093 0.674795834375
2 0.5031140627906977 0.793720834375 0.5045984372093023 0.781447915625 0.48945312558139537 0.783625 0.4697031255813953 0.778279165625 0.4702984372093023 0.788572915625 0.47831562558139534 0.7921375 0.4931656255813953 0.7945125 0.5031140627906977 0.793720834375
7 0.45294218837209305 0.7081666656250001 0.4259984372093023 0.70635 0.4260656255813954 0.717075 0.4413593744186046 0.7194499999999999 0.4533875 0.719054165625 0.45294218837209305 0.7081666656250001
7 0.5013718744186046 0.7492416656249999 0.4749609372093023 0.746708334375 0.47453750000000006 0.7590041656250001 0.48874218837209304 0.761033334375 0.5018734372093023 0.76104375 0.5013718744186046 0.7492416656249999
7 0.5605125 0.7060125 0.5472875 0.702116665625 0.5472968744186046 0.7167020843749999 0.5743218744186046 0.7180875 0.574025 0.706210415625 0.5605125 0.7060125
2 0.574432811627907 0.7309187500000001 0.5468140627906977 0.729929165625 0.5472875 0.7428 0.5665703116279069 0.744425 0.5741359372093023 0.743191665625 0.574432811627907 0.7309187500000001
0 0.50235 0.722691665625 0.47443437441860464 0.721108334375 0.4747312488372093 0.733777084375 0.485125 0.734766665625 0.5024984372093023 0.734964584375 0.50235 0.722691665625
0 0.45200468837209307 0.7302875 0.4245687488372093 0.727860415625 0.42468281162790694 0.7411749999999999 0.4322562511627907 0.743747915625 0.4518562488372093 0.743352084375 0.45200468837209307 0.7302875
0 0.45036718837209305 0.756202084375 0.4249125 0.75465 0.4245312511627907 0.767683334375 0.4324015627906977 0.768277084375 0.450517188372093 0.768079165625 0.45036718837209305 0.756202084375
8 0.5015906255813953 0.69920625 0.475307811627907 0.698016665625 0.474417188372093 0.710291665625 0.483920311627907 0.711677084375 0.501442188372093 0.711083334375 0.5015906255813953 0.69920625
8 0.5742656255813954 0.75698125 0.5466468744186046 0.7559916656250001 0.5469437488372093 0.7680666656249999 0.5600906255813953 0.76905 0.5744140627906977 0.76786875 0.5742656255813954 0.75698125
9 0.5057593744186046 0.670964584375 0.48794062558139534 0.6713604156249999 0.47041874883720924 0.6672041656250001 0.47086406279069765 0.680070834375 0.485417188372093 0.681258334375 0.5056109372093023 0.68284375 0.5057593744186046 0.670964584375
9 0.4542562488372093 0.794479165625 0.4542562488372093 0.785172915625 0.440929688372093 0.78635625 0.41964687441860465 0.782320834375 0.41947812558139536 0.794310415625 0.42684062558139535 0.795325 0.4410234372093023 0.79800625 0.4542562488372093 0.794479165625
9 0.5773640627906976 0.7960625 0.5772156255813954 0.787154165625 0.561920311627907 0.787747915625 0.542492188372093 0.783279165625 0.5429140627906976 0.796260415625 0.5552390627906977 0.799229165625 0.569345311627907 0.799625 0.5773640627906976 0.7960625