2 0.4329984372093023 0.70189375 0.3993140627906977 0.6981208343749999 0.3990718744186047 0.7099875 0.4110843744186046 0.713860415625 0.43260156279069767 0.71526875 0.4329984372093023 0.70189375
2 0.492692188372093 0.829720834375 0.47526718837209303 0.831129165625 0.45935468837209303 0.8296041656250001 0.4594265627906977 0.8432708343750001 0.47025 0.844504165625 0.49255937441860465 0.843975 0.492692188372093 0.829720834375
2 0.566854688372093 0.71588125 0.5512781255813953 0.718520834375 0.5325781255813953 0.7159500000000001 0.533192188372093 0.731720834375 0.5502765627906977 0.731004165625 0.5671265627906976 0.730541665625 0.566854688372093 0.71588125
6 0.42712656279069766 0.7354437500000001 0.400075 0.732464584375 0.39953750000000005 0.744772915625 0.4079859372093023 0.7475875000000001 0.42686406279069766 0.748466665625 0.42712656279069766 0.7354437500000001
6 0.46327812558139536 0.795666665625 0.4633906255813954 0.809010415625 0.489792188372093 0.8097145843750001 0.489792188372093 0.79704375 0.46327812558139536 0.795666665625
6 0.5361015627906976 0.751295834375 0.5361515627906976 0.765004165625 0.5632125 0.7648291656249999 0.5636093744186047 0.750397915625 0.5361015627906976 0.751295834375
0 0.46315937441860466 0.773364584375 0.46308906279069767 0.7871125 0.48962343720930235 0.78605625 0.4901515627906977 0.774089584375 0.46315937441860466 0.773364584375
0 0.426845311627907 0.75788125 0.399667188372093 0.755964584375 0.3993875 0.76914375 0.412682811627907 0.77195 0.42658124883720927 0.771960415625 0.426845311627907 0.75788125
8 0.4261406255813953 0.782570834375 0.3986984372093023 0.77986875 0.398154688372093 0.791720834375 0.40897968837209303 0.794889584375 0.4256125 0.7943625 0.4261406255813953 0.782570834375
8 0.49033906279069767 0.750066665625 0.463825 0.7486312500000001 0.4636734372093024 0.7618583343750001 0.4779312488372093 0.7627375 0.4906031255813953 0.762210415625 0.49033906279069767 0.750066665625
8 0.536395311627907 0.79715 0.536604688372093 0.811160415625 0.5639312488372092 0.8116895843749999 0.5644593744186047 0.7991937499999999 0.536395311627907 0.79715
9 0.4618375 0.720529165625 0.461792188372093 0.732141665625 0.49532187441860465 0.7324937499999999 0.49558593720930233 0.722285415625 0.4618375 0.720529165625
9 0.4274390627906977 0.824029165625 0.4274390627906977 0.8147020843749999 0.39411093720930235 0.811733334375 0.3935125 0.8201583343750001 0.40182968837209304 0.82315 0.41516250000000005 0.8243812500000001 0.4274390627906977 0.824029165625
9 0.5678609372093023 0.83063125 0.5516234372093024 0.8329187499999999 0.5334265627906977 0.8299145843750001 0.5336703116279069 0.840485415625 0.549775 0.843125 0.5678609372093023 0.840308334375 0.5678609372093023 0.83063125
0 0.564067188372093 0.785272915625 0.5637718744186047 0.774508334375 0.5359999999999999 0.775104165625 0.53605 0.785770834375 0.5449062488372093 0.784683334375 0.5546109372093023 0.78395625 0.564067188372093 0.785272915625