0 0.4850390627906977 0.78914375 0.484775 0.8021666656249999 0.5117 0.8021666656249999 0.5115343744186046 0.7873249999999999 0.4850390627906977 0.78914375
0 0.4844187511627907 0.811535415625 0.4852109372093023 0.823502084375 0.511079688372093 0.822797915625 0.512157811627907 0.810575 0.4844187511627907 0.811535415625
0 0.4839687488372093 0.832433334375 0.4844968744186046 0.84545625 0.5124781255813953 0.84545625 0.5119312511627907 0.832066665625 0.4839687488372093 0.832433334375
0 0.553445311627907 0.84046875 0.5537093744186047 0.85595625 0.5821781255813954 0.854575 0.5819609372093023 0.839820834375 0.553445311627907 0.84046875
0 0.5519484372093023 0.820804165625 0.5524765627906977 0.8359375 0.580457811627907 0.8348812499999999 0.5788734372093024 0.8201 0.5519484372093023 0.820804165625
0 0.551407811627907 0.797379165625 0.551295311627907 0.812233334375 0.57875 0.8087125000000001 0.57875 0.796041665625 0.551407811627907 0.797379165625
0 0.40050781162790694 0.7891 0.399979688372093 0.8035291656249999 0.428225 0.8014187500000001 0.428225 0.786283334375 0.40050781162790694 0.7891
0 0.401257811627907 0.8357374999999999 0.40204843720930233 0.849110415625 0.4285906255813954 0.8473333343749999 0.428807811627907 0.8322916656249999 0.401257811627907 0.8357374999999999
0 0.40130625116279073 0.8078375 0.40130625116279073 0.8229729156250001 0.42823281162790694 0.819804165625 0.427704688372093 0.8036145843750001 0.40130625116279073 0.8078375
2 0.39920156279069763 0.869735415625 0.39946562558139537 0.8845166656250001 0.433254688372093 0.8834625 0.43403281162790697 0.868358334375 0.39920156279069763 0.869735415625
2 0.4815562511627907 0.8691854156250001 0.482442188372093 0.883470834375 0.5162312488372093 0.8810062500000001 0.516495311627907 0.869391665625 0.4815562511627907 0.8691854156250001
2 0.548417188372093 0.759360415625 0.5489437511627907 0.774845834375 0.582204688372093 0.7734375 0.5829968744186047 0.7579520843750001 0.548417188372093 0.759360415625
7 0.48114062558139536 0.758272915625 0.4819312488372093 0.770591665625 0.5161015627906977 0.770147915625 0.515192188372093 0.758625 0.48114062558139536 0.758272915625
7 0.397517188372093 0.7615000000000001 0.3969890627906977 0.774520834375 0.4313062511627907 0.771354165625 0.431570311627907 0.7569229156249999 0.397517188372093 0.7615000000000001
7 0.5524562488372093 0.874733334375 0.5517562511627907 0.8887104156250001 0.5871859372093023 0.885897915625 0.5858843744186046 0.871720834375 0.5524562488372093 0.874733334375