1 0.5327531255813953 0.77451875 0.515892188372093 0.77778125 0.49848750000000003 0.77705625 0.4990312511627907 0.786847915625 0.515892188372093 0.785758334375 0.5335687488372093 0.783583334375 0.5327531255813953 0.77451875
1 0.5778968744186046 0.7872104156249999 0.558317188372093 0.791197915625 0.5433593744186046 0.786120834375 0.5428156255813954 0.7973625 0.5610359372093023 0.7988125 0.5789859372093024 0.7969999999999999 0.5778968744186046 0.7872104156249999
1 0.6309281255813954 0.9007041656249999 0.6312 0.8898250000000001 0.6105312488372093 0.8956270843749999 0.5969343744186046 0.893089584375 0.5972062488372092 0.903241665625 0.611075 0.904329165625 0.6216812488372093 0.903241665625 0.6309281255813954 0.9007041656249999
5 0.6265765627906977 0.8582791656250001 0.6102593744186047 0.8622687499999999 0.5993812488372093 0.858641665625 0.5988375 0.873145834375 0.6091718744186048 0.873870834375 0.627120311627907 0.8716958343749999 0.6265765627906977 0.8582791656250001
5 0.5740906255813953 0.81803125 0.5558687488372093 0.81803125 0.5477109372093023 0.816216665625 0.548254688372093 0.829270834375 0.5648437488372093 0.8303583343750001 0.5740906255813953 0.829633334375 0.5740906255813953 0.81803125
5 0.5031109372093023 0.804977084375 0.5028390627906977 0.81839375 0.5289453116279069 0.8176687499999999 0.5297625 0.8060645843750001 0.5031109372093023 0.804977084375
0 0.5294906255813954 0.828183334375 0.5205156255813953 0.830720834375 0.5028390627906977 0.8289083343750001 0.5031109372093023 0.8401500000000001 0.514532811627907 0.8401500000000001 0.5303062511627907 0.8390625 0.5294906255813954 0.828183334375
0 0.5751781255813954 0.8408749999999999 0.560220311627907 0.8416 0.5474390627906977 0.839425 0.5477109372093023 0.849939584375 0.555325 0.851752084375 0.5746343744186047 0.851752084375 0.5751781255813954 0.8408749999999999
0 0.6252171883720931 0.811141665625 0.6113468744186047 0.8165812499999999 0.5996531255813954 0.812229165625 0.5996531255813954 0.8227437500000001 0.612979688372093 0.82346875 0.6252171883720931 0.82165625 0.6252171883720931 0.811141665625
0 0.6246734372093024 0.8470395843749999 0.624129688372093 0.8357979156249999 0.612707811627907 0.8379729156250001 0.6059078116279071 0.838335415625 0.5996531255813954 0.837247915625 0.5991093744186047 0.8470395843749999 0.6116187488372092 0.848852084375 0.6200500000000001 0.848489584375 0.6246734372093024 0.8470395843749999
0 0.5749062511627907 0.875685415625 0.5751781255813954 0.8651687499999999 0.5643 0.86625625 0.549070311627907 0.8651687499999999 0.5485265627906977 0.8745958343750001 0.558317188372093 0.876047915625 0.5667468744186046 0.876047915625 0.5749062511627907 0.875685415625
0 0.503382811627907 0.8550166656249999 0.5028390627906977 0.8644437500000001 0.5294906255813954 0.86335625 0.5297625 0.8550166656249999 0.503382811627907 0.8550166656249999
2 0.5316656255813953 0.900341665625 0.5343843744186046 0.8905520843750001 0.515892188372093 0.8916395843749999 0.5001187511627907 0.8905520843750001 0.5003906255813954 0.897439584375 0.502567188372093 0.902154165625 0.5240515627906976 0.902154165625 0.5316656255813953 0.900341665625
2 0.5765375 0.9130333343749999 0.5787125 0.91049375 0.5781687511627907 0.901791665625 0.561579688372093 0.903241665625 0.5436312488372093 0.901066665625 0.5439031255813953 0.90723125 0.5460796883720931 0.913758334375 0.5629406255813953 0.9130333343749999 0.5765375 0.9130333343749999
2 0.6211375 0.7882979156250001 0.6298406255813954 0.786483334375 0.628479688372093 0.77669375 0.6116187488372092 0.7785062500000001 0.5944859372093023 0.77524375 0.592854688372093 0.781408334375 0.5931265627906976 0.789385415625 0.611075 0.790110415625 0.6211375 0.7882979156250001