7 0.39164687441860463 0.838008334375 0.3919312511627907 0.828145834375 0.3734390627906977 0.83118125 0.35893125116279073 0.825110415625 0.35921562558139536 0.8391458343749999 0.3723015627906977 0.841802084375 0.38425 0.841802084375 0.39164687441860463 0.838008334375
7 0.4808906255813954 0.722285415625 0.46609843720930233 0.7268375 0.4487437511627907 0.7245625 0.4487437511627907 0.734425 0.45670937441860465 0.7374583343750001 0.481745311627907 0.7355625 0.4808906255813954 0.722285415625
7 0.5701640627906976 0.810095834375 0.5516734372093024 0.8142687499999999 0.536595311627907 0.8074395843750001 0.5351734372093023 0.821854165625 0.5468375 0.82526875 0.5690265627906976 0.82526875 0.5701640627906976 0.810095834375
0 0.5698734372093024 0.7608937499999999 0.5587781255813954 0.7608937499999999 0.5414249999999999 0.7574791656250001 0.5419937488372093 0.7692375 0.5522359372093023 0.776445834375 0.5684515627906976 0.774927084375 0.5698734372093024 0.7608937499999999
0 0.5695187511627907 0.733445834375 0.5578546883720931 0.7372395843749999 0.5427781255813954 0.733066665625 0.5419234372093023 0.752033334375 0.5587093744186047 0.7535499999999999 0.5698031255813953 0.7501375 0.5695187511627907 0.733445834375
0 0.47998281162790696 0.772958334375 0.4671812488372093 0.7809229156249999 0.4523875 0.775233334375 0.4526718744186047 0.7877500000000001 0.46547343720930234 0.78926875 0.47998281162790696 0.7866125 0.47998281162790696 0.772958334375
0 0.480232811627907 0.7946833343749999 0.4674312511627907 0.798477084375 0.4549140627906977 0.793925 0.4543437488372093 0.8098562499999999 0.465154688372093 0.8079583343750001 0.480232811627907 0.81326875 0.480232811627907 0.7946833343749999
0 0.3894625 0.7559145843749999 0.37836875116279073 0.756675 0.36414374883720935 0.752122915625 0.36215312558139534 0.763122915625 0.371825 0.7684333343749999 0.3894625 0.769191665625 0.3894625 0.7559145843749999
0 0.376432811627907 0.790129165625 0.38980312558139535 0.790129165625 0.38923437441860465 0.778370834375 0.37728593720930237 0.779129165625 0.3627781255813954 0.775714584375 0.3627781255813954 0.7867145843750001 0.36960468837209304 0.784439584375 0.3770015627906977 0.78709375 0.376432811627907 0.790129165625
8 0.38923906279069764 0.799510415625 0.37615312558139535 0.7991291656249999 0.3624984372093023 0.794579165625 0.3622125 0.8116479156249999 0.3764375 0.813164584375 0.3895234372093023 0.8124062500000001 0.38923906279069764 0.799510415625
8 0.568504688372093 0.779764584375 0.5554187511627907 0.782041665625 0.5409093744186046 0.777489584375 0.540625 0.794558334375 0.551720311627907 0.7953166656249999 0.568220311627907 0.7953166656249999 0.568504688372093 0.779764584375
8 0.47887343720930237 0.7526312500000001 0.4703375 0.753389584375 0.4529843744186046 0.750735415625 0.4532687511627907 0.76476875 0.4686312488372093 0.76590625 0.48029531162790695 0.7640104156249999 0.47887343720930237 0.7526312500000001
2 0.3923531255813954 0.718897915625 0.37699062558139534 0.722310415625 0.36105937441860464 0.7173791656249999 0.3587843744186046 0.730277084375 0.369025 0.73293125 0.3920687488372093 0.73293125 0.3923531255813954 0.718897915625
2 0.484517188372093 0.8420458343749999 0.484517188372093 0.832183334375 0.468017188372093 0.837114584375 0.4495265627906977 0.829527084375 0.4498109372093023 0.8458375 0.4651718744186047 0.8473541656249999 0.48138749999999997 0.8454583343750001 0.484517188372093 0.8420458343749999
2 0.572820311627907 0.701683334375 0.554329688372093 0.704716665625 0.5381140627906977 0.699785415625 0.538967188372093 0.716475 0.555467188372093 0.71799375 0.571967188372093 0.716475 0.572820311627907 0.701683334375