0 0.488870311627907 0.656472915625 0.48860625116279066 0.6694958343749999 0.5155312511627907 0.6694958343749999 0.5155156255813953 0.656429165625 0.488870311627907 0.656472915625
0 0.48824843720930233 0.680091665625 0.4890406255813953 0.692058334375 0.5149093744186046 0.691354165625 0.5159875 0.67913125 0.48824843720930233 0.680091665625
0 0.48737812558139537 0.70151875 0.4879062511627907 0.714541665625 0.5158875 0.714541665625 0.5153406255813954 0.701152084375 0.48737812558139537 0.70151875
0 0.556770311627907 0.684308334375 0.5572984372093023 0.699441665625 0.585279688372093 0.698385415625 0.583695311627907 0.683604165625 0.556770311627907 0.684308334375
0 0.5556156255813953 0.6611625 0.5555031255813954 0.676016665625 0.582957811627907 0.672495834375 0.582957811627907 0.659825 0.5556156255813953 0.6611625
0 0.40397187441860466 0.65479375 0.40344375116279074 0.669222915625 0.4316890627906977 0.6671125 0.4316890627906977 0.651977084375 0.40397187441860466 0.65479375
0 0.4039890627906977 0.7029229156250001 0.404779688372093 0.716295834375 0.43132187441860464 0.71451875 0.4315390627906977 0.699477084375 0.4039890627906977 0.7029229156250001
0 0.4040343744186046 0.678314584375 0.404232811627907 0.6926041656249999 0.4309609372093023 0.69028125 0.430432811627907 0.674091665625 0.4040343744186046 0.678314584375
2 0.40323906279069766 0.736029165625 0.4035031255813954 0.750810415625 0.4375906255813954 0.7492041656249999 0.4377609372093023 0.734114584375 0.40323906279069766 0.736029165625
2 0.485067188372093 0.737872915625 0.4852562511627907 0.7505499999999999 0.519679688372093 0.750272915625 0.5200062488372094 0.7380791656250001 0.485067188372093 0.737872915625
2 0.5506500000000001 0.627829165625 0.5511765627906977 0.643314584375 0.5844374999999999 0.64190625 0.585229688372093 0.626420834375 0.5506500000000001 0.627829165625
2 0.3991375 0.62939375 0.3986093744186046 0.642414584375 0.4329265627906977 0.639247915625 0.43319062558139537 0.6248166656249999 0.3991375 0.62939375
7 0.555932811627907 0.74084375 0.555232811627907 0.754820834375 0.5906625 0.7520083343749999 0.5893609372093024 0.7378312499999999 0.555932811627907 0.74084375
0 0.5570125 0.707966665625 0.5572765627906976 0.723454165625 0.585745311627907 0.722072915625 0.5855281255813953 0.70731875 0.5570125 0.707966665625
7 0.4827937511627907 0.625447915625 0.48358437441860463 0.637766665625 0.517754688372093 0.637322915625 0.5168453116279069 0.6258 0.4827937511627907 0.625447915625