2 0.47328124883720935 0.601816665625 0.4563687511627907 0.602114584375 0.4414593744186046 0.598254165625 0.44168281162790696 0.614877084375 0.4726125 0.61814375 0.47328124883720935 0.601816665625
2 0.5206687511627907 0.598639584375 0.49015 0.60195625 0.49018281162790694 0.61229375 0.519554688372093 0.609029165625 0.5206687511627907 0.598639584375
2 0.5881156255813954 0.58434375 0.5559859372093023 0.588158334375 0.5567390627906976 0.6003729156250001 0.5874484372093023 0.595327084375 0.5881156255813954 0.58434375
2 0.47018124883720924 0.7192375 0.4696468744186047 0.7077958343749999 0.437507811627907 0.704697915625 0.4381343744186047 0.7163354156249999 0.44294374883720933 0.7152166656250001 0.47018124883720924 0.7192375
2 0.5244359372093024 0.7111208343750001 0.5248812488372093 0.701325 0.513532811627907 0.70666875 0.4941734372093023 0.699247915625 0.49439687441860464 0.71498125 0.5199859372093023 0.714089584375 0.5244359372093024 0.7111208343750001
2 0.594270311627907 0.698672915625 0.59555 0.6836854156250001 0.5851468744186047 0.68976875 0.5631531255813954 0.6924625 0.564007811627907 0.703422915625 0.580475 0.70253125 0.594270311627907 0.698672915625
6 0.468779688372093 0.641070834375 0.46944843720930235 0.627120834375 0.4440812488372093 0.625933334375 0.4434125 0.63780625 0.4569875 0.640477084375 0.468779688372093 0.641070834375
6 0.5207765627906976 0.674991665625 0.496045311627907 0.678210415625 0.49696718837209297 0.686566665625 0.520332811627907 0.686566665625 0.5207765627906976 0.674991665625
6 0.585592188372093 0.609145834375 0.5609281255813954 0.61624375 0.5615249999999999 0.62563125 0.5860375 0.621316665625 0.585592188372093 0.609145834375
0 0.46854687441860465 0.650802084375 0.44325 0.648464584375 0.44273437441860464 0.6588166656250001 0.4683234372093023 0.6614875 0.46854687441860465 0.650802084375
0 0.467679688372093 0.672802084375 0.4412156255813954 0.671570834375 0.442757811627907 0.6870499999999999 0.466567188372093 0.69001875 0.467679688372093 0.672802084375
0 0.5191906255813954 0.6274770843749999 0.49426562558139536 0.628795834375 0.494067188372093 0.643575 0.5189593744186046 0.6419104156250001 0.5191906255813954 0.6274770843749999
0 0.5195062488372093 0.652547915625 0.49610937441860464 0.655772915625 0.4961406255813954 0.66353125 0.5201734372093023 0.66353125 0.5195062488372093 0.652547915625
0 0.5876562511627906 0.6425875 0.5872109372093023 0.632197915625 0.574304688372093 0.636947915625 0.5627687511627907 0.638175 0.5627343744186046 0.6473375 0.5718578116279069 0.647633334375 0.5876562511627906 0.6425875
0 0.588645311627907 0.65216875 0.5792999999999999 0.657214584375 0.5656781255813953 0.6583520843749999 0.5656781255813953 0.67339375 0.5893140627906976 0.670275 0.588645311627907 0.65216875