6 0.48352968837209304 0.76295625 0.449807811627907 0.76259375 0.45007968837209306 0.7731104156249999 0.4650375 0.773835415625 0.483257811627907 0.7741979156250001 0.48352968837209304 0.76295625
6 0.453845311627907 0.790891665625 0.4535734372093023 0.8039458343750001 0.4804968744186046 0.8039458343750001 0.4810406255813953 0.7912541656250001 0.453845311627907 0.790891665625
6 0.5384218744186047 0.837695834375 0.524825 0.838420834375 0.5112281255813953 0.83443125 0.5112281255813953 0.848935415625 0.527 0.850747915625 0.5378781255813954 0.850385415625 0.5384218744186047 0.837695834375
6 0.539792188372093 0.880816665625 0.5400640627906976 0.868125 0.524020311627907 0.8699395843750001 0.5068859372093023 0.8648624999999999 0.506342188372093 0.8786416656249999 0.516404688372093 0.8819041656250001 0.5259234372093023 0.8819041656250001 0.539792188372093 0.880816665625
6 0.5982515627906977 0.807947915625 0.586557811627907 0.809760415625 0.5718718744186047 0.8061354156249999 0.5716 0.820277084375 0.5824781255813953 0.8228145843749999 0.597707811627907 0.822452084375 0.5982515627906977 0.807947915625
6 0.6001968744186046 0.7792875 0.581704688372093 0.782552084375 0.5667468744186046 0.778925 0.5678343744186046 0.794154165625 0.5871437488372093 0.794879165625 0.599925 0.793066665625 0.6001968744186046 0.7792875
0 0.5990890627906976 0.833370834375 0.5882109372093023 0.835185415625 0.5721656255813954 0.832645834375 0.5721656255813954 0.8475125 0.5814125 0.8478749999999999 0.5990890627906976 0.8460625 0.5990890627906976 0.833370834375
0 0.5985062488372093 0.856804165625 0.5880343744186046 0.859497915625 0.5729687511627907 0.8590083343750001 0.5726015627906976 0.8712562500000001 0.5865640627906976 0.871745834375 0.5992406255813953 0.8705208343749999 0.5985062488372093 0.856804165625
0 0.5373062488372093 0.8237708343750001 0.5376734372093024 0.8120125 0.5264656255813954 0.8129937500000001 0.511032811627907 0.8078479156249999 0.511032811627907 0.8205875 0.5181984372093024 0.82328125 0.5292218744186047 0.8247500000000001 0.5373062488372093 0.8237708343750001
0 0.5380125 0.78835625 0.5251515627906976 0.790560415625 0.5115562511627907 0.7871312500000001 0.511004688372093 0.799133334375 0.5222125 0.801583334375 0.537645311627907 0.801583334375 0.5380125 0.78835625
0 0.4803734372093023 0.83965625 0.46843124883720927 0.8403916656250001 0.45373437441860465 0.8403916656250001 0.4528156255813954 0.852883334375 0.4642062511627907 0.854354165625 0.480925 0.853864584375 0.4803734372093023 0.83965625
0 0.480557811627907 0.818279165625 0.46402187441860465 0.8177875 0.45391718837209305 0.8175437499999999 0.45373437441860465 0.82905625 0.46549218837209305 0.8310166656250001 0.4800062511627907 0.831260415625 0.480557811627907 0.818279165625
2 0.48274062558139536 0.88438125 0.48329218837209303 0.8726229156249999 0.467492188372093 0.8731125000000001 0.449670311627907 0.8726229156249999 0.44985468837209297 0.879235415625 0.449670311627907 0.888054165625 0.48145468837209304 0.88854375 0.48274062558139536 0.88438125
2 0.5418984372093023 0.771 0.5417156255813953 0.757527084375 0.534917188372093 0.761202084375 0.5253640627906977 0.761447915625 0.518382811627907 0.7572833343750001 0.509379688372093 0.7526291656249999 0.5084609372093023 0.76585625 0.5158109372093023 0.771 0.5264656255813954 0.771735415625 0.5418984372093023 0.771
2 0.6003718744186046 0.90495625 0.6020249999999999 0.900547915625 0.6033109372093023 0.890014584375 0.5917359372093023 0.8919750000000001 0.584754688372093 0.8919750000000001 0.5689546883720931 0.8905041656250001 0.5687718744186047 0.897852084375 0.5702406255813954 0.9047124999999999 0.5904499999999999 0.90495625 0.6003718744186046 0.90495625