2 0.43474531162790697 0.74810625 0.43338593720930235 0.7296125 0.4162531255813953 0.731789584375 0.39966406279069766 0.733602084375 0.4007515627906977 0.75173125 0.4135343744186047 0.75100625 0.4241390627906977 0.7506437499999999 0.43474531162790697 0.74810625
2 0.507367188372093 0.736791665625 0.5065515627906977 0.7244645843749999 0.48669843720930234 0.729539584375 0.472557811627907 0.728452084375 0.4733734372093023 0.74404375 0.4856109372093023 0.7425937499999999 0.4954015627906977 0.7400562500000001 0.507367188372093 0.736791665625
2 0.5942390627906977 0.7361833343749999 0.5994062488372093 0.735095834375 0.5991343744186047 0.7155145843749999 0.5844484372093023 0.718054165625 0.5648687511627907 0.714427084375 0.5637812511627907 0.735820834375 0.5743875 0.736908334375 0.5855375 0.7372708343750001 0.5942390627906977 0.7361833343749999
2 0.6016687488372092 0.842641665625 0.601125 0.829589584375 0.5883437511627907 0.832852084375 0.5801859372093023 0.8339395843749999 0.5660437488372093 0.828864584375 0.5660437488372093 0.84445625 0.5782812511627907 0.84445625 0.592695311627907 0.8440937500000001 0.6016687488372092 0.842641665625
2 0.513295311627907 0.830025 0.5018734372093023 0.8354645843749999 0.49208281162790696 0.836552084375 0.48038906279069765 0.8354645843749999 0.48038906279069765 0.85250625 0.5029609372093024 0.85323125 0.513567188372093 0.85033125 0.513295311627907 0.830025
2 0.43355937441860465 0.858352084375 0.43927187441860466 0.8558145843749999 0.43927187441860466 0.842035415625 0.4292093744186047 0.8456625000000001 0.4156109372093023 0.8482 0.404732811627907 0.8452999999999999 0.40418906279069766 0.855452084375 0.4131640627906977 0.8590770843750001 0.422682811627907 0.8598041656250001 0.43355937441860465 0.858352084375
0 0.4338093744186046 0.8183624999999999 0.4226593744186046 0.8209 0.4077031255813953 0.8190875 0.40715937441860467 0.8325041656250001 0.4202125 0.833591665625 0.4348984372093023 0.8321416656249999 0.4338093744186046 0.8183624999999999
0 0.43322187441860466 0.797841665625 0.4185359372093023 0.8011062499999999 0.405754688372093 0.8000166656250001 0.406842188372093 0.813795834375 0.41445625116279067 0.813795834375 0.43322187441860466 0.811258334375 0.43322187441860466 0.797841665625
0 0.432145311627907 0.778491665625 0.43160156279069767 0.7650750000000001 0.418820311627907 0.7683395843749999 0.40495000000000003 0.767977084375 0.40413437441860467 0.780666665625 0.4163718744186047 0.780666665625 0.4261625 0.780666665625 0.432145311627907 0.778491665625
0 0.5045046883720931 0.7603187499999999 0.504232811627907 0.747627084375 0.48737187441860463 0.7508895843750001 0.47676562558139535 0.7516145843750001 0.478125 0.76466875 0.4876437511627907 0.76358125 0.4977062488372093 0.76249375 0.5045046883720931 0.7603187499999999
0 0.5058 0.7692812499999999 0.4900265627906977 0.775083334375 0.47969218837209304 0.773995834375 0.47996406279069764 0.785597915625 0.4911140627906977 0.785960415625 0.5058 0.784147915625 0.5058 0.7692812499999999
0 0.5072781255813953 0.79833125 0.4944968744186047 0.801958334375 0.4809 0.8023208343749999 0.48171562558139536 0.8164624999999999 0.4964 0.81465 0.508367188372093 0.8102979156250001 0.5072781255813953 0.79833125
0 0.594282811627907 0.76629375 0.594554688372093 0.752877084375 0.5825890627906977 0.753964584375 0.5695343744186047 0.752877084375 0.5695343744186047 0.76738125 0.5760609372093023 0.76810625 0.5836765627906977 0.76774375 0.594282811627907 0.76629375
0 0.5954031255813954 0.791675 0.5954031255813954 0.775358334375 0.5871093744186047 0.778497915625 0.5821093744186047 0.778497915625 0.5779906255813954 0.778497915625 0.5695671883720931 0.775358334375 0.569295311627907 0.79095 0.5799015627906977 0.7942145843749999 0.5883312488372093 0.793852084375 0.5954031255813954 0.791675
0 0.5959906255813953 0.80953125 0.5957187511627907 0.7961166656249999 0.5900078116279069 0.798291665625 0.5848406255813954 0.799741665625 0.5736906255813954 0.8001041656250001 0.5698843744186047 0.797204165625 0.5698843744186047 0.812795834375 0.58185 0.8138833343749999 0.591095311627907 0.813158334375 0.5959906255813953 0.80953125