7 0.4566531255813953 0.653416665625 0.45734687441860467 0.6435375 0.42495781162790697 0.64320625 0.4249468744186047 0.65434375 0.4372125 0.656195834375 0.4566531255813953 0.653416665625
7 0.4520687511627907 0.682291665625 0.45392031162790697 0.668708334375 0.42870625116279065 0.6695270843750001 0.42915781162790695 0.680747915625 0.4391093744186046 0.68321875 0.4520687511627907 0.682291665625
7 0.5194859372093024 0.738333334375 0.5194859372093024 0.72536875 0.5086093744186047 0.729997915625 0.49456562558139533 0.7263229156250001 0.49310468837209304 0.74049375 0.511154688372093 0.740804165625 0.5194859372093024 0.738333334375
7 0.512295311627907 0.771591665625 0.5234031255813953 0.7675770843749999 0.524329688372093 0.75399375 0.5109062511627906 0.759552084375 0.4921187511627907 0.757333334375 0.4937812488372093 0.7669604156250001 0.49655937441860465 0.770972915625 0.512295311627907 0.771591665625
7 0.5844531255813953 0.72180625 0.5594859372093024 0.7223770843749999 0.5587656255813953 0.735389584375 0.5844531255813953 0.73600625 0.5844531255813953 0.72180625
7 0.587970311627907 0.765108334375 0.5900531255813953 0.75306875 0.5566375 0.753860415625 0.557654688372093 0.764491665625 0.5740843744186046 0.7678875 0.587970311627907 0.765108334375
0 0.4546875 0.7053625 0.45422500000000005 0.691470834375 0.4283062488372093 0.692395834375 0.4278437511627907 0.7062875 0.44195937441860467 0.707522915625 0.4546875 0.7053625
0 0.5189609372093023 0.7180187499999999 0.5189609372093023 0.702583334375 0.49352031162790694 0.70478125 0.493967188372093 0.717402084375 0.504845311627907 0.7195625 0.5189609372093023 0.7180187499999999
0 0.5855937488372093 0.6991875000000001 0.574254688372093 0.7010395843749999 0.5594437488372093 0.6982625 0.5603687511627907 0.714622915625 0.5855937488372093 0.71493125 0.5855937488372093 0.6991875000000001
3 0.4545015627906977 0.7168895843749999 0.4297390627906977 0.71905 0.42858281162790696 0.7304729156249999 0.4545015627906977 0.731708334375 0.4545015627906977 0.7168895843749999
3 0.517867188372093 0.69079375 0.5174031255813953 0.6790625 0.5051375 0.680914584375 0.492829688372093 0.6800312500000001 0.492642188372093 0.6923375 0.5065265627906976 0.695422915625 0.517867188372093 0.69079375
3 0.5832968744186047 0.688239584375 0.5835281255813953 0.674966665625 0.5583031255813954 0.6761999999999999 0.5587656255813953 0.68700625 0.5668656255813953 0.6894750000000001 0.5832968744186047 0.688239584375
2 0.45601406279069767 0.770664584375 0.4569406255813953 0.75615625 0.44421249999999995 0.760785415625 0.425929688372093 0.758008334375 0.42500468837209304 0.770047915625 0.438657811627907 0.772516665625 0.45601406279069767 0.770664584375
2 0.5207953116279069 0.652122915625 0.5217218744186046 0.639464584375 0.48991562558139534 0.6419875 0.48955312558139535 0.654591665625 0.5087625 0.6555187499999999 0.5207953116279069 0.652122915625
2 0.5872140627906977 0.6477999999999999 0.5876765627906977 0.635760415625 0.5553031255813954 0.636972915625 0.5548156255813953 0.64934375 0.5735593744186046 0.649652084375 0.5872140627906977 0.6477999999999999