3 0.47052499999999997 0.829520834375 0.4583859372093023 0.8312062499999999 0.4457406255813953 0.8291833343749999 0.44523437441860464 0.8389625 0.4558562488372093 0.8436833343749999 0.47027187441860463 0.8403104156250001 0.47052499999999997 0.829520834375
3 0.5171265627906977 0.8414125 0.5161156255813953 0.8333187499999999 0.5039765627906977 0.8353416656249999 0.4910781255813953 0.8306208343750001 0.49057187441860467 0.844445834375 0.5027109372093024 0.8451208343750001 0.5090343744186047 0.8471437500000001 0.5171265627906977 0.8414125
3 0.5685343744186047 0.789502084375 0.567775 0.782758334375 0.5591765627906977 0.781745834375 0.544254688372093 0.78376875 0.54375 0.794222915625 0.5576593744186047 0.794222915625 0.5657531255813953 0.792875 0.5685343744186047 0.789502084375
0 0.47237812558139536 0.780308334375 0.46099687441860465 0.78300625 0.4465812511627907 0.780308334375 0.44582343720930234 0.793458334375 0.45644531162790697 0.793458334375 0.47212499999999996 0.793458334375 0.47237812558139536 0.780308334375
0 0.47109843720930233 0.8061624999999999 0.463004688372093 0.8068375 0.44606093720930234 0.804477084375 0.44530156279069766 0.815941665625 0.4561765627906977 0.8176291656249999 0.471604688372093 0.815604165625 0.47109843720930233 0.8061624999999999
0 0.516570311627907 0.809466665625 0.5016484372093023 0.810814584375 0.49153124883720933 0.808116665625 0.4910265627906977 0.82126875 0.5019015627906976 0.8202562500000001 0.5160640627906976 0.82126875 0.516570311627907 0.809466665625
0 0.516570311627907 0.785097915625 0.5024062511627907 0.78914375 0.4910265627906977 0.785772915625 0.490520311627907 0.799935415625 0.5074656255813953 0.800945834375 0.5160640627906976 0.7965625000000001 0.516570311627907 0.785097915625
0 0.568467188372093 0.8079583343750001 0.5583515627906976 0.8076229156249999 0.543429688372093 0.806272915625 0.5429234372093024 0.816052084375 0.5537984372093023 0.81875 0.5682140627906976 0.81875 0.568467188372093 0.8079583343750001
0 0.569932811627907 0.8262375000000001 0.555770311627907 0.8333187499999999 0.5438843744186047 0.8269125 0.5443890627906977 0.839052084375 0.559057811627907 0.8404 0.5701859372093023 0.839052084375 0.569932811627907 0.8262375000000001
2 0.5735406255813953 0.859710415625 0.5538140627906977 0.8657812500000001 0.5411687488372093 0.859372915625 0.5419281255813954 0.873535415625 0.5558375 0.8762333343750001 0.5735406255813953 0.8721875000000001 0.5735406255813953 0.859710415625
2 0.5216281255813954 0.8645208343749999 0.5049359372093023 0.8672187499999999 0.4895093744186047 0.8648583343749999 0.4895093744186047 0.8790208343750001 0.504429688372093 0.88070625 0.5193515627906976 0.8769979156250001 0.5216281255813954 0.8645208343749999
2 0.5721421883720931 0.748341665625 0.5567156255813953 0.750364584375 0.5390109372093023 0.749016665625 0.5382531255813954 0.76081875 0.5529218744186046 0.76183125 0.5721421883720931 0.759133334375 0.5721421883720931 0.748341665625
2 0.5195375 0.753241665625 0.503604688372093 0.7583 0.4856484372093023 0.7535791656249999 0.4864062488372093 0.768079165625 0.5089156255813954 0.769091665625 0.5187781255813954 0.764033334375 0.5195375 0.753241665625
2 0.47527812558139537 0.74944375 0.4621281255813953 0.750116665625 0.4429062488372093 0.74809375 0.4429062488372093 0.7619208343749999 0.45504687441860464 0.76326875 0.4757843744186046 0.7619208343749999 0.47527812558139537 0.74944375
2 0.47438593720930233 0.860970834375 0.46047656279069765 0.8633312500000001 0.4410015627906977 0.860633334375 0.44201406279069766 0.871760415625 0.45364687441860463 0.87614375 0.4728687511627907 0.874795834375 0.47438593720930233 0.860970834375