2 0.44955 0.7412375 0.45101562558139535 0.730989584375 0.41803281162790695 0.72835 0.4180625 0.74075 0.433075 0.741727084375 0.44955 0.7412375
2 0.44459375116279065 0.7752958343749999 0.445692188372093 0.76309375 0.419392188372093 0.760070834375 0.41932968837209306 0.770414584375 0.4270187488372093 0.7743187500000001 0.44459375116279065 0.7752958343749999
2 0.5121593744186047 0.7799625 0.49934374883720933 0.784354165625 0.4861734372093023 0.78205 0.4861640627906977 0.793627084375 0.5117937511627907 0.795091665625 0.5121593744186047 0.7799625
2 0.5172468744186046 0.8158 0.48385 0.8161625000000001 0.48429374883720927 0.829954165625 0.5165140627906977 0.8294666656249999 0.5172468744186046 0.8158
2 0.6024734372093024 0.7447125 0.6017406255813953 0.732022915625 0.5693765627906977 0.732066665625 0.5684234372093023 0.741785415625 0.5772093744186046 0.745202084375 0.6024734372093024 0.7447125
2 0.599329688372093 0.766977084375 0.5850984372093023 0.7674854156250001 0.5721375 0.7661687500000001 0.5704531255813954 0.780177084375 0.5989640627906977 0.779179165625 0.599329688372093 0.766977084375
9 0.5147015627906977 0.7054729156249999 0.48305781162790695 0.7065375 0.48200937441860464 0.71650625 0.5134609372093023 0.71650625 0.5147015627906977 0.7054729156249999
9 0.5990546883720931 0.85438125 0.6002968744186047 0.8433458343750001 0.5870546883720931 0.8483124999999999 0.56745 0.8423999999999999 0.5671906255813953 0.853277084375 0.587467188372093 0.856035415625 0.5990546883720931 0.85438125
9 0.4439 0.8517104156249999 0.4439 0.8401249999999999 0.4281734372093023 0.843433334375 0.41334375116279065 0.8394562499999999 0.4124484372093023 0.849502084375 0.4331406255813954 0.8517104156249999 0.4439 0.8517104156249999
8 0.44351562558139535 0.8104208343750001 0.4319281255813954 0.8115249999999999 0.417404688372093 0.807566665625 0.41620156279069764 0.8198000000000001 0.44227343720930234 0.8242125 0.44351562558139535 0.8104208343750001
8 0.5978093744186047 0.812452084375 0.570029688372093 0.812077084375 0.570495311627907 0.8240375 0.596567188372093 0.8251416656250001 0.5978093744186047 0.812452084375
8 0.510967188372093 0.747983334375 0.5105531255813953 0.733641665625 0.48614999999999997 0.735379165625 0.48696562558139533 0.745777084375 0.495242188372093 0.750191665625 0.510967188372093 0.747983334375
0 0.44337812558139533 0.7996291656250001 0.44392343720930233 0.7878000000000001 0.43399218837209297 0.787247915625 0.41843437441860465 0.785508334375 0.4178531255813953 0.795522915625 0.427370311627907 0.7977291656250001 0.44337812558139533 0.7996291656250001
0 0.5131812488372093 0.76991875 0.5125968744186046 0.757064584375 0.5014953116279071 0.760570834375 0.486267188372093 0.758679165625 0.48688750000000003 0.770695834375 0.5009109372093024 0.771864584375 0.5131812488372093 0.76991875
0 0.596420311627907 0.8006604156250001 0.5981734372093024 0.788585415625 0.5850265627906976 0.790533334375 0.5714859372093023 0.787652084375 0.5704187488372092 0.79988125 0.5803515627906977 0.8006604156250001 0.596420311627907 0.8006604156250001