4 0.484117188372093 0.752879165625 0.4848687488372093 0.73984375 0.4538906255813953 0.7373000000000001 0.4544343744186046 0.751875 0.4698390627906977 0.753379165625 0.484117188372093 0.752879165625
4 0.5412125 0.8516187499999999 0.5094124999999999 0.854554165625 0.5104031255813953 0.8661562500000001 0.5397093744186047 0.8696666656250001 0.5412125 0.8516187499999999
4 0.591604688372093 0.746902084375 0.5599187488372093 0.74961875 0.560795311627907 0.761941665625 0.5908531255813954 0.7599375 0.591604688372093 0.746902084375
2 0.48039062558139534 0.777422915625 0.4800140627906977 0.767395834375 0.4560812488372093 0.76496875 0.45521562558139533 0.776920834375 0.4646093744186046 0.777422915625 0.48039062558139534 0.777422915625
2 0.4781062511627907 0.82506875 0.477729688372093 0.817047915625 0.454829688372093 0.816860415625 0.4529312488372093 0.8260708343750001 0.46608281162790693 0.826572915625 0.4781062511627907 0.82506875
2 0.47995468837209304 0.86365 0.47957812558139534 0.8521208343750001 0.460792188372093 0.8526208343749999 0.447470311627907 0.848289584375 0.44801718837209303 0.862647915625 0.462670311627907 0.8646520843750001 0.47995468837209304 0.86365
2 0.5457359372093024 0.740745834375 0.5121515627906976 0.739704165625 0.5122968744186046 0.750772915625 0.5446093744186047 0.75428125 0.5457359372093024 0.740745834375
2 0.5400859372093023 0.7904375 0.5397093744186047 0.7799104156250001 0.515520311627907 0.777479165625 0.5149109372093023 0.785925 0.5235531255813953 0.7894354156250001 0.5400859372093023 0.7904375
2 0.5385968744186046 0.827535415625 0.514970311627907 0.8252145843750001 0.5134234372093023 0.8375625 0.5389734372093024 0.8390645843750001 0.5385968744186046 0.827535415625
2 0.589320311627907 0.774435415625 0.565245311627907 0.7748875 0.5645218744186047 0.785964584375 0.5881937511627907 0.783960415625 0.589320311627907 0.774435415625
2 0.5920109372093023 0.831566665625 0.5916343744186047 0.822541665625 0.5781093744186047 0.82555 0.5672781255813953 0.8219770843750001 0.5672125 0.83306875 0.5743515627906977 0.8335708343749999 0.5920109372093023 0.831566665625
0 0.5405062488372093 0.8145208343749999 0.540129688372093 0.8049958343749999 0.5266046883720931 0.80449375 0.515282811627907 0.80193125 0.5145812488372093 0.8110125 0.5251015627906976 0.8150229156250001 0.5405062488372093 0.8145208343749999
0 0.5900718744186046 0.7989604156250001 0.564304688372093 0.798904165625 0.5664015627906976 0.8104895843750001 0.5900718744186046 0.8104895843750001 0.5900718744186046 0.7989604156250001
0 0.48076562558139535 0.791960415625 0.4646093744186046 0.791460415625 0.45373281162790696 0.79128125 0.45559218837209303 0.8024895843750001 0.48076562558139535 0.801485415625 0.48076562558139535 0.791960415625
2 0.594595311627907 0.8717124999999999 0.5953468744186047 0.859679165625 0.564695311627907 0.861235415625 0.5652890627906977 0.8722125000000001 0.5788156255813953 0.873716665625 0.594595311627907 0.8717124999999999