1 0.4859390627906977 0.85123125 0.48679531162790696 0.8434270843749999 0.45325312558139536 0.8387708343750001 0.452957811627907 0.847235415625 0.46095312558139534 0.849708334375 0.47522968837209306 0.850852084375 0.4859390627906977 0.85123125
1 0.5384812488372094 0.968760415625 0.5387312511627907 0.9610958343749999 0.5201093744186046 0.963095834375 0.504875 0.957958334375 0.5046125 0.96759375 0.5104859372093024 0.970427084375 0.5257343744186046 0.97159375 0.5384812488372094 0.968760415625
1 0.5781 0.9592645843750001 0.5604781255813953 0.957764584375 0.5608531255813953 0.9692604156250001 0.5939718744186047 0.965595834375 0.5935984372093024 0.956764584375 0.5781 0.9592645843750001
5 0.5903484372093023 0.9231083343750001 0.5631031255813953 0.9231083343750001 0.5633531255813953 0.9332708343749999 0.57735 0.9339375000000001 0.5905984372093023 0.9324375 0.5903484372093023 0.9231083343750001
5 0.5089374999999999 0.9262916656250001 0.5091125 0.9354374999999999 0.535482811627907 0.9359375 0.535482811627907 0.9269395843750001 0.5089374999999999 0.9262916656250001
5 0.48098281162790696 0.874989584375 0.4540937488372093 0.8731666656250001 0.4538625 0.882320834375 0.4636109372093023 0.8833187499999999 0.481107811627907 0.88481875 0.48098281162790696 0.874989584375
0 0.47998281162790696 0.898147915625 0.45299999999999996 0.8939999999999999 0.45273749999999996 0.905979165625 0.46536093720930227 0.9094791656250001 0.480232811627907 0.910477084375 0.47998281162790696 0.898147915625
0 0.508625 0.9008749999999999 0.5089781255813953 0.91364375 0.5363484372093024 0.91214375 0.5358484372093023 0.9018145843750001 0.508625 0.9008749999999999
0 0.5783859372093023 0.8986875 0.5625140627906977 0.898354165625 0.5623890627906977 0.908685415625 0.5902593744186047 0.9083520843749999 0.5903843744186047 0.8966875 0.5783859372093023 0.8986875
7 0.47879687441860463 0.9375520843749999 0.47854687441860466 0.923222915625 0.45105156279069764 0.919391665625 0.44917812558139536 0.933054165625 0.4535515627906977 0.935552084375 0.468175 0.9377187499999999 0.47879687441860463 0.9375520843749999
7 0.5087921883720931 0.8737375000000001 0.508667188372093 0.8872333343750001 0.5360375000000001 0.8872333343750001 0.5365375 0.875070834375 0.5087921883720931 0.8737375000000001
7 0.5623562488372092 0.87273125 0.5624812511627907 0.884560415625 0.5894765627906977 0.88239375 0.5892265627906977 0.870397915625 0.5623562488372092 0.87273125
2 0.5398609372093024 0.850904165625 0.5397359372093024 0.8404083343750001 0.5243625 0.842572915625 0.5055000000000001 0.840041665625 0.5056156255813953 0.851070834375 0.5163640627906977 0.8524041656250001 0.5313609372093023 0.852070834375 0.5398609372093024 0.850904165625
2 0.5923515627906977 0.84790625 0.5924765627906977 0.838741665625 0.576104688372093 0.840075 0.558625 0.837333334375 0.557357811627907 0.847572915625 0.570729688372093 0.8500708343750001 0.5887265627906977 0.8497375 0.5923515627906977 0.84790625
2 0.4776718744186047 0.9718875 0.480795311627907 0.9613895843750001 0.4624234372093023 0.960889584375 0.446125 0.956291665625 0.4469265627906977 0.9673875000000001 0.4563 0.9698874999999999 0.47354687441860466 0.971554165625 0.4776718744186047 0.9718875