9 0.5559093744186047 0.7792958343749999 0.5563296883720931 0.7955833343750001 0.591717188372093 0.7958645843750001 0.5910843744186046 0.78041875 0.5559093744186047 0.7792958343749999
9 0.4300937511627907 0.78133125 0.4305156255813954 0.797620834375 0.46463750000000004 0.797620834375 0.46463750000000004 0.7816125 0.4300937511627907 0.78133125
9 0.4985625 0.883883334375 0.49792968837209306 0.901016665625 0.5312109372093023 0.89876875 0.531 0.8847270843749999 0.4985625 0.883883334375
3 0.43587187441860464 0.854220834375 0.43587187441860464 0.871072915625 0.4615687488372093 0.86966875 0.46220156279069763 0.8536604156250001 0.43587187441860464 0.854220834375
3 0.5002062488372093 0.808008334375 0.5002062488372093 0.822052084375 0.5280109372093024 0.822052084375 0.5273781255813953 0.8102562499999999 0.5002062488372093 0.808008334375
3 0.5583281255813953 0.8518437499999999 0.5583281255813953 0.8689770843750001 0.5855 0.8689770843750001 0.5855 0.8529666656250001 0.5583281255813953 0.8518437499999999
8 0.500532811627907 0.858822915625 0.500532811627907 0.8694958343750001 0.528757811627907 0.8703375 0.5285468744186047 0.8593833343749999 0.500532811627907 0.858822915625
8 0.5589875 0.806295834375 0.5589875 0.8211812500000001 0.5857375 0.822022915625 0.5859484372093023 0.8079812499999999 0.5589875 0.806295834375
8 0.43517187441860467 0.82273125 0.46234374883720936 0.8213270843749999 0.462132811627907 0.8103729156249999 0.43590468837209306 0.8094416656250001 0.43517187441860467 0.82273125
0 0.4361656255813954 0.8350770843750001 0.4374281255813954 0.848277084375 0.46312656279069764 0.847995834375 0.4629156255813954 0.8350770843750001 0.4361656255813954 0.8350770843750001
0 0.5002890627906977 0.8325645843749999 0.5007109372093023 0.845483334375 0.5280937511627907 0.846325 0.527882811627907 0.83396875 0.5002890627906977 0.8325645843749999
0 0.5600390627906977 0.8298041656249999 0.560882811627907 0.8469354156250001 0.5867906255813953 0.8477770843749999 0.5872125 0.8314875 0.5600390627906977 0.8298041656249999
2 0.55405 0.8896000000000001 0.5561562511627907 0.9044854156250001 0.5900687511627908 0.905045834375 0.5909125000000001 0.892689584375 0.55405 0.8896000000000001
2 0.4980812488372093 0.77288125 0.4980812488372093 0.788045834375 0.5324140627906977 0.787485415625 0.5322031255813954 0.774285415625 0.4980812488372093 0.77288125
2 0.4314734372093023 0.8940791656249999 0.4314734372093023 0.908964584375 0.46454374883720934 0.907560415625 0.46580781162790696 0.891552084375 0.4314734372093023 0.8940791656249999