2 0.43241718837209303 0.596208334375 0.4172843744186046 0.59765 0.4008531255813953 0.593902084375 0.4006375 0.60485625 0.4123109372093023 0.605720834375 0.4330656255813954 0.60514375 0.43241718837209303 0.596208334375
2 0.569175 0.616597915625 0.5683093744186046 0.603914584375 0.5529609372093023 0.609104165625 0.5363140627906977 0.608527084375 0.5365312511627907 0.61948125 0.5514468744186046 0.618904165625 0.5622562488372093 0.618904165625 0.569175 0.616597915625
2 0.49811093720930233 0.691195834375 0.48384218837209303 0.689464584375 0.484707811627907 0.701283334375 0.5104343744186046 0.697247915625 0.5084875 0.687735415625 0.49811093720930233 0.691195834375
2 0.514582811627907 0.71950625 0.5011781255813954 0.724983334375 0.48431562558139535 0.725847915625 0.48453281162790696 0.73824375 0.5033406255813954 0.736225 0.5143656255813953 0.731325 0.514582811627907 0.71950625
2 0.5668859372093024 0.63730625 0.5552125 0.642495834375 0.541592188372093 0.641341665625 0.541592188372093 0.652295834375 0.5521859372093023 0.6520083343749999 0.566020311627907 0.649125 0.5668859372093024 0.63730625
0 0.4148484372093023 0.632933334375 0.40533593720930233 0.630627084375 0.40512031162790696 0.6407166656250001 0.4289015627906977 0.642158334375 0.42976562558139536 0.6303395843749999 0.4148484372093023 0.632933334375
0 0.4294515627906977 0.655077084375 0.4177781255813954 0.655077084375 0.40523906279069766 0.6542125000000001 0.4048062511627907 0.663722915625 0.4201562488372093 0.6640125 0.429667188372093 0.6619937499999999 0.4294515627906977 0.655077084375
0 0.42952656279069773 0.6796541656249999 0.41569062558139536 0.6785 0.41266406279069767 0.678789584375 0.41180000000000005 0.674754165625 0.40509687441860465 0.673022915625 0.40401718837209305 0.687725 0.41266406279069767 0.688302084375 0.42974218837209305 0.68513125 0.42952656279069773 0.6796541656249999
0 0.5058515627906977 0.638385415625 0.49352968837209304 0.6438625 0.48185468837209305 0.642997915625 0.48185468837209305 0.6536625 0.4920156255813954 0.65395 0.5075812488372093 0.64905 0.5058515627906977 0.638385415625
0 0.507767188372093 0.66214375 0.4915531255813953 0.6673333343750001 0.48377031162790696 0.666179165625 0.4848515627906977 0.677133334375 0.5010656255813953 0.6756916656249999 0.5090640627906977 0.673675 0.507767188372093 0.66214375
0 0.5670343744186046 0.6627229156250001 0.556657811627907 0.66646875 0.5426062488372093 0.664739584375 0.5430375 0.677135415625 0.5603328116279069 0.676270834375 0.569845311627907 0.672233334375 0.5670343744186046 0.6627229156250001
0 0.5531312511627907 0.69190625 0.5440515627906977 0.691041665625 0.5438343744186046 0.7002645843749999 0.5697765627906977 0.698247915625 0.569345311627907 0.688158334375 0.5531312511627907 0.69190625
7 0.4326765627906977 0.7072499999999999 0.40111406279069767 0.705520834375 0.40089687441860467 0.717627084375 0.4158140627906977 0.7187812499999999 0.4326765627906977 0.717339584375 0.4326765627906977 0.7072499999999999
7 0.5736906255813954 0.713102084375 0.5609359372093023 0.71944375 0.5531531255813953 0.7203083343750001 0.5475312511627907 0.716560415625 0.5414781255813953 0.71511875 0.5419109372093023 0.7269375 0.5566109372093023 0.727802084375 0.574554688372093 0.7234791656249999 0.5736906255813954 0.713102084375
7 0.510532811627907 0.609920834375 0.5001562511627907 0.614820834375 0.4904265627906977 0.619433334375 0.47832031162790695 0.61885625 0.4787531255813953 0.6266375 0.49150781162790697 0.625485415625 0.5101 0.620008334375 0.510532811627907 0.609920834375