7 0.46669218837209303 0.72606875 0.46732812558139536 0.715039584375 0.46573749999999997 0.70655625 0.44760312558139537 0.7107979156249999 0.4339234372093023 0.7107979156249999 0.43296875116279065 0.717160415625 0.4332875 0.7294625 0.45046718837209304 0.7290395843749999 0.46669218837209303 0.72606875
7 0.5391140627906977 0.8327312499999999 0.545795311627907 0.831033334375 0.5502484372093024 0.823822915625 0.5499312511627907 0.8144916656250001 0.5340234372093023 0.8161875000000001 0.5158890627906977 0.811097915625 0.5158890627906977 0.8183083343750001 0.517479688372093 0.830185415625 0.5276609372093023 0.8318833343750001 0.5391140627906977 0.8327312499999999
7 0.438192188372093 0.800760415625 0.438192188372093 0.81603125 0.464917188372093 0.8143333343749999 0.46523437441860466 0.7982145843749999 0.438192188372093 0.800760415625
7 0.5218625 0.725195834375 0.5215437511627907 0.740041665625 0.5473140627906976 0.741314584375 0.5485859372093024 0.726891665625 0.5218625 0.725195834375
7 0.5946281255813953 0.715625 0.601945311627907 0.716047915625 0.6105359372093023 0.714352084375 0.6098984372093024 0.697385415625 0.5924015627906977 0.698233334375 0.5774484372093024 0.696535415625 0.574267188372093 0.703322915625 0.5745843744186047 0.711383334375 0.5847656255813953 0.714777084375 0.5946281255813953 0.715625
7 0.6083593744186047 0.787916665625 0.594042188372093 0.7904625000000001 0.5813156255813954 0.7887666656250001 0.5803625 0.8044604156249999 0.596904688372093 0.8010666656250001 0.6089953116279069 0.8010666656250001 0.6083593744186047 0.787916665625
0 0.4654390627906977 0.7798520843750001 0.46480312558139536 0.763733334375 0.4463515627906977 0.7679750000000001 0.4377609372093023 0.7675500000000001 0.43807968837209305 0.780277084375 0.4441234372093023 0.782397915625 0.450804688372093 0.781547915625 0.4654390627906977 0.7798520843750001
0 0.4656468744186047 0.748345834375 0.46469218837209303 0.735195834375 0.4506937511627907 0.7398625 0.43574062558139537 0.737316665625 0.43637656279069764 0.74919375 0.4433765627906977 0.7504666656250001 0.454829688372093 0.750891665625 0.4656468744186047 0.748345834375
0 0.5461562511627907 0.758397915625 0.533575 0.760064584375 0.5203875 0.757125 0.51975 0.772820834375 0.532157811627907 0.774941665625 0.5458390627906977 0.77366875 0.5461562511627907 0.758397915625
0 0.606267188372093 0.756889584375 0.589404688372093 0.7581625 0.5789062511627907 0.756041665625 0.579225 0.769616665625 0.5913140627906976 0.7725854156249999 0.6065843744186046 0.770889584375 0.606267188372093 0.756889584375
0 0.5980125000000001 0.739347915625 0.6072390627906977 0.7384999999999999 0.6075562511627907 0.724077084375 0.5945125 0.724925 0.5763781255813953 0.722379165625 0.5760609372093023 0.72789375 0.5801968744186047 0.7384999999999999 0.5903765627906976 0.739347915625 0.5980125000000001 0.739347915625
0 0.5393218744186047 0.806614584375 0.5488656255813953 0.805766665625 0.547275 0.798979165625 0.5450484372093023 0.790070834375 0.5355031255813953 0.7938875000000001 0.5176875 0.79049375 0.515142188372093 0.7972812499999999 0.515142188372093 0.8023729156250001 0.52755 0.80364375 0.5393218744186047 0.806614584375
2 0.46469218837209303 0.84318125 0.46882812558139536 0.8402125 0.46914687441860464 0.828335415625 0.45164843720930237 0.8330020843750001 0.4344687488372093 0.8317291656249999 0.4347859372093023 0.838516665625 0.43637656279069764 0.845302084375 0.4519656255813953 0.845302084375 0.46469218837209303 0.84318125
2 0.5466359372093023 0.70978125 0.5529984372093023 0.708933334375 0.5526812511627908 0.6970562499999999 0.5329562511627907 0.6983291656249999 0.5192765627906977 0.695360415625 0.5164125 0.697904165625 0.5167312511627907 0.7072375 0.5275468744186047 0.70978125 0.5466359372093023 0.70978125
2 0.605654688372093 0.8342124999999999 0.6110625 0.832091665625 0.6113812488372092 0.825304165625 0.6116984372093023 0.817245834375 0.600245311627907 0.8227604156250001 0.5897468744186046 0.8231833343750001 0.577657811627907 0.8206374999999999 0.577657811627907 0.82488125 0.578929688372093 0.8346375 0.5900656255813953 0.836333334375 0.605654688372093 0.8342124999999999