9 0.5631937511627907 0.528841665625 0.5636140627906977 0.5451312500000001 0.5990015627906977 0.5454125000000001 0.598370311627907 0.529966665625 0.5631937511627907 0.528841665625
9 0.43917187441860467 0.532002084375 0.4395937488372093 0.548291665625 0.473717188372093 0.548291665625 0.473717188372093 0.532283334375 0.43917187441860467 0.532002084375
9 0.5053515627906977 0.63230625 0.5047187488372094 0.6494375 0.538 0.6471916656250001 0.5377890627906977 0.6331479156250001 0.5053515627906977 0.63230625
3 0.443625 0.6069020843749999 0.443625 0.6237541656250001 0.4693234372093023 0.622347915625 0.469954688372093 0.606339584375 0.443625 0.6069020843749999
3 0.509592188372093 0.557722915625 0.509592188372093 0.571766665625 0.5373968744186046 0.571766665625 0.5367656255813954 0.559970834375 0.509592188372093 0.557722915625
3 0.5672062488372093 0.6027520843749999 0.5672062488372093 0.619883334375 0.5943796883720931 0.619883334375 0.5943796883720931 0.603875 0.5672062488372093 0.6027520843749999
8 0.508354688372093 0.608827084375 0.508354688372093 0.6195 0.536579688372093 0.620341665625 0.5363687511627907 0.609389584375 0.508354688372093 0.608827084375
8 0.568604688372093 0.555595834375 0.568604688372093 0.57048125 0.5953562511627908 0.5713229156249999 0.595567188372093 0.5572812500000001 0.568604688372093 0.555595834375
8 0.44279687441860466 0.572122915625 0.4699687488372093 0.5707187499999999 0.46975937441860466 0.559766665625 0.4435312511627907 0.5588333343749999 0.44279687441860466 0.572122915625
0 0.4428640627906977 0.584279165625 0.44412812558139536 0.597479165625 0.46982500000000005 0.597197915625 0.4696140627906977 0.584279165625 0.4428640627906977 0.584279165625
0 0.5080781255813953 0.584779165625 0.5085 0.597697915625 0.535882811627907 0.598541665625 0.5356718744186046 0.586183334375 0.5080781255813953 0.584779165625
0 0.5670218744186046 0.57850625 0.5678640627906977 0.5956375 0.5937718744186047 0.596479165625 0.5941937488372093 0.580189584375 0.5670218744186046 0.57850625
2 0.5619593744186047 0.6375124999999999 0.5640656255813953 0.652397915625 0.5979781255813953 0.652960415625 0.5988203116279069 0.640602084375 0.5619593744186047 0.6375124999999999
2 0.5062359372093024 0.5234875 0.5062359372093024 0.538654165625 0.5405687488372093 0.538091665625 0.5403593744186047 0.524891665625 0.5062359372093024 0.5234875
2 0.4401781255813953 0.6438958343750001 0.4401781255813953 0.65878125 0.4732468744186047 0.657377084375 0.4745109372093023 0.64136875 0.4401781255813953 0.6438958343750001