2 0.44707968837209305 0.8297166656250001 0.446282811627907 0.8503791656249999 0.48002812558139535 0.85151875 0.4817484372093023 0.830072915625 0.44707968837209305 0.8297166656250001
2 0.503445311627907 0.8234083343749999 0.5025906255813953 0.83975625 0.5385906255813954 0.842283334375 0.5382265627906977 0.827789584375 0.503445311627907 0.8234083343749999
2 0.5475593744186047 0.8090416656249999 0.5491406255813953 0.82906875 0.5855062488372093 0.8235374999999999 0.5835531255813954 0.8040125 0.5475593744186047 0.8090416656249999
2 0.44396406279069767 0.93651875 0.44396406279069767 0.959622915625 0.480329688372093 0.96125 0.47959687441860466 0.9414 0.44396406279069767 0.93651875
2 0.49958749999999996 0.924508334375 0.5010781255813953 0.944245834375 0.534420311627907 0.945445834375 0.5359781255813953 0.928625 0.49958749999999996 0.924508334375
2 0.5520781255813954 0.917202084375 0.5525656255813953 0.9347729156250001 0.5889312488372093 0.933797915625 0.589175 0.912645834375 0.5520781255813954 0.917202084375
7 0.553542188372093 0.8840520843749999 0.554029688372093 0.899997915625 0.5820968744186047 0.89804375 0.5818515627906976 0.883075 0.553542188372093 0.8840520843749999
7 0.5048234372093023 0.850760415625 0.504092188372093 0.86605625 0.5326468744186046 0.8673562499999999 0.532157811627907 0.853364584375 0.5048234372093023 0.850760415625
7 0.45005625116279074 0.8626250000000001 0.44887343720930234 0.8805708343750001 0.47702968837209303 0.883445834375 0.4780359372093023 0.865289584375 0.45005625116279074 0.8626250000000001
0 0.4477406255813953 0.8862333343750001 0.44725156279069767 0.905758334375 0.4758062511627907 0.906083334375 0.4753187511627907 0.8901395843750001 0.4477406255813953 0.8862333343750001
0 0.44644062558139536 0.9199229156250001 0.44399999999999995 0.934239584375 0.4786562488372093 0.9368437500000001 0.4786562488372093 0.923177084375 0.44644062558139536 0.9199229156250001
0 0.503804688372093 0.876566665625 0.5048734372093023 0.889285415625 0.5309875 0.8918895843750001 0.5314749999999999 0.878220834375 0.503804688372093 0.876566665625
0 0.553175 0.862077084375 0.5536640627906977 0.878345834375 0.5817312488372093 0.877045834375 0.5822187488372093 0.861425 0.553175 0.862077084375
0 0.5515906255813954 0.8327520843749999 0.5515906255813954 0.84641875 0.5845375 0.8412124999999999 0.5825859372093023 0.82624375 0.5515906255813954 0.8327520843749999
0 0.5053468744186047 0.89923125 0.5049656255813953 0.9129666656250001 0.533029688372093 0.9136729156250001 0.533029688372093 0.9024395843749999 0.5053468744186047 0.89923125