1 0.5030484372093023 0.577002084375 0.5033546883720931 0.584345834375 0.5379234372093024 0.583529165625 0.537617188372093 0.5761875 0.5030484372093023 0.577002084375
1 0.5495218744186047 0.5866625 0.5492156255813954 0.5972666656250001 0.5840890627906977 0.596858334375 0.5840890627906977 0.58829375 0.5495218744186047 0.5866625
1 0.6198218744186047 0.693497915625 0.6023125 0.6922125 0.6025859372093024 0.70208125 0.6374921883720931 0.702002084375 0.6365750000000001 0.6922125 0.6198218744186047 0.693497915625
2 0.5860375 0.7099854156250001 0.5860375 0.7010125 0.5499406255813953 0.701420834375 0.5508578116279069 0.7075375 0.5523875 0.714064584375 0.5848140627906977 0.714472915625 0.5860375 0.7099854156250001
2 0.5414343744186046 0.689435415625 0.512679688372093 0.689435415625 0.5050312511627907 0.687804165625 0.5071718744186047 0.699225 0.5252218744186047 0.700039584375 0.5402109372093024 0.699633334375 0.5414343744186046 0.689435415625
2 0.6334812488372092 0.57490625 0.615432811627907 0.576945834375 0.6013609372093023 0.5753145843749999 0.6001375 0.586735415625 0.617575 0.58714375 0.6350109372093024 0.58591875 0.6334812488372092 0.57490625
5 0.5092249999999999 0.60733125 0.5095312511627906 0.618752084375 0.5349218744186046 0.617120834375 0.5352281255813953 0.604883334375 0.5092249999999999 0.60733125
5 0.5529999999999999 0.617085415625 0.5529999999999999 0.629322915625 0.5808375 0.627689584375 0.5805328116279069 0.617085415625 0.5529999999999999 0.617085415625
5 0.6062562511627907 0.660085415625 0.6062562511627907 0.671914584375 0.6337875 0.670689584375 0.6331749999999999 0.6588625 0.6062562511627907 0.660085415625
0 0.6046828116279069 0.6136229156249999 0.6043781255813954 0.623820834375 0.6312968744186046 0.623004165625 0.6312968744186046 0.6136229156249999 0.6046828116279069 0.6136229156249999
0 0.6064546883720929 0.637558334375 0.6064546883720929 0.647754165625 0.6336812488372093 0.647754165625 0.6339874999999999 0.6379645843749999 0.6064546883720929 0.637558334375
0 0.5544187488372093 0.6408583343750001 0.5544187488372093 0.651054165625 0.5819515627906977 0.650647915625 0.5819515627906977 0.641266665625 0.5544187488372093 0.6408583343750001
0 0.554075 0.667222915625 0.5537687488372093 0.674564584375 0.5822187488372093 0.675379165625 0.5816062511627907 0.66763125 0.554075 0.667222915625
0 0.5092875 0.654885415625 0.509592188372093 0.663858334375 0.535595311627907 0.66304375 0.535595311627907 0.6544770843750001 0.5092875 0.654885415625
0 0.5100515627906976 0.629860415625 0.5097453116279069 0.6396499999999999 0.5360531255813954 0.637610415625 0.5360531255813954 0.6290458343750001 0.5100515627906976 0.629860415625