2 0.40893281162790696 0.575791665625 0.40893281162790696 0.5923375 0.4418765627906977 0.593541665625 0.4423281255813954 0.5784979156250001 0.40893281162790696 0.575791665625
2 0.5279499999999999 0.55866875 0.5281765627906977 0.572208334375 0.561120311627907 0.57190625 0.561120311627907 0.55866875 0.5279499999999999 0.55866875
2 0.4787281255813953 0.680422915625 0.4798562511627907 0.699075 0.5155093744186047 0.691254165625 0.5139296883720931 0.67500625 0.4787281255813953 0.680422915625
0 0.4816109372093023 0.6525375 0.4825125 0.6684833343750001 0.5089140627906976 0.662466665625 0.5082375 0.649529165625 0.4816109372093023 0.6525375
0 0.5330374999999999 0.6162708343750001 0.5334890627906976 0.6331187500000001 0.5598890627906977 0.6334187499999999 0.5598890627906977 0.617472915625 0.5330374999999999 0.6162708343750001
0 0.5323609372093023 0.590533334375 0.5323609372093023 0.603470834375 0.5601156255813954 0.605275 0.5587609372093023 0.591435415625 0.5323609372093023 0.590533334375
0 0.41226562558139535 0.6119625 0.41226562558139535 0.626404165625 0.43844062558139535 0.62700625 0.43844062558139535 0.612564584375 0.41226562558139535 0.6119625
0 0.4107375 0.6386708343749999 0.41118906279069767 0.652210415625 0.43758906279069765 0.6531125 0.43713749999999996 0.6383708343750001 0.4107375 0.6386708343749999
0 0.48088281162790697 0.628072915625 0.4826875 0.642514584375 0.5084109372093023 0.638 0.5081859372093023 0.625966665625 0.48088281162790697 0.628072915625
8 0.47810312558139534 0.60898125 0.4790062511627907 0.6240249999999999 0.5045031255813953 0.61770625 0.5045031255813953 0.602964584375 0.47810312558139534 0.60898125
8 0.41198906279069764 0.664039584375 0.41266562558139536 0.679383334375 0.43906562558139534 0.679383334375 0.43861562558139533 0.664039584375 0.41198906279069764 0.664039584375
8 0.5364937488372092 0.6419125 0.5364937488372092 0.65334375 0.5624437488372093 0.651839584375 0.5619921883720931 0.642814584375 0.5364937488372092 0.6419125
9 0.5315812488372093 0.664614584375 0.532032811627907 0.679958334375 0.5654281255813953 0.678152084375 0.5649765627906976 0.663710415625 0.5315812488372093 0.664614584375
9 0.4720109372093023 0.5830124999999999 0.4733640627906977 0.595345834375 0.5078890627906977 0.5893291656249999 0.5065343744186046 0.578197915625 0.4720109372093023 0.5830124999999999
9 0.4071265627906977 0.685139584375 0.408029688372093 0.7028916656249999 0.44165156279069767 0.703191665625 0.44052343720930237 0.687847915625 0.4071265627906977 0.685139584375