2 0.45432812558139535 0.786522915625 0.454625 0.774052084375 0.4385875 0.7764270843750001 0.4213718744186047 0.7716375 0.42091874883720926 0.784147915625 0.4265609372093023 0.7871166656249999 0.4412609372093023 0.7890958343750001 0.45432812558139535 0.786522915625
2 0.5755531255813954 0.776277084375 0.5408062488372093 0.7744958343749999 0.5411031255813953 0.785977084375 0.5593687488372093 0.7879562499999999 0.5757015627906976 0.786175 0.5755531255813954 0.776277084375
2 0.499504688372093 0.894541665625 0.5009906255813954 0.88226875 0.4858437511627907 0.884445834375 0.46609531162790696 0.8791020843749999 0.46668906279069766 0.889395834375 0.474707811627907 0.892958334375 0.4895562488372093 0.895333334375 0.499504688372093 0.894541665625
7 0.449817188372093 0.809085415625 0.4228734372093023 0.8072687500000001 0.4229406255813954 0.81799375 0.43823437441860463 0.8203687499999999 0.4502625 0.819972915625 0.449817188372093 0.809085415625
7 0.4980718744186047 0.8494458343750001 0.4716609372093023 0.8469125 0.4712359372093023 0.859208334375 0.4854406255813954 0.8612375 0.4985718744186047 0.861247915625 0.4980718744186047 0.8494458343750001
7 0.5581359372093023 0.8074833343750001 0.5449109372093023 0.8035895843749999 0.544920311627907 0.818172915625 0.571945311627907 0.819558334375 0.5716484372093024 0.8076812500000001 0.5581359372093023 0.8074833343750001
2 0.5712468744186047 0.8315875 0.5436281255813954 0.8305979156250001 0.5441031255813954 0.8434708343749999 0.5633859372093023 0.84509375 0.57095 0.8438625 0.5712468744186047 0.8315875
0 0.49939218837209304 0.823929165625 0.4714765627906977 0.822345834375 0.47177343720930237 0.835016665625 0.48216718837209305 0.83600625 0.49954062558139534 0.836204165625 0.49939218837209304 0.823929165625
0 0.44932656279069766 0.8308833343750001 0.42188906279069766 0.828458334375 0.42200312558139536 0.8417729156249999 0.42957656279069767 0.8443458343750001 0.44917812558139536 0.8439500000000001 0.44932656279069766 0.8308833343750001
0 0.447982811627907 0.8560375 0.42252812558139535 0.854485415625 0.42214531162790697 0.86751875 0.4300156255813954 0.8681125 0.4481312488372093 0.867914584375 0.447982811627907 0.8560375
8 0.4987375 0.799839584375 0.47245468837209303 0.798652084375 0.4715640627906977 0.8109249999999999 0.481067188372093 0.812310415625 0.49858906279069765 0.8117166656249999 0.4987375 0.799839584375
8 0.5705312488372093 0.8574208343749999 0.5429125 0.856429165625 0.5432093744186046 0.86850625 0.5563562488372092 0.869489584375 0.570679688372093 0.8683083343750001 0.5705312488372093 0.8574208343749999
9 0.5026484372093023 0.7725187499999999 0.484829688372093 0.7729145843749999 0.46730937441860465 0.768758334375 0.467754688372093 0.781625 0.4823062488372093 0.7828125 0.5025 0.7843979156249999 0.5026484372093023 0.7725187499999999
9 0.45189687441860465 0.8969687499999999 0.45189687441860465 0.887660415625 0.438570311627907 0.8888458343750001 0.41728750000000003 0.8848104156250001 0.4171187511627907 0.8967979156249999 0.4244812511627907 0.897814584375 0.4386640627906977 0.9004958343749999 0.45189687441860465 0.8969687499999999
9 0.573842188372093 0.896395834375 0.5736937488372092 0.8874875 0.5584 0.8880812499999999 0.538970311627907 0.8836124999999999 0.539392188372093 0.8965937500000001 0.551717188372093 0.8995625 0.5658234372093023 0.8999583343750001 0.573842188372093 0.896395834375