0 0.48720156279069765 0.670660415625 0.4869375 0.6836833343750001 0.5138625 0.6836833343750001 0.5138468744186047 0.670616665625 0.48720156279069765 0.670660415625
0 0.48637031162790695 0.693166665625 0.4871625 0.7051333343749999 0.5130312488372093 0.704429165625 0.5141093744186046 0.69220625 0.48637031162790695 0.693166665625
0 0.48737812558139537 0.71570625 0.4879062511627907 0.728729165625 0.5158875 0.728729165625 0.5153406255813954 0.715339584375 0.48737812558139537 0.71570625
0 0.5565625 0.70489375 0.5570906255813953 0.7200270843750001 0.5850718744186046 0.718970834375 0.5834874999999999 0.704189584375 0.5565625 0.70489375
0 0.554154688372093 0.676739584375 0.5540421883720931 0.69159375 0.5814968744186046 0.6880729156250001 0.5814968744186046 0.675402084375 0.554154688372093 0.676739584375
0 0.4037640627906977 0.6734312499999999 0.40323593720930234 0.687860415625 0.4314812511627907 0.68575 0.4314812511627907 0.670614584375 0.4037640627906977 0.6734312499999999
0 0.4037812511627907 0.718222915625 0.40457187441860465 0.731595834375 0.4311140627906977 0.72981875 0.4313312511627907 0.714777084375 0.4037812511627907 0.718222915625
0 0.4038265627906977 0.695004165625 0.4040234372093023 0.709295834375 0.4307531255813954 0.7069708343750001 0.43022499999999997 0.69078125 0.4038265627906977 0.695004165625
2 0.4013609372093023 0.753275 0.40162499999999995 0.76805625 0.43571250000000006 0.766452084375 0.43588437441860467 0.7513625 0.4013609372093023 0.753275
2 0.48464999999999997 0.7559520843749999 0.48483906279069766 0.76863125 0.5192625 0.768352084375 0.5195890627906976 0.756158334375 0.48464999999999997 0.7559520843749999
2 0.5514843744186047 0.644795834375 0.5520109372093023 0.6602812499999999 0.5852718744186047 0.658872915625 0.5860640627906977 0.6433875 0.5514843744186047 0.644795834375
2 0.39997187441860466 0.646083334375 0.39944375116279074 0.659104165625 0.4337609372093023 0.6559375000000001 0.434025 0.6415062500000001 0.39997187441860466 0.646083334375
7 0.5555156255813953 0.758645834375 0.5548156255813953 0.772622915625 0.5902453116279069 0.7698104156250001 0.5889437488372093 0.755633334375 0.5555156255813953 0.758645834375
0 0.5572218744186046 0.7215979156250001 0.5574859372093023 0.737085415625 0.5859546883720931 0.735704165625 0.5857375 0.72095 0.5572218744186046 0.7215979156250001
7 0.4825859372093023 0.6421375 0.4833765627906977 0.65445625 0.5175468744186046 0.6540125 0.5166375 0.642489584375 0.4825859372093023 0.6421375