2 0.4703109372093023 0.73033125 0.46974687441860463 0.715308334375 0.44834843720930234 0.716435415625 0.4378140627906976 0.712664584375 0.436242188372093 0.728829165625 0.449475 0.731458334375 0.4703109372093023 0.73033125
2 0.514892188372093 0.723616665625 0.514892188372093 0.711972915625 0.5008140627906976 0.716104165625 0.48504687441860467 0.71685625 0.4853281255813953 0.728122915625 0.500532811627907 0.725870834375 0.514892188372093 0.723616665625
2 0.46663906279069767 0.834341665625 0.46663906279069767 0.82345 0.45368749999999997 0.823825 0.434917188372093 0.8193645843749999 0.4345406255813954 0.830960415625 0.4505906255813954 0.833966665625 0.46663906279069767 0.834341665625
2 0.518532811627907 0.83006875 0.521067188372093 0.817297915625 0.502482811627907 0.8206791656249999 0.4951625 0.8165479156250001 0.4894234372093023 0.814060415625 0.4889687511627907 0.831570834375 0.5047359372093023 0.833072915625 0.518532811627907 0.83006875
2 0.5916875 0.8133645843749999 0.5915234372093023 0.7981208343749999 0.5790187488372093 0.803597915625 0.5612531255813953 0.8072166656249999 0.5607171883720931 0.818245834375 0.573104688372093 0.818997915625 0.5916875 0.8133645843749999
2 0.5824359372093023 0.696227084375 0.5714562511627908 0.700733334375 0.5513671883720931 0.703725 0.5523093744186046 0.7131291656250001 0.583 0.712002084375 0.5824359372093023 0.696227084375
6 0.4641062511627907 0.75585625 0.4635437511627907 0.740833334375 0.4403390627906977 0.739777084375 0.439892188372093 0.750597915625 0.445242188372093 0.753604165625 0.4641062511627907 0.75585625
6 0.5153812488372093 0.799639584375 0.5156625 0.788747915625 0.5035562511627907 0.792129165625 0.49173125116279065 0.79363125 0.4914484372093023 0.80151875 0.5027109372093024 0.80226875 0.5153812488372093 0.799639584375
6 0.582404688372093 0.73443125 0.5818406255813954 0.7209104156249999 0.5697343744186046 0.727670834375 0.5565 0.7295499999999999 0.5556562488372093 0.7378125 0.5705781255813953 0.738939584375 0.582404688372093 0.73443125
0 0.46407499999999996 0.7780166656249999 0.46435624883720933 0.7659979156250001 0.4499968744186047 0.7659979156250001 0.44058906279069765 0.761741665625 0.439579688372093 0.77125625 0.44887031162790697 0.7757625 0.46407499999999996 0.7780166656249999
0 0.5147218744186047 0.755147915625 0.5147218744186047 0.7420020843749999 0.5009265627906977 0.7442562500000001 0.4906109372093023 0.742164584375 0.48994531162790694 0.758152084375 0.5034593744186047 0.759279165625 0.5147218744186047 0.755147915625
0 0.5154359372093024 0.779233334375 0.5157187488372093 0.767966665625 0.5044562488372093 0.770595834375 0.4910437488372093 0.7698125 0.49122187441860465 0.779233334375 0.4996687511627907 0.779233334375 0.5154359372093024 0.779233334375
0 0.583267188372093 0.757795834375 0.582704688372093 0.746152084375 0.569470311627907 0.7521604156249999 0.5577593744186047 0.752979165625 0.5582093744186046 0.76155 0.5725687511627907 0.7607999999999999 0.583267188372093 0.757795834375
0 0.583679688372093 0.78618125 0.5828343744186046 0.767027084375 0.5746687511627907 0.7741625 0.558945311627907 0.7761 0.5583390627906977 0.788058334375 0.5721343744186047 0.788058334375 0.583679688372093 0.78618125
0 0.4624375 0.805045834375 0.4624375 0.78739375 0.4483593744186047 0.7870166656250001 0.4368156255813953 0.7836375 0.4370968744186047 0.7994125000000001 0.44357187441860463 0.80391875 0.4624375 0.805045834375