2 0.47595937441860464 0.634591665625 0.46471875116279066 0.634891665625 0.45145312558139533 0.632491665625 0.45145312558139533 0.6435833343749999 0.464942188372093 0.643883334375 0.47730937441860466 0.644183334375 0.47595937441860464 0.634591665625
2 0.5383671883720931 0.610935415625 0.5374671883720931 0.60164375 0.5255515627906976 0.604641665625 0.5077890627906977 0.6013437500000001 0.5071140627906977 0.614533334375 0.519704688372093 0.614833334375 0.5334203116279069 0.6151333343750001 0.5383671883720931 0.610935415625
2 0.6076234372093023 0.636954165625 0.5939093744186047 0.638454165625 0.583792188372093 0.63395625 0.5833421883720931 0.6435500000000001 0.5927843744186047 0.646547915625 0.6080734372093024 0.64295 0.6076234372093023 0.636954165625
2 0.6121906255813954 0.72835625 0.6137640627906976 0.718764584375 0.6011734372093023 0.723260415625 0.5872343744186047 0.722960415625 0.5811640627906977 0.7214625 0.5822875 0.732254165625 0.591054688372093 0.7304708343749999 0.6072437511627907 0.73045625 0.6121906255813954 0.72835625
2 0.5326390627906976 0.698672915625 0.5366859372093024 0.698672915625 0.5375859372093024 0.6884812499999999 0.5258937488372093 0.693277084375 0.511729688372093 0.686683334375 0.511954688372093 0.696875 0.5148765627906976 0.698972915625 0.524770311627907 0.699872915625 0.5326390627906976 0.698672915625
2 0.4784375 0.7288812499999999 0.4791125 0.717489584375 0.47416562558139536 0.722285415625 0.46494843720930235 0.722885415625 0.456629688372093 0.7219854156250001 0.44808593720930234 0.7165895843750001 0.4483109372093024 0.72738125 0.46000156279069765 0.730679165625 0.472367188372093 0.731579165625 0.4784375 0.7288812499999999
0 0.46478593720930234 0.66010625 0.45197031162790696 0.657408334375 0.451070311627907 0.6679 0.4762515627906977 0.6691 0.4762515627906977 0.65830625 0.46478593720930234 0.66010625
0 0.534042188372093 0.675177084375 0.5371890627906977 0.675177084375 0.5358406255813953 0.666783334375 0.52325 0.6682812499999999 0.5104343744186046 0.6658833343749999 0.5104343744186046 0.676975 0.5185281255813954 0.676375 0.5272968744186046 0.676975 0.534042188372093 0.675177084375
0 0.5989 0.66264375 0.5833875000000001 0.659345834375 0.5827125 0.670139584375 0.609017188372093 0.669539584375 0.6087937511627908 0.659045834375 0.5989 0.66264375
4 0.4817734372093023 0.610872915625 0.48109999999999997 0.603379165625 0.46738437441860464 0.6042770843749999 0.44984843720930234 0.601579165625 0.4487234372093023 0.608775 0.45749218837209304 0.610872915625 0.4685093744186047 0.612370834375 0.4817734372093023 0.610872915625
4 0.538729688372093 0.729810415625 0.5391781255813953 0.721716665625 0.5263625 0.7256145843749999 0.5077015627906977 0.722016665625 0.5079265627906977 0.730410415625 0.520967188372093 0.731010415625 0.5301859372093023 0.732208334375 0.538729688372093 0.729810415625
4 0.6108562488372092 0.609629165625 0.6106312511627907 0.603633334375 0.5944437511627907 0.60603125 0.5778062488372093 0.6048333343750001 0.5778062488372093 0.612627084375 0.5874734372093023 0.612927084375 0.6027625000000001 0.612027084375 0.6108562488372092 0.609629165625
7 0.609457811627907 0.682383334375 0.5946187488372093 0.687479165625 0.5836015627906976 0.680285415625 0.5836015627906976 0.6946749999999999 0.5986656255813954 0.694375 0.6083343744186046 0.692875 0.609457811627907 0.682383334375
7 0.536057811627907 0.651939584375 0.535832811627907 0.642047915625 0.5207687488372094 0.643545834375 0.5104265627906976 0.642047915625 0.5104265627906976 0.6516416656249999 0.523017188372093 0.652839584375 0.5286375 0.6534395843749999 0.536057811627907 0.651939584375
7 0.4759218744186047 0.692564584375 0.4756984372093023 0.6820708343749999 0.46737968837209304 0.6820708343749999 0.45209062558139534 0.679972915625 0.45186562558139537 0.688666665625 0.45906093720930236 0.692564584375 0.4687281255813953 0.692864584375 0.4759218744186047 0.692564584375