2 0.43301406279069765 0.786891665625 0.43165468837209303 0.7684 0.414520311627907 0.770575 0.39793124883720926 0.7723875 0.39902031162790697 0.79051875 0.4118015627906977 0.7897937500000001 0.42240781162790697 0.78943125 0.43301406279069765 0.786891665625
2 0.5067796883720931 0.77640625 0.5059640627906977 0.764077084375 0.4861109372093023 0.769154165625 0.4719687488372093 0.7680666656249999 0.47278593720930234 0.783658334375 0.48502343720930235 0.782208334375 0.4948140627906977 0.77966875 0.5067796883720931 0.77640625
2 0.5931937511627907 0.7745333343749999 0.5983609372093024 0.773445834375 0.5980890627906976 0.753866665625 0.5834031255813954 0.756404165625 0.5638218744186047 0.752777084375 0.5627343744186046 0.774170834375 0.5733406255813954 0.7752583343749999 0.5844906255813954 0.775622915625 0.5931937511627907 0.7745333343749999
2 0.6002640627906977 0.881079165625 0.599720311627907 0.868027084375 0.5869390627906976 0.8712895843749999 0.578779688372093 0.872377084375 0.5646390627906976 0.8673020843750001 0.5646390627906976 0.88289375 0.5768765627906977 0.88289375 0.5912890627906977 0.8825312500000001 0.6002640627906977 0.881079165625
2 0.511857811627907 0.8699875 0.5004359372093024 0.8754270843749999 0.490645311627907 0.876514584375 0.47895156279069767 0.8754270843749999 0.47895156279069767 0.8924687499999999 0.5015234372093024 0.89319375 0.512129688372093 0.89029375 0.511857811627907 0.8699875
2 0.432220311627907 0.897183334375 0.4379312511627907 0.89464375 0.4379312511627907 0.880864584375 0.4278687511627907 0.8844916656249999 0.4142718744186047 0.887029165625 0.4033937511627907 0.884129165625 0.40285000000000004 0.89428125 0.4118234372093023 0.8979083343750001 0.42134218837209303 0.8986333343749999 0.432220311627907 0.897183334375
0 0.43217500000000003 0.858325 0.421025 0.8608625 0.40606875116279073 0.8590500000000001 0.405525 0.872466665625 0.41857812558139534 0.873554165625 0.4332640627906977 0.8721041656249999 0.43217500000000003 0.858325
0 0.4315875 0.8358437500000001 0.4169015627906977 0.83910625 0.404120311627907 0.83801875 0.405207811627907 0.851797915625 0.41282343720930237 0.851797915625 0.4315875 0.849260415625 0.4315875 0.8358437500000001
0 0.43024999999999997 0.8177125000000001 0.4297062488372093 0.8042979156250001 0.4169234372093023 0.807560415625 0.403054688372093 0.807197915625 0.40223906279069765 0.819889584375 0.41447656279069767 0.819889584375 0.424267188372093 0.819889584375 0.43024999999999997 0.8177125000000001
0 0.5030656255813953 0.79840625 0.5027937511627907 0.785714584375 0.48593281162790697 0.788979165625 0.4753265627906977 0.789704165625 0.47668750000000004 0.8027583343750001 0.486204688372093 0.8016708343750001 0.49626718837209305 0.8005812499999999 0.5030656255813953 0.79840625
0 0.5047875000000001 0.8094625000000001 0.4890140627906977 0.8152645843749999 0.478679688372093 0.814177084375 0.47895156279069767 0.825779165625 0.49010156279069766 0.826141665625 0.5047875000000001 0.8243291656249999 0.5047875000000001 0.8094625000000001
0 0.5069843744186047 0.837204165625 0.49420312558139534 0.8408312499999999 0.4806046883720931 0.8411937500000001 0.481420311627907 0.855335415625 0.4961062488372093 0.853522915625 0.5080718744186047 0.849170834375 0.5069843744186047 0.837204165625
0 0.5937593744186046 0.806560415625 0.5940312488372093 0.793145834375 0.5820656255813953 0.794233334375 0.5690109372093023 0.793145834375 0.5690109372093023 0.80765 0.5755390627906977 0.8083750000000001 0.5831531255813953 0.8080125 0.5937593744186046 0.806560415625
0 0.5945531255813954 0.829983334375 0.5945531255813954 0.8136645843749999 0.5863937488372093 0.816929165625 0.5815 0.817654165625 0.5752437511627907 0.8172916656250001 0.5687171883720931 0.8136645843749999 0.568445311627907 0.829258334375 0.5790515627906977 0.8325208343750001 0.5874828116279069 0.832158334375 0.5945531255813954 0.829983334375
0 0.5954359372093024 0.8486229156249999 0.5951640627906977 0.83520625 0.5894531255813954 0.837383334375 0.5842859372093023 0.8388333343750001 0.5731359372093023 0.839195834375 0.5693281255813953 0.836295834375 0.5693281255813953 0.8518874999999999 0.5812937511627907 0.852975 0.5905406255813953 0.8522500000000001 0.5954359372093024 0.8486229156249999