4 0.41066562558139535 0.727383334375 0.38426406279069764 0.726327084375 0.3838687488372093 0.735127084375 0.392845311627907 0.736533334375 0.41092968837209304 0.7372375 0.41066562558139535 0.727383334375
4 0.535854688372093 0.669420834375 0.5361187488372093 0.680685415625 0.5626531255813954 0.681035415625 0.5621625 0.669358334375 0.535854688372093 0.669420834375
0 0.5368093744186047 0.685333334375 0.5363312511627907 0.691972915625 0.5364718744186047 0.699722915625 0.562779688372093 0.7001708343749999 0.562442188372093 0.68668125 0.5368093744186047 0.685333334375
0 0.5354375 0.709875 0.5359437511627907 0.7249395843750001 0.5617468744186046 0.729435415625 0.5622531255813954 0.720666665625 0.5354375 0.709875
0 0.46545156279069766 0.682541665625 0.466579688372093 0.6946 0.49322499999999997 0.693925 0.4935625 0.6808854156249999 0.46545156279069766 0.682541665625
0 0.46719218837209303 0.704375 0.4665843744186047 0.721879165625 0.494579688372093 0.720979165625 0.4933984372093023 0.70321875 0.46719218837209303 0.704375
0 0.38609374883720926 0.6795916656250001 0.3854187511627907 0.694879165625 0.413582811627907 0.696454165625 0.4140890627906977 0.680041665625 0.38609374883720926 0.6795916656250001
0 0.3851375 0.706095834375 0.38499687441860464 0.7199479156249999 0.41123437441860466 0.721677084375 0.41214843720930233 0.707583334375 0.3851375 0.706095834375
2 0.41435781162790697 0.7482541656249999 0.4020312488372093 0.74815 0.3809812488372093 0.745095834375 0.3809484372093023 0.762220834375 0.3819609372093023 0.7680666656249999 0.41417187441860465 0.768741665625 0.41435781162790697 0.7482541656249999
2 0.49830624883720925 0.750141665625 0.4633984372093023 0.750591665625 0.46373593720930234 0.768577084375 0.47638281162790697 0.769477084375 0.49746406279069766 0.769027084375 0.49830624883720925 0.750141665625
2 0.495879688372093 0.649539584375 0.462525 0.651172915625 0.463004688372093 0.66324375 0.47261718837209304 0.6625687499999999 0.4964734372093023 0.661614584375 0.495879688372093 0.649539584375
2 0.5321093744186046 0.64178125 0.5324468744186046 0.662464584375 0.565757811627907 0.6624875 0.56685 0.64200625 0.5321093744186046 0.64178125
2 0.40736093720930233 0.648645834375 0.38478437441860464 0.646572915625 0.38439218837209305 0.663816665625 0.417920311627907 0.6676562500000001 0.4189640627906977 0.648977084375 0.40736093720930233 0.648645834375
4 0.4942015627906977 0.728452084375 0.466145311627907 0.729479165625 0.46661093720930236 0.740595834375 0.477304688372093 0.74041875 0.4945265627906977 0.73843125 0.4942015627906977 0.728452084375
2 0.5322375 0.742816665625 0.5318812488372093 0.762083334375 0.5652906255813954 0.7624791656250001 0.565904688372093 0.7446937499999999 0.5322375 0.742816665625