6 0.46407656279069764 0.8038354156249999 0.4508 0.80598125 0.44013906279069764 0.8035687499999999 0.4399375 0.8177833343750001 0.44939218837209305 0.817514584375 0.46488124883720927 0.8172479156250001 0.46407656279069764 0.8038354156249999
6 0.4687031255813954 0.779697915625 0.4534156255813953 0.7799645843749999 0.43732187441860465 0.7794291656250001 0.43531093720930236 0.789620834375 0.44818437441860465 0.791766665625 0.4691062511627907 0.791229165625 0.4687031255813954 0.779697915625
6 0.570692188372093 0.798472915625 0.5624437488372093 0.79659375 0.5481609372093024 0.8000812500000001 0.5391093744186046 0.8000812500000001 0.5391093744186046 0.808664584375 0.5515812488372093 0.8073229156249999 0.5696859372093024 0.804104165625 0.570692188372093 0.798472915625
6 0.5680765627906976 0.819660415625 0.5554031255813954 0.823147915625 0.5431328116279069 0.823147915625 0.5437359372093024 0.8333395843750001 0.5543968744186046 0.8319979156249999 0.567875 0.830389584375 0.5680765627906976 0.819660415625
6 0.512957811627907 0.88805625 0.5043093744186046 0.889395834375 0.4894234372093023 0.8834958343749999 0.4876125 0.895029165625 0.49686562558139535 0.8995875 0.512957811627907 0.899052084375 0.512957811627907 0.88805625
6 0.5161765627906977 0.9242645843749999 0.515775 0.9156812499999999 0.497670311627907 0.916485415625 0.4858015627906977 0.908439584375 0.484595311627907 0.917558334375 0.491232811627907 0.9199729156249999 0.4972687511627907 0.9258729156250001 0.5161765627906977 0.9242645843749999
0 0.464007811627907 0.830120834375 0.45435312558139535 0.8285125000000001 0.43946718837209303 0.827975 0.43926562558139537 0.8373625 0.45515781162790697 0.836558334375 0.4644109372093024 0.8389729156250001 0.464007811627907 0.830120834375
0 0.5140968744186046 0.8657937499999999 0.5038375 0.8687437499999999 0.4895562488372093 0.863110415625 0.48915312558139534 0.8754500000000001 0.502429688372093 0.8767895843750001 0.5147 0.875985415625 0.5140968744186046 0.8657937499999999
0 0.570220311627907 0.83709375 0.5583531255813954 0.8438000000000001 0.543667188372093 0.84085 0.543467188372093 0.8529187500000001 0.5541281255813953 0.852652084375 0.5696171883720931 0.8505062499999999 0.570220311627907 0.83709375
2 0.5607656255813953 0.8687437499999999 0.5569437511627907 0.8706208343749999 0.5444718744186047 0.866597915625 0.5454781255813954 0.88161875 0.5698187511627907 0.8786687499999999 0.570020311627907 0.8639166656249999 0.5607656255813953 0.8687437499999999
2 0.5756515627906976 0.895297915625 0.5589562511627907 0.9006604156250001 0.543667188372093 0.897979165625 0.5428624999999999 0.9113895843750001 0.5561390627906977 0.911927084375 0.5752499999999999 0.907902084375 0.5756515627906976 0.895297915625
2 0.515504688372093 0.839239584375 0.49961406279069764 0.8397770843749999 0.49056093720930233 0.836289584375 0.4897562511627907 0.8486270843750001 0.5034359372093024 0.852114584375 0.5161093744186046 0.8518458343749999 0.515504688372093 0.839239584375
2 0.519729688372093 0.808664584375 0.503032811627907 0.8126875 0.4875437511627907 0.80598125 0.4867390627906977 0.816441665625 0.4961937511627907 0.8218062500000001 0.5193265627906977 0.820733334375 0.519729688372093 0.808664584375
2 0.46420937441860466 0.852114584375 0.4386625 0.852383334375 0.4386625 0.86284375 0.4432890627906977 0.8660625 0.46380781162790696 0.8652562500000001 0.46420937441860466 0.852114584375
2 0.46521562558139534 0.8856416656249999 0.4469093744186047 0.88456875 0.43484062558139536 0.882958334375 0.4344375 0.895029165625 0.4436906255813953 0.8971750000000001 0.466825 0.8944916656249999 0.46521562558139534 0.8856416656249999