2 0.473082811627907 0.622666665625 0.45617031162790694 0.6229625000000001 0.4412609372093023 0.619104165625 0.44148437441860466 0.635727084375 0.4724140627906977 0.638991665625 0.473082811627907 0.622666665625
2 0.5193656255813954 0.6188083343749999 0.4888484372093023 0.622122915625 0.48888125116279074 0.6324625 0.5182531255813954 0.629197915625 0.5193656255813954 0.6188083343749999
2 0.5863453116279069 0.603372915625 0.5558593744186047 0.6102000000000001 0.554970311627907 0.619402084375 0.5856781255813953 0.6143562499999999 0.5863453116279069 0.603372915625
2 0.4679640627906977 0.739025 0.46952187441860466 0.728339584375 0.4373812488372093 0.725241665625 0.4374781255813953 0.734275 0.4428187488372093 0.7357604156249999 0.4679640627906977 0.739025
2 0.5229265627906976 0.7319 0.5233718744186047 0.7221062500000001 0.5120234372093023 0.727447915625 0.4926640627906977 0.7200270843750001 0.49288593720930235 0.7357604156249999 0.5184765627906976 0.73486875 0.5229265627906976 0.7319
2 0.5936890627906977 0.7188395843750001 0.5932437488372093 0.703997915625 0.5845656255813954 0.7099354156250001 0.5625703116279069 0.71263125 0.563425 0.723589584375 0.579892188372093 0.7227 0.5936890627906977 0.7188395843750001
6 0.4681859372093023 0.660364584375 0.46885468837209304 0.6464125000000001 0.4434875 0.645225 0.4428187488372093 0.6571 0.4563937511627907 0.659770834375 0.4681859372093023 0.660364584375
6 0.5202562488372093 0.6956875 0.495525 0.6989062500000001 0.4964468744186047 0.7072645843750001 0.5198109372093023 0.7072645843750001 0.5202562488372093 0.6956875
6 0.5850093744186047 0.628010415625 0.560345311627907 0.63510625 0.560532811627907 0.6461166656249999 0.585454688372093 0.640179165625 0.5850093744186047 0.628010415625
0 0.4679640627906977 0.67045625 0.442667188372093 0.66811875 0.44215156279069767 0.678470834375 0.467742188372093 0.681141665625 0.4679640627906977 0.67045625
0 0.467742188372093 0.6927187499999999 0.44127656279069766 0.6914875 0.4428187488372093 0.706966665625 0.466629688372093 0.7099354156250001 0.467742188372093 0.6927187499999999
0 0.5175859372093023 0.647304165625 0.49385624883720924 0.6495729156250001 0.4948890627906977 0.664520834375 0.5186984372093023 0.661552084375 0.5175859372093023 0.647304165625
0 0.5178093744186046 0.673425 0.4944125 0.67665 0.4944437511627907 0.684408334375 0.5184765627906976 0.684408334375 0.5178093744186046 0.673425
0 0.5874578116279069 0.662145834375 0.5870125 0.65175625 0.5741062511627907 0.65650625 0.5625703116279069 0.657733334375 0.5625359372093024 0.6668937500000001 0.5716593744186047 0.667191665625 0.5874578116279069 0.662145834375
0 0.588125 0.673127084375 0.578779688372093 0.678175 0.5636843744186046 0.6785041656249999 0.5640937488372093 0.693610415625 0.588792188372093 0.691235415625 0.588125 0.673127084375