7 0.465420311627907 0.776197915625 0.4660562511627907 0.7651687500000001 0.4644656255813953 0.756683334375 0.4463312511627907 0.760927084375 0.4326515627906977 0.760927084375 0.43169687441860466 0.7672895843750001 0.43201406279069765 0.779591665625 0.4491937488372093 0.779166665625 0.465420311627907 0.776197915625
7 0.536617188372093 0.8843624999999999 0.5432984372093023 0.882666665625 0.5477515627906977 0.87545625 0.5474343744186047 0.866122915625 0.5315265627906977 0.867820834375 0.513392188372093 0.862729165625 0.513392188372093 0.869941665625 0.5149828116279069 0.8818187500000001 0.5251640627906977 0.8835145843750001 0.536617188372093 0.8843624999999999
7 0.436992188372093 0.8508541656249999 0.436992188372093 0.866127084375 0.46371562558139534 0.8644291656249999 0.4640343744186047 0.8483104156250001 0.436992188372093 0.8508541656249999
7 0.5194375 0.77519375 0.5191187488372093 0.790041665625 0.5448890627906977 0.791314584375 0.5461609372093023 0.776891665625 0.5194375 0.77519375
7 0.5931093744186047 0.766929165625 0.6004265627906977 0.767352084375 0.609017188372093 0.7656562499999999 0.6083796883720931 0.748689584375 0.590882811627907 0.7495375 0.575929688372093 0.7478395843750001 0.5727484372093024 0.754627084375 0.5730656255813953 0.7626875 0.5832468744186047 0.7660812499999999 0.5931093744186047 0.766929165625
7 0.6077218744186046 0.8387333343750001 0.5934062488372093 0.841279165625 0.580679688372093 0.83958125 0.5797249999999999 0.855277084375 0.5962687511627907 0.851883334375 0.6083593744186047 0.851883334375 0.6077218744186046 0.8387333343750001
0 0.463332811627907 0.8312520843750001 0.46269687441860463 0.815133334375 0.4442437488372093 0.819375 0.4356531255813954 0.8189500000000001 0.43597187441860463 0.831677084375 0.442017188372093 0.833797915625 0.4486984372093023 0.83295 0.463332811627907 0.8312520843750001
0 0.4643984372093023 0.7992250000000001 0.4634437488372093 0.7860750000000001 0.44944531162790696 0.7907416656249999 0.434492188372093 0.788195834375 0.43512812558139535 0.800075 0.44212812558139536 0.8013458343750001 0.45358124883720935 0.801770834375 0.4643984372093023 0.7992250000000001
0 0.544932811627907 0.8097354156250001 0.5191625000000001 0.8084625000000001 0.5185265627906976 0.82415625 0.5309343744186047 0.8262770843749999 0.5446140627906977 0.82500625 0.544932811627907 0.8097354156250001
0 0.6053843744186047 0.807314584375 0.5885218744186046 0.8085875 0.5780234372093024 0.8064666656249999 0.5783421883720931 0.820039584375 0.5904312488372093 0.823010415625 0.6057031255813953 0.8213125 0.6053843744186047 0.807314584375
0 0.596542188372093 0.790716665625 0.6057671883720931 0.789866665625 0.6060859372093024 0.77544375 0.593042188372093 0.77629375 0.574907811627907 0.773747915625 0.5745890627906977 0.7792625 0.578725 0.789866665625 0.5889062488372093 0.790716665625 0.596542188372093 0.790716665625
0 0.5384390627906976 0.856677084375 0.547982811627907 0.8558291656250001 0.546392188372093 0.8490416656249999 0.5441656255813954 0.840133334375 0.5346203116279069 0.8439520843749999 0.516804688372093 0.8405583343749999 0.5142593744186046 0.847345834375 0.5142593744186046 0.852435415625 0.526667188372093 0.853708334375 0.5384390627906976 0.856677084375
2 0.46407968837209307 0.8941250000000001 0.46821562558139534 0.8911562500000001 0.4685343744186047 0.879279165625 0.4510359372093023 0.883945834375 0.4338562511627907 0.8826729156249999 0.43417343720930235 0.8894604156250001 0.43576562558139537 0.896245834375 0.451354688372093 0.896245834375 0.46407968837209307 0.8941250000000001
2 0.5456812488372093 0.7613833343749999 0.5520453116279069 0.760533334375 0.5517265627906976 0.74865625 0.5320015627906977 0.749929165625 0.5183218744186047 0.746960415625 0.5154578116279069 0.749504165625 0.5157765627906976 0.7588375 0.5265937488372093 0.7613833343749999 0.5456812488372093 0.7613833343749999
2 0.6053359372093022 0.8846999999999999 0.6107453116279069 0.882579165625 0.6110625 0.875791665625 0.6113812488372092 0.867733334375 0.5999281255813953 0.8732479156249999 0.5894296883720931 0.8736708343749999 0.5773390627906977 0.8711270843750001 0.5773390627906977 0.87536875 0.5786125 0.885125 0.5897468744186046 0.886820834375 0.6053359372093022 0.8846999999999999