0 0.4616281255813953 0.567995834375 0.46194687441860466 0.580295834375 0.4877156255813953 0.580295834375 0.4889890627906977 0.567570834375 0.4616281255813953 0.567995834375
0 0.4613109372093023 0.590052084375 0.4613109372093023 0.603202084375 0.4877156255813953 0.602354165625 0.48803437441860464 0.590052084375 0.4613109372093023 0.590052084375
0 0.5185765627906976 0.5561166656250001 0.518895311627907 0.569691665625 0.544982811627907 0.573085415625 0.5459375000000001 0.56205625 0.5185765627906976 0.5561166656250001
0 0.520167188372093 0.53575625 0.5198484372093023 0.54890625 0.5465734372093023 0.550179165625 0.546254688372093 0.538725 0.520167188372093 0.53575625
0 0.5793421883720931 0.583266665625 0.5796609372093023 0.597264584375 0.6057484372093024 0.59514375 0.6060656255813954 0.583266665625 0.5793421883720931 0.583266665625
0 0.5933406255813953 0.607020834375 0.5790234372093023 0.607020834375 0.5796609372093023 0.619322915625 0.6063843744186046 0.619322915625 0.6057484372093024 0.6057479156250001 0.5933406255813953 0.607020834375
2 0.5767968744186047 0.640108334375 0.5767968744186047 0.652833334375 0.6108390627906977 0.651560415625 0.6102015627906976 0.638410415625 0.5767968744186047 0.640108334375
2 0.5510265627906976 0.5192125 0.5507093744186047 0.5090312499999999 0.5306656255813953 0.50945625 0.5179406255813954 0.502245834375 0.5169859372093023 0.514122915625 0.5278031255813953 0.5187875 0.5402109372093024 0.5196375 0.5510265627906976 0.5192125
2 0.45749218837209304 0.620170834375 0.45749218837209304 0.6358666656249999 0.49121562558139537 0.6354416656249999 0.49121562558139537 0.620595834375 0.45749218837209304 0.620170834375
6 0.4581281255813953 0.510729165625 0.45876562558139533 0.523454165625 0.4921703116279069 0.5230312500000001 0.49153437441860465 0.511577084375 0.4581281255813953 0.510729165625
6 0.4622640627906977 0.538725 0.4613109372093023 0.552722915625 0.48739843720930237 0.553147915625 0.48739843720930237 0.540422915625 0.4622640627906977 0.538725
6 0.518895311627907 0.5845374999999999 0.5192125 0.597264584375 0.5446640627906977 0.598960415625 0.5453 0.586660415625 0.518895311627907 0.5845374999999999
6 0.5475281255813954 0.6188979156250001 0.532575 0.61805 0.5141218744186047 0.613383334375 0.513804688372093 0.625260415625 0.5262125 0.629079165625 0.5468906255813953 0.629079165625 0.5475281255813954 0.6188979156250001
6 0.5736156255813953 0.527695834375 0.5748875 0.543816665625 0.6092484372093023 0.541695834375 0.6092484372093023 0.52896875 0.5736156255813953 0.527695834375
6 0.5793421883720931 0.557814584375 0.5796609372093023 0.5718125 0.6057484372093024 0.5718125 0.6063843744186046 0.5561166656250001 0.5793421883720931 0.557814584375