7 0.45139062558139537 0.7394708343749999 0.42657656279069767 0.741497915625 0.42626718837209304 0.753983334375 0.45158750000000003 0.7537208343749999 0.45139062558139537 0.7394708343749999
7 0.519979688372093 0.840975 0.5215625 0.82540625 0.506132811627907 0.831475 0.48852656279069767 0.829627084375 0.4897140627906977 0.840975 0.502770311627907 0.843085415625 0.519979688372093 0.840975
7 0.5169562488372094 0.7995187500000001 0.49222812558139534 0.8008374999999999 0.491832811627907 0.8124479156250001 0.5163625000000001 0.81139375 0.5169562488372094 0.7995187500000001
7 0.5813625 0.79195 0.5558437488372093 0.7916875 0.5566343744186046 0.8077833343749999 0.581757811627907 0.8075187500000001 0.5813625 0.79195
7 0.5871234372093023 0.821497915625 0.5732765627906977 0.827039584375 0.5529343744186047 0.824620834375 0.5540875 0.8381229156250001 0.5849484372093023 0.8381229156250001 0.5871234372093023 0.821497915625
0 0.4524656255813953 0.762520834375 0.4265640627906977 0.7627604156250001 0.4255625 0.777033334375 0.45167343720930236 0.777297915625 0.4524656255813953 0.762520834375
0 0.5168640627906976 0.789466665625 0.5170625 0.7741625 0.4922593744186046 0.77598125 0.4911484372093023 0.78973125 0.500445311627907 0.7907875 0.5168640627906976 0.789466665625
0 0.5819468744186046 0.7675875 0.5728484372093023 0.7728645843749999 0.5559187511627907 0.769935415625 0.5566265627906977 0.785266665625 0.5823437511627907 0.78553125 0.5819468744186046 0.7675875
3 0.4518718744186046 0.79010625 0.4257593744186046 0.79010625 0.4261546883720931 0.80224375 0.45226718837209307 0.8027729156250001 0.4518718744186046 0.79010625
3 0.5157890627906977 0.7631625 0.5159859372093023 0.751022915625 0.491479688372093 0.752652084375 0.49106093720930233 0.763689584375 0.503325 0.767120834375 0.5157890627906977 0.7631625
3 0.5826640627906977 0.74729375 0.555695311627907 0.748527084375 0.5563531255813954 0.7604875 0.5814765627906977 0.761014584375 0.5826640627906977 0.74729375
2 0.45619062558139534 0.8314125000000001 0.42376093720930236 0.832225 0.42632031162790696 0.843814584375 0.4530265627906977 0.8432875 0.45619062558139534 0.8314125000000001
2 0.5151265627906977 0.72258125 0.5180937488372094 0.711235415625 0.4866625 0.714127084375 0.4874312511627907 0.7260125000000001 0.508004688372093 0.726804165625 0.5151265627906977 0.72258125
2 0.5851953116279069 0.71654375 0.5842062488372093 0.7065166656249999 0.5778765627906977 0.7088916656250001 0.5517484372093023 0.70908125 0.5525562511627907 0.721029165625 0.578075 0.72129375 0.5851953116279069 0.71654375
7 0.455232811627907 0.712964584375 0.4228515627906977 0.713547915625 0.4239765627906977 0.724310415625 0.455232811627907 0.723783334375 0.455232811627907 0.712964584375