1 0.494332811627907 0.47407916562499997 0.49519062558139537 0.466275 0.4616468744186047 0.461616665625 0.46135156279069767 0.47008124999999995 0.4693468744186046 0.47255624999999996 0.483625 0.473697915625 0.494332811627907 0.47407916562499997
1 0.5567812488372094 0.592052084375 0.5570312511627907 0.5843875 0.5384093744186046 0.5863875000000001 0.52225 0.5833229156249999 0.5229125 0.5908854156250001 0.5287859372093023 0.5937166656249999 0.544032811627907 0.594883334375 0.5567812488372094 0.592052084375
5 0.6046796883720931 0.5458729156250001 0.5774343744186047 0.5458729156250001 0.5776843744186047 0.5560375 0.5868015627906976 0.5552479156250001 0.604929688372093 0.555204165625 0.6046796883720931 0.5458729156250001
5 0.5273390627906976 0.550085415625 0.5275140627906977 0.5592312500000001 0.5538843744186046 0.55973125 0.5538843744186046 0.550733334375 0.5273390627906976 0.550085415625
5 0.4894734372093023 0.498295834375 0.46258437441860467 0.49647291562499996 0.46235312558139535 0.505627084375 0.47210156279069765 0.506625 0.48959843720930235 0.5081249999999999 0.4894734372093023 0.498295834375
0 0.4873640627906977 0.520875 0.4603812511627907 0.516725 0.4601187511627907 0.528704165625 0.47274062558139535 0.532204165625 0.4876140627906977 0.5332041656250001 0.4873640627906977 0.520875
0 0.5270140627906977 0.525545834375 0.5273687511627907 0.538314584375 0.5547390627906977 0.536814584375 0.5542390627906977 0.5264833343750001 0.5270140627906977 0.525545834375
0 0.592357811627907 0.522283334375 0.5764859372093023 0.52195 0.5763609372093024 0.53228125 0.6042312488372092 0.531947915625 0.6043562511627908 0.520283334375 0.592357811627907 0.522283334375
7 0.5265359372093023 0.498133334375 0.5264109372093023 0.5116291656249999 0.5537812511627906 0.5116291656249999 0.5542812488372093 0.499466665625 0.5265359372093023 0.498133334375
7 0.5768031255813953 0.49562083437500004 0.5769281255813954 0.50745 0.6039234372093023 0.505283334375 0.6036734372093023 0.4932875 0.5768031255813953 0.49562083437500004
2 0.5570187511627908 0.47477916562500005 0.5568937488372093 0.46428333437499997 0.5415218744186047 0.466447915625 0.5226593744186047 0.46391666562499995 0.522775 0.474945834375 0.5335234372093023 0.476279165625 0.5485203116279069 0.47594583437500004 0.5570187511627908 0.47477916562500005
2 0.6062437488372093 0.470802084375 0.6063687511627907 0.461639584375 0.589995311627907 0.462972915625 0.572517188372093 0.46023125 0.5712484372093023 0.47046875000000005 0.58745 0.471610415625 0.5997312488372093 0.47081875 0.6062437488372093 0.470802084375
2 0.48489687441860463 0.5930125 0.4880218744186046 0.582516665625 0.46965 0.582016665625 0.45335156279069766 0.577416665625 0.45415312558139537 0.588514584375 0.46352656279069765 0.5910124999999999 0.4807734372093023 0.592679165625 0.48489687441860463 0.5930125
7 0.48577343720930233 0.559983334375 0.48608437441860464 0.547252084375 0.45858906279069767 0.543420834375 0.45671406279069765 0.557083334375 0.46634062558139533 0.55784375 0.47533437441860465 0.55955625 0.48577343720930233 0.559983334375
1 0.5921890627906977 0.581025 0.5745671883720931 0.5795250000000001 0.574942188372093 0.591020834375 0.6080625000000001 0.58735625 0.6076875 0.578525 0.5921890627906977 0.581025