2 0.43707968837209304 0.5767895843749999 0.403395311627907 0.573016665625 0.4031531255813953 0.584883334375 0.41902343720930235 0.588677084375 0.43668281162790695 0.590164584375 0.43707968837209304 0.5767895843749999
2 0.49662031162790693 0.703427084375 0.479195311627907 0.7048354156250001 0.463282811627907 0.7033104156250001 0.46335468837209304 0.7169770843750001 0.4741781255813953 0.718210415625 0.49648749999999997 0.7176812499999999 0.49662031162790693 0.703427084375
2 0.5707109372093023 0.58880625 0.5551343744186047 0.591445834375 0.5364343744186046 0.588875 0.5370484372093023 0.6046458343750001 0.554132811627907 0.603929165625 0.570982811627907 0.603466665625 0.5707109372093023 0.58880625
6 0.4321281255813953 0.609308334375 0.40507656279069765 0.6063291656249999 0.4045390627906977 0.6186375 0.41298749999999995 0.621452084375 0.4318656255813954 0.62233125 0.4321281255813953 0.609308334375
6 0.46675468837209305 0.668797915625 0.466867188372093 0.682141665625 0.4932687511627907 0.682845834375 0.4932687511627907 0.670175 0.46675468837209305 0.668797915625
6 0.5399953116279069 0.625029165625 0.5400453116279069 0.6387375 0.5671062488372093 0.6385625 0.5675031255813954 0.62413125 0.5399953116279069 0.625029165625
0 0.46707343720930233 0.646804165625 0.46700312558139534 0.660552084375 0.4935375 0.659495834375 0.49406562558139533 0.647529165625 0.46707343720930233 0.646804165625
0 0.430920311627907 0.631904165625 0.403742188372093 0.6299875 0.4034625 0.643166665625 0.416757811627907 0.645972915625 0.4306562488372093 0.645983334375 0.430920311627907 0.631904165625
8 0.43002812558139536 0.656516665625 0.4025859372093023 0.653814584375 0.40204218837209305 0.665666665625 0.412867188372093 0.668835415625 0.4295 0.668308334375 0.43002812558139536 0.656516665625
8 0.4938906255813954 0.623485415625 0.46737656279069767 0.62205 0.46722499999999995 0.635277084375 0.48148281162790696 0.63615625 0.49415468837209303 0.6356291656249999 0.4938906255813954 0.623485415625
8 0.539695311627907 0.670545834375 0.539904688372093 0.68455625 0.5672312511627907 0.6850854156249999 0.5677593744186046 0.672589584375 0.539695311627907 0.670545834375
9 0.46452031162790697 0.594239584375 0.464475 0.605852084375 0.49800468837209305 0.606204165625 0.4982687488372093 0.595995834375 0.46452031162790697 0.594239584375
9 0.43095156279069763 0.697710415625 0.43095156279069763 0.688383334375 0.3976234372093024 0.6854145843749999 0.397025 0.693839584375 0.40534218837209307 0.69683125 0.41867499999999996 0.6980625 0.43095156279069763 0.697710415625
0 0.567842188372093 0.658710415625 0.5675468744186046 0.647945834375 0.539775 0.648541665625 0.539825 0.6592083343749999 0.5486812511627908 0.658120834375 0.5583859372093023 0.65739375 0.567842188372093 0.658710415625
9 0.5715562488372092 0.703764584375 0.5553187488372093 0.706052084375 0.5371218744186046 0.703047915625 0.5373656255813953 0.71361875 0.5534703116279069 0.716258334375 0.5715562488372092 0.713441665625 0.5715562488372092 0.703764584375