7 0.4606515627906977 0.5268937499999999 0.47477031162790695 0.526502084375 0.4750640627906977 0.51905 0.47300624883720926 0.5072833343750001 0.4553562511627907 0.508852084375 0.4430031255813953 0.510420834375 0.4412375 0.513166665625 0.4403562488372093 0.5268937499999999 0.44917968837209304 0.528070834375 0.4606515627906977 0.5268937499999999
7 0.5562343744186047 0.52610625 0.5421156255813954 0.525714584375 0.5293390627906976 0.52593125 0.5279968744186047 0.5386562500000001 0.5435875 0.539441665625 0.5556468744186046 0.5402250000000001 0.5562343744186047 0.52610625
7 0.617425 0.514545834375 0.617129688372093 0.506310415625 0.6150718744186047 0.49768125 0.5833031255813954 0.49689791562499996 0.5821265627906977 0.5035645843750001 0.581832811627907 0.514154165625 0.6015406255813953 0.5153291656250001 0.617425 0.514545834375
7 0.615007811627907 0.589214584375 0.5876531255813954 0.590391665625 0.5873593744186046 0.6056874999999999 0.6073609372093024 0.602547915625 0.6164796883720931 0.60215625 0.615007811627907 0.589214584375
7 0.5545734372093023 0.6316312500000001 0.5572218744186046 0.617510415625 0.5416312511627908 0.61711875 0.5228062511627907 0.613589584375 0.521629688372093 0.619079165625 0.5251593744186047 0.630454165625 0.542807811627907 0.630454165625 0.5545734372093023 0.6316312500000001
7 0.446307811627907 0.599552084375 0.44542499999999996 0.614847915625 0.4733687511627907 0.614847915625 0.47425 0.59994375 0.446307811627907 0.599552084375
2 0.4773734372093023 0.643839584375 0.47825625116279075 0.6367812500000001 0.47855 0.629329165625 0.45590156279069766 0.63364375 0.44237031162790696 0.63325 0.4432531255813954 0.640310415625 0.44501718837209303 0.645016665625 0.46737187441860467 0.645016665625 0.4773734372093023 0.643839584375
2 0.5603750000000001 0.50026875 0.5253718744186047 0.4955625 0.5247843744186047 0.5108583343750001 0.540079688372093 0.511641665625 0.5609640627906977 0.5132104156249999 0.5603750000000001 0.50026875
2 0.6192859372093024 0.6337125 0.6201671883720931 0.619202084375 0.6010484372093023 0.6219458343750001 0.584870311627907 0.621554165625 0.5857531255813954 0.62900625 0.5866359372093023 0.63685 0.6042843744186047 0.6356729156250001 0.6192859372093024 0.6337125
0 0.5862781255813954 0.5569708343750001 0.5862781255813954 0.570697915625 0.6133406255813953 0.570697915625 0.6136343744186046 0.555795834375 0.5862781255813954 0.5569708343750001
0 0.6143234372093024 0.538572915625 0.616382811627907 0.5299437499999999 0.6160890627906976 0.5256291656250001 0.5978515627906976 0.524845834375 0.583145311627907 0.524454165625 0.5840265627906976 0.531120834375 0.5846156255813953 0.5377875000000001 0.6004984372093024 0.538964584375 0.6143234372093024 0.538572915625
0 0.555632811627907 0.557516665625 0.5453375 0.559477084375 0.528570311627907 0.55869375 0.5282765627906977 0.5739875 0.5435718744186047 0.574772915625 0.55475 0.574772915625 0.555632811627907 0.557516665625
0 0.5559781255813954 0.6056125 0.5559781255813954 0.598945834375 0.553625 0.592279165625 0.5277406255813953 0.592279165625 0.5253875 0.595416665625 0.5242109372093023 0.602475 0.541270311627907 0.603652084375 0.5559781255813954 0.6056125
0 0.471804688372093 0.565822915625 0.4447437511627907 0.568177084375 0.4447437511627907 0.5842562499999999 0.45621562558139533 0.584647915625 0.47121718837209303 0.5826875 0.471804688372093 0.565822915625
0 0.4674640627906977 0.550897915625 0.4745234372093023 0.5481520843750001 0.475404688372093 0.537564584375 0.4571687511627907 0.5399166656250001 0.442754688372093 0.538739584375 0.4442265627906977 0.543445834375 0.44510781162790697 0.55050625 0.458345311627907 0.55050625 0.4674640627906977 0.550897915625