2 0.43474531162790697 0.7278 0.43338593720930235 0.70930625 0.4162531255813953 0.711483334375 0.39966406279069766 0.713295834375 0.4007515627906977 0.731425 0.4135343744186047 0.7307 0.4241390627906977 0.7303375 0.43474531162790697 0.7278
2 0.5084546883720931 0.716485415625 0.5076390627906977 0.704158334375 0.4877859372093023 0.709233334375 0.47364531162790696 0.708145834375 0.4744609372093023 0.7237375 0.48669843720930234 0.7222875 0.49648906279069766 0.71975 0.5084546883720931 0.716485415625
2 0.5953265627906976 0.715877084375 0.6004937488372093 0.714789584375 0.6002218744186048 0.695208334375 0.5855359372093023 0.697747915625 0.5659562488372093 0.6941208343749999 0.5648687511627907 0.7155145843749999 0.575475 0.7166020843750001 0.586625 0.716964584375 0.5953265627906976 0.715877084375
2 0.6027562488372092 0.822335415625 0.6022124999999999 0.809283334375 0.5894312488372093 0.8125458343749999 0.5812734372093024 0.813633334375 0.5671312488372093 0.808558334375 0.5671312488372093 0.82415 0.5793687488372092 0.82415 0.5937828116279069 0.8237875000000001 0.6027562488372092 0.822335415625
2 0.5141109372093023 0.80971875 0.5026890627906977 0.815158334375 0.4928984372093023 0.816245834375 0.481204688372093 0.815158334375 0.481204688372093 0.8321999999999999 0.5037765627906977 0.832925 0.514382811627907 0.830025 0.5141109372093023 0.80971875
2 0.43410312558139535 0.8376833343750001 0.43981562558139536 0.835145834375 0.43981562558139536 0.821366665625 0.4297531255813954 0.82499375 0.416154688372093 0.82753125 0.4052765627906977 0.82463125 0.404732811627907 0.8347833343750001 0.413707811627907 0.838408334375 0.4232265627906977 0.8391354156249999 0.43410312558139535 0.8376833343750001
0 0.4343531255813953 0.79914375 0.42320312558139533 0.80168125 0.40824687441860463 0.79986875 0.4077031255813953 0.813285415625 0.4207562488372093 0.814372915625 0.43544218837209303 0.812922915625 0.4343531255813953 0.79914375
0 0.4334937488372093 0.776085415625 0.418807811627907 0.77935 0.40602656279069765 0.7782604156249999 0.4071140627906977 0.792039584375 0.4147281255813953 0.792039584375 0.4334937488372093 0.789502084375 0.4334937488372093 0.776085415625
0 0.432145311627907 0.7581854156250001 0.43160156279069767 0.74476875 0.418820311627907 0.748033334375 0.40495000000000003 0.747670834375 0.40413437441860467 0.760360415625 0.4163718744186047 0.760360415625 0.4261625 0.760360415625 0.432145311627907 0.7581854156250001
0 0.505320311627907 0.7389249999999999 0.5050484372093024 0.726233334375 0.4881875 0.729495834375 0.4775812511627907 0.7302208343750001 0.47894062558139533 0.743275 0.48845937441860465 0.7421875 0.4985218744186047 0.7411 0.505320311627907 0.7389249999999999
0 0.5058 0.7486125 0.4900265627906977 0.754414584375 0.47969218837209304 0.753327084375 0.47996406279069764 0.764929165625 0.4911140627906977 0.7652916656250001 0.5058 0.763479165625 0.5058 0.7486125
0 0.5083656255813953 0.7791125 0.49558437441860465 0.782739584375 0.4819875 0.7831020843750001 0.4828031255813954 0.79724375 0.49748749999999997 0.79543125 0.5094546883720931 0.791079165625 0.5083656255813953 0.7791125
0 0.5948265627906977 0.745625 0.5950984372093023 0.732208334375 0.583132811627907 0.733295834375 0.5700781255813954 0.732208334375 0.5700781255813954 0.7467125 0.5766046883720931 0.7474375 0.584220311627907 0.7470749999999999 0.5948265627906977 0.745625
0 0.595675 0.77028125 0.595675 0.753964584375 0.5873812488372093 0.757104165625 0.5823812488372093 0.757104165625 0.5782625 0.757104165625 0.5698390627906977 0.753964584375 0.5695671883720931 0.76955625 0.5801734372093024 0.772820834375 0.5886031255813954 0.772458334375 0.595675 0.77028125
0 0.59735 0.78705 0.5970781255813953 0.773635415625 0.591367188372093 0.775810415625 0.5862 0.777260415625 0.5750500000000001 0.7776229156250001 0.5712437511627907 0.7747229156250001 0.5712437511627907 0.790314584375 0.5832093744186047 0.791402084375 0.592454688372093 0.7906770843750001 0.59735 0.78705