2 0.44553593720930235 0.8399166656249999 0.4462875 0.8268812499999999 0.41530937441860466 0.8243375000000001 0.41585468837209305 0.8389125 0.4312593744186046 0.8404166656250001 0.44553593720930235 0.8399166656249999
8 0.5084765627906976 0.8323916656250001 0.48153437441860464 0.8329125 0.48252656279069767 0.8445145843749999 0.5081062488372093 0.843760415625 0.5084765627906976 0.8323916656250001
9 0.5979265627906977 0.9416375 0.564795311627907 0.9421145843750001 0.564054688372093 0.9524958343750001 0.597175 0.954672915625 0.5979265627906977 0.9416375
2 0.4410625 0.8695625 0.4406859372093023 0.859535415625 0.41675468837209306 0.8571083343750001 0.4158890627906977 0.869060415625 0.4252812488372093 0.8695625 0.4410625 0.8695625
8 0.43870312558139535 0.916514584375 0.4383265627906977 0.9084937500000001 0.4154265627906977 0.9083083343749999 0.41352968837209303 0.9175166656249999 0.426679688372093 0.9180187500000001 0.43870312558139535 0.916514584375
9 0.441757811627907 0.948620834375 0.4413812488372093 0.9370916656249999 0.422595311627907 0.9375916656250001 0.40927343720930237 0.933260415625 0.409820311627907 0.94761875 0.4244734372093023 0.9496229156249999 0.441757811627907 0.948620834375
2 0.5132937488372092 0.9139666656250001 0.4797093744186047 0.9129250000000001 0.479854688372093 0.9239916656249999 0.512167188372093 0.9275020843749999 0.5132937488372092 0.9139666656250001
9 0.5107 0.8155875 0.511070311627907 0.8027374999999999 0.47868124883720925 0.8024791656250001 0.47807187441860466 0.8109249999999999 0.4867140627906977 0.814435415625 0.5107 0.8155875
2 0.5081875 0.8799104156249999 0.4845609372093023 0.877591665625 0.48301406279069764 0.8899374999999999 0.5085625 0.8914416656249999 0.5081875 0.8799104156249999
2 0.599025 0.84183125 0.5997765627906977 0.8297979156249999 0.564795311627907 0.830416665625 0.5659062488372093 0.8407958343749999 0.5832453116279069 0.843835415625 0.599025 0.84183125
2 0.5939156255813954 0.8655208343749999 0.5696109372093023 0.8650125 0.569117188372093 0.877052084375 0.5927875 0.8750458343749999 0.5939156255813954 0.8655208343749999
8 0.594275 0.9205625 0.5939 0.9115395843749999 0.5803734372093023 0.9145479156249999 0.5695437488372093 0.910975 0.5694781255813953 0.922066665625 0.576617188372093 0.9225687499999999 0.594275 0.9205625
0 0.5095890627906977 0.867979165625 0.5088468744186047 0.856116665625 0.49494687441860463 0.85858125 0.483625 0.8560187499999999 0.4843937488372093 0.8689666656249999 0.4934437488372093 0.869110415625 0.5095890627906977 0.867979165625
0 0.5935140627906977 0.8873791656250001 0.5677484372093023 0.887325 0.5698437511627907 0.8989104156250001 0.5935140627906977 0.8989104156250001 0.5935140627906977 0.8873791656250001
0 0.44030156279069765 0.883739584375 0.424145311627907 0.8832375000000001 0.41326718837209303 0.883060415625 0.4151281255813954 0.8942666656249999 0.44030156279069765 0.893264584375 0.44030156279069765 0.883739584375