2 0.41880625116279074 0.684302084375 0.41905937441860464 0.69885625 0.45332500000000003 0.698179165625 0.45332500000000003 0.683964584375 0.41880625116279074 0.684302084375
2 0.5528234372093024 0.692425 0.5533312488372093 0.7062999999999999 0.589120311627907 0.703254165625 0.589120311627907 0.68971875 0.5528234372093024 0.692425
2 0.47972343720930233 0.798014584375 0.4799765627906977 0.811891665625 0.515004688372093 0.8112145843749999 0.5144968744186046 0.796660415625 0.47972343720930233 0.798014584375
6 0.4175359372093024 0.800383334375 0.4175359372093024 0.81324375 0.4520562488372093 0.8105375 0.45230937441860464 0.7997062500000001 0.4175359372093024 0.800383334375
6 0.5556156255813953 0.805460415625 0.5553609372093024 0.81764375 0.5903890627906977 0.816289584375 0.5903890627906977 0.805122915625 0.5556156255813953 0.805460415625
6 0.5563765627906977 0.720177084375 0.5563765627906977 0.734389584375 0.5868359372093023 0.734052084375 0.5863281255813954 0.718483334375 0.5563765627906977 0.720177084375
6 0.48327656279069764 0.766879165625 0.4827687488372093 0.7824479156249999 0.511957811627907 0.780416665625 0.5106890627906977 0.767895834375 0.48327656279069764 0.766879165625
6 0.4218515627906977 0.7134083343750001 0.4210906255813954 0.728297915625 0.450279688372093 0.727283334375 0.44977187441860467 0.7137458343749999 0.4218515627906977 0.7134083343750001
6 0.47845312558139536 0.6829500000000001 0.47896093720930233 0.69479375 0.514242188372093 0.695133334375 0.5129734372093023 0.682610415625 0.47845312558139536 0.6829500000000001
0 0.420075 0.770941665625 0.41956718837209306 0.7834625 0.4485031255813954 0.782785415625 0.4492640627906977 0.771279165625 0.420075 0.770941665625
0 0.4203281255813954 0.740820834375 0.420075 0.760110415625 0.44901093720930235 0.75808125 0.4485031255813954 0.738789584375 0.4203281255813954 0.740820834375
0 0.48226093720930235 0.733714584375 0.4817531255813953 0.752664584375 0.5106890627906977 0.7516499999999999 0.5101812511627907 0.7360833343750001 0.48226093720930235 0.733714584375
0 0.482007811627907 0.7107 0.4827687488372093 0.723222915625 0.5101812511627907 0.722883334375 0.5101812511627907 0.7103625 0.482007811627907 0.7107
0 0.557645311627907 0.777370834375 0.5581531255813953 0.7922625 0.5870890627906976 0.7919229156250001 0.5870890627906976 0.777370834375 0.557645311627907 0.777370834375
0 0.5581531255813953 0.74928125 0.5581531255813953 0.76485 0.5863281255813954 0.764172915625 0.5860734372093023 0.745897915625 0.5581531255813953 0.74928125