0 0.41277031162790695 0.46739375 0.41331406279069766 0.48153541562499996 0.4405093744186046 0.479722915625 0.44078125116279065 0.46666875 0.41277031162790695 0.46739375
0 0.41535000000000005 0.50065 0.4158937511627907 0.514791665625 0.44227343720930234 0.512616665625 0.44172968837209303 0.4995625 0.41535000000000005 0.50065
0 0.4435937488372093 0.5206000000000001 0.41639843720930236 0.5224125 0.416670311627907 0.535466665625 0.43353124883720934 0.533654165625 0.4435937488372093 0.533654165625 0.4435937488372093 0.5206000000000001
0 0.48984062558139535 0.5032708343750001 0.49092812558139537 0.5156 0.518395311627907 0.51125 0.517579688372093 0.499283334375 0.48984062558139535 0.5032708343750001
0 0.5158968744186047 0.46972291562499996 0.4887031255813954 0.472260415625 0.48843125116279074 0.484589584375 0.500125 0.48422708437499995 0.5158968744186047 0.48313958437500004 0.5158968744186047 0.46972291562499996
0 0.5133390627906976 0.446558334375 0.494575 0.449095834375 0.48505624883720927 0.450183334375 0.4875031255813953 0.46323749999999997 0.5013734372093023 0.46033749999999996 0.5127953116279069 0.45925000000000005 0.5133390627906976 0.446558334375
0 0.6041843744186046 0.45350416562499996 0.5908593744186047 0.454229165625 0.5778046883720931 0.45241666562500005 0.577532811627907 0.466195834375 0.595754688372093 0.46547083437500003 0.6044562488372093 0.465108334375 0.6041843744186046 0.45350416562499996
0 0.6047812511627908 0.47591666562499996 0.5922718744186046 0.476279165625 0.5784015627906977 0.47591666562499996 0.5784015627906977 0.49042083437499995 0.5936312488372093 0.491508334375 0.6050531255813953 0.490783334375 0.6047812511627908 0.47591666562499996
0 0.6053468744186046 0.49375625 0.588757811627907 0.49520625 0.578695311627907 0.49484374999999997 0.5795109372093024 0.510072915625 0.5936531255813954 0.510072915625 0.6067062511627908 0.508260415625 0.6053468744186046 0.49375625
2 0.600295311627907 0.43161875 0.6095406255813953 0.43125625 0.6089968744186046 0.414214584375 0.5883281255813954 0.414939584375 0.5739156255813953 0.414214584375 0.5725562488372092 0.421466665625 0.5736437488372093 0.43234583437499996 0.5896890627906977 0.43307083437499994 0.600295311627907 0.43161875
2 0.5088343744186047 0.436283334375 0.5169937488372093 0.43410624999999997 0.5164484372093023 0.424316665625 0.49904374883720926 0.42685625 0.481367188372093 0.42866875000000004 0.481095311627907 0.43338124999999994 0.48218281162790694 0.44389791562500003 0.49442031162790695 0.43954583437499994 0.5088343744186047 0.436283334375
2 0.43258906279069764 0.44968541562500003 0.4418359372093023 0.448235415625 0.44156406279069765 0.44062083437500005 0.4407468744186046 0.431191665625 0.4081140627906977 0.43264375 0.40702499999999997 0.44207083437500005 0.4075687488372093 0.45149791562499997 0.42143906279069765 0.45113541562500004 0.43258906279069764 0.44968541562500003
2 0.4478062511627907 0.5559333343749999 0.44753437441860466 0.544329165625 0.432032811627907 0.54686875 0.4146281255813954 0.5450541656250001 0.4140843744186047 0.557383334375 0.4252343744186047 0.558108334375 0.4350234372093023 0.558108334375 0.4478062511627907 0.5559333343749999
2 0.5215859372093022 0.54851875 0.520770311627907 0.543079165625 0.5204984372093023 0.531839584375 0.5022781255813953 0.5365541656249999 0.48732031162790695 0.536189584375 0.48786406279069766 0.55069375 0.49955781162790697 0.55069375 0.5115234372093023 0.54996875 0.5215859372093022 0.54851875
2 0.599807811627907 0.5426333343749999 0.609054688372093 0.540458334375 0.608782811627907 0.528854165625 0.5976328116279069 0.5310312500000001 0.5905625 0.5310312500000001 0.5745171883720931 0.53030625 0.5745171883720931 0.53574375 0.5758765627906977 0.542270834375 0.586482811627907 0.541908334375 0.599807811627907 0.5426333343749999