7 0.5345812488372093 0.629545834375 0.5340796883720931 0.618147915625 0.5199984372093024 0.61881875 0.5074265627906976 0.618147915625 0.5074265627906976 0.630216665625 0.5164781255813953 0.6318937499999999 0.5285468744186047 0.6318937499999999 0.5345812488372093 0.629545834375
7 0.5333562488372093 0.66205 0.5381343744186047 0.660039584375 0.5386359372093024 0.64629375 0.520532811627907 0.648641665625 0.5046937511627907 0.646964584375 0.5046937511627907 0.653333334375 0.5062015627906977 0.662720834375 0.5215390627906977 0.662720834375 0.5333562488372093 0.66205
7 0.5992437511627906 0.6400479156250001 0.6051046883720931 0.639275 0.6043499999999999 0.626870834375 0.5905218744186047 0.6282125 0.5770375 0.627760415625 0.576692188372093 0.639610415625 0.586725 0.6400479156250001 0.593282811627907 0.6400479156250001 0.5992437511627906 0.6400479156250001
7 0.5934765627906976 0.6711125 0.6065515627906978 0.669770834375 0.607557811627907 0.664072915625 0.6073062488372093 0.65535625 0.5909625000000001 0.658372915625 0.5736140627906977 0.656695834375 0.5733625 0.661725 0.5738656255813953 0.67010625 0.5836718744186047 0.6711125 0.5934765627906976 0.6711125
0 0.6053484372093023 0.607410415625 0.591267188372093 0.607410415625 0.5766843744186047 0.6033875 0.5764328116279069 0.61713125 0.5896265627906977 0.619295834375 0.6045937488372093 0.61914375 0.6053484372093023 0.607410415625
0 0.5350499999999999 0.607785415625 0.5347984372093023 0.593370834375 0.5239859372093023 0.596722915625 0.5076437488372093 0.59739375 0.5076437488372093 0.6067812499999999 0.5154375 0.6091270843750001 0.5252437511627908 0.609797915625 0.5350499999999999 0.607785415625
6 0.5356968744186047 0.5662125 0.5176312488372092 0.566229165625 0.507032811627907 0.565541665625 0.5067812488372093 0.5799562500000001 0.5191015627906976 0.580291665625 0.535445311627907 0.579620834375 0.5356968744186047 0.5662125
6 0.6054562488372093 0.588127084375 0.6052046883720931 0.574047915625 0.5920062511627907 0.57486875 0.57805 0.574716665625 0.5777984372093024 0.587791665625 0.5896796883720931 0.588195834375 0.5964093744186046 0.588195834375 0.6054562488372093 0.588127084375
2 0.6012890627906977 0.556502084375 0.6085812488372093 0.556166665625 0.6085812488372093 0.544097915625 0.5970140627906977 0.54745 0.5844437488372093 0.54745 0.5741343744186046 0.5451020843750001 0.5746375 0.557841665625 0.5857 0.5585125 0.5962609372093023 0.558177084375 0.6012890627906977 0.556502084375
0 0.4271484372093023 0.5923145843750001 0.42757812558139535 0.606070834375 0.45401406279069767 0.602058334375 0.45401406279069767 0.589735415625 0.4271484372093023 0.5923145843750001
7 0.4260859372093023 0.568252084375 0.425870311627907 0.583725 0.45252187441860464 0.580572915625 0.45273593720930233 0.5648125 0.4260859372093023 0.568252084375
7 0.4550937511627907 0.5507770843750001 0.454879688372093 0.53415625 0.43704062558139534 0.535589584375 0.42027656279069764 0.537308334375 0.420920311627907 0.554216665625 0.4303781255813953 0.55335625 0.441554688372093 0.55135 0.4550937511627907 0.5507770843750001
6 0.428170311627907 0.617804165625 0.4288156255813953 0.631560415625 0.4563265627906977 0.630127084375 0.4552515627906977 0.61350625 0.428170311627907 0.617804165625
2 0.45991562558139537 0.657264584375 0.45991562558139537 0.641791665625 0.42552812558139536 0.643795834375 0.42552812558139536 0.661564584375 0.4384234372093023 0.661277084375 0.4440109372093023 0.659558334375 0.45991562558139537 0.657264584375
2 0.538375 0.551010415625 0.5379781255813953 0.538291665625 0.5214843744186046 0.5388229156250001 0.5036 0.5388229156250001 0.5036 0.550214584375 0.5127406255813953 0.5515395843750001 0.5246640627906977 0.551804165625 0.538375 0.551010415625