2 0.5049640627906977 0.745377084375 0.5055078116279069 0.731597915625 0.488375 0.7341375 0.47124218837209303 0.73305 0.4715140627906977 0.746464584375 0.48076093720930235 0.7471895843749999 0.49327031162790697 0.746102084375 0.5049640627906977 0.745377084375
2 0.5683281255813953 0.755325 0.5683281255813953 0.739008334375 0.553370311627907 0.743358334375 0.5356937488372093 0.73683125 0.53515 0.7535125 0.5468437511627907 0.7571375 0.5593531255813953 0.7575000000000001 0.5683281255813953 0.755325
2 0.6296875 0.738133334375 0.6128265627906977 0.738133334375 0.59515 0.738133334375 0.5956937511627907 0.7544500000000001 0.6177218744186047 0.7555375 0.6294156255813954 0.752275 0.6296875 0.738133334375
2 0.6282062511627907 0.8165125 0.6020984372093023 0.818325 0.6023703116279069 0.832829165625 0.612704688372093 0.833554165625 0.62875 0.832466665625 0.6282062511627907 0.8165125
2 0.6345406255813953 0.847033334375 0.617407811627907 0.8502979156249999 0.599457811627907 0.847033334375 0.5989140627906977 0.8626250000000001 0.619582811627907 0.86335 0.6345406255813953 0.8608125 0.6345406255813953 0.847033334375
2 0.5685890627906977 0.865995834375 0.5688609372093023 0.854029165625 0.5506406255813954 0.85729375 0.5362281255813953 0.8522166656250001 0.5362281255813953 0.864183334375 0.5473781255813953 0.867808334375 0.565054688372093 0.8688958343750001 0.5685890627906977 0.865995834375
2 0.5063984372093023 0.852329165625 0.506942188372093 0.839639584375 0.49144062558139534 0.8439895843749999 0.4726765627906977 0.839639584375 0.473220311627907 0.8508791656250001 0.4838265627906977 0.85269375 0.4933437488372093 0.85341875 0.5063984372093023 0.852329165625
2 0.502654688372093 0.810385415625 0.490145311627907 0.8136479156249999 0.476275 0.808570834375 0.47545937441860464 0.8263395843750001 0.487425 0.827789584375 0.5021109372093023 0.825977084375 0.502654688372093 0.810385415625
2 0.5652781255813953 0.774102084375 0.5535843744186046 0.776277084375 0.539170311627907 0.774464584375 0.5388984372093023 0.7878791656249999 0.548145311627907 0.78933125 0.5660937488372093 0.788604165625 0.5652781255813953 0.774102084375
0 0.566029688372093 0.7970875000000001 0.5521609372093024 0.8007145843749999 0.5391062511627907 0.7970875000000001 0.5393781255813953 0.810504165625 0.5521609372093024 0.814129165625 0.564942188372093 0.813404165625 0.566029688372093 0.7970875000000001
0 0.5660359372093023 0.8207270843750001 0.5497187511627907 0.8247145843749999 0.5402 0.8225395843750001 0.5399281255813954 0.8355937499999999 0.5535265627906977 0.83813125 0.566579688372093 0.8355937499999999 0.5660359372093023 0.8207270843750001
0 0.627842188372093 0.7874749999999999 0.6150609372093023 0.792189584375 0.6009203116279069 0.7910999999999999 0.6009203116279069 0.804516665625 0.615332811627907 0.8041541656250001 0.6283875 0.802704165625 0.627842188372093 0.7874749999999999
0 0.626504688372093 0.767575 0.615082811627907 0.767575 0.6006687488372092 0.7679375 0.6003968744186047 0.782804165625 0.6126343744186046 0.7824416656250001 0.6273203116279069 0.781354165625 0.626504688372093 0.767575
0 0.502042188372093 0.759604165625 0.47593437441860464 0.759966665625 0.47593437441860464 0.774833334375 0.48871562558139536 0.775922915625 0.501770311627907 0.773020834375 0.502042188372093 0.759604165625
0 0.5026437511627907 0.783685415625 0.4890468744186046 0.7855000000000001 0.47572031162790696 0.7840499999999999 0.4754484372093023 0.796377084375 0.4923093744186046 0.798189584375 0.5018281255813953 0.797102084375 0.5026437511627907 0.783685415625