2 0.4477656255813954 0.8008124999999999 0.4492312488372093 0.7905625 0.4162484372093023 0.787925 0.4162781255813954 0.800325 0.43129062558139536 0.8013 0.4477656255813954 0.8008124999999999
2 0.441907811627907 0.835466665625 0.4430062488372093 0.8232645843749999 0.4167062511627907 0.820241665625 0.416645311627907 0.830585415625 0.42433437441860467 0.8344895843750001 0.441907811627907 0.835466665625
2 0.510375 0.8413229156250001 0.49756093720930233 0.8457166656249999 0.48438906279069766 0.8434125 0.484379688372093 0.8549895843750001 0.5100093744186047 0.856454165625 0.510375 0.8413229156250001
2 0.513670311627907 0.8759770843749999 0.48027343720930227 0.876339584375 0.48071875116279067 0.890133334375 0.5129375 0.88964375 0.513670311627907 0.8759770843749999
2 0.5993453116279069 0.80666875 0.5986125 0.7939791656249999 0.5662484372093023 0.794022915625 0.565295311627907 0.803741665625 0.5740812488372093 0.807158334375 0.5993453116279069 0.80666875
2 0.5971 0.8271479156250001 0.5828687511627907 0.8276562500000001 0.5699078116279069 0.8263395843750001 0.5682234372093022 0.840347915625 0.5967343744186047 0.8393499999999999 0.5971 0.8271479156250001
9 0.5124593744186047 0.766835415625 0.48081562558139535 0.7679 0.47976718837209303 0.77786875 0.511217188372093 0.77786875 0.5124593744186047 0.766835415625
9 0.5977093744186047 0.916339584375 0.59895 0.90530625 0.585707811627907 0.9102708343750001 0.5661031255813953 0.904360415625 0.5658437488372093 0.915235415625 0.5861218744186046 0.9179937499999999 0.5977093744186047 0.916339584375
9 0.44210781162790697 0.912477084375 0.44210781162790697 0.9008916656249999 0.426382811627907 0.904202084375 0.4115515627906977 0.900225 0.4106562511627907 0.9102708343750001 0.4313484372093023 0.912477084375 0.44210781162790697 0.912477084375
8 0.441279688372093 0.8699979156250001 0.429692188372093 0.8711020843749999 0.41517031162790696 0.86714375 0.413967188372093 0.879377084375 0.4400390627906977 0.883791665625 0.441279688372093 0.8699979156250001
8 0.596467188372093 0.8744125 0.5686890627906976 0.874035415625 0.569154688372093 0.8859979156250001 0.5952265627906976 0.8871 0.596467188372093 0.8744125
8 0.5087343744186047 0.8087624999999999 0.5083203116279069 0.79441875 0.483917188372093 0.79615625 0.484732811627907 0.8065562500000001 0.49300937441860465 0.81096875 0.5087343744186047 0.8087624999999999
0 0.4411484372093023 0.859210415625 0.4416937511627907 0.847379165625 0.4317625 0.8468291656250001 0.416204688372093 0.845089584375 0.41562187441860465 0.855104165625 0.42514062558139537 0.857310415625 0.4411484372093023 0.859210415625
0 0.5104968744186047 0.8306854156249999 0.5099125 0.8178333343749999 0.4988109372093023 0.821339584375 0.48358281162790695 0.8194479156250001 0.4842031255813954 0.831464584375 0.4982265627906977 0.8326333343749999 0.5104968744186047 0.8306854156249999
0 0.5946359372093023 0.862622915625 0.5963890627906977 0.8505499999999999 0.583242188372093 0.8524958343750001 0.5697015627906977 0.849614584375 0.5686343744186046 0.86184375 0.5785687488372093 0.862622915625 0.5946359372093023 0.862622915625