2 0.4567015627906977 0.581239584375 0.455970311627907 0.60434375 0.48965 0.603041665625 0.49184687441860464 0.5822166656250001 0.4567015627906977 0.581239584375
2 0.5118812488372093 0.577141665625 0.511025 0.593489584375 0.547025 0.596016665625 0.5466625 0.581522915625 0.5118812488372093 0.577141665625
2 0.5561937488372093 0.5606 0.5577765627906976 0.580627084375 0.5941421883720931 0.57509375 0.5921890627906977 0.555570834375 0.5561937488372093 0.5606
2 0.4517734372093023 0.689822915625 0.4517734372093023 0.712927084375 0.4881375 0.714554165625 0.4874062511627907 0.6947041656249999 0.4517734372093023 0.689822915625
2 0.5092390627906977 0.6739375 0.510729688372093 0.693675 0.5440718744186046 0.694875 0.545629688372093 0.67805625 0.5092390627906977 0.6739375
2 0.5591812488372093 0.669133334375 0.5596703116279069 0.6867062500000001 0.5960343744186046 0.685729165625 0.596279688372093 0.6645770843750001 0.5591812488372093 0.669133334375
7 0.5630609372093024 0.6346645843750001 0.5635484372093024 0.650610415625 0.5916156255813954 0.6486562499999999 0.5913718744186046 0.6336875 0.5630609372093024 0.6346645843750001
7 0.5153156255813954 0.60326875 0.514582811627907 0.618564584375 0.5431375 0.6198645843749999 0.54265 0.605872915625 0.5153156255813954 0.60326875
7 0.459507811627907 0.615529165625 0.458325 0.633477084375 0.48663281162790695 0.637229165625 0.48748906279069765 0.61819375 0.459507811627907 0.615529165625
0 0.4577234372093023 0.638741665625 0.45723437441860465 0.658266665625 0.48578906279069767 0.658591665625 0.4853015627906977 0.642647915625 0.4577234372093023 0.638741665625
0 0.45468281162790697 0.673039584375 0.45224218837209307 0.687358334375 0.48689843720930237 0.689960415625 0.48689843720930237 0.6762937499999999 0.45468281162790697 0.673039584375
0 0.5130234372093023 0.6267104156250001 0.514 0.64233125 0.5401140627906976 0.644935415625 0.5406015627906977 0.631266665625 0.5130234372093023 0.6267104156250001
0 0.5625203116279069 0.6131916656249999 0.5630078116279069 0.6294625 0.591075 0.628160415625 0.5915640627906976 0.612541665625 0.5625203116279069 0.6131916656249999
0 0.5606390627906976 0.585760415625 0.5606390627906976 0.599427084375 0.5935875 0.594220834375 0.5916343744186047 0.579252084375 0.5606390627906976 0.585760415625
0 0.5126640627906976 0.650695834375 0.5131515627906976 0.6650145843749999 0.5404859372093023 0.667941665625 0.5399984372093023 0.6555770843750001 0.5126640627906976 0.650695834375