0 0.4219171883720931 0.850804165625 0.407082811627907 0.8530729156250001 0.3971125 0.85275 0.39662656279069763 0.8634499999999999 0.41024374883720927 0.8628020843750001 0.423132811627907 0.862152084375 0.4219171883720931 0.850804165625
0 0.4224031255813953 0.875770834375 0.4092718744186047 0.8760958343749999 0.3975984372093023 0.875122915625 0.3968687488372093 0.884525 0.40975781162790703 0.884525 0.42288906279069766 0.883229165625 0.4224031255813953 0.875770834375
0 0.4211875 0.9004125000000001 0.4092718744186047 0.899764584375 0.40416406279069766 0.899116665625 0.39735468837209303 0.8945770843749999 0.3971125 0.90819375 0.4104875 0.90851875 0.4219171883720931 0.9065729156250001 0.4211875 0.9004125000000001
0 0.50095 0.8816062499999999 0.488304688372093 0.8874437500000001 0.4759031255813953 0.88711875 0.47541562558139533 0.8968458343749999 0.49146562558139534 0.8968458343749999 0.5014359372093024 0.8949 0.50095 0.8816062499999999
0 0.4977890627906977 0.8592354156249999 0.4892765627906977 0.8640979156249999 0.47517343720930233 0.8628020843750001 0.47541562558139533 0.874472915625 0.48879062558139535 0.872529165625 0.5002203116279069 0.869933334375 0.4977890627906977 0.8592354156249999
0 0.5605281255813953 0.883877084375 0.551045311627907 0.887766665625 0.535725 0.885497915625 0.534995311627907 0.8961979156250001 0.546425 0.897170834375 0.5615015627906976 0.8949 0.5605281255813953 0.883877084375
0 0.5615015627906976 0.90884375 0.5488562488372093 0.913383334375 0.538642188372093 0.911760415625 0.535967188372093 0.9201916656250001 0.5539625 0.920516665625 0.562475 0.918245834375 0.5615015627906976 0.90884375
2 0.5503156255813954 0.8640979156249999 0.533779688372093 0.8640979156249999 0.5335359372093024 0.8747979156250001 0.5598 0.871879165625 0.559070311627907 0.86085625 0.5503156255813954 0.8640979156249999
2 0.5021656255813953 0.90625 0.4878187511627907 0.91370625 0.4766312488372093 0.911760415625 0.4771187488372093 0.923110415625 0.49073593720930236 0.921164584375 0.5028953116279069 0.918245834375 0.5021656255813953 0.90625
2 0.5063 0.9513187500000001 0.5058140627906976 0.94029375 0.492925 0.946779165625 0.476875 0.9448333343750001 0.4771187488372093 0.957804165625 0.4919515627906977 0.95650625 0.5028953116279069 0.955858334375 0.5063 0.9513187500000001
2 0.5619875 0.8368625 0.5622312488372093 0.82356875 0.5495859372093024 0.831675 0.5301312488372093 0.8284312500000001 0.5298875000000001 0.841725 0.5442359372093023 0.83913125 0.557367188372093 0.840429165625 0.5619875 0.8368625
2 0.410729688372093 0.81805625 0.39297812558139533 0.8154625 0.3932218744186047 0.827135415625 0.42507812558139535 0.827135415625 0.42532031162790696 0.8170833343749999 0.410729688372093 0.81805625
7 0.4068390627906977 0.9273250000000001 0.39370781162790697 0.9266770843750001 0.39395156279069765 0.939970834375 0.423375 0.9377000000000001 0.42410468837209303 0.928620834375 0.4068390627906977 0.9273250000000001
7 0.5026515627906977 0.829729165625 0.49049374883720925 0.837510415625 0.48149531162790693 0.8420500000000001 0.4698234372093023 0.839779165625 0.4698234372093023 0.8475625000000001 0.48441406279069765 0.846264584375 0.5024093744186047 0.843022915625 0.5026515627906977 0.829729165625
7 0.566607811627907 0.934133334375 0.5522609372093024 0.9425645843750001 0.544479688372093 0.939970834375 0.5345093744186047 0.939320834375 0.5354812511627907 0.950020834375 0.5512875 0.949047915625 0.5663656255813954 0.944185415625 0.566607811627907 0.934133334375