2 0.4270687511627907 0.619935415625 0.40947968837209303 0.62046875 0.3962875 0.6175375 0.3958875 0.631929165625 0.4068812488372093 0.6308625 0.4270687511627907 0.6295291656249999 0.4270687511627907 0.619935415625
2 0.4868640627906977 0.623797915625 0.47127343720930237 0.628595834375 0.45488437441860463 0.622997915625 0.4544843744186046 0.636058334375 0.4664765627906977 0.638189584375 0.4858656255813954 0.6373895843749999 0.4868640627906977 0.623797915625
2 0.539492188372093 0.721302084375 0.5287000000000001 0.722902084375 0.5079125 0.7178375 0.5075125 0.7308958343749999 0.5237031255813953 0.733029165625 0.539492188372093 0.732495834375 0.539492188372093 0.721302084375
0 0.5371062488372094 0.678679165625 0.5369062488372093 0.666685415625 0.5251140627906977 0.667752084375 0.5113218744186047 0.668285415625 0.5111218744186047 0.680277084375 0.5185187488372093 0.68134375 0.5277124999999999 0.6776125000000001 0.5371062488372094 0.678679165625
0 0.4826515627906977 0.688160415625 0.48225156279069764 0.679366665625 0.45766718837209297 0.676966665625 0.4562687488372093 0.6868270843750001 0.4658625 0.689760415625 0.47465624883720925 0.689227084375 0.4826515627906977 0.688160415625
0 0.42466093720930237 0.67916875 0.4242609372093023 0.6711729156249999 0.41406875116279074 0.672239584375 0.3992765627906977 0.672239584375 0.39987656279069766 0.68583125 0.4130687488372093 0.686097915625 0.4212640627906977 0.684497915625 0.42466093720930237 0.67916875
6 0.4244765627906977 0.645210415625 0.4090859372093023 0.6457437500000001 0.400492188372093 0.643345834375 0.399692188372093 0.6454770843750001 0.3995265627906977 0.6603375 0.4108859372093023 0.660933334375 0.4245562511627907 0.6603375 0.4244765627906977 0.645210415625
6 0.48349218837209307 0.649764584375 0.4711 0.650564584375 0.4667031255813954 0.647633334375 0.458107811627907 0.6489666656249999 0.458307811627907 0.6612250000000001 0.47150000000000003 0.660425 0.4814937511627907 0.661758334375 0.48349218837209307 0.649764584375
6 0.5298359372093023 0.707722915625 0.5322765627906977 0.708920834375 0.5364734372093024 0.7078541656249999 0.5378718744186046 0.691597915625 0.5226812511627907 0.69213125 0.5116890627906977 0.691864584375 0.5128875 0.7086541656249999 0.5204734372093023 0.7072125 0.5258234372093022 0.706958334375 0.5298359372093023 0.707722915625
5 0.3995109372093023 0.69374375 0.39911093720930235 0.7044020843750001 0.424095311627907 0.7041354156249999 0.42369531162790697 0.694808334375 0.3995109372093023 0.69374375
5 0.456229688372093 0.69494375 0.45602968837209307 0.707202084375 0.4810140627906977 0.707735415625 0.48081562558139535 0.697341665625 0.456229688372093 0.69494375
5 0.511679688372093 0.6482041656249999 0.511679688372093 0.6585979156249999 0.5362656255813953 0.6585979156249999 0.5364656255813953 0.649004165625 0.511679688372093 0.6482041656249999
1 0.470554688372093 0.7277625 0.451167188372093 0.7232333343749999 0.4527656255813954 0.73895625 0.4821484372093023 0.73975625 0.4829468744186047 0.726964584375 0.470554688372093 0.7277625
1 0.4267062511627907 0.7252854156249999 0.39492656279069766 0.722354165625 0.395525 0.739410415625 0.40891718837209307 0.741008334375 0.4265062488372093 0.739410415625 0.4267062511627907 0.7252854156249999
1 0.539982811627907 0.61618125 0.5247921883720931 0.6175145843750001 0.5076031255813953 0.61485 0.5086015627906977 0.630039584375 0.524392188372093 0.630039584375 0.5379843744186047 0.62950625 0.539982811627907 0.61618125