7 0.4592015627906977 0.5494583343749999 0.473320311627907 0.5490666656250001 0.4736140627906977 0.541614584375 0.47155624883720926 0.529847915625 0.4539062511627907 0.531416665625 0.4415531255813953 0.532985415625 0.4397875 0.53573125 0.43890624883720936 0.5494583343749999 0.44772968837209304 0.550635415625 0.4592015627906977 0.5494583343749999
7 0.555025 0.547704165625 0.5409062488372093 0.5473125 0.5281296883720931 0.547529165625 0.5267875 0.560254165625 0.5423781255813953 0.561039584375 0.5544375 0.561822915625 0.555025 0.547704165625
7 0.616457811627907 0.535820834375 0.6161625000000001 0.527585415625 0.6141046883720931 0.51895625 0.5823359372093023 0.518172915625 0.5811593744186047 0.524839584375 0.5808656255813953 0.535429165625 0.6005734372093023 0.536604165625 0.616457811627907 0.535820834375
7 0.615007811627907 0.609522915625 0.5876531255813954 0.6107 0.5873593744186046 0.6259958343750001 0.6073609372093024 0.62285625 0.6164796883720931 0.6224645843750001 0.615007811627907 0.609522915625
7 0.5538484372093023 0.651939584375 0.5564968744186046 0.63781875 0.5409062488372093 0.637427084375 0.5220812488372093 0.633897915625 0.520904688372093 0.6393875 0.5244343744186046 0.6507625 0.542082811627907 0.6507625 0.5538484372093023 0.651939584375
7 0.44558281162790697 0.620504165625 0.4447 0.6357999999999999 0.4726437511627907 0.6357999999999999 0.473525 0.620895834375 0.44558281162790697 0.620504165625
2 0.4759234372093023 0.6647916656249999 0.47680625116279074 0.657733334375 0.47709999999999997 0.65028125 0.4544515627906977 0.654595834375 0.44092031162790696 0.6542020843749999 0.44180312558139534 0.6612625000000001 0.443567188372093 0.66596875 0.46592187441860466 0.66596875 0.4759234372093023 0.6647916656249999
2 0.5591656255813954 0.521220834375 0.5241625 0.5165145843750001 0.523575 0.5318104156250001 0.538870311627907 0.53259375 0.559754688372093 0.5341625 0.5591656255813954 0.521220834375
2 0.6185609372093023 0.6549875000000001 0.619442188372093 0.640477084375 0.6003234372093023 0.643220834375 0.584145311627907 0.642829165625 0.5850281255813954 0.65028125 0.5859109372093023 0.658125 0.6035593744186046 0.656947915625 0.6185609372093023 0.6549875000000001
0 0.586520311627907 0.57856875 0.586520311627907 0.592295834375 0.613582811627907 0.592295834375 0.6138765627906977 0.5773937499999999 0.586520311627907 0.57856875
0 0.6140812488372093 0.558235415625 0.6161406255813954 0.54960625 0.6158468744186048 0.545291665625 0.5976093744186047 0.544508334375 0.5829031255813953 0.544116665625 0.5837843744186046 0.5507833343749999 0.5843734372093023 0.55745 0.6002562488372093 0.5586270843750001 0.6140812488372093 0.558235415625
0 0.5546656255813953 0.578147915625 0.544370311627907 0.580108334375 0.5276031255813953 0.579325 0.5273093744186047 0.59461875 0.5426046883720931 0.595404165625 0.553782811627907 0.595404165625 0.5546656255813953 0.578147915625
0 0.5552531255813954 0.627533334375 0.5552531255813954 0.620866665625 0.5529000000000001 0.6142000000000001 0.5270156255813954 0.6142000000000001 0.5246625 0.6173375 0.5234859372093024 0.624395834375 0.540545311627907 0.6255729156250001 0.5552531255813954 0.627533334375
0 0.471804688372093 0.586775 0.4447437511627907 0.589129165625 0.4447437511627907 0.605208334375 0.45621562558139533 0.6056 0.47121718837209303 0.603639584375 0.471804688372093 0.586775
0 0.4667390627906977 0.57120625 0.4737984372093023 0.5684604156249999 0.474679688372093 0.557872915625 0.45644375116279073 0.560225 0.442029688372093 0.559047915625 0.44350156279069763 0.563754165625 0.444382811627907 0.570814584375 0.457620311627907 0.570814584375 0.4667390627906977 0.57120625