7 0.46845781162790695 0.70096875 0.46909375116279073 0.689939584375 0.46750312558139534 0.68145625 0.44936875116279074 0.685697915625 0.43568906279069763 0.685697915625 0.43473437441860463 0.692060415625 0.4350515627906977 0.7043625 0.4522312511627907 0.703939584375 0.46845781162790695 0.70096875
7 0.5391140627906977 0.8084145843749999 0.545795311627907 0.8067187499999999 0.5502484372093024 0.7995062500000001 0.5499312511627907 0.790175 0.5340234372093023 0.7918708343749999 0.5158890627906977 0.78678125 0.5158890627906977 0.793991665625 0.517479688372093 0.8058708343750001 0.5276609372093023 0.807566665625 0.5391140627906977 0.8084145843749999
7 0.439075 0.7744833343749999 0.439075 0.789754165625 0.4657984372093023 0.78805625 0.466117188372093 0.7719375 0.439075 0.7744833343749999
7 0.52245 0.7004875 0.522132811627907 0.715333334375 0.5479015627906977 0.71660625 0.549175 0.702183334375 0.52245 0.7004875
7 0.5949218744186047 0.6917020843749999 0.6022390627906977 0.692125 0.6108296883720931 0.690429165625 0.6101937488372092 0.6734604156249999 0.592695311627907 0.674308334375 0.577742188372093 0.6726125 0.5745609372093023 0.6794 0.574879688372093 0.687458334375 0.5850593744186047 0.690852084375 0.5949218744186047 0.6917020843749999
7 0.6092406255813954 0.7628166656250001 0.5949249999999999 0.7653625 0.5821984372093023 0.763666665625 0.5812437488372093 0.779360415625 0.5977875 0.775966665625 0.6098781255813953 0.775966665625 0.6092406255813954 0.7628166656250001
0 0.4663218744186047 0.75514375 0.46568593720930235 0.739025 0.447232811627907 0.743266665625 0.4386437511627907 0.742841665625 0.43896093720930235 0.75556875 0.4450062488372093 0.757689584375 0.4516875 0.756841665625 0.4663218744186047 0.75514375
0 0.466529688372093 0.724029165625 0.465575 0.710879165625 0.4515765627906977 0.7155458343750001 0.4366234372093023 0.713 0.4372593744186047 0.724879165625 0.44425937441860464 0.72615 0.4557125 0.726575 0.466529688372093 0.724029165625
0 0.5470390627906977 0.733689584375 0.534457811627907 0.735358334375 0.5212687511627907 0.732416665625 0.520632811627907 0.7481125 0.5330406255813953 0.7502333343750001 0.5467203116279069 0.748960415625 0.5470390627906977 0.733689584375
0 0.6077375 0.731789584375 0.5908749999999999 0.7330625000000001 0.5803765627906977 0.730941665625 0.580695311627907 0.744516665625 0.5927843744186047 0.747485415625 0.6080562488372092 0.745789584375 0.6077375 0.731789584375
0 0.598895311627907 0.714639584375 0.608120311627907 0.713791665625 0.6084390627906977 0.69936875 0.595395311627907 0.700216665625 0.5772609372093024 0.697670834375 0.576942188372093 0.7031854156249999 0.5810781255813954 0.713791665625 0.5912593744186047 0.714639584375 0.598895311627907 0.714639584375
0 0.5396156255813953 0.782297915625 0.5491593744186046 0.78145 0.5475687511627907 0.7746625 0.545342188372093 0.765754165625 0.5357968744186046 0.769572915625 0.5179812488372093 0.766179165625 0.5154359372093024 0.772966665625 0.5154359372093024 0.77805625 0.5278437511627907 0.779329165625 0.5396156255813953 0.782297915625
2 0.46733906279069765 0.818472915625 0.47147500000000003 0.815504165625 0.47179374883720926 0.803627084375 0.454295311627907 0.80829375 0.4371156255813954 0.807020834375 0.4374343744186046 0.8138083343750001 0.43902500000000005 0.8205958343749999 0.45461406279069766 0.8205958343749999 0.46733906279069765 0.818472915625
2 0.5484015627906976 0.685466665625 0.5547640627906977 0.68461875 0.554445311627907 0.672739584375 0.534720311627907 0.6740125 0.5210406255813954 0.67104375 0.5181765627906977 0.6735895843749999 0.518495311627907 0.6829208343750001 0.5293125 0.685466665625 0.5484015627906976 0.685466665625
2 0.6074187511627908 0.808327084375 0.6128281255813953 0.80620625 0.613145311627907 0.799420834375 0.6134640627906978 0.791360415625 0.6020109372093023 0.796875 0.5915125 0.7973 0.5794218744186047 0.794754165625 0.5794218744186047 0.798995834375 0.580695311627907 0.8087520843749999 0.591829688372093 0.81045 0.6074187511627908 0.808327084375