0 0.4882109372093023 0.6297875000000001 0.4879468744186047 0.642810415625 0.5148718744186046 0.642810415625 0.514345311627907 0.630139584375 0.4882109372093023 0.6297875000000001
0 0.4886546883720931 0.651960415625 0.4894468744186046 0.663927084375 0.515317188372093 0.663225 0.5161093744186046 0.652664584375 0.4886546883720931 0.651960415625
0 0.4886546883720931 0.6773104156249999 0.489182811627907 0.690333334375 0.5171640627906977 0.690333334375 0.5161093744186046 0.67414375 0.4886546883720931 0.6773104156249999
0 0.559754688372093 0.679645834375 0.5600187488372094 0.695133334375 0.5858875 0.6937249999999999 0.5856234372093023 0.679997915625 0.559754688372093 0.679645834375
0 0.5568437511627907 0.660991665625 0.5573718744186047 0.676127084375 0.5853531255813953 0.675070834375 0.5837703116279069 0.6602875 0.5568437511627907 0.660991665625
0 0.5557890627906976 0.635058334375 0.5568437511627907 0.651952084375 0.5842984372093023 0.6484333343750001 0.5842984372093023 0.6357625 0.5557890627906976 0.635058334375
0 0.4046281255813953 0.6317875 0.4041 0.64621875 0.43234531162790696 0.64410625 0.43234531162790696 0.628972915625 0.4046281255813953 0.6317875
0 0.40479531162790694 0.653610415625 0.4055875 0.666983334375 0.4314562488372093 0.6631125 0.43119218837209305 0.6497375 0.40479531162790694 0.653610415625
0 0.4050593744186047 0.676710415625 0.4050593744186047 0.691845834375 0.4319843744186046 0.688677084375 0.4314562488372093 0.6724875 0.4050593744186047 0.676710415625
2 0.403392188372093 0.70990625 0.40365624883720935 0.724689584375 0.43744374883720927 0.723633334375 0.4382359372093023 0.710258334375 0.403392188372093 0.70990625
2 0.4856609372093023 0.710627084375 0.4861890627906977 0.726114584375 0.5199781255813953 0.72365 0.520242188372093 0.7120354156250001 0.4856609372093023 0.710627084375
2 0.5520031255813953 0.6010375 0.5525312488372093 0.616525 0.585792188372093 0.615116665625 0.5865828116279069 0.599629165625 0.5520031255813953 0.6010375
7 0.484257811627907 0.5979895843749999 0.48505 0.610308334375 0.5193671883720931 0.611364584375 0.5183109372093023 0.598341665625 0.484257811627907 0.5979895843749999
7 0.40013437441860467 0.602214584375 0.39960624883720935 0.6152375 0.4339218744186047 0.6120687499999999 0.4341859372093023 0.5976375 0.40013437441860467 0.602214584375
7 0.5568890627906977 0.7127687500000001 0.5561875000000001 0.7267458343750001 0.5892515627906977 0.725647915625 0.5892515627906977 0.7129770843750001 0.5568890627906977 0.7127687500000001