0 0.4101609372093023 0.566297915625 0.410704688372093 0.580439584375 0.4379 0.578627084375 0.43817187441860467 0.565572915625 0.4101609372093023 0.566297915625
0 0.4119875 0.598483334375 0.4125312488372093 0.612625 0.43891093720930235 0.610447915625 0.43836718837209304 0.597395834375 0.4119875 0.598483334375
0 0.43952031162790695 0.619208334375 0.412325 0.621020834375 0.41259687441860465 0.6340749999999999 0.42945781162790697 0.6322625000000001 0.43952031162790695 0.6322625000000001 0.43952031162790695 0.619208334375
0 0.4865234372093023 0.602470834375 0.4876125 0.614797915625 0.515079688372093 0.610447915625 0.5142625000000001 0.5984812500000001 0.4865234372093023 0.602470834375
0 0.513207811627907 0.568835415625 0.4860125 0.571372915625 0.48574062558139536 0.583702084375 0.49743437441860466 0.583339584375 0.513207811627907 0.582252084375 0.513207811627907 0.568835415625
0 0.5104437511627907 0.545904165625 0.491679688372093 0.548441665625 0.48216093720930236 0.549529165625 0.4846093744186047 0.562583334375 0.49847812558139537 0.5596833343750001 0.5099 0.5585958343749999 0.5104437511627907 0.545904165625
0 0.6013859372093023 0.552808334375 0.5880593744186047 0.553533334375 0.5750062511627907 0.551720834375 0.5747343744186046 0.5655 0.5929546883720931 0.564775 0.6016578116279069 0.5644125 0.6013859372093023 0.552808334375
0 0.6013515627906977 0.5744625 0.588842188372093 0.5748249999999999 0.5749718744186046 0.5744625 0.5749718744186046 0.588966665625 0.5902015627906977 0.590054165625 0.6016234372093023 0.5893291656249999 0.6013515627906977 0.5744625
0 0.6020937488372092 0.5931 0.585504688372093 0.59455 0.575442188372093 0.5941875 0.576257811627907 0.609416665625 0.5904 0.609416665625 0.6034531255813954 0.607604165625 0.6020937488372092 0.5931
2 0.5969468744186047 0.641283334375 0.6061937511627907 0.63910625 0.6059218744186047 0.627504165625 0.5947718744186047 0.629679165625 0.5877 0.629679165625 0.5716562511627907 0.628954165625 0.5716562511627907 0.63439375 0.5730156255813953 0.64091875 0.5836218744186046 0.64055625 0.5969468744186047 0.641283334375
2 0.5971343744186047 0.5310666656249999 0.606379688372093 0.530704165625 0.6058359372093023 0.5136625 0.585167188372093 0.5143875 0.5707546883720931 0.5136625 0.5693953116279069 0.520914584375 0.570482811627907 0.531791665625 0.5865281255813953 0.532516665625 0.5971343744186047 0.5310666656249999
2 0.5056593744186046 0.536129165625 0.513817188372093 0.533954165625 0.5132734372093024 0.5241625 0.49586874883720927 0.526702084375 0.478192188372093 0.528514584375 0.47792031162790694 0.533229165625 0.47900781162790695 0.54374375 0.491245311627907 0.53939375 0.5056593744186046 0.536129165625
2 0.43047968837209305 0.5484 0.4397265627906977 0.54695 0.43945468837209306 0.539335415625 0.4386390627906977 0.529908334375 0.406004688372093 0.531358334375 0.40491718837209306 0.540785415625 0.4054609372093024 0.5502125 0.41932968837209306 0.54985 0.43047968837209305 0.5484
2 0.4438593744186047 0.654395834375 0.4435875 0.6427937499999999 0.4280859372093023 0.64533125 0.4106812511627907 0.6435187499999999 0.4101375 0.655847915625 0.42128750000000004 0.656572915625 0.43107812558139535 0.656572915625 0.4438593744186047 0.654395834375
2 0.5193531255813953 0.647083334375 0.5185375 0.641645834375 0.5182656255813953 0.630404165625 0.500045311627907 0.63511875 0.4850875 0.63475625 0.4856312488372093 0.6492604156249999 0.497325 0.6492604156249999 0.5092906255813954 0.6485333343749999 0.5193531255813953 0.647083334375