1 0.48162499999999997 0.8065145843750001 0.482482811627907 0.798710415625 0.44894062558139536 0.794054165625 0.4486437488372093 0.80251875 0.45663906279069766 0.804991665625 0.47091718837209307 0.8061354156249999 0.48162499999999997 0.8065145843750001
1 0.545082811627907 0.9254312499999999 0.545332811627907 0.9177687499999999 0.5267109372093023 0.919766665625 0.5105515627906977 0.916702084375 0.5112125 0.924266665625 0.5170875 0.927097915625 0.5323343744186047 0.928264584375 0.545082811627907 0.9254312499999999
5 0.5929734372093023 0.880608334375 0.5657281255813953 0.880608334375 0.5659781255813954 0.8907729156249999 0.575095311627907 0.889983334375 0.5932234372093023 0.889939584375 0.5929734372093023 0.880608334375
5 0.5149734372093023 0.8832437499999999 0.5151468744186046 0.8923895843749999 0.5415171883720931 0.892889584375 0.5415171883720931 0.883891665625 0.5149734372093023 0.8832437499999999
5 0.47726718837209303 0.830260415625 0.4503781255813954 0.8284375 0.4501468744186046 0.837591665625 0.459895311627907 0.838589584375 0.477392188372093 0.840089584375 0.47726718837209303 0.830260415625
0 0.47616562558139536 0.85421875 0.44918281162790696 0.8500708343750001 0.44892031162790696 0.86205 0.4615437488372093 0.86555 0.4764156255813954 0.8665479156250001 0.47616562558139536 0.85421875
0 0.5144609372093023 0.857554165625 0.5148140627906976 0.870322915625 0.5421843744186047 0.8688229156249999 0.5416843744186046 0.85849375 0.5144609372093023 0.857554165625
0 0.5809875 0.855191665625 0.5651140627906976 0.854858334375 0.5649890627906977 0.8651895843749999 0.5928593744186046 0.8648562500000001 0.5929843744186046 0.85319375 0.5809875 0.855191665625
7 0.514342188372093 0.831754165625 0.5142171883720931 0.8452500000000001 0.5415875 0.8452500000000001 0.5420874999999999 0.8330875000000001 0.514342188372093 0.831754165625
7 0.565117188372093 0.828752084375 0.565242188372093 0.84058125 0.5922375 0.8384145843749999 0.5919875 0.82641875 0.565117188372093 0.828752084375
2 0.5455203116279069 0.807929165625 0.545395311627907 0.79743125 0.5300234372093023 0.7995979156249999 0.5111609372093023 0.797066665625 0.5112765627906977 0.808095834375 0.5220250000000001 0.809429165625 0.5370218744186047 0.809095834375 0.5455203116279069 0.807929165625
2 0.473204688372093 0.92593125 0.476329688372093 0.9154333343750001 0.457957811627907 0.9149333343749999 0.44165937441860464 0.9103354156250001 0.44246093720930235 0.92143125 0.45183437441860463 0.9239312500000001 0.4690812488372093 0.9255979156249999 0.473204688372093 0.92593125
7 0.4738937488372093 0.89289375 0.474204688372093 0.880160415625 0.44670937441860464 0.8763291656250001 0.4448343744186047 0.889991665625 0.45446093720930236 0.890752084375 0.463454688372093 0.892464584375 0.4738937488372093 0.89289375
2 0.5941968744186047 0.804852084375 0.5943218744186046 0.7956875 0.5787843744186046 0.79435625 0.560470311627907 0.794279165625 0.5592031255813954 0.8045187500000001 0.5754031255813953 0.8056583343750001 0.5876859372093023 0.8048666656250001 0.5941968744186047 0.804852084375
1 0.5804968744186046 0.916008334375 0.562875 0.914508334375 0.56325 0.92600625 0.596370311627907 0.922339584375 0.595995311627907 0.913510415625 0.5804968744186046 0.916008334375