2 0.44660781162790697 0.618697915625 0.44660781162790697 0.633047915625 0.471592188372093 0.632279165625 0.471592188372093 0.617672915625 0.44660781162790697 0.618697915625
2 0.47479687441860463 0.650775 0.457692188372093 0.64949375 0.4428937488372093 0.6482125 0.44270156279069767 0.6605125000000001 0.45692343720930234 0.6633312499999999 0.4744125 0.66025625 0.47479687441860463 0.650775
2 0.5264406255813954 0.577058334375 0.5068374999999999 0.5768020843749999 0.494729688372093 0.573727084375 0.49338437441860467 0.585002084375 0.511257811627907 0.5867958343749999 0.526632811627907 0.5873083343750001 0.5264406255813954 0.577058334375
2 0.5225515627906977 0.607472915625 0.509675 0.608241665625 0.4981437511627907 0.6026041656250001 0.49602968837209305 0.615672915625 0.5069843744186047 0.617722915625 0.5225515627906977 0.619260415625 0.5225515627906977 0.607472915625
2 0.5611937488372093 0.63536875 0.552545311627907 0.6340874999999999 0.5527375 0.647927084375 0.5782984372093023 0.644595834375 0.5781062511627907 0.63255 0.5611937488372093 0.63536875
0 0.5081781255813953 0.6353375 0.496454688372093 0.63046875 0.49683906279069767 0.6412333343750001 0.5214390627906976 0.643027084375 0.522207811627907 0.6330312499999999 0.5081781255813953 0.6353375
0 0.47254375116279074 0.6078458343750001 0.47312031162790696 0.595802084375 0.459667188372093 0.595289584375 0.44755937441860466 0.593495834375 0.447367188372093 0.604002084375 0.4575531255813953 0.602208334375 0.46466406279069766 0.601183334375 0.47254375116279074 0.6078458343750001
0 0.575917188372093 0.605633334375 0.565154688372093 0.6087083343749999 0.5517015627906977 0.608452084375 0.550932811627907 0.619727084375 0.5680375 0.619727084375 0.577070311627907 0.617164584375 0.575917188372093 0.605633334375
6 0.460017188372093 0.571122915625 0.447525 0.570610415625 0.447525 0.584447915625 0.47212499999999996 0.583422915625 0.472317188372093 0.5731729156250001 0.460017188372093 0.571122915625
6 0.4756406255813953 0.546775 0.4633406255813953 0.546775 0.44392968837209307 0.5462625 0.44392968837209307 0.5572812500000001 0.45949687441860465 0.559075 0.475832811627907 0.55779375 0.4756406255813953 0.546775
6 0.4965031255813953 0.65225 0.4963109372093023 0.6640375 0.5216796883720931 0.66531875 0.5214875 0.6537875 0.4965031255813953 0.65225
6 0.5115765627906977 0.69185 0.5236843744186046 0.69159375 0.5236843744186046 0.68031875 0.5042734372093023 0.6818562499999999 0.4935109372093023 0.6749375 0.4919734372093023 0.68595625 0.4979312488372093 0.68595625 0.5023515627906976 0.68800625 0.5115765627906977 0.69185
6 0.5651968744186047 0.587725 0.5505906255813954 0.58798125 0.5505906255813954 0.59925625 0.5757671883720931 0.59695 0.5749984372093023 0.58465 0.5651968744186047 0.587725
6 0.5562984372093023 0.565260415625 0.5455359372093024 0.564235415625 0.5461125 0.573972915625 0.5766703116279069 0.5701291656249999 0.575132811627907 0.5611604156250001 0.5562984372093023 0.565260415625
2 0.5821718744186046 0.66134375 0.563529688372093 0.66544375 0.5504609372093023 0.6639062499999999 0.5504609372093023 0.67825625 0.5625687488372093 0.67671875 0.5823640627906977 0.6744125000000001 0.5821718744186046 0.66134375