7 0.45980781162790696 0.5272166656249999 0.46050156279069765 0.5173395843749999 0.42811406279069764 0.51700625 0.4281031255813953 0.52814375 0.44036875116279073 0.529995834375 0.45980781162790696 0.5272166656249999
7 0.45415 0.55626875 0.456 0.5426854156250001 0.43078750000000005 0.543504165625 0.4312390627906977 0.554725 0.4411890627906977 0.5571958343750001 0.45415 0.55626875
7 0.5246625 0.611679165625 0.5246625 0.5987125 0.5137859372093023 0.60334375 0.499742188372093 0.59966875 0.498279688372093 0.613839584375 0.5163312488372093 0.614147915625 0.5246625 0.611679165625
7 0.5146343744186046 0.6444 0.5257421883720931 0.6403875 0.5266687488372093 0.6268041656250001 0.513245311627907 0.632360415625 0.494457811627907 0.630141665625 0.496120311627907 0.6397708343749999 0.49889687441860464 0.643783334375 0.5146343744186046 0.6444
7 0.5883984372093023 0.59553125 0.5634296883720931 0.5961000000000001 0.5627093744186047 0.6091125 0.5883984372093023 0.6097312500000001 0.5883984372093023 0.59553125
7 0.5897640627906977 0.639408334375 0.5918468744186046 0.62736875 0.5584312511627907 0.6281625 0.5594484372093023 0.638791665625 0.5758781255813953 0.6421875 0.5897640627906977 0.639408334375
0 0.45729843720930236 0.577760415625 0.45683593720930227 0.5638687499999999 0.43091562558139535 0.564795834375 0.4304531255813953 0.5786875 0.444570311627907 0.579920834375 0.45729843720930236 0.577760415625
0 0.5218984372093023 0.59076875 0.5218984372093023 0.575333334375 0.49645625116279074 0.577529165625 0.496904688372093 0.5901500000000001 0.5077812511627907 0.592310415625 0.5218984372093023 0.59076875
0 0.5877484372093024 0.572275 0.5764093744186046 0.5741291656249999 0.5615984372093024 0.57135 0.5625234372093023 0.5877104156249999 0.5877484372093024 0.588020834375 0.5877484372093024 0.572275
3 0.45665937441860466 0.5918520843749999 0.43189687441860464 0.5940125 0.43074062558139536 0.6054354156249999 0.45665937441860466 0.606670834375 0.45665937441860466 0.5918520843749999
3 0.5223765627906977 0.564854165625 0.5219140627906976 0.553122915625 0.5096484372093023 0.554975 0.49734062558139536 0.554091665625 0.49715156279069767 0.566397915625 0.5110375 0.569485415625 0.5223765627906977 0.564854165625
3 0.5870312511627908 0.56041875 0.5872625 0.547145834375 0.5620375000000001 0.54838125 0.5625015627906977 0.559185415625 0.5706015627906977 0.561654165625 0.5870312511627908 0.56041875
2 0.45947187441860465 0.644479165625 0.4603968744186046 0.629970834375 0.44766874883720925 0.6346 0.42938750000000003 0.631822915625 0.42846093720930234 0.6438625 0.4421156255813954 0.64633125 0.45947187441860465 0.644479165625
2 0.5236125 0.525177084375 0.5245375 0.51251875 0.4927312488372093 0.515041665625 0.49237031162790695 0.527645834375 0.5115781255813954 0.528570834375 0.5236125 0.525177084375
2 0.5904109372093023 0.5212395843750001 0.5908749999999999 0.5092 0.5585 0.5104124999999999 0.5580125 0.522783334375 0.576757811627907 0.523091665625 0.5904109372093023 0.5212395843750001