0 0.46004843720930233 0.533560415625 0.4593609372093023 0.520566665625 0.4323937511627907 0.522964584375 0.4331406255813954 0.537220834375 0.4406906255813954 0.537220834375 0.455929688372093 0.534660415625 0.46004843720930233 0.533560415625
0 0.46059687441860464 0.541122915625 0.4336890627906977 0.542952084375 0.43355156279069773 0.5568625 0.4446718744186047 0.555947915625 0.4604593744186047 0.5528354156249999 0.46059687441860464 0.541122915625
0 0.5178406255813953 0.557252084375 0.5178406255813953 0.5440750000000001 0.503975 0.5471874999999999 0.4901281255813954 0.5441 0.490382811627907 0.5576187499999999 0.49738437441860467 0.5592666656249999 0.5108390627906977 0.559083334375 0.5178406255813953 0.557252084375
0 0.5176312488372092 0.567204165625 0.4909984372093023 0.5668375 0.4909984372093023 0.57726875 0.49950937441860466 0.579283334375 0.5177687511627906 0.57836875 0.5176312488372092 0.567204165625
0 0.5676749999999999 0.51445 0.5540843744186047 0.517377084375 0.540492188372093 0.517560415625 0.540904688372093 0.5307375000000001 0.5502406255813953 0.530920834375 0.568225 0.528725 0.5676749999999999 0.51445
0 0.568295311627907 0.5486333343750001 0.5677468744186046 0.533808334375 0.5536062488372093 0.53801875 0.5414156255813953 0.538222915625 0.5418 0.5510125 0.5512718744186047 0.550829165625 0.562529688372093 0.55028125 0.568295311627907 0.5486333343750001
2 0.43539687441860464 0.56584375 0.43567187441860467 0.578108334375 0.462167188372093 0.575910415625 0.4613437511627907 0.565295834375 0.43539687441860464 0.56584375
2 0.4279312488372093 0.490414584375 0.4281968744186046 0.50509375 0.461557811627907 0.500152084375 0.461557811627907 0.487158334375 0.4279312488372093 0.490414584375
2 0.5218640627906976 0.597160415625 0.5052531255813953 0.600089584375 0.48651093720930233 0.597520834375 0.4869937488372093 0.613083334375 0.5035812488372093 0.613504165625 0.521667188372093 0.6129625 0.5218640627906976 0.597160415625
2 0.568407811627907 0.55584375 0.5566593744186047 0.559075 0.5418312488372093 0.560720834375 0.5425187488372093 0.57518125 0.5541874999999999 0.574264584375 0.5695640627906976 0.571885415625 0.568407811627907 0.55584375
2 0.5713031255813954 0.480845834375 0.5596156255813953 0.4817 0.5366890627906977 0.48298125000000003 0.5372375 0.497258334375 0.551104688372093 0.497258334375 0.5705984372093024 0.4939625 0.5713031255813954 0.480845834375
4 0.505804688372093 0.494558334375 0.4859140627906977 0.49026875 0.48672187441860465 0.50645625 0.520357811627907 0.506272915625 0.5200828116279069 0.49437499999999995 0.505804688372093 0.494558334375
4 0.46765937441860467 0.607033334375 0.46765937441860467 0.5951375 0.432692188372093 0.596683334375 0.43237656279069764 0.6112437500000001 0.4447312488372093 0.612158334375 0.459970311627907 0.609779165625 0.46765937441860467 0.607033334375
2 0.5175656255813954 0.521735415625 0.4897843744186047 0.523035415625 0.490382811627907 0.5367437500000001 0.5006796883720931 0.5367437500000001 0.5177031255813954 0.5360125 0.5175656255813954 0.521735415625
4 0.5687671883720931 0.602485415625 0.5745343744186047 0.598277084375 0.5742593744186046 0.587295834375 0.5524312488372093 0.590041665625 0.5392765627906977 0.589616665625 0.5396625 0.605964584375 0.5501187511627907 0.605691665625 0.5592625 0.604879165625 0.5687671883720931 0.602485415625