9 0.5593093744186046 0.683370834375 0.5597312511627907 0.699660415625 0.5951187488372093 0.699941665625 0.5944859372093023 0.68449375 0.5593093744186046 0.683370834375
9 0.4345968744186046 0.687441665625 0.4350187488372093 0.7037312499999999 0.46914218837209304 0.7037312499999999 0.46914218837209304 0.687722915625 0.4345968744186046 0.687441665625
9 0.5020625 0.78796875 0.5014312488372092 0.8051 0.5347125 0.8028541656250001 0.5345015627906976 0.788810415625 0.5020625 0.78796875
3 0.43949531162790695 0.765083334375 0.43949531162790695 0.781933334375 0.46519374883720926 0.780529165625 0.46582500000000004 0.7645208343750001 0.43949531162790695 0.765083334375
3 0.5036468744186047 0.71594375 0.5036468744186047 0.7299854156250001 0.5314515627906976 0.7299854156250001 0.5308187488372093 0.7181895843749999 0.5036468744186047 0.71594375
3 0.5631890627906977 0.758264584375 0.5631890627906977 0.775395834375 0.5903609372093023 0.775395834375 0.5903609372093023 0.7593875 0.5631890627906977 0.758264584375
0 0.5036875 0.7669875 0.5036875 0.777658334375 0.5319125 0.778502084375 0.5317031255813953 0.767547915625 0.5036875 0.7669875
8 0.5632062488372093 0.7118833343750001 0.5632062488372093 0.72676875 0.589957811627907 0.727610415625 0.5901687511627907 0.7135687500000001 0.5632062488372093 0.7118833343750001
8 0.439607811627907 0.7283999999999999 0.46677968837209305 0.726995834375 0.46657031162790696 0.71604375 0.440342188372093 0.715110415625 0.439607811627907 0.7283999999999999
0 0.4383812511627907 0.74009375 0.439645311627907 0.75329375 0.465342188372093 0.7530125 0.4651312511627907 0.74009375 0.4383812511627907 0.74009375
0 0.503382811627907 0.741045834375 0.5038031255813954 0.753964584375 0.5311859372093023 0.75480625 0.5309765627906976 0.74245 0.503382811627907 0.741045834375
0 0.5635093744186047 0.736639584375 0.5643531255813954 0.753772915625 0.5902609372093024 0.754614584375 0.5906828116279069 0.738325 0.5635093744186047 0.736639584375
2 0.5579562511627907 0.795808334375 0.5600625 0.8106937500000001 0.5939749999999999 0.8112541656250001 0.594817188372093 0.798897915625 0.5579562511627907 0.795808334375
2 0.49989062558139535 0.68038125 0.49989062558139535 0.695547915625 0.534225 0.6949854156249999 0.5340140627906976 0.6817854156250001 0.49989062558139535 0.68038125
2 0.4349437488372093 0.8007479156249999 0.4349437488372093 0.815633334375 0.4680125 0.814229165625 0.4692765627906977 0.798220834375 0.4349437488372093 0.8007479156249999