6 0.46696250000000006 0.7222833343749999 0.45368593720930234 0.7244291656249999 0.443025 0.722016665625 0.4428234372093023 0.73623125 0.45227812558139535 0.7359625000000001 0.467767188372093 0.735695834375 0.46696250000000006 0.7222833343749999
6 0.470825 0.699147915625 0.4555375 0.699414584375 0.4394437511627907 0.698879165625 0.437432811627907 0.7090708343750001 0.4503062511627907 0.7112166656250001 0.4712281255813954 0.710679165625 0.470825 0.699147915625
6 0.5739906255813954 0.71634375 0.565742188372093 0.714464584375 0.5514593744186047 0.717952084375 0.542407811627907 0.717952084375 0.542407811627907 0.726535415625 0.554879688372093 0.7251937500000001 0.5729843744186047 0.721975 0.5739906255813954 0.71634375
6 0.570579688372093 0.738527084375 0.5579062488372093 0.742014584375 0.5456359372093024 0.742014584375 0.5462390627906977 0.75220625 0.5569000000000001 0.750864584375 0.5703781255813953 0.74925625 0.570579688372093 0.738527084375
6 0.5160968744186046 0.806475 0.5074484372093023 0.8078145843750001 0.4925625 0.801914584375 0.49075156279069765 0.8134479156250001 0.500004688372093 0.81800625 0.5160968744186046 0.817470834375 0.5160968744186046 0.806475
6 0.518954688372093 0.8423937499999999 0.5185531255813953 0.8338104156249999 0.5004484372093023 0.8346145843749999 0.48857968837209304 0.8265687500000001 0.4873734372093024 0.8356875 0.49401093720930234 0.8381020843749999 0.5000468744186046 0.844002084375 0.518954688372093 0.8423937499999999
0 0.466895311627907 0.748772915625 0.4572406255813954 0.747164584375 0.442354688372093 0.746627084375 0.44215312558139536 0.756014584375 0.45804531162790696 0.755210415625 0.46729843720930236 0.757625 0.466895311627907 0.748772915625
0 0.51685 0.78471875 0.5065906255813953 0.78766875 0.4923093744186046 0.782035415625 0.4919062511627907 0.7943749999999999 0.505182811627907 0.795714584375 0.5174531255813953 0.794910415625 0.51685 0.78471875
0 0.572570311627907 0.755985415625 0.5607031255813953 0.762691665625 0.546017188372093 0.759741665625 0.545817188372093 0.771810415625 0.5564781255813953 0.77154375 0.571967188372093 0.769397915625 0.572570311627907 0.755985415625
2 0.5638875 0.786895834375 0.5600656255813953 0.788772915625 0.5475937488372093 0.7847500000000001 0.5486 0.7997708343750001 0.5729406255813954 0.796820834375 0.5731421883720931 0.78206875 0.5638875 0.786895834375
2 0.5777609372093023 0.8136749999999999 0.5610656255813954 0.8190375 0.5457765627906976 0.8163562499999999 0.5449718744186046 0.829766665625 0.5582484372093023 0.8303041656250001 0.5773593744186046 0.826279165625 0.5777609372093023 0.8136749999999999
2 0.5177843744186046 0.7581375 0.5018937488372093 0.758675 0.49284062558139535 0.7551875 0.49203593720930233 0.767525 0.5057156255813954 0.7710125 0.5183890627906976 0.7707437500000001 0.5177843744186046 0.7581375
2 0.5222906255813954 0.727270834375 0.5055937488372093 0.7312937500000001 0.49010468837209303 0.7245874999999999 0.4893 0.7350479156249999 0.498754688372093 0.7404124999999999 0.5218875 0.7393395843749999 0.5222906255813954 0.727270834375
2 0.46672968837209305 0.771039584375 0.44118281162790696 0.771308334375 0.44118281162790696 0.78176875 0.44580937441860463 0.7849875 0.46632812558139536 0.7841812499999999 0.46672968837209305 0.771039584375
2 0.46748593720930237 0.803275 0.44917968837209304 0.802202084375 0.43711093720930233 0.800591665625 0.43670781162790695 0.8126625000000001 0.44596093720930235 0.8148083343750001 0.46909531162790696 0.812125 0.46748593720930237 0.803275