2 0.43010781162790696 0.816572915625 0.413282811627907 0.818204165625 0.395845311627907 0.818204165625 0.39615156279069763 0.836558334375 0.40716406279069767 0.836558334375 0.42919062558139537 0.8341104156249999 0.43010781162790696 0.816572915625
2 0.43622500000000003 0.941383334375 0.43622500000000003 0.929145834375 0.41878906279069766 0.932816665625 0.40104687441860465 0.9283312499999999 0.40104687441860465 0.941791665625 0.41205937441860463 0.944645834375 0.42643593720930234 0.94383125 0.43622500000000003 0.941383334375
2 0.5096437511627907 0.9185416656250001 0.4900656255813953 0.92384375 0.4759937511627907 0.9222125 0.47691093720930233 0.938120834375 0.4937359372093023 0.938527084375 0.50995 0.93608125 0.5096437511627907 0.9185416656250001
2 0.5986625 0.929145834375 0.598357811627907 0.9156875 0.58245 0.921397915625 0.5640953116279069 0.916502084375 0.5634843744186047 0.9287395843749999 0.5760265627906976 0.930779165625 0.5904031255813954 0.930779165625 0.5986625 0.929145834375
2 0.5946859372093023 0.82024375 0.5974390627906977 0.819835415625 0.5962156255813954 0.800664584375 0.5830624999999999 0.8039270843749999 0.5631781255813954 0.802704165625 0.5628718744186046 0.8210583343750001 0.5744968744186046 0.8230979156249999 0.5855093744186047 0.822283334375 0.5946859372093023 0.82024375
2 0.5023015627906977 0.8100458343750001 0.48517187441860465 0.814533334375 0.468957811627907 0.8153479156250001 0.468957811627907 0.8304395843749999 0.4815 0.8296250000000001 0.5029140627906977 0.822283334375 0.5023015627906977 0.8100458343750001
0 0.5019968744186046 0.83451875 0.47385312558139536 0.8385979156250001 0.47477031162790695 0.8496104156250001 0.485782811627907 0.8487937499999999 0.5016906255813953 0.84553125 0.5019968744186046 0.83451875
0 0.5023015627906977 0.856952084375 0.4873125 0.8593999999999999 0.47415781162790693 0.8589916656250001 0.4750765627906977 0.871635415625 0.4870062511627907 0.8720437499999999 0.5023015627906977 0.870004165625 0.5023015627906977 0.856952084375
0 0.5044437488372093 0.898964584375 0.5041375 0.885504165625 0.487925 0.8903979156249999 0.47782968837209305 0.8899895843750001 0.47782968837209305 0.9030416656250001 0.4876187511627907 0.9026354156249999 0.4937359372093023 0.9014104156249999 0.5044437488372093 0.898964584375
0 0.43041406279069766 0.90345 0.4218484372093023 0.9071208343749999 0.40471718837209303 0.9063062499999999 0.40471718837209303 0.919764584375 0.41450624883720927 0.92058125 0.4313312511627907 0.91895 0.43041406279069766 0.90345
0 0.43041406279069766 0.883464584375 0.4169531255813953 0.8875437500000001 0.4034937488372093 0.8859125000000001 0.4034937488372093 0.8993708343750001 0.415729688372093 0.8993708343750001 0.43102500000000005 0.8969250000000001 0.43041406279069766 0.883464584375
0 0.4212359372093023 0.866741665625 0.42796562558139534 0.866741665625 0.4285781255813953 0.85165 0.4178718744186047 0.8549125 0.4019640627906977 0.852872915625 0.4019640627906977 0.86755625 0.4083875 0.866333334375 0.41450624883720927 0.866333334375 0.4212359372093023 0.866741665625
0 0.5934625 0.852464584375 0.5931562488372093 0.840229165625 0.583979688372093 0.841452084375 0.567154688372093 0.8390062500000001 0.566542188372093 0.85328125 0.5744968744186046 0.8553208343750001 0.580920311627907 0.8557291656249999 0.5934625 0.852464584375
0 0.5937687488372093 0.874083334375 0.5931562488372093 0.863070834375 0.5842859372093023 0.865516665625 0.5751078116279069 0.865110415625 0.5668484372093023 0.862254165625 0.566542188372093 0.8769375 0.5760265627906976 0.8797937499999999 0.5870390627906976 0.87856875 0.5937687488372093 0.874083334375
0 0.5931562488372093 0.89733125 0.5937687488372093 0.881833334375 0.584592188372093 0.885504165625 0.5778609372093023 0.88795 0.5668484372093023 0.883464584375 0.567154688372093 0.8977395843749999 0.5790843744186046 0.900595834375 0.5885687511627907 0.900595834375 0.5931562488372093 0.89733125