4 0.4821390627906977 0.5259750000000001 0.46865 0.527175 0.4506625 0.525675 0.4506625 0.53346875 0.46797500000000003 0.53436875 0.4821390627906977 0.53376875 0.4821390627906977 0.5259750000000001
4 0.6128203116279071 0.527291665625 0.5811187488372093 0.527291665625 0.5808937488372093 0.534785415625 0.5988812488372093 0.5341875 0.6146187511627907 0.5332874999999999 0.6128203116279071 0.527291665625
4 0.5299625 0.645783334375 0.5106265627906977 0.6427854156249999 0.5104015627906976 0.651479165625 0.541204688372093 0.652079165625 0.541204688372093 0.644285415625 0.5299625 0.645783334375
0 0.4551312488372093 0.5785541656250001 0.4535562511627907 0.5905458343750001 0.4789625 0.589945834375 0.4791875 0.580652084375 0.4551312488372093 0.5785541656250001
0 0.5380562488372093 0.588329165625 0.5252406255813953 0.588329165625 0.513325 0.586529165625 0.5131 0.597620834375 0.5250156255813954 0.5991208343750001 0.5376062488372093 0.5955229156249999 0.5380562488372093 0.588329165625
0 0.5860234372093024 0.582479165625 0.5855734372093023 0.592972915625 0.6116531255813954 0.590872915625 0.6118781255813953 0.58218125 0.5860234372093024 0.582479165625
7 0.6128375 0.604735415625 0.602045311627907 0.6062333343749999 0.5930515627906977 0.608033334375 0.5869812511627907 0.602935415625 0.586532811627907 0.616725 0.5997968744186047 0.616725 0.6117140627906976 0.614027084375 0.6128375 0.604735415625
7 0.5282093744186046 0.563841665625 0.5124718744186046 0.5635416656250001 0.5115718744186046 0.572835415625 0.5374281255813954 0.574333334375 0.5376531255813953 0.5647416656249999 0.5282093744186046 0.563841665625
7 0.4785812488372093 0.61495625 0.4788062488372093 0.603264584375 0.45339999999999997 0.602066665625 0.45339999999999997 0.61405625 0.459020311627907 0.61405625 0.463067188372093 0.61465625 0.4785812488372093 0.61495625
2 0.468604688372093 0.55631875 0.45489062558139537 0.55421875 0.45466562558139534 0.5644125 0.4798468744186047 0.5644125 0.47962187441860465 0.5566187499999999 0.468604688372093 0.55631875
2 0.46549687441860466 0.6446875000000001 0.4499843744186046 0.640489584375 0.44863437441860465 0.65158125 0.48078593720930235 0.65308125 0.48123593720930236 0.6413895843749999 0.46549687441860466 0.6446875000000001
2 0.5420593744186046 0.5250520843750001 0.5290187488372093 0.525952084375 0.5087843744186046 0.52745 0.5083343744186046 0.53554375 0.5254218744186047 0.5379437499999999 0.5420593744186046 0.53614375 0.5420593744186046 0.5250520843750001
2 0.6002531255813953 0.643985415625 0.5836156255813953 0.643985415625 0.5833906255813953 0.6544770843750001 0.6144187511627907 0.651779165625 0.6144187511627907 0.6427854156249999 0.6002531255813953 0.643985415625
2 0.5399921883720931 0.6102125 0.528075 0.6138104156249999 0.5134609372093023 0.6114124999999999 0.5139109372093024 0.6228020843750001 0.5258265627906977 0.621604165625 0.539092188372093 0.623402084375 0.5399921883720931 0.6102125
2 0.5989046883720931 0.55916875 0.5842906255813953 0.55826875 0.5842906255813953 0.5684625 0.6101468744186047 0.565764584375 0.6094718744186046 0.55796875 0.5989046883720931 0.55916875