4 0.41695781162790696 0.48161875 0.3905562511627907 0.4805625 0.39016093720930234 0.48936250000000003 0.3991375 0.49076875 0.41722187441860464 0.491472915625 0.41695781162790696 0.48161875
4 0.49995 0.48262708437499996 0.4731984372093023 0.48260833437499995 0.47235937441860465 0.49477083437499997 0.48305312558139535 0.49459375000000005 0.49942187441860464 0.49336250000000004 0.49995 0.48262708437499996
4 0.5417390627906977 0.422902084375 0.5420031255813953 0.434166665625 0.5685375 0.434516665625 0.5680468744186047 0.422839584375 0.5417390627906977 0.422902084375
0 0.5420531255813953 0.43822708437499996 0.541575 0.44486666562500005 0.5417156255813953 0.452616665625 0.5680234372093024 0.453064584375 0.5676859372093023 0.43957499999999994 0.5420531255813953 0.43822708437499996
0 0.541745311627907 0.46393541562499996 0.5422515627906976 0.479 0.568054688372093 0.48349583437500004 0.5685609372093023 0.474727084375 0.541745311627907 0.46393541562499996
0 0.4705968744186046 0.437252084375 0.471725 0.449310415625 0.498370311627907 0.448635415625 0.49870781162790695 0.43559583437500005 0.4705968744186046 0.437252084375
0 0.472682811627907 0.457172915625 0.472075 0.474677084375 0.5000703116279069 0.473777084375 0.49888906279069767 0.456016665625 0.472682811627907 0.457172915625
0 0.3922656255813953 0.432316665625 0.39159062558139535 0.44760416562499994 0.419754688372093 0.44917916562500004 0.4202609372093023 0.432766665625 0.3922656255813953 0.432316665625
0 0.3909687488372093 0.45968125000000004 0.39082812558139535 0.473533334375 0.41797968837209304 0.47713124999999995 0.41797968837209304 0.46116875 0.3909687488372093 0.45968125000000004
2 0.41997656279069767 0.5021312499999999 0.3860734372093023 0.49981875000000003 0.38604062558139535 0.51694375 0.3870531255813953 0.522789584375 0.41926406279069767 0.523464584375 0.41997656279069767 0.5021312499999999
2 0.5040031255813954 0.5028958343750001 0.46909531162790696 0.5033458343749999 0.469432811627907 0.52133125 0.48207968837209303 0.52223125 0.5031609372093023 0.52178125 0.5040031255813954 0.5028958343750001
2 0.5012468744186047 0.40319583437500006 0.46789218837209307 0.404829165625 0.4683718744186046 0.41689999999999994 0.47798437441860464 0.416225 0.5018406255813954 0.41527083437499995 0.5012468744186047 0.40319583437500006
2 0.5376312511627908 0.394054165625 0.5379687488372092 0.41473750000000004 0.571279688372093 0.414760415625 0.5723718744186046 0.394279165625 0.5376312511627908 0.394054165625
2 0.4124781255813953 0.401066665625 0.38990156279069765 0.39899375 0.38950937441860467 0.4162375 0.4230375 0.420077084375 0.4240812488372093 0.40139791562499993 0.4124781255813953 0.401066665625
2 0.53815 0.49657083437500005 0.5377937488372093 0.5158375000000001 0.5712031255813954 0.5162333343750001 0.571817188372093 0.498447915625 0.53815 0.49657083437500005