0 0.4616734372093023 0.499425 0.4609875 0.48643125 0.434020311627907 0.488827084375 0.43476562558139537 0.503085415625 0.44231718837209305 0.503085415625 0.457554688372093 0.5005229156250001 0.4616734372093023 0.499425
0 0.46242656279069766 0.5067145843749999 0.4355187511627907 0.508545834375 0.43538125116279075 0.5224562500000001 0.4465015627906977 0.5215395843749999 0.4622890627906977 0.518429165625 0.46242656279069766 0.5067145843749999
0 0.5188562488372093 0.523116665625 0.5188562488372093 0.509939584375 0.5049906255813954 0.51305 0.4911437488372093 0.509964584375 0.4913984372093024 0.523483334375 0.4984 0.52513125 0.511854688372093 0.524947915625 0.5188562488372093 0.523116665625
0 0.518445311627907 0.5317125 0.4918109372093023 0.531347915625 0.4918109372093023 0.5417791656250001 0.5003234372093024 0.5437916656249999 0.5185812488372094 0.5428770843749999 0.518445311627907 0.5317125
0 0.568895311627907 0.479770834375 0.5553031255813954 0.4827 0.5417125 0.48288333437500003 0.5421234372093023 0.496060415625 0.5514593744186047 0.49624375 0.5694437511627907 0.49404791562500006 0.568895311627907 0.479770834375
0 0.5697187488372093 0.51395625 0.5691687488372092 0.49913125 0.5550281255813954 0.503339584375 0.5428375000000001 0.503545834375 0.5432218744186047 0.516335415625 0.552695311627907 0.516152084375 0.5639515627906977 0.515602084375 0.5697187488372093 0.51395625
2 0.4364125 0.531708334375 0.4366875 0.5439708343749999 0.46318437441860466 0.541775 0.4623609372093023 0.5311604156249999 0.4364125 0.531708334375
2 0.42915156279069766 0.4557375 0.42941718837209303 0.470416665625 0.46277812558139536 0.46547499999999997 0.46277812558139536 0.45248125000000006 0.42915156279069766 0.4557375
2 0.5232875 0.563566665625 0.506675 0.5664958343750001 0.48793437441860465 0.563927084375 0.4884171883720931 0.579489584375 0.505004688372093 0.579910415625 0.5230906255813953 0.57936875 0.5232875 0.563566665625
2 0.569829688372093 0.521435415625 0.5580812511627907 0.5246666656250001 0.543254688372093 0.526314584375 0.5439406255813953 0.5407729156250001 0.5556093744186047 0.5398583343750001 0.5709859372093024 0.537479165625 0.569829688372093 0.521435415625
2 0.5721156255813953 0.44698125 0.5604281255813953 0.447835415625 0.5375015627906977 0.44911666562499997 0.5380515627906977 0.46339375 0.551917188372093 0.46339375 0.5714109372093024 0.460097915625 0.5721156255813953 0.44698125
4 0.507025 0.459610415625 0.48713281162790695 0.45531875 0.487942188372093 0.47150625 0.5215765627906976 0.47132291562499995 0.5213015627906977 0.459427084375 0.507025 0.459610415625
4 0.46847187441860466 0.571814584375 0.46847187441860466 0.55991875 0.433504688372093 0.5614625 0.4331890627906977 0.576025 0.445545311627907 0.576939584375 0.46078281162790696 0.5745604156249999 0.46847187441860466 0.571814584375
2 0.519192188372093 0.487058334375 0.4914093744186046 0.488358334375 0.49200937441860465 0.502066665625 0.5023046883720931 0.502066665625 0.5193281255813953 0.501333334375 0.519192188372093 0.487058334375
4 0.5693765627906977 0.5675375 0.5751437511627907 0.563329165625 0.5748687488372093 0.552347915625 0.5530406255813953 0.555091665625 0.5398859372093023 0.55466875 0.5402718744186046 0.5710145843750001 0.5507281255813954 0.57074375 0.5598718744186046 0.56993125 0.5693765627906977 0.5675375