7 0.4513609372093023 0.7014625 0.4265468744186046 0.703489584375 0.4262375 0.715977084375 0.45155937441860466 0.7157125 0.4513609372093023 0.7014625
7 0.521542188372093 0.8020791656249999 0.523125 0.786510415625 0.507695311627907 0.7925791656250001 0.49008906279069764 0.790733334375 0.49127656279069765 0.8020791656249999 0.5043312488372093 0.8041916656250001 0.521542188372093 0.8020791656249999
7 0.5184890627906977 0.761202084375 0.49376093720930236 0.762522915625 0.49336562558139535 0.774133334375 0.517895311627907 0.773077084375 0.5184890627906977 0.761202084375
7 0.5832125 0.753635415625 0.5576937488372093 0.753370834375 0.5584859372093023 0.769466665625 0.5836093744186046 0.7692041656249999 0.5832125 0.753635415625
7 0.5885406255813954 0.7832979156250001 0.5746937488372094 0.788839584375 0.5543515627906976 0.786420834375 0.555504688372093 0.7999229156250001 0.5863656255813953 0.7999229156250001 0.5885406255813954 0.7832979156250001
0 0.4529859372093023 0.723704165625 0.42708437441860464 0.72394375 0.42608281162790695 0.738216665625 0.452195311627907 0.73848125 0.4529859372093023 0.723704165625
0 0.5181375 0.74956875 0.5183343744186046 0.734264584375 0.49353281162790696 0.7360833343750001 0.492420311627907 0.749833334375 0.5017187511627906 0.7508895843750001 0.5181375 0.74956875
0 0.5831343744186046 0.729079165625 0.5740343744186046 0.73435625 0.557104688372093 0.731427084375 0.5578125 0.746758334375 0.5835296883720931 0.747022915625 0.5831343744186046 0.729079165625
3 0.4523640627906977 0.752408334375 0.4262515627906977 0.752408334375 0.42664687441860466 0.764545834375 0.45275937441860464 0.765072915625 0.4523640627906977 0.752408334375
3 0.5168015627906977 0.724654165625 0.5169984372093023 0.712514584375 0.492492188372093 0.7141437500000001 0.4920734372093023 0.72518125 0.5043375 0.7286125 0.5168015627906977 0.724654165625
3 0.5831265627906976 0.709016665625 0.556157811627907 0.71025 0.5568156255813954 0.722210415625 0.5819390627906977 0.7227375 0.5831265627906976 0.709016665625
2 0.45642187441860466 0.792479165625 0.423992188372093 0.793291665625 0.42655156279069767 0.80488125 0.45325781162790696 0.804354165625 0.45642187441860466 0.792479165625
2 0.5169187488372092 0.685077084375 0.5198859372093023 0.673729165625 0.48845625116279073 0.676622915625 0.48922499999999997 0.68850625 0.5097984372093023 0.689297915625 0.5169187488372092 0.685077084375
2 0.5868734372093023 0.6784583343749999 0.5858843744186046 0.66843125 0.579554688372093 0.6708062499999999 0.5534265627906977 0.670995834375 0.5542328116279069 0.682945834375 0.5797515627906976 0.683208334375 0.5868734372093023 0.6784583343749999
7 0.4559843744186047 0.675341665625 0.4236031255813954 0.675927084375 0.424729688372093 0.686689584375 0.4559843744186047 0.6861625 0.4559843744186047 0.675341665625