4 0.48372656279069765 0.7768604156250001 0.48447812558139536 0.763827084375 0.4535 0.7612833343750001 0.45404375116279067 0.775858334375 0.46944843720930235 0.7773625 0.48372656279069765 0.7768604156250001
4 0.5412125 0.876122915625 0.5094124999999999 0.879058334375 0.5104031255813953 0.8906625 0.5397093744186047 0.8941708343749999 0.5412125 0.876122915625
4 0.590432811627907 0.7698437499999999 0.5587468744186046 0.772560415625 0.5596234372093023 0.784883334375 0.5896812511627907 0.782877084375 0.590432811627907 0.7698437499999999
2 0.47921718837209304 0.801927084375 0.478842188372093 0.791902084375 0.45490937441860463 0.789475 0.45404375116279067 0.801427084375 0.46343749999999995 0.801927084375 0.47921718837209304 0.801927084375
2 0.47771406279069767 0.849052084375 0.47733906279069765 0.84103125 0.4544390627906977 0.84084375 0.45254062558139535 0.850054165625 0.465692188372093 0.85055625 0.47771406279069767 0.849052084375
2 0.480345311627907 0.888154165625 0.4799687488372093 0.876625 0.461182811627907 0.877125 0.44786093720930237 0.8727937499999999 0.448407811627907 0.887152084375 0.46306093720930236 0.889158334375 0.480345311627907 0.888154165625
2 0.545345311627907 0.7673354156250001 0.5117609372093023 0.7662958343749999 0.5119062488372093 0.7773625 0.5442187488372093 0.780872915625 0.545345311627907 0.7673354156250001
2 0.5400859372093023 0.8154625 0.5397093744186047 0.804935415625 0.515520311627907 0.802504165625 0.5149109372093023 0.810952084375 0.5235531255813953 0.814460415625 0.5400859372093023 0.8154625
2 0.5382062488372092 0.852560415625 0.514579688372093 0.850241665625 0.5130328116279069 0.8625875000000001 0.538582811627907 0.8640916656250001 0.5382062488372092 0.852560415625
2 0.5938140627906977 0.895172915625 0.5945656255813954 0.883141665625 0.5639140627906977 0.8846979156250001 0.564507811627907 0.895675 0.578032811627907 0.897179165625 0.5938140627906977 0.895172915625
2 0.588929688372093 0.79841875 0.5648546883720931 0.798870834375 0.5641312488372093 0.809947915625 0.5878031255813954 0.80794375 0.588929688372093 0.79841875
2 0.5900562511627907 0.8560708343749999 0.5896812511627907 0.847045834375 0.576154688372093 0.850054165625 0.5653234372093023 0.846483334375 0.5652593744186046 0.857575 0.5723968744186047 0.858075 0.5900562511627907 0.8560708343749999
0 0.5393343744186047 0.839025 0.538957811627907 0.8295 0.5254312511627907 0.829 0.5141109372093023 0.826435415625 0.5134093744186047 0.835516665625 0.523929688372093 0.839527084375 0.5393343744186047 0.839025
0 0.5896812511627907 0.823985415625 0.5639140627906977 0.823929165625 0.5660109372093023 0.835516665625 0.5896812511627907 0.835516665625 0.5896812511627907 0.823985415625
0 0.4795937511627907 0.816466665625 0.46343749999999995 0.8159645843750001 0.4525593744186046 0.815785415625 0.45442031162790697 0.82699375 0.4795937511627907 0.825991665625 0.4795937511627907 0.816466665625