4 0.48891718837209297 0.611354165625 0.4896687488372093 0.598320834375 0.45869062558139534 0.595777084375 0.45923593720930234 0.610352084375 0.47464062558139536 0.61185625 0.48891718837209297 0.611354165625
4 0.5459406255813953 0.709872915625 0.5141406255813953 0.712810415625 0.5151312511627907 0.7244125 0.5444375 0.727920834375 0.5459406255813953 0.709872915625
4 0.596075 0.60505625 0.5643890627906977 0.607770834375 0.5652656255813954 0.620095834375 0.5953234372093024 0.6180895843750001 0.596075 0.60505625
2 0.48500000000000004 0.637289584375 0.48462343720930234 0.627264584375 0.46069062558139534 0.6248375 0.45982656279069767 0.636789584375 0.46921874883720927 0.637289584375 0.48500000000000004 0.637289584375
2 0.483904688372093 0.6847125000000001 0.48352968837209304 0.676691665625 0.460629688372093 0.67650625 0.4587312511627907 0.685714584375 0.47188281162790696 0.686216665625 0.483904688372093 0.6847125000000001
2 0.48473750000000004 0.723739584375 0.48436093720930234 0.712208334375 0.465575 0.7127104156249999 0.4522531255813953 0.708377084375 0.45280000000000004 0.722735415625 0.46745312558139535 0.7247416656250001 0.48473750000000004 0.723739584375
2 0.5510859372093023 0.60011875 0.5175015627906976 0.599077084375 0.5176468744186047 0.610145834375 0.5499593744186047 0.6136541656250001 0.5510859372093023 0.60011875
2 0.5454843744186046 0.649370834375 0.5451093744186046 0.63884375 0.5209187488372092 0.6364124999999999 0.5203109372093023 0.6448583343750001 0.5289531255813954 0.64836875 0.5454843744186046 0.649370834375
2 0.5437562511627907 0.686166665625 0.5201296883720931 0.683845834375 0.518582811627907 0.696191665625 0.544132811627907 0.6976958343749999 0.5437562511627907 0.686166665625
2 0.5993953116279069 0.7306250000000001 0.6001468744186046 0.7185937499999999 0.5694968744186046 0.7201479156249999 0.5700890627906977 0.731125 0.5836156255813953 0.7326291656249999 0.5993953116279069 0.7306250000000001
2 0.5939156255813954 0.633225 0.5698390627906977 0.633677084375 0.569117188372093 0.644754165625 0.5927875 0.64275 0.5939156255813954 0.633225
2 0.595757811627907 0.6907375 0.595382811627907 0.681714584375 0.5818562488372093 0.684722915625 0.571025 0.6811499999999999 0.5709593744186047 0.692241665625 0.5780984372093023 0.69274375 0.595757811627907 0.6907375
0 0.5447890627906977 0.6748624999999999 0.5444125 0.6653374999999999 0.5308859372093023 0.6648375 0.5195656255813953 0.662272915625 0.5188640627906976 0.671354165625 0.5293843744186046 0.675364584375 0.5447890627906977 0.6748624999999999
0 0.5942562511627907 0.657060415625 0.5684890627906977 0.657004165625 0.5705843744186047 0.6685916656249999 0.5942562511627907 0.6685916656249999 0.5942562511627907 0.657060415625
0 0.4842390627906977 0.6529520843750001 0.468082811627907 0.652452084375 0.45720468837209305 0.652272915625 0.45906406279069767 0.66348125 0.4842390627906977 0.6624770843750001 0.4842390627906977 0.6529520843750001