2 0.415975 0.491314584375 0.415975 0.5078625 0.44891874883720934 0.509066665625 0.44937031162790697 0.494022915625 0.415975 0.491314584375
2 0.5360968744186047 0.47158125 0.5363234372093023 0.485120834375 0.569267188372093 0.48482083437499995 0.569267188372093 0.47158125 0.5360968744186047 0.47158125
2 0.48242031162790694 0.59245625 0.4835484372093023 0.611110415625 0.5192015627906977 0.6032875 0.5176218744186046 0.5870416656249999 0.48242031162790694 0.59245625
0 0.48640312558139537 0.56488125 0.4873062488372093 0.580827084375 0.5137062488372093 0.574810415625 0.5130296883720931 0.561872915625 0.48640312558139537 0.56488125
0 0.5400156255813954 0.529360415625 0.5404671883720931 0.5462083343749999 0.566867188372093 0.546510415625 0.566867188372093 0.530564584375 0.5400156255813954 0.529360415625
0 0.5389640627906976 0.505741665625 0.5389640627906976 0.5186791656249999 0.5667187511627907 0.5204833343749999 0.5653640627906977 0.5066437500000001 0.5389640627906976 0.505741665625
0 0.4187265627906977 0.528664584375 0.4187265627906977 0.54310625 0.44490156279069765 0.54370625 0.44490156279069765 0.529266665625 0.4187265627906977 0.528664584375
0 0.4184906255813953 0.552625 0.418942188372093 0.566164584375 0.445342188372093 0.567066665625 0.4448906255813953 0.552325 0.4184906255813953 0.552625
0 0.485317188372093 0.5438625 0.4871234372093023 0.558304165625 0.5128468744186047 0.553789584375 0.512620311627907 0.5417562499999999 0.485317188372093 0.5438625
8 0.48389062558139534 0.5233187499999999 0.48479374883720927 0.5383604156249999 0.510292188372093 0.5320437499999999 0.510292188372093 0.5173 0.48389062558139534 0.5233187499999999
8 0.41698906279069764 0.577397915625 0.4176656255813953 0.592741665625 0.44406562558139534 0.592741665625 0.44361562558139533 0.577397915625 0.41698906279069764 0.577397915625
8 0.5404890627906977 0.55528125 0.5404890627906977 0.5667125000000001 0.5664390627906977 0.5652083343750001 0.5659875 0.556183334375 0.5404890627906977 0.55528125
9 0.5370515627906977 0.578179165625 0.5375031255813953 0.593522915625 0.5708984372093023 0.59171875 0.5704468744186046 0.577277084375 0.5370515627906977 0.578179165625
9 0.47917343720930233 0.496877084375 0.48052812558139535 0.5092125000000001 0.5150515627906976 0.50319375 0.5136968744186047 0.4920625 0.47917343720930233 0.496877084375
9 0.414570311627907 0.601258334375 0.41547343720930235 0.6190083343749999 0.449095311627907 0.619308334375 0.44796718837209304 0.603964584375 0.414570311627907 0.601258334375