0 0.447854688372093 0.8649374999999999 0.4471687488372093 0.851941665625 0.42020156279069765 0.854339584375 0.4209468744186047 0.8685979156249999 0.4284968744186047 0.8685979156249999 0.4437359372093023 0.866035415625 0.447854688372093 0.8649374999999999
0 0.448404688372093 0.8722583343749999 0.421495311627907 0.8740875000000001 0.42135937441860466 0.887997915625 0.432479688372093 0.887083334375 0.448267188372093 0.8839708343750001 0.448404688372093 0.8722583343749999
0 0.5052406255813954 0.8894624999999999 0.5052406255813954 0.8762854156250001 0.491375 0.8793958343750001 0.47752812558139535 0.8763083343750001 0.477782811627907 0.889829165625 0.4847843744186046 0.891475 0.4982390627906977 0.891291665625 0.5052406255813954 0.8894624999999999
0 0.504829688372093 0.8991625000000001 0.478195311627907 0.898795834375 0.478195311627907 0.909229165625 0.48670781162790694 0.911241665625 0.5049656255813953 0.910327084375 0.504829688372093 0.8991625000000001
0 0.5550765627906976 0.8460854156250001 0.5414843744186046 0.849014584375 0.5278937488372093 0.849197915625 0.528304688372093 0.8623749999999999 0.5376406255813954 0.862558334375 0.5556249999999999 0.860360415625 0.5550765627906976 0.8460854156250001
0 0.5559000000000001 0.8803104156250001 0.55535 0.865485415625 0.5412093744186046 0.869695834375 0.5290187488372093 0.869902084375 0.5294031255813954 0.882689584375 0.5388765627906977 0.8825062499999999 0.550132811627907 0.881958334375 0.5559000000000001 0.8803104156250001
2 0.42259374883720935 0.898064584375 0.4228687511627907 0.910327084375 0.4493656255813953 0.90813125 0.44854218837209303 0.8975145843749999 0.42259374883720935 0.898064584375
2 0.41573906279069767 0.822070834375 0.41600468837209303 0.836752084375 0.4493656255813953 0.8318104156249999 0.4493656255813953 0.818814584375 0.41573906279069767 0.822070834375
2 0.5049656255813953 0.8539562500000001 0.4771843744186046 0.855254165625 0.477782811627907 0.868964584375 0.48807968837209303 0.868964584375 0.5051031255813954 0.86823125 0.5049656255813953 0.8539562500000001
2 0.5096718744186046 0.93069375 0.4930593744186047 0.9336229156250001 0.47466406279069767 0.929229165625 0.4748015627906977 0.9466166656249999 0.4901765627906977 0.947897915625 0.5088484372093023 0.947714584375 0.5096718744186046 0.93069375
2 0.5563484372093023 0.8871333343750001 0.5438562488372093 0.892075 0.529029688372093 0.893722915625 0.5297156255813953 0.9081812499999999 0.5413843744186047 0.907266665625 0.5567609372093023 0.9048875000000001 0.5563484372093023 0.8871333343750001
2 0.5580656255813954 0.810577084375 0.547220311627907 0.814420834375 0.524292188372093 0.815702084375 0.5248421883720931 0.8299770843750001 0.538707811627907 0.8299770843750001 0.5582031255813954 0.826683334375 0.5580656255813954 0.810577084375
4 0.49381562558139536 0.8270500000000001 0.47392343720930236 0.822758334375 0.474732811627907 0.838945834375 0.508367188372093 0.8387625 0.508092188372093 0.826866665625 0.49381562558139536 0.8270500000000001
4 0.45465312558139537 0.939525 0.45465312558139537 0.927627084375 0.41968593720930236 0.9291729156249999 0.419370311627907 0.943733334375 0.4317265627906977 0.94465 0.44696406279069767 0.9422708343749999 0.45465312558139537 0.939525
4 0.555557811627907 0.935497915625 0.5613250000000001 0.9312875 0.5610499999999999 0.92030625 0.5392218744186047 0.923052084375 0.526067188372093 0.922629165625 0.5264531255813953 0.9389749999999999 0.537025 0.9397083343749999 0.5473218744186047 0.939341665625 0.555557811627907 0.935497915625