2 0.45964218837209303 0.611070834375 0.4599390627906977 0.5986 0.44390312558139533 0.600975 0.4266859372093023 0.596185415625 0.426232811627907 0.608695834375 0.431875 0.6116645843749999 0.446575 0.61364375 0.45964218837209303 0.611070834375
2 0.5819937511627907 0.6005666656249999 0.5472468744186046 0.598785415625 0.5475437511627907 0.610266665625 0.5658093744186047 0.612245834375 0.5821421883720931 0.6104645843750001 0.5819937511627907 0.6005666656249999
2 0.5059687511627907 0.719097915625 0.5074531255813953 0.706825 0.492307811627907 0.709002084375 0.472557811627907 0.70365625 0.4731515627906977 0.71395 0.48117031162790697 0.717514584375 0.4960187488372093 0.719889584375 0.5059687511627907 0.719097915625
7 0.4556015627906977 0.63415625 0.42865781162790695 0.632341665625 0.428725 0.643064584375 0.4440187511627907 0.645439584375 0.45604687441860464 0.6450437499999999 0.4556015627906977 0.63415625
7 0.504375 0.675416665625 0.4779218744186046 0.671633334375 0.47749843720930235 0.6839270843749999 0.48848593720930233 0.6878875 0.503929688372093 0.686897915625 0.504375 0.675416665625
7 0.5631906255813953 0.632972915625 0.5499656255813954 0.629077084375 0.549975 0.6436625 0.5770000000000001 0.645047915625 0.5767031255813954 0.633170834375 0.5631906255813953 0.632972915625
0 0.5770625 0.656522915625 0.5494437511627908 0.655533334375 0.5498890627906976 0.667608334375 0.5626593744186047 0.671170834375 0.5767656255813953 0.668795834375 0.5770625 0.656522915625
0 0.5043234372093024 0.6487812500000001 0.47640624883720933 0.647197915625 0.4767031255813954 0.659866665625 0.4870984372093023 0.6608562499999999 0.5044718744186046 0.661054165625 0.5043234372093024 0.6487812500000001
0 0.4550734372093023 0.656514584375 0.4276375 0.6540874999999999 0.4277515627906977 0.667402084375 0.435325 0.669975 0.454925 0.669579165625 0.4550734372093023 0.656514584375
0 0.45348750000000004 0.682297915625 0.428032811627907 0.6807458343749999 0.4276515627906977 0.693779165625 0.43552031162790694 0.694372915625 0.45363593720930234 0.694175 0.45348750000000004 0.682297915625
8 0.5043312488372093 0.62474375 0.47805 0.62355625 0.477157811627907 0.6358291656249999 0.48666093720930237 0.637214584375 0.504182811627907 0.636620834375 0.5043312488372093 0.62474375
8 0.5772015627906977 0.682622915625 0.549582811627907 0.6816333343750001 0.549879688372093 0.693708334375 0.5614625 0.695291665625 0.57735 0.693510415625 0.5772015627906977 0.682622915625
9 0.509417188372093 0.596697915625 0.4915984372093023 0.59709375 0.47407812558139534 0.592935415625 0.4745234372093023 0.6058041656250001 0.489075 0.6069916656250001 0.5092687511627907 0.608575 0.509417188372093 0.596697915625
9 0.4574 0.7206187500000001 0.4574 0.7113104156250001 0.4440718744186047 0.7124958343750001 0.42278906279069767 0.7084604156250001 0.42262187441860466 0.720447915625 0.42998281162790697 0.7214645843749999 0.4440718744186047 0.724170834375 0.4574 0.7206187500000001
9 0.5793718744186047 0.721152084375 0.5792234372093024 0.7122437500000001 0.563929688372093 0.7128375 0.5445 0.70836875 0.5449218744186046 0.7213499999999999 0.5572468744186047 0.72431875 0.5713531255813954 0.724714584375 0.5793718744186047 0.721152084375