2 0.5016562488372093 0.7955625000000001 0.5022 0.781783334375 0.485067188372093 0.784320834375 0.46793437441860464 0.783233334375 0.4682062511627907 0.79665 0.47745156279069767 0.797375 0.4899625 0.7962875 0.5016562488372093 0.7955625000000001
2 0.5671953116279069 0.8033041656250001 0.5671953116279069 0.786985415625 0.5522390627906977 0.7913375 0.5345624999999999 0.784810415625 0.534017188372093 0.8014895843750001 0.5457125 0.8051166656250001 0.5582218744186046 0.805479165625 0.5671953116279069 0.8033041656250001
2 0.6275109372093023 0.7887500000000001 0.61065 0.7887500000000001 0.5929718744186047 0.7887500000000001 0.593517188372093 0.80506875 0.6155453116279069 0.8061562500000001 0.6272390627906977 0.802891665625 0.6275109372093023 0.7887500000000001
2 0.6262687511627907 0.866347915625 0.6001609372093024 0.868160415625 0.600432811627907 0.8826645843750001 0.610767188372093 0.8833895843749999 0.6268125 0.8823020843749999 0.6262687511627907 0.866347915625
2 0.6331265627906977 0.896491665625 0.6159937511627908 0.89975625 0.5980437511627907 0.896491665625 0.5975 0.912083334375 0.6181687511627907 0.912808334375 0.6331265627906977 0.9102708343750001 0.6331265627906977 0.896491665625
2 0.5661078116279069 0.9154249999999999 0.566379688372093 0.9034604156249999 0.5481593744186046 0.9067229156250001 0.533745311627907 0.901647915625 0.533745311627907 0.9136124999999999 0.5448953116279069 0.917239584375 0.5625734372093023 0.918327084375 0.5661078116279069 0.9154249999999999
2 0.5038312488372093 0.903616665625 0.504375 0.8909270843750001 0.4888734372093023 0.8952770843750001 0.4701093744186046 0.8909270843750001 0.4706531255813953 0.902166665625 0.48125937441860467 0.9039791656249999 0.49077812558139533 0.904704165625 0.5038312488372093 0.903616665625
2 0.500957811627907 0.8591749999999999 0.4884484372093023 0.8624375000000001 0.47457812558139534 0.8573604156249999 0.4737625 0.875129165625 0.48572812558139533 0.876579165625 0.5004140627906977 0.874766665625 0.500957811627907 0.8591749999999999
2 0.5625140627906977 0.82280625 0.550820311627907 0.8249812500000001 0.5364062488372093 0.82316875 0.5361343744186047 0.836583334375 0.5453812488372093 0.8380354156250001 0.563329688372093 0.8373083343750001 0.5625140627906977 0.82280625
0 0.5645937488372094 0.84616875 0.550725 0.849795834375 0.5376718744186046 0.84616875 0.5379437488372093 0.859585415625 0.550725 0.863210415625 0.5635062511627907 0.862485415625 0.5645937488372094 0.84616875
0 0.5627265627906977 0.870589584375 0.5464093744186046 0.874579165625 0.5368921883720931 0.872404165625 0.536620311627907 0.8854562500000001 0.550217188372093 0.887995834375 0.563270311627907 0.8854562500000001 0.5627265627906977 0.870589584375
0 0.6256656255813954 0.835858334375 0.6128843744186047 0.840572915625 0.598742188372093 0.839485415625 0.598742188372093 0.852902084375 0.6131562511627907 0.8525395843749999 0.6262093744186047 0.8510875 0.6256656255813954 0.835858334375
0 0.6243062488372093 0.8177583343749999 0.6128843744186047 0.8177583343749999 0.598470311627907 0.818120834375 0.5981984372093023 0.8329875 0.6104359372093023 0.832625 0.6251218744186047 0.8315374999999999 0.6243062488372093 0.8177583343749999
0 0.49953906279069765 0.8089770843749999 0.4734312488372093 0.8093395843750001 0.4734312488372093 0.8242062499999999 0.4862140627906977 0.8252958343750001 0.499267188372093 0.82239375 0.49953906279069765 0.8089770843749999
0 0.501229688372093 0.8316645843750001 0.48763281162790695 0.833477084375 0.4743062488372093 0.8320270843750001 0.47403437441860463 0.84435625 0.49089531162790695 0.84616875 0.5004140627906977 0.84508125 0.501229688372093 0.8316645843750001