7 0.45112968837209305 0.719677084375 0.42631562558139535 0.7217041656250001 0.42600625116279073 0.7341895843749999 0.45132812558139535 0.733927084375 0.45112968837209305 0.719677084375
7 0.521542188372093 0.8215291656250001 0.523125 0.8059583343750001 0.507695311627907 0.812029165625 0.49008906279069764 0.81018125 0.49127656279069765 0.8215291656250001 0.5043312488372093 0.823639584375 0.521542188372093 0.8215291656250001
7 0.518257811627907 0.779725 0.49352968837209304 0.78104375 0.49313437441860464 0.7926562500000001 0.5176640627906977 0.7916000000000001 0.518257811627907 0.779725
7 0.583445311627907 0.77215625 0.557925 0.77189375 0.558717188372093 0.787989584375 0.5838406255813954 0.7877270843749999 0.583445311627907 0.77215625
7 0.5873843744186046 0.802745834375 0.5735359372093023 0.8082874999999999 0.553195311627907 0.8058687499999999 0.5543484372093024 0.819370834375 0.585207811627907 0.819370834375 0.5873843744186046 0.802745834375
0 0.4529859372093023 0.74376875 0.42708437441860464 0.7440083343749999 0.42608281162790695 0.758283334375 0.452195311627907 0.758545834375 0.4529859372093023 0.74376875
0 0.5179062488372094 0.769327084375 0.5181031255813954 0.754020834375 0.4933 0.755839584375 0.4921890627906977 0.769589584375 0.5014859372093023 0.770645834375 0.5179062488372094 0.769327084375
0 0.5822078116279069 0.748835415625 0.573107811627907 0.7541125 0.556179688372093 0.7511833343750001 0.5568875 0.766516665625 0.5826031255813954 0.766779165625 0.5822078116279069 0.748835415625
3 0.452132811627907 0.773091665625 0.426020311627907 0.773091665625 0.42641562558139534 0.785229165625 0.4525281255813954 0.78575625 0.452132811627907 0.773091665625
3 0.5165687488372093 0.744410415625 0.516767188372093 0.7322729156250001 0.4922609372093023 0.7339 0.49184218837209304 0.7449375 0.5041062488372093 0.74836875 0.5165687488372093 0.744410415625
3 0.5826640627906977 0.7278479156250001 0.555695311627907 0.72908125 0.5563531255813954 0.741041665625 0.5814765627906977 0.74156875 0.5826640627906977 0.7278479156250001
2 0.45619062558139534 0.81161875 0.42376093720930236 0.81243125 0.42632031162790696 0.824020834375 0.4530265627906977 0.8234937499999999 0.45619062558139534 0.81161875
2 0.5166875 0.7045250000000001 0.519654688372093 0.693177084375 0.48822499999999996 0.6960708343750001 0.4889937511627907 0.70795625 0.509567188372093 0.708747915625 0.5166875 0.7045250000000001
2 0.5857171883720931 0.698833334375 0.5847281255813954 0.6888062500000001 0.5783968744186047 0.69118125 0.5522687488372093 0.691370834375 0.5530765627906977 0.70331875 0.578595311627907 0.703583334375 0.5857171883720931 0.698833334375
7 0.45575312558139536 0.693864584375 0.42337187441860463 0.694447915625 0.4244968744186047 0.7052125 0.45575312558139536 0.7046833343750001 0.45575312558139536 0.693864584375