2 0.39929062558139533 0.529641665625 0.383970311627907 0.5299645843749999 0.365975 0.5270479156250001 0.3654890627906977 0.5393687500000001 0.37934999999999997 0.540664584375 0.39880468837209304 0.541314584375 0.39929062558139533 0.529641665625
2 0.4757140627906977 0.64399375 0.4557734372093023 0.63848125 0.45698906279069773 0.655341665625 0.4893312511627907 0.6530729156249999 0.4890890627906977 0.6417229156250001 0.4757140627906977 0.64399375
2 0.5774125 0.5111416656250001 0.5450687488372092 0.508222915625 0.5443390627906977 0.525083334375 0.5628218744186047 0.52573125 0.5781421883720931 0.52638125 0.5774125 0.5111416656250001
0 0.547695311627907 0.5437000000000001 0.5462359372093023 0.5608833343749999 0.5746875 0.5595875 0.5749312511627906 0.5437000000000001 0.547695311627907 0.5437000000000001
0 0.5743812488372093 0.568904165625 0.5622218744186046 0.5698770843750001 0.5461734372093023 0.566958334375 0.5469015627906977 0.580577084375 0.558575 0.58381875 0.5741390627906977 0.582520834375 0.5743812488372093 0.568904165625
0 0.4861062511627907 0.582197915625 0.46981249999999997 0.588358334375 0.458382811627907 0.585116665625 0.458382811627907 0.595814584375 0.466407811627907 0.598410415625 0.4863484372093023 0.595491665625 0.4861062511627907 0.582197915625
0 0.48536406279069766 0.606472915625 0.4600734372093023 0.605822915625 0.460317188372093 0.620089584375 0.473204688372093 0.61814375 0.485607811627907 0.62365625 0.48536406279069766 0.606472915625
0 0.3946312511627907 0.5630375 0.382957811627907 0.564010415625 0.368125 0.5620645843750001 0.368367188372093 0.575035415625 0.381742188372093 0.577629165625 0.3931718744186047 0.577629165625 0.3946312511627907 0.5630375
0 0.3944656255813953 0.599914584375 0.3939796883720931 0.588241665625 0.3677156255813953 0.585 0.36795937441860466 0.595375 0.374525 0.5937541656249999 0.3835234372093023 0.599266665625 0.3944656255813953 0.599914584375
8 0.39428749999999996 0.606070834375 0.3792109372093023 0.607691665625 0.3677812511627907 0.60445 0.36729531162790696 0.619689584375 0.3794531255813953 0.6200125 0.39331406279069764 0.6200125 0.39428749999999996 0.606070834375
8 0.47261718837209304 0.5615125 0.459242188372093 0.559891665625 0.4587562488372093 0.57480625 0.48355937441860464 0.572535415625 0.48453281162790696 0.5602145843749999 0.47261718837209304 0.5615125
8 0.5733437511627907 0.59025625 0.5604562511627906 0.5912291656249999 0.5468375 0.5876625 0.5453781255813953 0.603225 0.5589968744186046 0.6029020843749999 0.5731015627906977 0.605170834375 0.5733437511627907 0.59025625
7 0.5752515627906977 0.619316665625 0.5592031255813954 0.6212625 0.5416937511627907 0.6173708343750001 0.5404781255813954 0.631314584375 0.5523937488372093 0.6316375 0.5745234372093023 0.633260415625 0.5752515627906977 0.619316665625
7 0.4881406255813953 0.5322312499999999 0.4771984372093023 0.533527084375 0.45555468837209306 0.53190625 0.4550687511627907 0.543254165625 0.47233437441860465 0.543579165625 0.4881406255813953 0.543254165625 0.4881406255813953 0.5322312499999999
7 0.396820311627907 0.639354165625 0.38222968837209303 0.6396791656249999 0.3649625 0.6357875 0.3639906255813954 0.647135415625 0.378095311627907 0.651027084375 0.39609062558139535 0.651675 0.396820311627907 0.639354165625