2 0.42558281162790695 0.535445834375 0.41092968837209304 0.537908334375 0.39212812558139537 0.537002084375 0.39231718837209306 0.5523395843750001 0.403670311627907 0.554452084375 0.42558281162790695 0.55515625 0.42558281162790695 0.535445834375
2 0.42095624883720933 0.585802084375 0.42148437441860465 0.57101875 0.4078875 0.571722915625 0.3942015627906977 0.56968125 0.3942906255813954 0.584041665625 0.401682811627907 0.585802084375 0.4118468744186046 0.586154165625 0.42095624883720933 0.585802084375
2 0.46533125116279067 0.5988687500000001 0.4651781255813953 0.613535415625 0.49250312558139536 0.614591665625 0.4930312511627907 0.6005125 0.46533125116279067 0.5988687500000001
2 0.49508593720930233 0.6495 0.49574531162790697 0.6338375 0.4616765627906977 0.632102084375 0.4616875 0.647739584375 0.47264531162790696 0.650379165625 0.48571250000000005 0.6509083343750001 0.49508593720930233 0.6495
2 0.5526640627906977 0.540852084375 0.5525312488372093 0.525716665625 0.5436875 0.5283562500000001 0.518754688372093 0.526029165625 0.5186062488372093 0.538739584375 0.5290343744186047 0.54173125 0.5399906255813953 0.542610415625 0.5526640627906977 0.540852084375
2 0.5490187511627906 0.559747915625 0.5217109372093023 0.559147915625 0.5212968744186046 0.571716665625 0.5267093744186047 0.57206875 0.5488859372093023 0.57241875 0.5490187511627906 0.559747915625
0 0.5487046883720931 0.593345834375 0.5487046883720931 0.5796187500000001 0.5360312488372093 0.581204165625 0.5220890627906977 0.5787604156249999 0.521775 0.591235415625 0.5300906255813953 0.593697915625 0.539067188372093 0.594579165625 0.5487046883720931 0.593345834375
0 0.4925187488372093 0.580583334375 0.46572187441860463 0.5786479156250001 0.46558906279069767 0.5914937499999999 0.47654687441860466 0.592197915625 0.49212343720930235 0.592727084375 0.4925187488372093 0.580583334375
0 0.421329688372093 0.59089375 0.39400468837209307 0.592125 0.39387343720930235 0.6054999999999999 0.40575312558139537 0.606908334375 0.42093437441860465 0.60655625 0.421329688372093 0.59089375
5 0.392479688372093 0.6168145843749999 0.3926109372093023 0.62860625 0.4195406255813953 0.6298375 0.4195406255813953 0.617870834375 0.392479688372093 0.6168145843749999
5 0.46595312558139534 0.5565875 0.46573906279069766 0.567527084375 0.49227343720930233 0.568583334375 0.492404688372093 0.557672915625 0.46595312558139534 0.5565875
5 0.5486562488372093 0.60580625 0.5221218744186047 0.6059833343750001 0.5219906255813954 0.616541665625 0.5362468744186046 0.617772915625 0.5481281255813953 0.61900625 0.5486562488372093 0.60580625
1 0.42214531162790697 0.652666665625 0.388070311627907 0.6499645843749999 0.3879562511627907 0.6619937499999999 0.401025 0.6665708343750001 0.42095781162790696 0.6653374999999999 0.42214531162790697 0.652666665625
1 0.498245311627907 0.53386875 0.49864218837209306 0.522079165625 0.4639234372093023 0.520495834375 0.46418750000000003 0.533166665625 0.47619999999999996 0.5347500000000001 0.4920406255813954 0.534045834375 0.498245311627907 0.53386875
1 0.546120311627907 0.6532 0.5514 0.65231875 0.5512687511627906 0.639825 0.536220311627907 0.6405291656250001 0.5180218744186046 0.63711875 0.5180031255813954 0.6488 0.5247359372093023 0.6512625 0.5354281255813953 0.652847915625 0.546120311627907 0.6532