2 0.4503125 0.712766665625 0.4517781255813953 0.7025166656249999 0.41879687441860464 0.699879165625 0.4188265627906977 0.712279165625 0.43383750000000004 0.713254165625 0.4503125 0.712766665625
2 0.4457375 0.746314584375 0.4468359372093023 0.7341125 0.4205359372093023 0.731089584375 0.420475 0.741435415625 0.42816249999999995 0.745339584375 0.4457375 0.746314584375
2 0.5133031255813953 0.751489584375 0.5004890627906977 0.755883334375 0.48731718837209304 0.7535791656249999 0.487307811627907 0.76515625 0.5129375 0.7666208343750001 0.5133031255813953 0.751489584375
2 0.5176281255813954 0.7868208343750001 0.4842312488372093 0.7871812499999999 0.48467499999999997 0.800975 0.516895311627907 0.800485415625 0.5176281255813954 0.7868208343750001
2 0.6032359372093024 0.71675 0.6025031255813954 0.704060415625 0.5701390627906977 0.704102084375 0.5691859372093023 0.713820834375 0.5779734372093024 0.7172375 0.6032359372093024 0.71675
2 0.599329688372093 0.738504165625 0.5850984372093023 0.739014584375 0.5721375 0.737695834375 0.5704531255813954 0.751704165625 0.5989640627906977 0.75070625 0.599329688372093 0.738504165625
9 0.5166093744186047 0.67649375 0.4849656255813954 0.677558334375 0.48391562558139534 0.687527084375 0.515367188372093 0.687527084375 0.5166093744186047 0.67649375
9 0.6017250000000001 0.827433334375 0.6029656255813953 0.8164 0.5897234372093023 0.8213645843749999 0.570120311627907 0.8154541656250001 0.5698593744186047 0.82633125 0.5901375 0.829089584375 0.6017250000000001 0.827433334375
9 0.4458062488372093 0.8222208343749999 0.4458062488372093 0.810635415625 0.43008125116279067 0.813945834375 0.4152515627906977 0.80996875 0.41435468837209305 0.8200145843750001 0.4350468744186046 0.8222208343749999 0.4458062488372093 0.8222208343749999
8 0.44465937441860465 0.780933334375 0.4330718744186047 0.782035415625 0.41855 0.778077084375 0.4173468744186047 0.790310415625 0.443417188372093 0.794725 0.44465937441860465 0.780933334375
8 0.5985718744186046 0.7844895843749999 0.570792188372093 0.7841125 0.571257811627907 0.796075 0.597329688372093 0.797177084375 0.5985718744186046 0.7844895843749999
8 0.511729688372093 0.7195125 0.5113156255813954 0.70516875 0.4869125 0.7069062500000001 0.48772812558139533 0.71730625 0.496004688372093 0.72171875 0.511729688372093 0.7195125
0 0.44375937441860464 0.770647915625 0.444304688372093 0.75881875 0.4343734372093023 0.758266665625 0.41881562558139535 0.756529165625 0.4182343744186046 0.7665416656249999 0.4277515627906977 0.76875 0.44375937441860464 0.770647915625
0 0.5139437488372093 0.7424625 0.5133593744186047 0.7296104156250001 0.502257811627907 0.733116665625 0.48702968837209304 0.731225 0.48765000000000003 0.743241665625 0.5016734372093024 0.744410415625 0.5139437488372093 0.7424625
0 0.5983281255813954 0.7732041656249999 0.6000812511627908 0.76113125 0.5869343744186046 0.763079165625 0.573392188372093 0.7601958343749999 0.5723265627906977 0.7724249999999999 0.5822593744186046 0.7732041656249999 0.5983281255813954 0.7732041656249999