7 0.459745311627907 0.568677084375 0.4738640627906977 0.568283334375 0.47415781162790693 0.560833334375 0.47209999999999996 0.5490666656250001 0.4544515627906977 0.550635415625 0.4420968744186046 0.552204165625 0.44033125116279065 0.55495 0.43945 0.568677084375 0.4482734372093023 0.569852084375 0.459745311627907 0.568677084375
7 0.5547531255813953 0.5694604156249999 0.5406343744186046 0.56906875 0.527104688372093 0.5671083343750001 0.5265156255813954 0.582010415625 0.5421062488372093 0.5827958343749999 0.5541656255813954 0.583579165625 0.5547531255813953 0.5694604156249999
7 0.6156406255813953 0.556127084375 0.6153468744186046 0.547889584375 0.6132875 0.5392625 0.581520311627907 0.538477084375 0.5803437511627907 0.545145834375 0.5800500000000001 0.5557333343749999 0.5997578116279069 0.556910415625 0.6156406255813953 0.556127084375
7 0.6144640627906977 0.6294666656250001 0.5871093744186047 0.630641665625 0.5868156255813953 0.6459374999999999 0.6068171883720931 0.6428 0.6159359372093024 0.642408334375 0.6144640627906977 0.6294666656250001
7 0.5535765627906977 0.6726062500000001 0.556225 0.6584875 0.5406343744186046 0.658095834375 0.5218093744186046 0.654566665625 0.520632811627907 0.66005625 0.5241625 0.67143125 0.5418109372093023 0.67143125 0.5535765627906977 0.6726062500000001
7 0.44503906279069766 0.640447915625 0.4441562511627907 0.655741665625 0.47209999999999996 0.655741665625 0.47298125116279066 0.640839584375 0.44503906279069766 0.640447915625
2 0.4759234372093023 0.684372915625 0.47680625116279074 0.6773125 0.47709999999999997 0.6698625 0.4544515627906977 0.674175 0.44092031162790696 0.673783334375 0.44180312558139534 0.68084375 0.443567188372093 0.68555 0.46592187441860466 0.68555 0.4759234372093023 0.684372915625
2 0.5591656255813954 0.540439584375 0.5241625 0.5357333343749999 0.523575 0.551027084375 0.538870311627907 0.5518125 0.559754688372093 0.5533812499999999 0.5591656255813954 0.540439584375
2 0.6182890627906977 0.6745687499999999 0.6191703116279069 0.66005625 0.6000515627906977 0.662802084375 0.5838734372093023 0.6624104156249999 0.5847562511627907 0.6698625 0.5856390627906977 0.6777062500000001 0.6032875000000001 0.676529165625 0.6182890627906977 0.6745687499999999
0 0.586520311627907 0.5988749999999999 0.586520311627907 0.612602084375 0.613582811627907 0.612602084375 0.6138765627906977 0.597697915625 0.586520311627907 0.5988749999999999
0 0.6129937488372093 0.579264584375 0.6150531255813954 0.5706375 0.6147593744186047 0.566322915625 0.5965218744186047 0.565539584375 0.5818140627906977 0.565145834375 0.5826968744186046 0.571814584375 0.5832859372093023 0.5784812500000001 0.5991687488372093 0.579658334375 0.6129937488372093 0.579264584375
0 0.5535765627906977 0.5980916656249999 0.5432828116279069 0.600052084375 0.5265156255813954 0.599266665625 0.5262218744186047 0.6145625 0.5415171883720931 0.615347915625 0.552695311627907 0.615347915625 0.5535765627906977 0.5980916656249999
0 0.5541656255813954 0.6471145843749999 0.5541656255813954 0.640447915625 0.5518124999999999 0.633779165625 0.5259281255813953 0.633779165625 0.523575 0.636916665625 0.5223984372093023 0.643977084375 0.539457811627907 0.6451541656249999 0.5541656255813954 0.6471145843749999
0 0.471804688372093 0.60671875 0.4447437511627907 0.609072915625 0.4447437511627907 0.625152084375 0.45621562558139533 0.6255437500000001 0.47121718837209303 0.623583334375 0.471804688372093 0.60671875
0 0.46592187441860466 0.5926 0.47298125116279066 0.589854165625 0.4738640627906977 0.579264584375 0.45562812558139537 0.58161875 0.4412140627906977 0.580441665625 0.44268437441860464 0.585147915625 0.443567188372093 0.592208334375 0.45680468837209304 0.592208334375 0.46592187441860466 0.5926