4 0.4080359372093023 0.799579165625 0.38163437441860465 0.798522915625 0.38123906279069764 0.8073229156249999 0.3902156255813954 0.8087291656250001 0.4083 0.809433334375 0.4080359372093023 0.799579165625
4 0.5330593744186046 0.742147915625 0.5333234372093023 0.7534125 0.5598578116279069 0.7537625 0.5593671883720931 0.742085415625 0.5330593744186046 0.742147915625
0 0.533357811627907 0.758029165625 0.532879688372093 0.76466875 0.533020311627907 0.77241875 0.5593281255813953 0.772866665625 0.5589906255813953 0.759377084375 0.533357811627907 0.758029165625
0 0.5329484372093023 0.7821 0.533454688372093 0.797164584375 0.559257811627907 0.801660415625 0.5597640627906977 0.792891665625 0.5329484372093023 0.7821
0 0.4625984372093023 0.756322915625 0.4637265627906977 0.76838125 0.49037187441860464 0.76770625 0.4907093744186047 0.7546666656250001 0.4625984372093023 0.756322915625
0 0.46475 0.776883334375 0.46414218837209303 0.7943875 0.4921375 0.7934875 0.4909562488372093 0.7757270843749999 0.46475 0.776883334375
0 0.3834515627906977 0.7518583343749999 0.38277656279069766 0.7671458343750001 0.4109406255813953 0.768720834375 0.41144687441860467 0.752308334375 0.3834515627906977 0.7518583343749999
0 0.3829187511627907 0.7793833343750001 0.38277812558139535 0.793235415625 0.40901562558139537 0.794966665625 0.40992968837209304 0.780870834375 0.3829187511627907 0.7793833343750001
2 0.41139843720930236 0.8212020843750001 0.3990718744186047 0.8210958343750001 0.37802343720930237 0.8180416656249999 0.37799062558139535 0.835166665625 0.3790031255813953 0.8410125 0.41121406279069767 0.8416874999999999 0.41139843720930236 0.8212020843750001
2 0.49518281162790695 0.8229312500000001 0.460275 0.8233812500000001 0.46061250000000004 0.841366665625 0.47325937441860466 0.842266665625 0.49434062558139535 0.8418166656249999 0.49518281162790695 0.8229312500000001
2 0.4932125 0.722477084375 0.45985781162790695 0.724110415625 0.46033749999999996 0.73618125 0.46995 0.73550625 0.4938062511627907 0.734552084375 0.4932125 0.722477084375
2 0.5297140627906977 0.7132562499999999 0.5300515627906977 0.7339395843750001 0.5633625 0.7339625 0.564454688372093 0.71348125 0.5297140627906977 0.7132562499999999
2 0.40466718837209303 0.721722915625 0.38209062558139534 0.71965 0.3816984372093023 0.73689375 0.4152265627906977 0.740733334375 0.41627031162790695 0.722054165625 0.40466718837209303 0.721722915625
4 0.49232187441860464 0.800864584375 0.46426562558139534 0.80189375 0.46473125116279074 0.813008334375 0.475425 0.81283125 0.49264687441860466 0.8108437500000001 0.49232187441860464 0.800864584375
2 0.5292781255813953 0.816327084375 0.5289218744186046 0.8355937499999999 0.5623312488372093 0.8359895843749999 0.562945311627907 0.818204165625 0.5292781255813953 0.816327084375