7 0.42170156279069765 0.616454165625 0.402732811627907 0.61580625 0.4034625 0.628127084375 0.4355625 0.628452084375 0.433617188372093 0.614508334375 0.42170156279069765 0.616454165625
7 0.5108890627906977 0.5211166656249999 0.49970312558139535 0.5227375000000001 0.48924531162790696 0.528897915625 0.47903281162790695 0.528575 0.47927499999999995 0.53635625 0.49483906279069767 0.535383334375 0.5118609372093023 0.531816665625 0.5108890627906977 0.5211166656249999
7 0.5759343744186046 0.624016665625 0.5455375 0.627258334375 0.5440781255813953 0.63860625 0.564504688372093 0.635364584375 0.5769078116279069 0.63309375 0.5759343744186046 0.624016665625
0 0.41708593720930237 0.5892208343750001 0.41270937441860467 0.583708334375 0.4063859372093023 0.583060415625 0.406629688372093 0.597002084375 0.43021718837209305 0.596679165625 0.43192031162790695 0.590841665625 0.41708593720930237 0.5892208343750001
0 0.4066718744186047 0.5647833343750001 0.4059437488372093 0.573860415625 0.4302609372093023 0.572564584375 0.43099062558139534 0.56575625 0.4066718744186047 0.5647833343750001
0 0.40630468837209305 0.541422915625 0.40654843720930234 0.552122915625 0.430867188372093 0.552122915625 0.430379688372093 0.541422915625 0.40630468837209305 0.541422915625
0 0.49855312558139536 0.55245625 0.4844484372093023 0.55180625 0.48371874883720933 0.563804165625 0.5085234372093023 0.5592645843749999 0.5077937511627907 0.548241665625 0.49855312558139536 0.55245625
0 0.498570311627907 0.575010415625 0.4861687511627907 0.577604165625 0.4847093744186046 0.586683334375 0.5090281255813953 0.583439584375 0.5102437488372092 0.569175 0.498570311627907 0.575010415625
0 0.5612687488372093 0.598645834375 0.5459484372093023 0.600591665625 0.5454609372093023 0.609022915625 0.572454688372093 0.6073999999999999 0.5705093744186046 0.597672915625 0.5612687488372093 0.598645834375
0 0.5556875 0.575552084375 0.5449875000000001 0.575877084375 0.5447437511627907 0.586577084375 0.5700343744186046 0.5846312499999999 0.569792188372093 0.57360625 0.5556875 0.575552084375
2 0.557620311627907 0.55150625 0.5437593744186047 0.55183125 0.5440031255813954 0.561883334375 0.5678343744186046 0.558316665625 0.5685640627906977 0.54664375 0.557620311627907 0.55150625
2 0.554270311627907 0.5181604156249999 0.5387062488372093 0.5181604156249999 0.5387062488372093 0.529508334375 0.5712921883720931 0.5272375 0.5712921883720931 0.513620834375 0.554270311627907 0.5181604156249999
2 0.5008890627906977 0.597072915625 0.4870281255813953 0.6009625 0.4860562511627907 0.610366665625 0.5111031255813954 0.608095834375 0.5111031255813954 0.596425 0.5008890627906977 0.597072915625
2 0.5014234372093023 0.6332187499999999 0.48658906279069764 0.6354875 0.4853734372093023 0.6471604156249999 0.5155265627906976 0.64359375 0.5160140627906976 0.629004165625 0.5014234372093023 0.6332187499999999
2 0.4027687488372093 0.505070834375 0.4020390627906977 0.51609375 0.435354688372093 0.515445834375 0.434625 0.5086375000000001 0.4027687488372093 0.505070834375