2 0.42366718837209305 0.7952520843750001 0.4060781255813954 0.7957854156249999 0.3928859372093023 0.792854165625 0.39248593720930236 0.807245834375 0.403479688372093 0.8061791656249999 0.42366718837209305 0.8048458343749999 0.42366718837209305 0.7952520843750001
2 0.4834734372093023 0.79806875 0.46788281162790696 0.802866665625 0.4514937511627907 0.79726875 0.4510937511627907 0.810329165625 0.4630859372093023 0.8124604156249999 0.482475 0.811660415625 0.4834734372093023 0.79806875
2 0.5357968744186046 0.8969625000000001 0.525004688372093 0.8985625 0.5042171883720931 0.893497915625 0.503817188372093 0.9065562500000001 0.520007811627907 0.908689584375 0.5357968744186046 0.90815625 0.5357968744186046 0.8969625000000001
0 0.5335546883720931 0.8529687499999999 0.533354688372093 0.840975 0.5215625 0.8420416656249999 0.507770311627907 0.8425750000000001 0.507570311627907 0.854566665625 0.514967188372093 0.855633334375 0.5241609372093023 0.851902084375 0.5335546883720931 0.8529687499999999
0 0.47867656279069765 0.86294375 0.47827656279069763 0.85415 0.453692188372093 0.85175 0.4522937511627907 0.861610415625 0.4618875 0.8645437499999999 0.4706812488372093 0.864010415625 0.47867656279069765 0.86294375
0 0.42055468837209303 0.8551229156250001 0.420154688372093 0.8471270843750001 0.4099625 0.8481937500000001 0.395170311627907 0.8481937500000001 0.39577031162790693 0.8617854156250001 0.40896249999999995 0.862052084375 0.417157811627907 0.8604520843750001 0.42055468837209303 0.8551229156250001
6 0.42046875116279064 0.820489584375 0.40507812558139533 0.821022915625 0.3964843744186047 0.8186249999999999 0.39568437441860466 0.82075625 0.3952843744186047 0.83115 0.40687812558139536 0.8362125 0.4202687488372093 0.8308833343750001 0.42046875116279064 0.820489584375
6 0.4793187511627907 0.8247187500000001 0.46692656279069766 0.82551875 0.462529688372093 0.8225875 0.4539343744186046 0.8239208343750001 0.45413437441860466 0.836179165625 0.4673265627906977 0.8353791656249999 0.477320311627907 0.8367125 0.4793187511627907 0.8247187500000001
6 0.5263328116279069 0.877370834375 0.528332811627907 0.883502084375 0.532529688372093 0.8824354156249999 0.5339281255813954 0.866179165625 0.5187375000000001 0.8667125 0.507745311627907 0.8664458343750001 0.5089437488372093 0.883235415625 0.5167390627906977 0.879504165625 0.5231359372093023 0.8776375 0.5263328116279069 0.877370834375
5 0.3959281255813954 0.870220834375 0.39552812558139533 0.8808791656249999 0.4205125 0.8806125 0.42011249999999994 0.871285415625 0.3959281255813954 0.870220834375
5 0.452604688372093 0.8704062499999999 0.452404688372093 0.8826645843750001 0.4773890627906977 0.883197915625 0.47719062558139536 0.872804165625 0.452604688372093 0.8704062499999999
5 0.5080140627906976 0.82296875 0.5080140627906976 0.8333625 0.5326 0.8333625 0.5328 0.8237687499999999 0.5080140627906976 0.82296875
1 0.46735312558139536 0.904877084375 0.4479656255813953 0.900347915625 0.44956406279069766 0.916070834375 0.4789468744186047 0.9168708343749999 0.47974531162790696 0.904079165625 0.46735312558139536 0.904877084375
1 0.4224937511627907 0.8989583343750001 0.39071406279069765 0.8960270843749999 0.3913125 0.913083334375 0.40470468837209306 0.9146812499999999 0.42229374883720927 0.913083334375 0.4224937511627907 0.8989583343750001
1 0.5365968744186047 0.792645834375 0.5214062511627907 0.7939791656249999 0.5042171883720931 0.791314584375 0.5052156255813953 0.8065041656249999 0.5210062511627908 0.8065041656249999 0.5345984372093023 0.805970834375 0.5365968744186047 0.792645834375