0 0.4838968744186047 0.82188125 0.483632811627907 0.834904165625 0.510557811627907 0.834904165625 0.510392188372093 0.8200625 0.4838968744186047 0.82188125
0 0.4844187511627907 0.8450354156250001 0.4852109372093023 0.8570020843749999 0.511079688372093 0.856297915625 0.512157811627907 0.8440749999999999 0.4844187511627907 0.8450354156250001
0 0.4833968744186047 0.866695834375 0.483925 0.87971875 0.5119062488372093 0.87971875 0.5113593744186047 0.866329165625 0.4833968744186047 0.866695834375
0 0.5537312488372093 0.870922915625 0.5539953116279069 0.8864104156250001 0.5824640627906976 0.885029165625 0.5822468744186047 0.870275 0.5537312488372093 0.870922915625
0 0.5513765627906977 0.852020834375 0.551904688372093 0.8671541656249999 0.5798859372093024 0.866097915625 0.5783015627906977 0.851316665625 0.5513765627906977 0.852020834375
0 0.5522640627906976 0.82935625 0.5521515627906977 0.844210415625 0.5796062488372092 0.840689584375 0.5796062488372092 0.82801875 0.5522640627906976 0.82935625
0 0.3987937511627907 0.8203166656249999 0.3982656255813954 0.834745834375 0.4265109372093023 0.832635415625 0.4265109372093023 0.8175000000000001 0.3987937511627907 0.8203166656249999
0 0.4009718744186046 0.870760415625 0.4017625 0.884133334375 0.42830468837209307 0.88235625 0.4285218744186047 0.867314584375 0.4009718744186046 0.870760415625
0 0.3995937488372093 0.8424791656249999 0.3995937488372093 0.857614584375 0.42652031162790693 0.854445834375 0.425992188372093 0.83825625 0.3995937488372093 0.8424791656249999
2 0.39920156279069763 0.903616665625 0.39946562558139537 0.9183979156250001 0.433254688372093 0.91734375 0.43403281162790697 0.902239584375 0.39920156279069763 0.903616665625
2 0.48041406279069765 0.903827084375 0.4813 0.9181125 0.5150890627906977 0.915647915625 0.5153531255813953 0.904033334375 0.48041406279069765 0.903827084375
2 0.5475609372093023 0.793241665625 0.5480875000000001 0.808727084375 0.5813484372093023 0.80731875 0.5821406255813953 0.7918333343749999 0.5475609372093023 0.793241665625
7 0.48171093720930236 0.79025 0.48250156279069767 0.80256875 0.5166718744186046 0.802125 0.5157625 0.790602084375 0.48171093720930236 0.79025
7 0.39494843720930234 0.793097915625 0.39442031162790697 0.8061187500000001 0.4287375 0.802952084375 0.4290015627906977 0.788520834375 0.39494843720930234 0.793097915625
7 0.550742188372093 0.9044270843750001 0.5500421883720931 0.918404165625 0.5854718744186046 0.9155916656249999 0.584170311627907 0.9014145843750001 0.550742188372093 0.9044270843750001