4 0.4155687488372093 0.5077875 0.389167188372093 0.50673125 0.388770311627907 0.51553125 0.3977468744186047 0.516939584375 0.415832811627907 0.517641665625 0.4155687488372093 0.5077875
4 0.499775 0.509722915625 0.473025 0.509702084375 0.4721859372093023 0.521866665625 0.482879688372093 0.521689584375 0.49924843720930234 0.520458334375 0.499775 0.509722915625
4 0.5412187511627907 0.449304165625 0.5414828116279069 0.46056666562500004 0.5680156255813954 0.46091875 0.5675250000000001 0.449239584375 0.5412187511627907 0.449304165625
0 0.5417062511627907 0.465785415625 0.5403562488372092 0.467583334375 0.5413687511627907 0.480175 0.5676765627906977 0.480622915625 0.5673390627906977 0.467133334375 0.5417062511627907 0.465785415625
0 0.5407031255813953 0.489872915625 0.5412093744186046 0.5049375 0.5670124999999999 0.5094333343749999 0.567517188372093 0.500664584375 0.5407031255813953 0.489872915625
0 0.4709437488372093 0.46365208437499994 0.47207187441860465 0.47571041562499994 0.498717188372093 0.475035415625 0.499054688372093 0.46199583437499997 0.4709437488372093 0.46365208437499994
0 0.472682811627907 0.48473125 0.472075 0.502235415625 0.5000703116279069 0.5013354156250001 0.49888906279069767 0.483575 0.472682811627907 0.48473125
0 0.3912234372093023 0.45848541562499995 0.39054843720930227 0.473772915625 0.41871250000000004 0.475347915625 0.4192187488372093 0.45893541562499995 0.3912234372093023 0.45848541562499995
0 0.3902734372093023 0.486777084375 0.39013437441860466 0.500629165625 0.4172859372093023 0.504227084375 0.4172859372093023 0.4882625 0.3902734372093023 0.486777084375
2 0.41928124883720935 0.52806875 0.38537812558139534 0.5257562499999999 0.3853468744186046 0.54288125 0.386357811627907 0.5487270843750001 0.41856875116279074 0.549402084375 0.41928124883720935 0.52806875
2 0.5038296883720931 0.530222915625 0.4689218744186046 0.5306729156250001 0.469257811627907 0.548658334375 0.4819062511627907 0.549558334375 0.5029875 0.549108334375 0.5038296883720931 0.530222915625
2 0.500725 0.429595834375 0.467370311627907 0.431229165625 0.4678515627906977 0.44329999999999997 0.4774640627906977 0.44262499999999994 0.5013187488372093 0.441670834375 0.500725 0.429595834375
2 0.5376312511627908 0.419527084375 0.5379687488372092 0.440210415625 0.5716968744186046 0.441560415625 0.5723718744186046 0.41975208437499995 0.5376312511627908 0.419527084375
2 0.41161093720930236 0.42793125 0.389032811627907 0.425858334375 0.38864062558139534 0.4431 0.42217031162790697 0.446941665625 0.42321250000000005 0.42826250000000005 0.41161093720930236 0.42793125
2 0.537107811627907 0.523666665625 0.5367515627906977 0.54293125 0.5701609372093024 0.543327084375 0.5707749999999999 0.52554375 0.537107811627907 0.523666665625