2 0.45388437441860463 0.598908334375 0.45557656279069764 0.587627084375 0.4224031255813953 0.58446875 0.423079688372093 0.5953 0.43289687441860464 0.59800625 0.45388437441860463 0.598908334375
2 0.4501187511627907 0.629539584375 0.4501187511627907 0.6196125 0.425732811627907 0.615947915625 0.42337656279069763 0.6281875 0.4409781255813954 0.63044375 0.4501187511627907 0.629539584375
2 0.5205281255813953 0.682789584375 0.5205281255813953 0.6728625 0.4897234372093023 0.674666665625 0.48938593720930235 0.685045834375 0.5029265627906977 0.6864 0.5205281255813953 0.682789584375
2 0.5173343744186046 0.63698125 0.49307343720930236 0.642035415625 0.49079843720930233 0.6491104156249999 0.5165765627906977 0.650120834375 0.5173343744186046 0.63698125
2 0.607170311627907 0.6011062500000001 0.607170311627907 0.587966665625 0.5741906255813953 0.588977084375 0.5730531255813953 0.601610415625 0.5901125 0.602116665625 0.607170311627907 0.6011062500000001
2 0.6030031255813953 0.6334479156249999 0.603382811627907 0.623341665625 0.5770859372093023 0.623772915625 0.5757093744186047 0.633952084375 0.5882187488372094 0.635975 0.6030031255813953 0.6334479156249999
0 0.4483437511627907 0.654679165625 0.4494812511627907 0.645583334375 0.423967188372093 0.6429729156249999 0.422945311627907 0.6531625 0.43393906279069766 0.655183334375 0.4483437511627907 0.654679165625
0 0.5177109372093023 0.615766665625 0.4913859372093023 0.6164583343750001 0.49193437441860466 0.62890625 0.516195311627907 0.6284 0.5177109372093023 0.615766665625
0 0.603004688372093 0.646083334375 0.5779859372093024 0.647095834375 0.576470311627907 0.65770625 0.603004688372093 0.6597291656250001 0.603004688372093 0.646083334375
8 0.44720312558139536 0.6804479156250001 0.4479609372093023 0.668320834375 0.4227312511627907 0.663929165625 0.422182811627907 0.676910415625 0.43090156279069763 0.678427084375 0.44720312558139536 0.6804479156250001
8 0.5165765627906977 0.592525 0.49082031162790696 0.592977084375 0.49231562558139536 0.6061687499999999 0.5165765627906977 0.605158334375 0.5165765627906977 0.592525
8 0.6033859372093023 0.6698291656250001 0.5778484372093023 0.668720834375 0.577229688372093 0.681958334375 0.6037656255813953 0.683472915625 0.6033859372093023 0.6698291656250001
9 0.4494765627906977 0.70874375 0.4498562488372093 0.6986375 0.417995311627907 0.6976375 0.418392188372093 0.704195834375 0.4271109372093023 0.706216665625 0.4494765627906977 0.70874375
9 0.5207453116279069 0.562695834375 0.4875062511627907 0.5613958343750001 0.4877656255813953 0.572297915625 0.5199875 0.573814584375 0.5207453116279069 0.562695834375
9 0.6056593744186047 0.70218125 0.5741531255813953 0.701054165625 0.5745750000000001 0.710772915625 0.605279688372093 0.713804165625 0.6056593744186047 0.70218125