7 0.5371640627906977 0.580264584375 0.5366624999999999 0.568866665625 0.5225812488372092 0.5695375 0.5100093744186047 0.568866665625 0.5100093744186047 0.5809354156250001 0.5190609372093024 0.5826125 0.531129688372093 0.5826125 0.5371640627906977 0.580264584375
7 0.5353312511627907 0.61176875 0.5399234372093024 0.610495834375 0.5393062511627907 0.5987875 0.5223218744186047 0.599097915625 0.506717188372093 0.599052084375 0.506482811627907 0.6037895843750001 0.5069156255813954 0.61309375 0.5233281255813953 0.613177084375 0.5353312511627907 0.61176875
7 0.6010312511627908 0.59103125 0.6068937511627908 0.590258334375 0.6061390627906976 0.577854165625 0.5923109372093023 0.579195834375 0.5788265627906977 0.57874375 0.5784812511627907 0.59059375 0.5885125 0.59103125 0.595070311627907 0.59103125 0.6010312511627908 0.59103125
7 0.5954625 0.621302084375 0.6085375000000001 0.619960415625 0.6095437511627907 0.6142624999999999 0.609292188372093 0.605545834375 0.5929484372093023 0.6085625 0.5756 0.606885415625 0.5753484372093024 0.611914584375 0.5758515627906977 0.620295834375 0.585657811627907 0.621302084375 0.5954625 0.621302084375
0 0.6075343744186046 0.558395834375 0.5957406255813954 0.556660415625 0.5788703116279069 0.554372915625 0.5786187488372093 0.5681166656250001 0.5918125 0.5702791656249999 0.606779688372093 0.5701291656249999 0.6075343744186046 0.558395834375
0 0.5368390627906977 0.559564584375 0.5365875 0.54515 0.525775 0.548502084375 0.509432811627907 0.549172915625 0.509432811627907 0.5585604156249999 0.5172265627906977 0.56090625 0.5270328116279069 0.561577084375 0.5368390627906977 0.559564584375
6 0.5372859372093023 0.5174624999999999 0.5192218744186047 0.517479165625 0.5086218744186046 0.516791665625 0.5083703116279069 0.53120625 0.5206906255813953 0.531541665625 0.5370343744186047 0.530870834375 0.5372859372093023 0.5174624999999999
6 0.607045311627907 0.53858125 0.6067937488372093 0.524502084375 0.5935968744186046 0.525322915625 0.5796390627906977 0.525170834375 0.5793875 0.538245834375 0.5912687488372094 0.53865 0.598 0.53865 0.607045311627907 0.53858125
2 0.6052781255813953 0.50896875 0.610170311627907 0.50715 0.610170311627907 0.49508125 0.5986031255813953 0.49843333437500004 0.586032811627907 0.49843333437500004 0.5757234372093023 0.49608541562499997 0.5762265627906977 0.5088250000000001 0.5872890627906977 0.509495834375 0.59785 0.509160415625 0.6052781255813953 0.50896875
0 0.428929688372093 0.5435291656250001 0.4293593744186046 0.557285415625 0.455795311627907 0.553272915625 0.455795311627907 0.54095 0.428929688372093 0.5435291656250001
7 0.4282625 0.52091875 0.4280484372093023 0.536391665625 0.4547 0.533239584375 0.4549140627906977 0.517479165625 0.4282625 0.52091875
7 0.4572640627906977 0.501325 0.45705 0.484704165625 0.4392109372093023 0.4861375 0.4224468744186046 0.48785625 0.4230906255813953 0.5047645843749999 0.4325484372093023 0.5039041656250001 0.4437234372093023 0.5018979156250001 0.4572640627906977 0.501325
6 0.43045156279069763 0.568891665625 0.43109687441860467 0.582647915625 0.458607811627907 0.581214584375 0.457532811627907 0.56459375 0.43045156279069763 0.568891665625
2 0.46140156279069766 0.609391665625 0.46140156279069766 0.593916665625 0.4270140627906977 0.595922915625 0.4270140627906977 0.613689584375 0.43990937441860467 0.613404165625 0.4454984372093023 0.611685415625 0.46140156279069766 0.609391665625
2 0.5403625 0.501729165625 0.5399640627906976 0.4890125 0.5234718744186047 0.489541665625 0.5055875 0.489541665625 0.5055875 0.500935415625 0.5147281255813954 0.502258334375 0.52665 0.502525 0.5403625 0.501729165625