2 0.473082811627907 0.602872915625 0.45617031162790694 0.603170834375 0.4412609372093023 0.599310415625 0.44148437441860466 0.615933334375 0.4724140627906977 0.6192 0.473082811627907 0.602872915625
2 0.5206687511627907 0.60075 0.49015 0.604066665625 0.49018281162790694 0.614404165625 0.519554688372093 0.6111395843749999 0.5206687511627907 0.60075
2 0.5871265627906977 0.5856625 0.5566406255813954 0.592489584375 0.55575 0.601691665625 0.5864593744186046 0.5966458343750001 0.5871265627906977 0.5856625
2 0.4684843744186047 0.722704165625 0.47004218837209305 0.71201875 0.4379031255813953 0.708920834375 0.438 0.7179541656249999 0.4433390627906977 0.719439584375 0.4684843744186047 0.722704165625
2 0.5234468744186046 0.713495834375 0.5238921883720931 0.7037 0.5125437511627907 0.70904375 0.49318437441860463 0.701622915625 0.493407811627907 0.71735625 0.5189968744186046 0.7164645843749999 0.5234468744186046 0.713495834375
2 0.5944687488372093 0.700783334375 0.594025 0.6859416656249999 0.585345311627907 0.691879165625 0.5633515627906976 0.694572915625 0.5642062511627907 0.705533334375 0.5806734372093023 0.704641665625 0.5944687488372093 0.700783334375
6 0.4681859372093023 0.642654165625 0.46885468837209304 0.6287041656250001 0.4434875 0.627516665625 0.4428187488372093 0.639389584375 0.4563937511627907 0.6420604156249999 0.4681859372093023 0.642654165625
6 0.5207765627906976 0.67763125 0.496045311627907 0.6808500000000001 0.49696718837209297 0.68920625 0.520332811627907 0.68920625 0.5207765627906976 0.67763125
6 0.5857906255813954 0.61099375 0.5611265627906977 0.618091665625 0.5613140627906977 0.6291 0.5862359372093023 0.623164584375 0.5857906255813954 0.61099375
0 0.468745311627907 0.6534416656250001 0.4434484372093023 0.651104165625 0.442932811627907 0.66145625 0.46852187441860466 0.664127084375 0.468745311627907 0.6534416656250001
0 0.4674812488372093 0.675704165625 0.441017188372093 0.674472915625 0.44255937441860466 0.689952084375 0.4663687511627907 0.692920834375 0.4674812488372093 0.675704165625
0 0.5178468744186047 0.629245834375 0.4941156255813953 0.631514584375 0.49515000000000003 0.6464624999999999 0.5189593744186046 0.64349375 0.5178468744186047 0.629245834375
0 0.5191109372093023 0.655714584375 0.4957140627906977 0.658939584375 0.49574531162790697 0.666697915625 0.5197781255813954 0.666697915625 0.5191109372093023 0.655714584375
0 0.5874578116279069 0.6444354156250001 0.5870125 0.634045834375 0.5741062511627907 0.638795834375 0.5625703116279069 0.640022915625 0.5625359372093024 0.649185415625 0.5716593744186047 0.64948125 0.5874578116279069 0.6444354156250001
0 0.588645311627907 0.655070834375 0.5792999999999999 0.660116665625 0.564204688372093 0.660447915625 0.5646140627906976 0.675552084375 0.5893140627906976 0.673177084375 0.588645311627907 0.655070834375