2 0.45523593720930233 0.647960415625 0.45450312558139533 0.671064584375 0.488182811627907 0.6697625 0.49037968837209306 0.6489375 0.45523593720930233 0.647960415625
2 0.5090062511627907 0.642533334375 0.5099828116279069 0.661733334375 0.5441515627906977 0.66140625 0.543175 0.643835415625 0.5090062511627907 0.642533334375
2 0.5549718744186046 0.625508334375 0.556192188372093 0.648285415625 0.592557811627907 0.642754165625 0.590604688372093 0.623229165625 0.5549718744186046 0.625508334375
2 0.4494562511627907 0.754745834375 0.4494562511627907 0.77785 0.485820311627907 0.7794770843750001 0.4850890627906977 0.759627084375 0.4494562511627907 0.754745834375
2 0.5062171883720931 0.7408166656249999 0.507707811627907 0.760554165625 0.54105 0.761754165625 0.5426078116279069 0.744933334375 0.5062171883720931 0.7408166656249999
2 0.556395311627907 0.734133334375 0.556882811627907 0.75170625 0.5932484372093023 0.7507291656249999 0.593492188372093 0.729577084375 0.556395311627907 0.734133334375
7 0.5596875 0.7025187500000001 0.5601765627906977 0.718464584375 0.5882421883720931 0.7165125 0.5879984372093023 0.70154375 0.5596875 0.7025187500000001
7 0.5123812488372093 0.668620834375 0.51165 0.683916665625 0.540204688372093 0.6852166656249999 0.539717188372093 0.671225 0.5123812488372093 0.668620834375
7 0.4562531255813953 0.681429165625 0.4550687511627907 0.6993750000000001 0.4833765627906977 0.7031270843749999 0.484232811627907 0.68409375 0.4562531255813953 0.681429165625
0 0.45564062558139534 0.70425 0.45515312558139537 0.7237750000000001 0.483707811627907 0.724102084375 0.4832187511627907 0.70815625 0.45564062558139534 0.70425
0 0.45262812558139537 0.7392916656249999 0.4501875 0.753608334375 0.484845311627907 0.7562125 0.484845311627907 0.742545834375 0.45262812558139537 0.7392916656249999
0 0.511732811627907 0.692377084375 0.5127093744186046 0.707995834375 0.5388234372093023 0.7106 0.5393109372093023 0.6969333343749999 0.511732811627907 0.692377084375
0 0.5600562488372093 0.679795834375 0.5605437488372094 0.696066665625 0.5886109372093024 0.694764584375 0.5891 0.679145834375 0.5600562488372093 0.679795834375
0 0.559407811627907 0.650016665625 0.559407811627907 0.663685415625 0.592354688372093 0.658479165625 0.5904031255813954 0.643510415625 0.559407811627907 0.650016665625
0 0.511695311627907 0.7156958343750001 0.5121843744186046 0.730014584375 0.5395187488372093 0.7329416656250001 0.5390312511627907 0.720577084375 0.511695311627907 0.7156958343750001