2 0.42293749999999997 0.8176249999999999 0.4053484372093023 0.8181583343750001 0.3921562488372093 0.8152270843749999 0.3917562488372093 0.8296187500000001 0.40275 0.8285520843749999 0.42293749999999997 0.8272187499999999 0.42293749999999997 0.8176249999999999
2 0.4825 0.821089584375 0.46690937441860464 0.8258875 0.450520311627907 0.820289584375 0.450120311627907 0.83335 0.4621125 0.83548125 0.48150156279069767 0.83468125 0.4825 0.821089584375
2 0.535067188372093 0.9183625 0.524275 0.9199624999999999 0.5034875 0.914897915625 0.5030875 0.92795625 0.5192781255813953 0.930089584375 0.535067188372093 0.9295562500000001 0.535067188372093 0.9183625
0 0.5330687488372093 0.875989584375 0.5328687511627908 0.8639958343749999 0.5210765627906977 0.8650625 0.5072843744186046 0.8655958343749999 0.5070843744186047 0.8775875 0.5144812488372092 0.878654165625 0.523675 0.8749229156249999 0.5330687488372093 0.875989584375
0 0.4777031255813953 0.885316665625 0.4773031255813953 0.876522915625 0.4527187488372093 0.874122915625 0.451320311627907 0.883983334375 0.4609140627906977 0.886916665625 0.469707811627907 0.886383334375 0.4777031255813953 0.885316665625
0 0.41933906279069766 0.876522915625 0.4189390627906977 0.868527084375 0.40874687441860463 0.8695937499999999 0.393954688372093 0.8695937499999999 0.394554688372093 0.883185415625 0.40774687441860463 0.8834520843749999 0.415942188372093 0.881852084375 0.41933906279069766 0.876522915625
6 0.41973906279069767 0.8448083343749999 0.40434843720930236 0.8453416656250001 0.39575468837209304 0.8429437500000001 0.394954688372093 0.8450749999999999 0.394554688372093 0.85546875 0.4061484372093024 0.86053125 0.41953906279069764 0.855202084375 0.41973906279069767 0.8448083343749999
6 0.47810312558139534 0.847739584375 0.46571093720930234 0.848539584375 0.4613140627906977 0.845608334375 0.4527187488372093 0.8469416656250001 0.45291875116279073 0.8592000000000001 0.46611093720930236 0.8583999999999999 0.476104688372093 0.859733334375 0.47810312558139534 0.847739584375
6 0.5248734372093024 0.9010395843750001 0.5268734372093024 0.907170834375 0.531070311627907 0.906104165625 0.5324687488372093 0.889847915625 0.5172781255813954 0.8903812500000001 0.5062859372093024 0.8901145843749999 0.5074843744186046 0.9069041656250001 0.515279688372093 0.903172915625 0.5216765627906976 0.90130625 0.5248734372093024 0.9010395843750001
5 0.394954688372093 0.890647915625 0.394554688372093 0.90130625 0.41953906279069764 0.9010395843750001 0.4191390627906976 0.8917125 0.394954688372093 0.890647915625
5 0.45211874883720926 0.8927791656249999 0.4519187511627907 0.9050375 0.47690312558139536 0.905570834375 0.476704688372093 0.895177084375 0.45211874883720926 0.8927791656249999
5 0.5072843744186046 0.8453416656250001 0.5072843744186046 0.855735415625 0.531870311627907 0.855735415625 0.532070311627907 0.846141665625 0.5072843744186046 0.8453416656250001
1 0.4671093744186047 0.928222915625 0.44772187441860467 0.92369375 0.4493203116279069 0.939416665625 0.47870312558139533 0.940216665625 0.4795015627906977 0.927425 0.4671093744186047 0.928222915625
1 0.42273750000000004 0.922627084375 0.390957811627907 0.9196958343749999 0.3915562511627907 0.936752084375 0.4049484372093023 0.93835 0.4225375 0.936752084375 0.42273750000000004 0.922627084375
1 0.535867188372093 0.81469375 0.5206765627906976 0.816027084375 0.5034875 0.8133625 0.5044859372093023 0.8285520843749999 0.5202765627906977 0.8285520843749999 0.5338687488372093 0.82801875 0.535867188372093 0.81469375