2 0.44395468837209306 0.694183334375 0.44395468837209306 0.708533334375 0.4689390627906977 0.707764584375 0.4689390627906977 0.693158334375 0.44395468837209306 0.694183334375
2 0.4720140627906977 0.727241665625 0.45490937441860463 0.725960415625 0.44011093720930233 0.724679165625 0.4399187511627907 0.736979165625 0.4541406255813954 0.739797915625 0.47162968837209307 0.7367229156249999 0.4720140627906977 0.727241665625
2 0.5246734372093024 0.652927084375 0.505070311627907 0.6526708343750001 0.49296249999999997 0.649595834375 0.491617188372093 0.660870834375 0.5094906255813954 0.6626645843750001 0.5248656255813954 0.663177084375 0.5246734372093024 0.652927084375
2 0.5200609372093024 0.6831645843749999 0.5071843744186046 0.683933334375 0.49565312558139535 0.678295834375 0.4935390627906977 0.691364584375 0.5044937488372093 0.6934145843749999 0.5200609372093024 0.694952084375 0.5200609372093024 0.6831645843749999
2 0.5588843744186046 0.711352084375 0.5502359372093023 0.710070834375 0.5504281255813953 0.723910415625 0.5759890627906977 0.720579165625 0.5757968744186046 0.708533334375 0.5588843744186046 0.711352084375
2 0.5790640627906977 0.736979165625 0.5604218744186046 0.741079165625 0.5473531255813954 0.739541665625 0.5473531255813954 0.753891665625 0.5594609372093023 0.752354165625 0.5792562488372093 0.750047915625 0.5790640627906977 0.736979165625
0 0.5060312511627907 0.7121208343750001 0.494307811627907 0.707252084375 0.494692188372093 0.718016665625 0.519292188372093 0.719810415625 0.5200609372093024 0.709814584375 0.5060312511627907 0.7121208343750001
0 0.4693234372093023 0.6844458343750001 0.4699 0.672402084375 0.45644687441860465 0.671889584375 0.4443390627906977 0.670095834375 0.4441468744186047 0.680602084375 0.454332811627907 0.678808334375 0.46144375116279074 0.677783334375 0.4693234372093023 0.6844458343750001
0 0.5736828116279069 0.6818833343749999 0.562920311627907 0.684958334375 0.5494671883720931 0.684702084375 0.5486984372093023 0.695977084375 0.5658031255813953 0.695977084375 0.5748359372093023 0.6934145843749999 0.5736828116279069 0.6818833343749999
6 0.457407811627907 0.647033334375 0.44491562558139536 0.646520834375 0.44491562558139536 0.6603583343749999 0.4695156255813953 0.6593333343750001 0.469707811627907 0.649083334375 0.457407811627907 0.647033334375
6 0.47412812558139533 0.622177084375 0.46182812558139535 0.622177084375 0.44241718837209304 0.621664584375 0.44241718837209304 0.632683334375 0.4579843744186046 0.6344770843750001 0.47432031162790694 0.633195834375 0.47412812558139533 0.622177084375
6 0.4937312511627907 0.728010415625 0.4935390627906977 0.739797915625 0.518907811627907 0.741079165625 0.5187156255813954 0.729547915625 0.4937312511627907 0.728010415625
6 0.5092984372093023 0.767985415625 0.5214062511627907 0.767729165625 0.5214062511627907 0.756454165625 0.5019953116279069 0.757991665625 0.491232811627907 0.751072915625 0.48969531162790697 0.7620916656250001 0.49565312558139535 0.7620916656250001 0.5000734372093023 0.764141665625 0.5092984372093023 0.767985415625
6 0.5631125 0.6642020843750001 0.5485062488372093 0.664458334375 0.5485062488372093 0.675733334375 0.5736828116279069 0.673427084375 0.5729140627906977 0.661127084375 0.5631125 0.6642020843750001
6 0.5544640627906977 0.642677084375 0.5437015627906977 0.641652084375 0.5442781255813953 0.651389584375 0.5748359372093023 0.647545834375 0.5732984372093023 0.6385770843749999 0.5544640627906977 0.642677084375