7 0.4385875 0.6147125 0.45270781162790696 0.6115729156249999 0.45311562558139534 0.5995812500000001 0.43679843720930234 0.5995812500000001 0.41871406279069767 0.601114584375 0.418975 0.608783334375 0.418975 0.6147125 0.4278656255813953 0.6147125 0.4385875 0.6147125
7 0.45005 0.643360415625 0.4492656255813954 0.62836875 0.43568906279069763 0.6326375 0.42337812558139537 0.632552084375 0.4241625 0.64754375 0.43409843720930236 0.646847915625 0.44560468837209305 0.6451041656250001 0.45005 0.643360415625
7 0.532570311627907 0.692802084375 0.5317859372093023 0.679902084375 0.5189734372093023 0.682341665625 0.5056375 0.68025 0.5058984372093023 0.694195834375 0.5124359372093024 0.6948937500000001 0.5208031255813954 0.695241665625 0.532570311627907 0.692802084375
7 0.5345734372093023 0.724964584375 0.5343109372093023 0.710320834375 0.518882811627907 0.7134583343750001 0.5018859372093023 0.7113666656250001 0.5018859372093023 0.72670625 0.516529688372093 0.72705625 0.5269890627906977 0.726358334375 0.5345734372093023 0.724964584375
7 0.600795311627907 0.6912791656249999 0.5871968744186047 0.691975 0.574645311627907 0.6912791656249999 0.5738609372093023 0.704179165625 0.5856281255813954 0.705572915625 0.6005343744186047 0.70383125 0.600795311627907 0.6912791656249999
0 0.6013843744186047 0.669210415625 0.5877859372093023 0.669210415625 0.57445 0.668164584375 0.5739265627906976 0.6817624999999999 0.5851718744186046 0.68315625 0.6008609372093023 0.6824583343749999 0.6013843744186047 0.669210415625
0 0.531117188372093 0.672204165625 0.5313781255813953 0.6572125 0.5169968744186046 0.66209375 0.5047062488372093 0.660697915625 0.504967188372093 0.67150625 0.5151656255813953 0.674295834375 0.5219640627906976 0.67499375 0.531117188372093 0.672204165625
0 0.4518437488372093 0.664508334375 0.451320311627907 0.65230625 0.4348468744186047 0.655791665625 0.42464843720930234 0.6564895843749999 0.42464843720930234 0.66834375 0.435107811627907 0.66834375 0.44582812558139534 0.667645834375 0.4518437488372093 0.664508334375
6 0.45296718837209304 0.691229165625 0.45270625116279073 0.6758875 0.4406765627906977 0.680072915625 0.4265562488372093 0.680072915625 0.4265562488372093 0.69401875 0.4374093744186046 0.694220834375 0.44420781162790696 0.693133334375 0.45296718837209304 0.691229165625
6 0.5316312511627908 0.6295375 0.5135875 0.63128125 0.505579688372093 0.6304333343749999 0.5046968744186047 0.64418125 0.5153703116279069 0.644575 0.5308468744186047 0.6434854156250001 0.5316312511627908 0.6295375
6 0.6026890627906977 0.653760415625 0.60295 0.6377208343749999 0.5906609372093024 0.639116665625 0.5757562488372093 0.6387666656250001 0.574970311627907 0.6520166656249999 0.5851218744186046 0.653639584375 0.5933234372093024 0.6532625000000001 0.6026890627906977 0.653760415625
2 0.606645311627907 0.608979165625 0.591217188372093 0.6114208343749999 0.571082811627907 0.610025 0.5723906255813954 0.62153125 0.5854656255813954 0.6229250000000001 0.6058609372093022 0.620833334375 0.606645311627907 0.608979165625
2 0.535892188372093 0.614514584375 0.535892188372093 0.60056875 0.5225562488372093 0.604054165625 0.501375 0.6019625 0.501375 0.613816665625 0.513142188372093 0.616258334375 0.5259562511627908 0.61660625 0.535892188372093 0.614514584375
2 0.457882811627907 0.721777084375 0.4576218744186047 0.707133334375 0.43827031162790697 0.709572915625 0.422842188372093 0.709225 0.422842188372093 0.716545834375 0.42415 0.7252625 0.445854688372093 0.72351875 0.457882811627907 0.721777084375
7 0.5951406255813954 0.736691665625 0.6041562511627907 0.735177084375 0.6049406255813953 0.72123125 0.5892515627906977 0.722277084375 0.5701625 0.719489584375 0.5696406255813954 0.72436875 0.572232811627907 0.7359375 0.5827140627906977 0.7365729156249999 0.5951406255813954 0.736691665625