2 0.417707811627907 0.7153104156250001 0.417707811627907 0.7301562500000001 0.45339687441860466 0.729014584375 0.45311250000000003 0.7145479156250001 0.417707811627907 0.7153104156250001
2 0.550792188372093 0.720177084375 0.550792188372093 0.734729165625 0.5870890627906976 0.734389584375 0.5873437488372093 0.720177084375 0.550792188372093 0.720177084375
2 0.478707811627907 0.8271208343750001 0.47896093720930233 0.842010415625 0.512720311627907 0.8426875 0.5132265627906977 0.828135415625 0.478707811627907 0.8271208343750001
0 0.4373343744186046 0.772633334375 0.41905937441860464 0.77195625 0.41956718837209306 0.78989375 0.4482484372093023 0.7892166656249999 0.4485031255813954 0.7716166656250001 0.4373343744186046 0.772633334375
0 0.4193125 0.8017375 0.4193125 0.812229165625 0.4485031255813954 0.8105375 0.4482484372093023 0.803091665625 0.4193125 0.8017375
0 0.482007811627907 0.7675562499999999 0.48226093720930235 0.784816665625 0.5096734372093024 0.783802084375 0.5096734372093024 0.7675562499999999 0.482007811627907 0.7675562499999999
0 0.47972343720930233 0.74014375 0.48073750000000004 0.752664584375 0.5091656255813953 0.754695834375 0.509420311627907 0.738452084375 0.47972343720930233 0.74014375
0 0.5561234372093024 0.779402084375 0.5563765627906977 0.796322915625 0.5853125 0.79463125 0.5853125 0.7790625 0.5561234372093024 0.779402084375
0 0.5563765627906977 0.8105375 0.5558687488372093 0.821704165625 0.5860734372093023 0.8206895843750001 0.5855656255813954 0.810197915625 0.5563765627906977 0.8105375
6 0.4203281255813954 0.7448812499999999 0.419820311627907 0.7587583343750001 0.44901093720930235 0.757064584375 0.4487562511627907 0.74454375 0.4203281255813954 0.7448812499999999
6 0.41499843720930235 0.829827084375 0.41601406279069764 0.843027084375 0.4507875 0.842010415625 0.450279688372093 0.829827084375 0.41499843720930235 0.829827084375
6 0.48124531162790696 0.7973375 0.48124531162790696 0.812229165625 0.5089125 0.811891665625 0.5089125 0.800383334375 0.48124531162790696 0.7973375
6 0.4766765627906977 0.71273125 0.4774390627906977 0.724575 0.5139890627906977 0.725252084375 0.5137343744186046 0.7147625 0.4766765627906977 0.71273125
6 0.554092188372093 0.835241665625 0.555107811627907 0.84911875 0.5908968744186046 0.8467479156250001 0.589120311627907 0.8338875 0.554092188372093 0.835241665625
6 0.5548546883720931 0.7506354156249999 0.5558687488372093 0.764172915625 0.584804688372093 0.763833334375 0.5840437511627907 0.749958334375 0.5548546883720931 0.7506354156249999