4 0.49144374883720926 0.5401208343749999 0.4927765627906977 0.5281958343750001 0.4602125 0.5264125 0.460820311627907 0.539614584375 0.471092188372093 0.5403749999999999 0.49144374883720926 0.5401208343749999
4 0.5478234372093023 0.6563125000000001 0.548275 0.63915 0.5173812511627907 0.6379083343749999 0.516232811627907 0.652697915625 0.538120311627907 0.655710415625 0.5478234372093023 0.6563125000000001
4 0.5981359372093022 0.546647915625 0.5983609372093024 0.535208334375 0.5658234372093023 0.534895834375 0.5663187511627907 0.5487562500000001 0.5895609372093024 0.546647915625 0.5981359372093022 0.546647915625
2 0.48666562558139537 0.55573125 0.4631609372093023 0.553116665625 0.4619375 0.5638979156249999 0.48666562558139537 0.56553125 0.48666562558139537 0.55573125
2 0.4869093744186046 0.651502084375 0.48715312558139534 0.640066665625 0.4724625 0.642027084375 0.45517031162790694 0.638391665625 0.45458906279069766 0.6485624999999999 0.466342188372093 0.653789584375 0.4869093744186046 0.651502084375
0 0.48663281162790695 0.589814584375 0.4871218744186046 0.580014584375 0.4606781255813953 0.579033334375 0.4597 0.59046875 0.47659374883720934 0.592429165625 0.48663281162790695 0.589814584375
0 0.5459687511627906 0.60095 0.5469484372093023 0.5921291656250001 0.5296046883720931 0.590739584375 0.520642188372093 0.5887479156250001 0.520504688372093 0.5986625 0.5261765627906977 0.601520834375 0.5459687511627906 0.60095
2 0.545804688372093 0.62548125 0.5467843744186046 0.613720834375 0.520867188372093 0.611475 0.5200968744186046 0.6241749999999999 0.534542188372093 0.6261354156250001 0.545804688372093 0.62548125
2 0.5518515627906977 0.5291875 0.5188015627906977 0.528639584375 0.5188468744186047 0.539927084375 0.55165 0.54315 0.5518515627906977 0.5291875
2 0.547532811627907 0.567335415625 0.5340484372093023 0.567872915625 0.5221312488372093 0.565164584375 0.5211687511627907 0.576464584375 0.547532811627907 0.5786125 0.547532811627907 0.567335415625
2 0.596367188372093 0.56349375 0.570179688372093 0.563204165625 0.5708093744186046 0.57155 0.5945562511627906 0.57128125 0.596367188372093 0.56349375
2 0.5982390627906977 0.618770834375 0.598842188372093 0.609639584375 0.5835468744186046 0.61366875 0.5728812511627908 0.610177084375 0.5728812511627908 0.62038125 0.5883781255813954 0.62065 0.5982390627906977 0.618770834375
2 0.6012265627906976 0.657639584375 0.602232811627907 0.64609375 0.5702343744186047 0.64663125 0.5710406255813953 0.658177084375 0.5891515627906977 0.660325 0.6012265627906976 0.657639584375
0 0.598454688372093 0.59793125 0.5976359372093023 0.5858875 0.585575 0.587191665625 0.5718890627906976 0.586385415625 0.5722921883720931 0.59954375 0.598454688372093 0.59793125
2 0.4842390627906977 0.6136083343750001 0.48521718837209304 0.605114584375 0.46881249999999997 0.605766665625 0.46168437441860466 0.60230625 0.45999843720930234 0.6129541656249999 0.465875 0.614260415625 0.4842390627906977 0.6136083343750001