2 0.4139625 0.796008334375 0.4137265627906977 0.811339584375 0.44916249999999996 0.8107145843750001 0.44939687441860465 0.79444375 0.4139625 0.796008334375
2 0.548195311627907 0.800077084375 0.548429688372093 0.815408334375 0.5831609372093024 0.81446875 0.5833953116279069 0.800702084375 0.548195311627907 0.800077084375
2 0.47638437441860465 0.9070874999999999 0.4752109372093023 0.9249208343750001 0.5092390627906977 0.923670834375 0.509004688372093 0.910216665625 0.47638437441860465 0.9070874999999999
6 0.41185 0.909277084375 0.41161562558139536 0.923983334375 0.4465812511627907 0.923983334375 0.4465812511627907 0.908964584375 0.41185 0.909277084375
6 0.41724687441860464 0.8238562500000001 0.4160734372093023 0.83825 0.4449390627906977 0.8391875000000001 0.445407811627907 0.8241687499999999 0.41724687441860464 0.8238562500000001
6 0.4742734372093023 0.793191665625 0.4740375 0.8053958343750001 0.5092390627906977 0.8063333343749999 0.5083 0.7941312500000001 0.4742734372093023 0.793191665625
6 0.5521843744186047 0.830427084375 0.5528875 0.847010415625 0.581282811627907 0.844820834375 0.581282811627907 0.830427084375 0.5521843744186047 0.830427084375
6 0.5507765627906976 0.9170999999999999 0.5510109372093024 0.9302416656249999 0.5852734372093024 0.929929165625 0.5859765627906977 0.9167875000000001 0.5507765627906976 0.9170999999999999
6 0.47661875116279073 0.8779875 0.4773234372093023 0.891754165625 0.50525 0.8914416656249999 0.5059531255813954 0.877675 0.47661875116279073 0.8779875
0 0.4158390627906977 0.879864584375 0.41490000000000005 0.894258334375 0.44470468837209304 0.89300625 0.4437656255813954 0.880804165625 0.4158390627906977 0.879864584375
0 0.41701249999999995 0.851079165625 0.4158390627906977 0.8689125000000001 0.442592188372093 0.8707916656249999 0.44399999999999995 0.852329165625 0.41701249999999995 0.851079165625
0 0.477557811627907 0.846072915625 0.4773234372093023 0.865158334375 0.5071265627906977 0.8648458343750001 0.5064234372093024 0.847322915625 0.477557811627907 0.846072915625
0 0.4759156255813954 0.820414584375 0.4770890627906977 0.83324375 0.5064234372093024 0.83324375 0.5061875 0.817910415625 0.4759156255813954 0.820414584375
0 0.5521843744186047 0.8589 0.5521843744186047 0.8748583343749999 0.5817531255813954 0.87329375 0.5815187511627907 0.8573354156249999 0.5521843744186047 0.8589
0 0.5505406255813954 0.890189584375 0.5507765627906976 0.9027062499999999 0.5831609372093024 0.90301875 0.5831609372093024 0.889877084375 0.5505406255813954 0.890189584375