2 0.45920312558139537 0.642425 0.4595 0.6299520843749999 0.4434625 0.6323291656250001 0.42624531162790696 0.627539584375 0.42579218837209304 0.6400479156250001 0.4314359372093023 0.64301875 0.4461359372093023 0.6449979156250001 0.45920312558139537 0.642425
2 0.5806749999999999 0.63075 0.5459281255813954 0.6289666656249999 0.546225 0.64045 0.5644890627906977 0.6424291656250001 0.5808234372093023 0.640647915625 0.5806749999999999 0.63075
2 0.5048687488372093 0.7495729156250001 0.5063546883720931 0.737297915625 0.49120781162790694 0.739477084375 0.47145937441860464 0.73413125 0.47205312558139534 0.744425 0.48007187441860466 0.747989584375 0.49492031162790695 0.750364584375 0.5048687488372093 0.7495729156250001
7 0.454282811627907 0.6643375 0.42733906279069767 0.662522915625 0.4274062511627907 0.6732458343750001 0.4427 0.675622915625 0.45472812558139536 0.675227084375 0.454282811627907 0.6643375
7 0.503275 0.705304165625 0.4768234372093023 0.701520834375 0.4763984372093023 0.713816665625 0.48738750000000003 0.7177749999999999 0.5028296883720931 0.716785415625 0.503275 0.705304165625
7 0.5625312488372093 0.6625687499999999 0.5493062488372092 0.658672915625 0.5493156255813954 0.673258334375 0.5763406255813953 0.67464375 0.5760437511627907 0.662766665625 0.5625312488372093 0.6625687499999999
0 0.5761843744186046 0.687289584375 0.5485656255813953 0.6863 0.5490109372093023 0.698377084375 0.561779688372093 0.701939584375 0.5758875 0.699564584375 0.5761843744186046 0.687289584375
0 0.503004688372093 0.680135415625 0.4750875 0.67855 0.47538437441860465 0.6912208343749999 0.485779688372093 0.692210415625 0.5031531255813954 0.6924083343749999 0.503004688372093 0.680135415625
0 0.4544140627906977 0.686695834375 0.42697812558139536 0.684270834375 0.427092188372093 0.697583334375 0.4346656255813953 0.700158334375 0.4542656255813953 0.6997625000000001 0.4544140627906977 0.686695834375
0 0.45195 0.713358334375 0.4264937511627907 0.71180625 0.4261125 0.724839584375 0.433982811627907 0.725433334375 0.4520984372093024 0.725235415625 0.45195 0.713358334375
8 0.5030125 0.655510415625 0.476729688372093 0.654322915625 0.47583906279069765 0.666595834375 0.485342188372093 0.66798125 0.5028640627906977 0.6673875 0.5030125 0.655510415625
8 0.575882811627907 0.7128041656249999 0.5482640627906976 0.711814584375 0.5485609372093023 0.723889584375 0.5601437511627907 0.7254729156249999 0.5760312511627906 0.723691665625 0.575882811627907 0.7128041656249999
9 0.507879688372093 0.627758334375 0.4900609372093023 0.628154165625 0.4725390627906977 0.6239979156250001 0.4729843744186047 0.636864584375 0.48753593720930233 0.638052084375 0.5077312488372093 0.639635415625 0.507879688372093 0.627758334375
9 0.455642188372093 0.7508 0.455642188372093 0.74149375 0.4423140627906976 0.742677084375 0.4210312488372093 0.738641665625 0.42086250000000003 0.75063125 0.428225 0.751645834375 0.4423140627906976 0.754354165625 0.455642188372093 0.7508
9 0.5787125 0.751627084375 0.5785640627906976 0.74271875 0.563270311627907 0.7433125 0.5438406255813953 0.73884375 0.5442625 0.751825 0.5565875 0.7547937499999999 0.5706937511627908 0.755189584375 0.5787125 0.751627084375