2 0.5284812511627907 0.5855125 0.5287078116279069 0.599052084375 0.5616515627906977 0.59875 0.5616515627906977 0.5855125 0.5284812511627907 0.5855125
2 0.49766718837209306 0.69986875 0.476317188372093 0.703022915625 0.47744531162790693 0.7216750000000001 0.5130984372093024 0.713852084375 0.5115187511627907 0.69760625 0.49766718837209306 0.69986875
0 0.48017499999999996 0.676022915625 0.48107812558139534 0.69196875 0.5074781255813954 0.68595 0.5068015627906977 0.673014584375 0.48017499999999996 0.676022915625
0 0.5322562511627907 0.644479165625 0.5327078116279069 0.661327084375 0.5591093744186046 0.661627084375 0.5591093744186046 0.64568125 0.5322562511627907 0.644479165625
0 0.5314781255813954 0.618297915625 0.5314781255813954 0.631235415625 0.559232811627907 0.633041665625 0.557879688372093 0.619202084375 0.5314781255813954 0.618297915625
0 0.41107187441860465 0.6415124999999999 0.41107187441860465 0.6559541656250001 0.43724687441860466 0.6565562500000001 0.43724687441860466 0.642114584375 0.41107187441860465 0.6415124999999999
0 0.4114875 0.66819375 0.4119375 0.6817333343749999 0.4383390627906977 0.682635415625 0.43788750000000004 0.66789375 0.4114875 0.66819375
0 0.47974531162790696 0.654891665625 0.48155 0.669333334375 0.507275 0.6648208343750001 0.5070484372093024 0.6527875 0.47974531162790696 0.654891665625
8 0.47722031162790696 0.6340020843749999 0.4781234372093023 0.6490458343750001 0.503620311627907 0.6427270843749999 0.503620311627907 0.627985415625 0.47722031162790696 0.6340020843749999
8 0.4100203116279069 0.687877084375 0.4106968744186047 0.7032208343749999 0.4370968744186047 0.7032208343749999 0.43664687441860467 0.687877084375 0.4100203116279069 0.687877084375
8 0.5330406255813953 0.668408334375 0.5330406255813953 0.679839584375 0.5589890627906977 0.678335415625 0.5585375 0.669310415625 0.5330406255813953 0.668408334375
9 0.5295156255813953 0.69250625 0.529967188372093 0.70785 0.5633625 0.70604375 0.5629109372093023 0.691602084375 0.5295156255813953 0.69250625
9 0.4714062511627907 0.61033125 0.47275937441860466 0.622666665625 0.5072843744186046 0.61665 0.5059296883720931 0.60551875 0.4714062511627907 0.61033125
9 0.40758750000000005 0.713866665625 0.4084890627906977 0.73161875 0.4421109372093023 0.73191875 0.440982811627907 0.716575 0.40758750000000005 0.713866665625
2 0.40900468837209303 0.60493125 0.40900468837209303 0.621477084375 0.44195 0.6226812500000001 0.4424015627906977 0.6076374999999999 0.40900468837209303 0.60493125