2 0.43597187441860463 0.6018958343749999 0.40228749999999996 0.5981229156250001 0.40204531162790696 0.609989584375 0.4179156255813954 0.613785415625 0.435575 0.615270834375 0.43597187441860463 0.6018958343749999
2 0.49605156279069773 0.7299395843750001 0.4786265627906977 0.731347915625 0.4627140627906977 0.729822915625 0.46278593720930233 0.743489584375 0.4736093744186046 0.7447229156249999 0.49591874883720927 0.74419375 0.49605156279069773 0.7299395843750001
2 0.5699531255813953 0.614308334375 0.5543765627906977 0.6169479156250001 0.5356765627906976 0.6143770843749999 0.5362906255813954 0.630147915625 0.553375 0.62943125 0.570225 0.6289687500000001 0.5699531255813953 0.614308334375
6 0.4311812511627907 0.634810415625 0.404129688372093 0.6318312500000001 0.40359218837209304 0.644139584375 0.41204062558139537 0.646954165625 0.4309187511627907 0.647833334375 0.4311812511627907 0.634810415625
6 0.46618593720930235 0.694804165625 0.46629843720930236 0.708147915625 0.49269999999999997 0.7088520843749999 0.49269999999999997 0.69618125 0.46618593720930235 0.694804165625
6 0.5399953116279069 0.65053125 0.5400453116279069 0.664239584375 0.5671062488372093 0.6640645843749999 0.5675031255813954 0.649633334375 0.5399953116279069 0.65053125
0 0.4665062511627907 0.672810415625 0.4664359372093023 0.686558334375 0.492970311627907 0.685502084375 0.4934984372093023 0.673535415625 0.4665062511627907 0.672810415625
0 0.4299734372093023 0.657660415625 0.402795311627907 0.65574375 0.4025156255813953 0.668922915625 0.4158109372093023 0.671729165625 0.4297093744186047 0.671739584375 0.4299734372093023 0.657660415625
8 0.4290812511627907 0.68201875 0.4016390627906977 0.679316665625 0.40109531162790696 0.69116875 0.411920311627907 0.6943374999999999 0.4285531255813953 0.693810415625 0.4290812511627907 0.68201875
8 0.49313437441860464 0.649745834375 0.466620311627907 0.6483104156249999 0.4664687511627907 0.6615375 0.4807265627906977 0.662416665625 0.4933984372093023 0.661889584375 0.49313437441860464 0.649745834375
8 0.5395062488372093 0.697310415625 0.5397156255813954 0.711320834375 0.567042188372093 0.71185 0.567570311627907 0.699354165625 0.5395062488372093 0.697310415625
9 0.46395312558139534 0.620245834375 0.46390781162790695 0.631858334375 0.4974375 0.632210415625 0.49770156279069766 0.622002084375 0.46395312558139534 0.620245834375
9 0.42962500000000003 0.7224541656250001 0.42962500000000003 0.713127084375 0.39629687441860467 0.710158334375 0.3956984372093023 0.718583334375 0.40401562558139537 0.721575 0.4173484372093023 0.72280625 0.42962500000000003 0.7224541656250001
0 0.567842188372093 0.684464584375 0.5675468744186046 0.6737 0.539775 0.674295834375 0.539825 0.6849624999999999 0.5486812511627908 0.683875 0.5583859372093023 0.683147915625 0.567842188372093 0.684464584375
9 0.5709875 0.729266665625 0.55475 0.731554165625 0.5365531255813953 0.72855 0.5367968744186047 0.739120834375 0.5529015627906977 0.7417604156250001 0.5709875 0.73894375 0.5709875 0.729266665625