2 0.49945 0.836425 0.48062187441860466 0.8392145843750001 0.4654562488372093 0.8353791656249999 0.464932811627907 0.84793125 0.48245312558139536 0.850372915625 0.4991875 0.84793125 0.49945 0.836425
2 0.4965734372093023 0.9242874999999999 0.4968343744186046 0.912083334375 0.4855906255813953 0.9166166656250001 0.47042343720930235 0.912433334375 0.46963906279069767 0.923589584375 0.47852968837209303 0.926727084375 0.4879437488372093 0.926727084375 0.4965734372093023 0.9242874999999999
2 0.49735781162790693 0.9563625 0.5020640627906977 0.9525291656249999 0.501542188372093 0.94206875 0.49343593720930234 0.947297915625 0.4814062511627907 0.947297915625 0.46728593720930234 0.9431145843750001 0.4667625 0.954270834375 0.47696093720930227 0.956014584375 0.4874218744186047 0.9570604156250001 0.49735781162790693 0.9563625
2 0.5585468744186046 0.968914584375 0.5627312511627907 0.966822915625 0.5632531255813954 0.955666665625 0.5522718744186047 0.960197915625 0.5407656255813954 0.95985 0.5308281255813954 0.9546208343749999 0.5303062511627907 0.967170834375 0.5389343744186047 0.9685666656249999 0.547825 0.969960415625 0.5585468744186046 0.968914584375
2 0.5606390627906976 0.889420834375 0.5606390627906976 0.876172915625 0.5520093744186046 0.879658334375 0.5459953116279069 0.879658334375 0.5350125 0.877566665625 0.5344890627906976 0.887679165625 0.5412890627906977 0.8904666656250001 0.5486109372093023 0.890816665625 0.5606390627906976 0.889420834375
2 0.5554093744186046 0.8587395843750001 0.559592188372093 0.8576937499999999 0.5637765627906977 0.855602084375 0.5640390627906977 0.840958334375 0.556454688372093 0.8440958343749999 0.5446875 0.84479375 0.5300437511627907 0.840260415625 0.5300437511627907 0.8531604156249999 0.536320311627907 0.8576937499999999 0.547825 0.859785415625 0.5554093744186046 0.8587395843750001
2 0.6260125000000001 0.853858334375 0.6252281255813954 0.840610415625 0.6134609372093024 0.843397915625 0.6006468744186048 0.843747915625 0.5894031255813953 0.842702084375 0.5894031255813953 0.85595 0.6030000000000001 0.856995834375 0.6145062488372093 0.8563000000000001 0.6260125000000001 0.853858334375
2 0.623920311627907 0.9323062500000001 0.6231359372093023 0.91905625 0.6134609372093024 0.9211499999999999 0.607707811627907 0.9211499999999999 0.5972484372093023 0.918360415625 0.596725 0.933004165625 0.604570311627907 0.935095834375 0.6129375 0.9343979156250001 0.623920311627907 0.9323062500000001
2 0.6286265627906976 0.9629875 0.6283656255813954 0.9497395843750001 0.6134609372093024 0.952179165625 0.6048312488372093 0.95183125 0.5938484372093024 0.9504354156250001 0.5935875 0.9636854156249999 0.6071843744186047 0.965429165625 0.620520311627907 0.965429165625 0.6286265627906976 0.9629875
0 0.494742188372093 0.860483334375 0.46990156279069767 0.862575 0.46937812558139536 0.8772187499999999 0.47957656279069766 0.877916665625 0.49605 0.8744291656250001 0.494742188372093 0.860483334375
0 0.4984031255813953 0.884191665625 0.484282811627907 0.884889584375 0.4701625 0.884191665625 0.46990156279069767 0.898835415625 0.47879218837209303 0.900927084375 0.4984031255813953 0.8991833343750001 0.4984031255813953 0.884191665625
0 0.5598546883720931 0.9148729156250001 0.5606390627906976 0.8995333343749999 0.5496562488372093 0.903716665625 0.5337046883720931 0.8984875000000001 0.5334437488372092 0.914525 0.5439031255813953 0.914525 0.554625 0.915222915625 0.5598546883720931 0.9148729156250001
0 0.5601156255813954 0.924635415625 0.5501796883720931 0.927077084375 0.5347515627906977 0.92603125 0.5342281255813953 0.940672915625 0.5475640627906977 0.941370834375 0.5603781255813953 0.9410229156250001 0.5601156255813954 0.924635415625
0 0.5959406255813953 0.8705937499999999 0.5959406255813953 0.884191665625 0.621567188372093 0.8834937500000001 0.621567188372093 0.8692 0.5959406255813953 0.8705937499999999
0 0.6228734372093023 0.8918625 0.6111062511627907 0.8946520843749999 0.5964640627906977 0.8939541656250001 0.596725 0.9058083343750001 0.6098 0.9072020843749999 0.6231359372093023 0.9054604156250001 0.6228734372093023 0.8918625