1 0.535154688372093 0.650639584375 0.5182937511627906 0.6539020843750001 0.5008890627906977 0.653177084375 0.501432811627907 0.66296875 0.5182937511627906 0.661879165625 0.535970311627907 0.659704165625 0.535154688372093 0.650639584375
1 0.5795156255813954 0.662510415625 0.5599359372093023 0.666497915625 0.546829688372093 0.663960415625 0.546829688372093 0.672677084375 0.5626546883720931 0.6741125 0.580604688372093 0.6723 0.5795156255813954 0.662510415625
1 0.6345718744186046 0.77659375 0.6348437511627908 0.7657145843750001 0.614175 0.771516665625 0.6005781255813955 0.768979165625 0.60085 0.77913125 0.6147187511627907 0.78021875 0.625325 0.77913125 0.6345718744186046 0.77659375
5 0.6314062488372093 0.734522915625 0.6154140627906977 0.736727084375 0.6044312511627907 0.737425 0.603667188372093 0.749389584375 0.6140015627906976 0.750114584375 0.63195 0.747939584375 0.6314062488372093 0.734522915625
5 0.5778109372093023 0.693666665625 0.5595890627906976 0.693666665625 0.5514312488372093 0.691852084375 0.551975 0.70490625 0.5685640627906977 0.70599375 0.5778109372093023 0.70526875 0.5778109372093023 0.693666665625
5 0.5071140627906977 0.682216665625 0.506842188372093 0.695633334375 0.5329484372093023 0.694908334375 0.5337656255813953 0.683304165625 0.5071140627906977 0.682216665625
0 0.5349921883720931 0.706814584375 0.5259859372093023 0.7070375 0.5083203116279069 0.706466665625 0.5085812511627907 0.7164666656249999 0.5200031255813954 0.7164666656249999 0.5357765627906977 0.715379165625 0.5349921883720931 0.706814584375
0 0.5787718744186047 0.718272915625 0.5638140627906977 0.7189979156249999 0.551032811627907 0.716822915625 0.551304688372093 0.7273375 0.5589187511627907 0.72915 0.5782281255813954 0.72915 0.5787718744186047 0.718272915625
0 0.6280812488372093 0.6890125 0.6155406255813954 0.69198125 0.602517188372093 0.6900999999999999 0.602517188372093 0.700614584375 0.6158437511627907 0.701339584375 0.6280812488372093 0.699527084375 0.6280812488372093 0.6890125
0 0.6295593744186047 0.7227166656249999 0.6290156255813953 0.711475 0.6175937511627907 0.71365 0.6107937511627908 0.7140125 0.6045390627906977 0.712925 0.603995311627907 0.7227166656249999 0.616504688372093 0.724529165625 0.6249359372093023 0.724166665625 0.6295593744186047 0.7227166656249999
0 0.5780062488372093 0.7522562500000001 0.5782781255813954 0.741739584375 0.5674 0.742827084375 0.552170311627907 0.741739584375 0.5516265627906977 0.751166665625 0.561417188372093 0.75261875 0.5698468744186046 0.75261875 0.5780062488372093 0.7522562500000001
0 0.5076484372093023 0.7322145843750001 0.507104688372093 0.741641665625 0.5337562488372093 0.740554165625 0.5340281255813953 0.7322145843750001 0.5076484372093023 0.7322145843750001
2 0.536004688372093 0.77625 0.5387234372093024 0.766460415625 0.5202312488372093 0.767547915625 0.5044578116279069 0.766460415625 0.5047296883720931 0.7733479156249999 0.5069062511627906 0.7780625 0.5283906255813954 0.7780625 0.536004688372093 0.77625
2 0.580317188372093 0.78953125 0.582492188372093 0.786991665625 0.5819484372093023 0.7782895843750001 0.5653593744186046 0.779739584375 0.5474109372093023 0.777564584375 0.547682811627907 0.783729165625 0.5498593744186047 0.79025625 0.5667203116279069 0.78953125 0.580317188372093 0.78953125
2 0.6245843744186047 0.663885415625 0.6332875 0.6620708343749999 0.6319265627906977 0.6522812499999999 0.6150656255813954 0.65409375 0.597932811627907 0.65083125 0.5963015627906977 0.656995834375 0.5965734372093022 0.664972915625 0.6145218744186047 0.665697915625 0.6245843744186047 0.663885415625