0 0.43812812558139536 0.859733334375 0.4379281255813953 0.871458334375 0.46271249999999997 0.871725 0.4621125 0.8615979156250001 0.43812812558139536 0.859733334375
0 0.5124812511627908 0.8994416656249999 0.5000890627906976 0.901839584375 0.4880968744186046 0.897575 0.4874968744186047 0.90796875 0.49829062558139536 0.909835415625 0.5128812511627907 0.90956875 0.5124812511627908 0.8994416656249999
0 0.5680468744186047 0.8722583343749999 0.556654688372093 0.876522915625 0.5424625 0.873591665625 0.5422625 0.88665 0.555254688372093 0.886916665625 0.5674468744186046 0.8834520843749999 0.5680468744186047 0.8722583343749999
6 0.5664484372093023 0.853070834375 0.5542562488372093 0.85546875 0.5414640627906977 0.856535415625 0.5420640627906976 0.8679937499999999 0.555454688372093 0.8650625 0.5668484372093023 0.8634645843750001 0.5664484372093023 0.853070834375
6 0.5690468744186047 0.8293520843750001 0.5528562488372093 0.8320166656250001 0.5372656255813953 0.832816665625 0.5372656255813953 0.84214375 0.549857811627907 0.8413437500000001 0.5686468744186046 0.8381458343749999 0.5690468744186047 0.8293520843750001
6 0.46431093720930233 0.8392125 0.454717188372093 0.8384124999999999 0.43872812558139535 0.837879165625 0.43812812558139536 0.850139584375 0.450520311627907 0.85040625 0.4641125 0.8496062500000001 0.46431093720930233 0.8392125
6 0.46631093720930233 0.822422915625 0.4675093744186047 0.8133625 0.450320311627907 0.8141604156250001 0.435729688372093 0.812029165625 0.434729688372093 0.8226895843750001 0.4461234372093023 0.8274854156250001 0.45971406279069765 0.8253541656250001 0.46631093720930233 0.822422915625
6 0.5120812511627907 0.9196958343749999 0.5002890627906977 0.9228937500000001 0.48769687441860465 0.918095834375 0.48649843720930236 0.929022915625 0.49729062558139536 0.9316875 0.5118828116279069 0.932754165625 0.5120812511627907 0.9196958343749999
6 0.510482811627907 0.9599375 0.5160796883720931 0.9567395843750001 0.515279688372093 0.9471458343749999 0.5032875 0.94874375 0.49409375116279075 0.94874375 0.48410000000000003 0.9415479156250001 0.48310000000000003 0.95034375 0.48689687441860463 0.953541665625 0.496092188372093 0.9599375 0.510482811627907 0.9599375
2 0.4621125 0.8861166656250001 0.45351875116279067 0.8861166656250001 0.43812812558139536 0.885316665625 0.4375281255813953 0.897575 0.44752187441860464 0.899175 0.4619125 0.898108334375 0.4621125 0.8861166656250001
2 0.4649109372093023 0.918895834375 0.4527187488372093 0.9191625 0.43353124883720934 0.914897915625 0.4333312488372093 0.9271583343750001 0.44072656279069766 0.9295562500000001 0.46511093720930236 0.92875625 0.4649109372093023 0.918895834375
2 0.5744437511627908 0.930089584375 0.56365 0.931154165625 0.5558546883720931 0.9324875 0.5430625 0.931420834375 0.5410640627906976 0.944479165625 0.5544562488372093 0.9452791656249999 0.5742437511627907 0.9415479156250001 0.5744437511627908 0.930089584375
2 0.5688468744186046 0.897575 0.556254688372093 0.9034395843749999 0.5432625 0.9002416656250001 0.5432625 0.9143645843750001 0.5578531255813953 0.9141 0.5686468744186046 0.9119666656250001 0.5688468744186046 0.897575
2 0.5138812511627907 0.8703937500000001 0.49988906279069767 0.874389584375 0.48889687441860463 0.8698604156249999 0.4874968744186047 0.883185415625 0.5010890627906976 0.8834520843749999 0.5126812488372093 0.8845166656250001 0.5138812511627907 0.8703937500000001
2 0.5178781255813953 0.841877084375 0.5030875 0.8450749999999999 0.4856984372093023 0.839479165625 0.4860984372093023 0.8514708343749999 0.5004890627906977 0.854402084375 0.5172781255813954 0.8549354156250001 0.5178781255813953 0.841877084375