2 0.428857811627907 0.45087916562499997 0.414204688372093 0.45334375 0.39540312558139534 0.452435415625 0.395592188372093 0.46777499999999994 0.4069437511627907 0.469885415625 0.428857811627907 0.470589584375 0.428857811627907 0.45087916562499997
2 0.4243156255813953 0.5019916656250001 0.4248437488372093 0.487208334375 0.41124687441860464 0.4879125 0.3975609372093023 0.485870834375 0.39765 0.50023125 0.405042188372093 0.5019916656250001 0.4152062511627907 0.50234375 0.4243156255813953 0.5019916656250001
2 0.4691734372093023 0.5156 0.46901875116279074 0.530266665625 0.49634375116279067 0.531322915625 0.4968718744186047 0.51724375 0.4691734372093023 0.5156
2 0.4982 0.564052084375 0.4988593744186047 0.548389584375 0.46478906279069765 0.546654165625 0.46480156279069773 0.562291665625 0.475757811627907 0.56493125 0.4888265627906977 0.5654604156249999 0.4982 0.564052084375
2 0.557157811627907 0.45531458437500005 0.557025 0.44018125 0.5481812511627907 0.44282083437499997 0.5232484372093024 0.44049375 0.5231 0.453204165625 0.5335281255813953 0.456195834375 0.5444843744186046 0.457075 0.557157811627907 0.45531458437500005
2 0.5527843744186046 0.4742125 0.5254765627906977 0.47361250000000005 0.5250640627906976 0.486179165625 0.530475 0.48653124999999997 0.5526531255813953 0.48688333437500003 0.5527843744186046 0.4742125
0 0.5525875 0.50878125 0.5525875 0.49505416562500004 0.5399156255813953 0.4966375 0.5259734372093023 0.494195834375 0.5256593744186047 0.50666875 0.533975 0.509133334375 0.5429515627906977 0.5100125 0.5525875 0.50878125
0 0.49696093720930234 0.495904165625 0.4701625 0.49396874999999996 0.4700312511627907 0.506814584375 0.4809875 0.50751875 0.4965640627906977 0.508047915625 0.49696093720930234 0.495904165625
0 0.4249265627906977 0.506697915625 0.3976015627906977 0.5079312500000001 0.3974687511627907 0.5213041656249999 0.40935 0.5227125 0.42452968837209304 0.522360415625 0.4249265627906977 0.506697915625
5 0.396567188372093 0.5331187500000001 0.39669843720930237 0.544908334375 0.42362812558139534 0.546141665625 0.42362812558139534 0.5341750000000001 0.396567188372093 0.5331187500000001
5 0.469954688372093 0.47147916562500003 0.469742188372093 0.48242083437499994 0.49627499999999997 0.48347708437500003 0.4964062511627907 0.472564584375 0.469954688372093 0.47147916562500003
5 0.5520906255813953 0.52015625 0.5255578116279069 0.520333334375 0.525425 0.530891665625 0.539682811627907 0.532125 0.5515625 0.53335625 0.5520906255813953 0.52015625
1 0.392757811627907 0.5667395843749999 0.3926437511627907 0.578770834375 0.4256453116279069 0.582114584375 0.426832811627907 0.56944375 0.392757811627907 0.5667395843749999
1 0.5025687511627908 0.449360415625 0.5029656255813953 0.43757083437500005 0.4682468744186047 0.435985415625 0.4685109372093023 0.44865625 0.48052343720930235 0.450241665625 0.49636406279069767 0.44953750000000003 0.5025687511627908 0.449360415625
1 0.5496406255813954 0.568147915625 0.554920311627907 0.56726875 0.5547890627906976 0.554772915625 0.5397406255813954 0.555477084375 0.521542188372093 0.55206875 0.5215234372093023 0.563747915625 0.528254688372093 0.5662125 0.5389484372093023 0.567795834375 0.5496406255813954 0.568147915625