2 0.458725 0.525095834375 0.45799218837209305 0.5482 0.49167187441860466 0.546897915625 0.4938687511627907 0.526070834375 0.458725 0.525095834375
2 0.514620311627907 0.5230645843749999 0.5137640627906976 0.5394125 0.5497640627906977 0.541939584375 0.5494 0.527445834375 0.514620311627907 0.5230645843749999
2 0.559567188372093 0.5060541656249999 0.56115 0.5260812500000001 0.5975140627906976 0.520547915625 0.5955625 0.501025 0.559567188372093 0.5060541656249999
2 0.45382812558139535 0.63568125 0.45382812558139535 0.6587854156249999 0.4901937488372093 0.6604125 0.4894609372093023 0.6405624999999999 0.45382812558139535 0.63568125
2 0.5107078116279069 0.620266665625 0.5121984372093024 0.640004165625 0.5455406255813954 0.641204165625 0.5470999999999999 0.624383334375 0.5107078116279069 0.620266665625
2 0.5615031255813954 0.6139 0.5619906255813953 0.6314729156250001 0.5983562488372093 0.630495834375 0.5986 0.6093437500000001 0.5615031255813954 0.6139
7 0.56555 0.582525 0.5660375000000001 0.598470834375 0.594104688372093 0.59651875 0.5938609372093023 0.58155 0.56555 0.582525
7 0.5171203116279071 0.547145834375 0.5163890627906976 0.5624395843750001 0.5449437511627907 0.563741665625 0.5444546883720931 0.54975 0.5171203116279071 0.547145834375
7 0.4614125 0.561097915625 0.4602281255813953 0.579045834375 0.4885359372093023 0.5827979156249999 0.489392188372093 0.5637624999999999 0.4614125 0.561097915625
0 0.461079688372093 0.585577084375 0.46059218837209304 0.605102084375 0.48914687441860466 0.605427084375 0.488657811627907 0.589483334375 0.461079688372093 0.585577084375
0 0.45675312558139536 0.61923125 0.4543125 0.633547915625 0.4889687511627907 0.636152084375 0.4889687511627907 0.622485415625 0.45675312558139536 0.61923125
0 0.5160218744186047 0.5732666656250001 0.5170906255813954 0.585983334375 0.543204688372093 0.5885875 0.543692188372093 0.5749208343750001 0.5160218744186047 0.5732666656250001
0 0.5637234372093024 0.558739584375 0.5642125 0.575010415625 0.5922781255813954 0.573708334375 0.5927671883720931 0.5580875 0.5637234372093024 0.558739584375
0 0.5634437488372093 0.530947915625 0.5634437488372093 0.544614584375 0.5963906255813953 0.539408334375 0.5944390627906977 0.5244395843749999 0.5634437488372093 0.530947915625
0 0.5153718744186047 0.59798125 0.5149906255813953 0.61171875 0.543054688372093 0.612425 0.543054688372093 0.601191665625 0.5153718744186047 0.59798125