2 0.460770311627907 0.588777084375 0.46106718837209304 0.57630625 0.445029688372093 0.57868125 0.4278125 0.5738916656249999 0.42735937441860467 0.586402084375 0.4330015627906977 0.589370834375 0.44770312558139536 0.591352084375 0.460770311627907 0.588777084375
2 0.582745311627907 0.578025 0.5479984372093023 0.576241665625 0.548295311627907 0.587725 0.5665609372093023 0.5897041656249999 0.5828937511627907 0.587922915625 0.582745311627907 0.578025
2 0.5065312488372093 0.695802084375 0.5080171883720931 0.683529165625 0.492870311627907 0.68570625 0.47312187441860465 0.6803625 0.47371562558139535 0.69065625 0.48173437441860467 0.69421875 0.49658281162790696 0.69659375 0.5065312488372093 0.695802084375
7 0.45578906279069764 0.6111125000000001 0.42884687441860464 0.609297915625 0.42891250000000003 0.620020834375 0.44420781162790696 0.622395834375 0.45623437441860465 0.622 0.45578906279069764 0.6111125000000001
7 0.5053140627906977 0.652370834375 0.47886093720930234 0.6485875 0.4784375 0.660883334375 0.49251093720930234 0.6644354156250001 0.5048687488372093 0.663854165625 0.5053140627906977 0.652370834375
7 0.5645062488372092 0.610179165625 0.5512812511627907 0.606283334375 0.5512906255813953 0.62086875 0.5783156255813953 0.622254165625 0.5780187511627908 0.6103770843749999 0.5645062488372092 0.610179165625
0 0.5780031255813953 0.633979165625 0.550382811627907 0.632989584375 0.550829688372093 0.645064584375 0.5635984372093024 0.648629165625 0.5777062511627907 0.646252084375 0.5780031255813953 0.633979165625
0 0.5052625000000001 0.6259875 0.4773468744186046 0.624404165625 0.4776437511627907 0.637072915625 0.48803749999999996 0.6380625 0.5054109372093023 0.638260415625 0.5052625000000001 0.6259875
0 0.45563750000000003 0.633720834375 0.4282015627906977 0.63129375 0.4283156255813953 0.644608334375 0.43588906279069767 0.647183334375 0.4554890627906977 0.6467854156249999 0.45563750000000003 0.633720834375
0 0.4540515627906977 0.659504165625 0.42859687441860467 0.657952084375 0.4282140627906977 0.6709854156249999 0.43608437441860465 0.6715791656250001 0.45420000000000005 0.67138125 0.4540515627906977 0.659504165625
8 0.505082811627907 0.6027 0.4788015627906977 0.6015125 0.4779093744186047 0.613785415625 0.4874125 0.615172915625 0.5049343744186047 0.614579165625 0.505082811627907 0.6027
8 0.5773890627906977 0.659327084375 0.5497703116279069 0.6583375 0.550067188372093 0.6704125000000001 0.56165 0.671997915625 0.5775375 0.670214584375 0.5773890627906977 0.659327084375
9 0.5096062511627907 0.5744041656250001 0.4917875 0.5748 0.4742656255813954 0.57064375 0.4747109372093023 0.583510415625 0.48926250000000004 0.584697915625 0.5094578116279069 0.5862812500000001 0.5096062511627907 0.5744041656250001
9 0.45758750000000004 0.697825 0.45758750000000004 0.688516665625 0.4442609372093024 0.689702084375 0.42297812558139536 0.685666665625 0.42280937441860467 0.697654165625 0.430170311627907 0.698670834375 0.4442609372093024 0.701377084375 0.45758750000000004 0.697825
9 0.5803109372093024 0.69785625 0.5801625 0.688947915625 0.5648687511627907 0.68954375 0.5454390627906976 0.685075 0.5458625 0.698054165625 0.5581859372093023 0.701025 0.5722937488372093 0.701420834375 0.5803109372093024 0.69785625