7 0.3891765627906977 0.920216665625 0.3894609372093023 0.910354165625 0.37096874883720926 0.9133895843750001 0.35646093720930233 0.90731875 0.356745311627907 0.9213541656249999 0.3698312511627907 0.924010415625 0.38177968837209303 0.924010415625 0.3891765627906977 0.920216665625
7 0.4790734372093023 0.8049041656249999 0.46428124883720934 0.80945625 0.4469265627906977 0.80718125 0.4469265627906977 0.8170437500000001 0.45489218837209305 0.820077084375 0.4799281255813953 0.81818125 0.4790734372093023 0.8049041656249999
7 0.568117188372093 0.8932854156250001 0.5496265627906977 0.897458334375 0.5345484372093023 0.8906291656249999 0.5331265627906976 0.9050437499999999 0.5447906255813953 0.9084583343749999 0.566979688372093 0.9084583343749999 0.568117188372093 0.8932854156250001
0 0.566695311627907 0.843975 0.5556 0.843975 0.5382468744186046 0.840560415625 0.5388156255813954 0.85231875 0.549057811627907 0.859527084375 0.5652734372093023 0.8580083343749999 0.566695311627907 0.843975
0 0.5672640627906977 0.815904165625 0.5556 0.819697915625 0.5405234372093024 0.815525 0.5396687488372093 0.834491665625 0.556454688372093 0.836008334375 0.5675484372093024 0.8325958343750001 0.5672640627906977 0.815904165625
0 0.477367188372093 0.854595834375 0.46456562558139536 0.8625604156250001 0.44977187441860467 0.856870834375 0.45005625116279074 0.8693875 0.462857811627907 0.87090625 0.477367188372093 0.86825 0.477367188372093 0.854595834375
0 0.477367188372093 0.877354165625 0.46456562558139536 0.8811479156249999 0.4520484372093023 0.876595834375 0.45147812558139533 0.8925270843750001 0.4622890627906977 0.8906291656249999 0.477367188372093 0.895939584375 0.477367188372093 0.877354165625
0 0.38689999999999997 0.8379041656249999 0.3758062511627907 0.8386645843749999 0.3615812511627907 0.8341125 0.3595906255813953 0.8451124999999999 0.3692625 0.850422915625 0.38689999999999997 0.85118125 0.38689999999999997 0.8379041656249999
0 0.373529688372093 0.8720437499999999 0.38689999999999997 0.8720437499999999 0.38633125116279066 0.860285415625 0.374382811627907 0.86104375 0.359875 0.8576291656249999 0.359875 0.868629165625 0.36670156279069765 0.866354165625 0.3740984372093023 0.869008334375 0.373529688372093 0.8720437499999999
8 0.38633125116279066 0.8811479156249999 0.373245311627907 0.880766665625 0.3595906255813953 0.8762166656250001 0.359304688372093 0.8932854156250001 0.373529688372093 0.894802084375 0.38661562558139534 0.89404375 0.38633125116279066 0.8811479156249999
8 0.565842188372093 0.86331875 0.5527562511627907 0.8655958343749999 0.5382468744186046 0.86104375 0.5379625 0.8781125 0.549057811627907 0.878870834375 0.565557811627907 0.878870834375 0.565842188372093 0.86331875
8 0.476229688372093 0.8352499999999999 0.4676937511627907 0.836008334375 0.4503406255813953 0.8333541656250001 0.45062500000000005 0.8473875 0.4659875 0.8485250000000001 0.4776515627906977 0.846629165625 0.476229688372093 0.8352499999999999
2 0.3903140627906977 0.8011125 0.3749515627906977 0.8045249999999999 0.359020311627907 0.79959375 0.356745311627907 0.8124916656250001 0.36698593720930234 0.8151458343750001 0.390029688372093 0.8151458343750001 0.3903140627906977 0.8011125
2 0.48277187441860464 0.92363125 0.48277187441860464 0.91376875 0.4662718744186046 0.9187 0.4477812488372093 0.9111125 0.44806562558139534 0.927422915625 0.4634265627906977 0.928939584375 0.479642188372093 0.9270437499999999 0.48277187441860464 0.92363125
2 0.5718156255813953 0.78518125 0.5533250000000001 0.788214584375 0.5371093744186046 0.783283334375 0.5379625 0.799972915625 0.5544625000000001 0.801491665625 0.5709625 0.799972915625 0.5718156255813953 0.78518125