0 0.46411562558139535 0.431504165625 0.46342968837209303 0.41850833437499996 0.43646250000000003 0.42090625 0.43720781162790695 0.435164584375 0.44475937441860464 0.435164584375 0.45999687441860465 0.43260208437500003 0.46411562558139535 0.431504165625
0 0.4640625 0.43892291562499997 0.43715468837209304 0.440754165625 0.437017188372093 0.454664584375 0.4481375 0.453747915625 0.46392500000000003 0.4506375 0.4640625 0.43892291562499997
0 0.5211515627906976 0.45529374999999994 0.5211515627906976 0.44211458437499995 0.5072859372093023 0.445227084375 0.49343906279069766 0.442139584375 0.493695311627907 0.455658334375 0.5006968744186047 0.45730624999999997 0.51415 0.457122915625 0.5211515627906976 0.45529374999999994
0 0.520545311627907 0.46532083437500005 0.4939109372093023 0.46495625 0.4939109372093023 0.47538749999999996 0.5024234372093024 0.4774 0.520682811627907 0.476485415625 0.520545311627907 0.46532083437500005
0 0.5709218744186046 0.41223958437499997 0.5573312511627907 0.41516875000000003 0.5437390627906976 0.415352084375 0.5441515627906977 0.428529165625 0.5534859372093023 0.42871249999999994 0.571470311627907 0.426516665625 0.5709218744186046 0.41223958437499997
0 0.571745311627907 0.44587083437499997 0.5711968744186047 0.431045834375 0.5570562511627907 0.43525625 0.5448656255813953 0.435460415625 0.54525 0.44825 0.5547218744186047 0.448066665625 0.565979688372093 0.44751874999999997 0.571745311627907 0.44587083437499997
2 0.43846406279069766 0.46440625 0.43873906279069763 0.47666875 0.46523593720930234 0.474472915625 0.4644125 0.46385624999999997 0.43846406279069766 0.46440625
2 0.43159375116279075 0.388108334375 0.43185937441860467 0.40278749999999997 0.465220311627907 0.397845834375 0.465220311627907 0.38485208437499996 0.43159375116279075 0.388108334375
2 0.5255593744186047 0.49545000000000006 0.5089468744186046 0.49837708437500006 0.490204688372093 0.495810415625 0.4906875 0.511372915625 0.507275 0.51179375 0.5253625000000001 0.5112520843749999 0.5255593744186047 0.49545000000000006
2 0.5714671883720931 0.453579165625 0.559717188372093 0.456810415625 0.5448906255813953 0.45845833437500005 0.5455765627906977 0.472916665625 0.5572468744186047 0.472002084375 0.5726218744186047 0.469622915625 0.5714671883720931 0.453579165625
2 0.5744359372093023 0.3788625 0.5627484372093023 0.37971875 0.5398218744186046 0.381 0.5403718744186047 0.395275 0.5542375 0.395275 0.5737312488372094 0.39198125 0.5744359372093023 0.3788625
4 0.5089781255813953 0.392014584375 0.4890859372093023 0.387722915625 0.489895311627907 0.40391041562499996 0.523529688372093 0.403727084375 0.5232562511627907 0.39183124999999996 0.5089781255813953 0.392014584375
4 0.47084062558139533 0.505064584375 0.47084062558139533 0.49316875 0.43587343720930233 0.4947125 0.43555781162790697 0.5092749999999999 0.4479140627906977 0.5101895843750001 0.4631531255813954 0.5078104156250001 0.47084062558139533 0.505064584375
2 0.5208515627906977 0.4197875 0.49307031162790693 0.42108749999999995 0.493670311627907 0.434795834375 0.5039656255813953 0.434795834375 0.5209890627906977 0.4340625 0.5208515627906977 0.4197875
4 0.5716734372093023 0.50108125 0.5774390627906977 0.496870834375 0.5771640627906977 0.485889584375 0.5553359372093023 0.488635415625 0.5421812488372093 0.48821041562499995 0.5425687511627907 0.504558334375 0.5530234372093024 0.5042875 0.5621687511627907 0.503475 0.5716734372093023 0.50108125