7 0.3894843744186047 0.897652084375 0.3897687488372093 0.887789584375 0.37127656279069765 0.8908250000000001 0.3567687488372093 0.884754165625 0.3570531255813954 0.898789584375 0.3701390627906977 0.901445834375 0.3820875 0.901445834375 0.3894843744186047 0.897652084375
7 0.4790734372093023 0.781929165625 0.46428124883720934 0.78648125 0.4469265627906977 0.78420625 0.4469265627906977 0.79406875 0.45489218837209305 0.797102084375 0.4799281255813953 0.79520625 0.4790734372093023 0.781929165625
7 0.5690406255813953 0.870720834375 0.55055 0.87489375 0.5354718744186047 0.868064584375 0.53405 0.882479165625 0.5457140627906977 0.8858937499999999 0.5679031255813953 0.8858937499999999 0.5690406255813953 0.870720834375
0 0.5679265627906978 0.8210000000000001 0.5568312511627906 0.8210000000000001 0.5394781255813953 0.8175854156250001 0.5400468744186047 0.8293437499999999 0.5502890627906977 0.836552084375 0.566504688372093 0.835033334375 0.5679265627906978 0.8210000000000001
0 0.5675718744186047 0.7921083343750001 0.5559078116279069 0.795902084375 0.5408312488372092 0.791729165625 0.5399765627906976 0.8106958343749999 0.5567624999999999 0.8122125 0.5678562511627907 0.8088 0.5675718744186047 0.7921083343750001
0 0.4785984372093023 0.831620834375 0.4657968744186046 0.839585415625 0.4510031255813953 0.833895834375 0.4512875 0.8464124999999999 0.46408906279069767 0.84793125 0.4785984372093023 0.845275 0.4785984372093023 0.831620834375
0 0.477982811627907 0.854789584375 0.4651812511627907 0.858583334375 0.45266406279069765 0.85403125 0.4520937488372093 0.8699625 0.46290468837209303 0.868064584375 0.477982811627907 0.873375 0.477982811627907 0.854789584375
0 0.38751562558139535 0.8145187500000001 0.37642187441860464 0.815279165625 0.36219687441860465 0.810727084375 0.3602062511627907 0.8217270843750001 0.3698781255813954 0.8270375 0.38751562558139535 0.827795834375 0.38751562558139535 0.8145187500000001
0 0.3738375 0.8498895843750001 0.38720781162790696 0.8498895843750001 0.38663906279069765 0.83813125 0.3746906255813954 0.8388895843749999 0.360182811627907 0.835475 0.360182811627907 0.8464750000000001 0.36700937441860465 0.8442000000000001 0.3744062488372093 0.846854165625 0.3738375 0.8498895843750001
8 0.38694687441860465 0.8581729156250001 0.3738609372093023 0.857791665625 0.3602062511627907 0.8532416656249999 0.359920311627907 0.8703104156249999 0.374145311627907 0.871827084375 0.3872312488372093 0.8710687500000001 0.38694687441860465 0.8581729156250001
8 0.5673812511627907 0.839522915625 0.5542953116279069 0.8417999999999999 0.5397859372093023 0.837247915625 0.5395015627906976 0.854316665625 0.5505968744186046 0.855075 0.5670968744186047 0.855075 0.5673812511627907 0.839522915625
8 0.4765375 0.812275 0.46800156279069766 0.8130333343749999 0.4506484372093023 0.8103791656249999 0.45093281162790694 0.8244125 0.46629531162790694 0.82555 0.47795937441860464 0.8236541656249999 0.4765375 0.812275
2 0.3906218744186047 0.7781374999999999 0.3752593744186047 0.78155 0.3593281255813954 0.77661875 0.3570531255813954 0.789516665625 0.3672937511627907 0.792170834375 0.3903375 0.792170834375 0.3906218744186047 0.7781374999999999
2 0.48369531162790697 0.9002458343749999 0.48369531162790697 0.890383334375 0.46719531162790695 0.8953145843750001 0.44870468837209304 0.887727084375 0.44898906279069767 0.9040374999999999 0.46435 0.905554165625 0.4805656255813953 0.903658334375 0.48369531162790697 0.9002458343749999
2 0.5724312488372093 0.7613854156250001 0.5539406255813953 0.76441875 0.537725 0.7594875 0.5385781255813954 0.776177084375 0.5550781255813954 0.777695834375 0.5715781255813953 0.776177084375 0.5724312488372093 0.7613854156250001