2 0.41972187441860465 0.7126875 0.405070311627907 0.7151500000000001 0.3862687488372093 0.71424375 0.3864562488372093 0.7295812500000001 0.39780937441860464 0.73169375 0.41972187441860465 0.732397915625 0.41972187441860465 0.7126875
2 0.4149609372093023 0.7636708343749999 0.4154890627906977 0.7488875 0.401892188372093 0.749591665625 0.3882062488372093 0.74755 0.388295311627907 0.761910415625 0.39568749999999997 0.7636708343749999 0.40585312558139536 0.764022915625 0.4149609372093023 0.7636708343749999
2 0.48658437441860464 0.779260415625 0.45888437441860463 0.777616665625 0.45872968837209305 0.792283334375 0.47521718837209304 0.791172915625 0.4860562511627907 0.793339584375 0.48658437441860464 0.779260415625
2 0.48929062558139536 0.811685415625 0.45522031162790694 0.8099500000000001 0.455232811627907 0.8255895843750001 0.4675140627906977 0.825427084375 0.48863124883720926 0.827347915625 0.48929062558139536 0.811685415625
2 0.5471234372093023 0.71880625 0.546992188372093 0.703672915625 0.5381468744186046 0.7063125 0.5132140627906977 0.7039854156249999 0.5130656255813953 0.7166958343750001 0.5234937511627907 0.7196875 0.5344515627906977 0.720566665625 0.5471234372093023 0.71880625
2 0.5437 0.73755625 0.516392188372093 0.736954165625 0.515979688372093 0.749522915625 0.5213906255813954 0.7498750000000001 0.5435687511627907 0.750227084375 0.5437 0.73755625
0 0.5430625 0.77124375 0.5430625 0.7575166656250001 0.5303906255813954 0.7591 0.5164468744186047 0.756658334375 0.5161328116279069 0.76913125 0.52445 0.771595834375 0.5334265627906977 0.772475 0.5430625 0.77124375
0 0.487020311627907 0.7574708343750001 0.4602234372093023 0.755535415625 0.46009218837209304 0.76838125 0.47104843720930234 0.769085415625 0.48662500000000003 0.769614584375 0.487020311627907 0.7574708343750001
0 0.41481093720930234 0.76895625 0.38748593720930236 0.7701875 0.38735312558139534 0.7835625 0.39923437441860465 0.7849708343749999 0.4144140627906977 0.78461875 0.41481093720930234 0.76895625
5 0.3868546883720931 0.795885415625 0.38698750000000004 0.807677084375 0.4139156255813954 0.808908334375 0.4139156255813954 0.796941665625 0.3868546883720931 0.795885415625
5 0.5426437488372093 0.7845187499999999 0.5161109372093023 0.784695834375 0.5159781255813953 0.7952541656250001 0.5302343744186047 0.7964854156250001 0.5421156255813954 0.79771875 0.5426437488372093 0.7845187499999999
1 0.3822609372093024 0.828641665625 0.382145311627907 0.8406708343749999 0.41514687441860465 0.8440145843750001 0.4163359372093023 0.8313437499999999 0.3822609372093024 0.828641665625
1 0.4921609372093023 0.711641665625 0.4925562488372093 0.69985 0.4578390627906977 0.6982666656250001 0.4581031255813953 0.7109375 0.47011562558139536 0.712520834375 0.4859562488372093 0.7118187500000001 0.4921609372093023 0.711641665625
1 0.5397656255813954 0.831425 0.5450453116279069 0.8305458343750001 0.5449140627906977 0.81805 0.5298656255813954 0.8187541656249999 0.511667188372093 0.815345834375 0.5116484372093023 0.8270250000000001 0.5183812511627908 0.829489584375 0.5290734372093023 0.831072915625 0.5397656255813954 0.831425
5 0.460942188372093 0.733602084375 0.460729688372093 0.744541665625 0.4872625 0.745597915625 0.4873937511627907 0.7346874999999999 0.460942188372093 0.733602084375