2 0.4279593744186046 0.720966665625 0.4128265627906977 0.7224083343750001 0.396395311627907 0.7186604156249999 0.39617968837209305 0.7296145843749999 0.40785312558139536 0.730479165625 0.42860781162790695 0.729902084375 0.4279593744186046 0.720966665625
2 0.5645312488372093 0.741795834375 0.5636656255813953 0.7291125 0.548317188372093 0.734302084375 0.531670311627907 0.733725 0.5318875 0.744679165625 0.5468031255813954 0.7441020843749999 0.5576125 0.7441020843749999 0.5645312488372093 0.741795834375
2 0.494717188372093 0.816741665625 0.4804484372093023 0.815010415625 0.48131406279069766 0.826829165625 0.5070406255813953 0.82279375 0.5050937511627908 0.81328125 0.494717188372093 0.816741665625
2 0.5093468744186047 0.844335415625 0.49594218837209303 0.8498125 0.479079688372093 0.8506770843749999 0.47929687441860463 0.863072915625 0.498104688372093 0.8610541656249999 0.509129688372093 0.856154165625 0.5093468744186047 0.844335415625
2 0.561879688372093 0.763202084375 0.5502062488372093 0.768391665625 0.5365859372093024 0.7672375 0.5365859372093024 0.778191665625 0.547179688372093 0.7779041656250001 0.5610140627906977 0.775020834375 0.561879688372093 0.763202084375
0 0.4101312488372093 0.75684375 0.4006187511627907 0.7545375 0.4004031255813953 0.764627084375 0.4241843744186047 0.76606875 0.4250484372093023 0.7542500000000001 0.4101312488372093 0.75684375
0 0.42477343720930233 0.778752084375 0.4131 0.778752084375 0.40056093720930236 0.7778875000000001 0.4001281255813953 0.7873979156249999 0.41547812558139535 0.7876875 0.42498906279069765 0.7856687499999999 0.42477343720930233 0.778752084375
0 0.425595311627907 0.8036937500000001 0.41175937441860466 0.802539584375 0.408732811627907 0.802829165625 0.4078687511627907 0.79879375 0.40116562558139535 0.7970625 0.40008593720930236 0.8117645843749999 0.408732811627907 0.8123416656250001 0.42581093720930235 0.8091708343749999 0.425595311627907 0.8036937500000001
0 0.5014046883720931 0.7627625 0.489082811627907 0.7682395843750001 0.47740781162790696 0.767375 0.47740781162790696 0.778039584375 0.4875687488372093 0.778327084375 0.5031343744186046 0.773427084375 0.5014046883720931 0.7627625
0 0.503695311627907 0.785804165625 0.48748125116279073 0.7909937499999999 0.47969843720930233 0.789839584375 0.480779688372093 0.8007937500000001 0.4969937511627907 0.7993520843749999 0.504992188372093 0.797335415625 0.503695311627907 0.785804165625
0 0.5623687488372092 0.787916665625 0.551992188372093 0.7916624999999999 0.5379406255813953 0.789933334375 0.5383718744186047 0.802329165625 0.5556671883720931 0.8014645843749999 0.565179688372093 0.797427084375 0.5623687488372092 0.787916665625
0 0.54875 0.817029165625 0.539670311627907 0.816164584375 0.5394531255813954 0.8253875 0.5653953116279069 0.8233708343749999 0.5649640627906977 0.81328125 0.54875 0.817029165625
7 0.42817500000000003 0.8310000000000001 0.3966125 0.829270834375 0.396395311627907 0.8413770843749999 0.41131249999999997 0.8425312500000001 0.42817500000000003 0.8410895843749999 0.42817500000000003 0.8310000000000001
7 0.5692875 0.838283334375 0.556532811627907 0.844625 0.54875 0.845489584375 0.5431281255813953 0.841741665625 0.537075 0.8403 0.537507811627907 0.85211875 0.552207811627907 0.852983334375 0.5701515627906977 0.8486604156249999 0.5692875 0.838283334375
7 0.5053109372093023 0.735014584375 0.4949343744186046 0.739914584375 0.485204688372093 0.744527084375 0.47309843720930234 0.74395 0.4735312488372093 0.75173125 0.48628593720930235 0.750579165625 0.5048781255813953 0.745102084375 0.5053109372093023 0.735014584375