6 0.489575 0.542177084375 0.4558515627906977 0.541814584375 0.456125 0.55233125 0.4710812511627907 0.55305625 0.4893031255813953 0.55341875 0.489575 0.542177084375
6 0.460479688372093 0.5700729156250001 0.460207811627907 0.5831270843749999 0.4871312511627907 0.5831270843749999 0.487675 0.570435415625 0.460479688372093 0.5700729156250001
6 0.5446312511627908 0.6167125 0.5310343744186047 0.6174375000000001 0.5174359372093024 0.613447915625 0.5174359372093024 0.627952084375 0.5332093744186047 0.6297666656249999 0.5440875000000001 0.629402084375 0.5446312511627908 0.6167125
6 0.5464171883720931 0.659645834375 0.5466890627906977 0.646954165625 0.5306437511627907 0.64876875 0.5135109372093024 0.643691665625 0.5129671883720931 0.657470834375 0.5230296883720931 0.6607333343749999 0.5325468744186047 0.6607333343749999 0.5464171883720931 0.659645834375
6 0.6050390627906976 0.587116665625 0.5933453116279069 0.588929165625 0.5781156255813954 0.586539584375 0.5783875 0.599445834375 0.5892656255813954 0.6019833343750001 0.6044953116279069 0.601620834375 0.6050390627906976 0.587116665625
6 0.6069843744186046 0.5562104156250001 0.588492188372093 0.559472915625 0.5743156255813954 0.558066665625 0.5746234372093023 0.5710770843749999 0.5939312488372093 0.571802084375 0.6067125 0.569989584375 0.6069843744186046 0.5562104156250001
0 0.6058296883720931 0.6144125 0.5949515627906977 0.616225 0.5789062511627907 0.6136874999999999 0.5789062511627907 0.628554165625 0.5881531255813953 0.628916665625 0.6058296883720931 0.627104165625 0.6058296883720931 0.6144125
0 0.6041031255813953 0.6356625 0.5936312488372093 0.63835625 0.5785656255813953 0.637866665625 0.5781984372093023 0.650114584375 0.5921609372093023 0.650604165625 0.6048375 0.649379165625 0.6041031255813953 0.6356625
0 0.5448000000000001 0.6033375000000001 0.545167188372093 0.591579165625 0.5339609372093024 0.5925583343749999 0.5185281255813954 0.587414584375 0.5185281255813954 0.600152084375 0.5256937511627907 0.602845834375 0.5367156255813954 0.6043166656250001 0.5448000000000001 0.6033375000000001
0 0.544829688372093 0.56586875 0.5319687488372093 0.568072915625 0.5183734372093023 0.56464375 0.5178218744186047 0.576645834375 0.529029688372093 0.579095834375 0.5444609372093023 0.579095834375 0.544829688372093 0.56586875
0 0.4876109372093024 0.61860625 0.4756687511627907 0.619341665625 0.46097031162790697 0.619341665625 0.46005156279069764 0.631833334375 0.47144218837209306 0.633304165625 0.4881609372093023 0.6328145843749999 0.4876109372093024 0.61860625
0 0.48647031162790694 0.597697915625 0.4699359372093023 0.597208334375 0.4598312488372093 0.5969625 0.45964687441860463 0.608477084375 0.47140468837209304 0.610435415625 0.4859187511627907 0.6106812500000001 0.48647031162790694 0.597697915625
2 0.4894562511627907 0.66330625 0.49000781162790696 0.6515479156249999 0.474207811627907 0.6520374999999999 0.4563859372093023 0.6515479156249999 0.45657031162790696 0.6581625 0.4563859372093023 0.66698125 0.48817031162790697 0.667470834375 0.4894562511627907 0.66330625
2 0.549332811627907 0.549635415625 0.5491484372093023 0.5361625 0.5423515627906977 0.5398375 0.5327984372093023 0.54008125 0.5258156255813954 0.5359166656250001 0.5168140627906977 0.5312625 0.5158953116279069 0.5444916656250001 0.5232437488372093 0.549635415625 0.5339 0.550370834375 0.549332811627907 0.549635415625
2 0.6069343744186046 0.683060415625 0.6085875000000001 0.678652084375 0.609875 0.66811875 0.5983 0.670077084375 0.5913187511627908 0.670077084375 0.5755187488372093 0.668608334375 0.5753343744186046 0.67595625 0.576804688372093 0.682814584375 0.5970140627906977 0.683060415625 0.6069343744186046 0.683060415625