4 0.48472343720930233 0.457872915625 0.47123437441860466 0.459072915625 0.4532468744186046 0.457572915625 0.4532468744186046 0.46536666562500006 0.4705593744186046 0.46626666562499997 0.48472343720930233 0.465666665625 0.48472343720930233 0.457872915625
4 0.6137703116279071 0.45935416562500003 0.5820687488372093 0.45935416562500003 0.5818437511627907 0.466847915625 0.5998312488372093 0.46624999999999994 0.6155687511627908 0.46535000000000004 0.6137703116279071 0.45935416562500003
4 0.532629688372093 0.578960415625 0.5132937488372092 0.5759624999999999 0.5130687488372093 0.58465625 0.5438718744186046 0.58525625 0.5438718744186046 0.5774625 0.532629688372093 0.578960415625
0 0.45732968837209304 0.512441665625 0.455754688372093 0.5244333343750001 0.4811609372093023 0.523833334375 0.4813859372093023 0.514539584375 0.45732968837209304 0.512441665625
0 0.5406687511627907 0.52028125 0.5278531255813953 0.52028125 0.5159375 0.51848125 0.5157125 0.529572915625 0.5276281255813954 0.531072915625 0.5402187488372093 0.527475 0.5406687511627907 0.52028125
0 0.5882265627906976 0.514920834375 0.5877765627906977 0.525414584375 0.6138562511627907 0.523314584375 0.6140812488372093 0.5146229156250001 0.5882265627906976 0.514920834375
7 0.6144437511627906 0.536279165625 0.6036515627906978 0.5377770843749999 0.594657811627907 0.5395770843750001 0.5885875 0.534479165625 0.5881390627906977 0.54826875 0.6014031255813953 0.54826875 0.613320311627907 0.545570834375 0.6144437511627906 0.536279165625
7 0.5316093744186047 0.49710625 0.5158718744186046 0.49680625 0.5149718744186046 0.5061 0.5408281255813954 0.507597915625 0.5410531255813953 0.49800625 0.5316093744186047 0.49710625
7 0.4808031255813953 0.54704375 0.48102812558139535 0.535352084375 0.45562187441860463 0.5341541656250001 0.45562187441860463 0.5461437499999999 0.461242188372093 0.5461437499999999 0.4652890627906977 0.54674375 0.4808031255813953 0.54704375
2 0.46933437441860465 0.489497915625 0.45562031162790695 0.487397915625 0.455395311627907 0.497591665625 0.48057656279069766 0.497591665625 0.4803515627906977 0.48979791562499997 0.46933437441860465 0.489497915625
2 0.4684890627906977 0.5769333343749999 0.45297656279069765 0.572735415625 0.4516265627906977 0.583827084375 0.4837781255813954 0.585327084375 0.4842281255813954 0.573635415625 0.4684890627906977 0.5769333343749999
2 0.5444375 0.457116665625 0.5313968744186046 0.45801666562500004 0.5111625 0.45951458437500003 0.5107125 0.46760833437500005 0.5278 0.470008334375 0.5444375 0.468208334375 0.5444375 0.457116665625
2 0.6032218744186046 0.576545834375 0.5865843744186047 0.576545834375 0.5863593744186046 0.5870375 0.6173875 0.584339584375 0.6173875 0.575345834375 0.6032218744186046 0.576545834375
2 0.541970311627907 0.54263125 0.5300531255813954 0.546229165625 0.5154390627906977 0.54383125 0.5158890627906977 0.555220834375 0.527804688372093 0.554022915625 0.541070311627907 0.555820834375 0.541970311627907 0.54263125
2 0.6013875000000001 0.4916875 0.5867734372093023 0.4907875 0.5867734372093023 0.5009812499999999 0.6126296883720931 0.49828333437500005 0.611954688372093 0.49048749999999997 0.6013875000000001 0.4916875