3 0.4735125 0.78626875 0.46137187441860467 0.787954165625 0.4487265627906977 0.78593125 0.44822187441860467 0.795710415625 0.4588437511627907 0.8004312499999999 0.47325937441860466 0.7970604156250001 0.4735125 0.78626875
3 0.5204125000000001 0.79841875 0.5194000000000001 0.7903249999999999 0.5072609372093023 0.792347915625 0.4943625 0.7876270843750001 0.49385624883720924 0.801452084375 0.5059968744186046 0.8021270843750001 0.5123187511627907 0.8041499999999999 0.5204125000000001 0.79841875
3 0.5708937511627906 0.745779165625 0.5701343744186047 0.739035415625 0.5615359372093023 0.738022915625 0.5466140627906977 0.7400458343749999 0.5461093744186046 0.7505 0.5600187488372094 0.7505 0.5681109372093023 0.749152084375 0.5708937511627906 0.745779165625
0 0.47469062558139535 0.736614584375 0.46330937441860465 0.7393125 0.44889374883720934 0.736614584375 0.44813593720930234 0.749764584375 0.45875781162790696 0.749764584375 0.4744375 0.749764584375 0.47469062558139535 0.736614584375
0 0.4742437511627907 0.763052084375 0.46615 0.7637270843749999 0.4492062511627907 0.761366665625 0.44844687441860465 0.7728312500000001 0.45932187441860467 0.774516665625 0.47475 0.77249375 0.4742437511627907 0.763052084375
0 0.5189781255813953 0.7660916656250001 0.5040562511627907 0.767439584375 0.49394062558139534 0.764741665625 0.49343437441860466 0.7778937499999999 0.5043093744186046 0.77688125 0.5184718744186047 0.7778937499999999 0.5189781255813953 0.7660916656250001
0 0.5194906255813954 0.7405999999999999 0.5053281255813953 0.744645834375 0.49394687441860463 0.741275 0.493442188372093 0.7554375 0.5103859372093024 0.756447915625 0.5189859372093023 0.752064584375 0.5194906255813954 0.7405999999999999
0 0.571742188372093 0.7637645843749999 0.5616265627906977 0.7634270843750001 0.546704688372093 0.762077084375 0.5461984372093024 0.77185625 0.5570734372093022 0.774554165625 0.5714890627906977 0.774554165625 0.571742188372093 0.7637645843749999
0 0.5720343744186047 0.7836125 0.557870311627907 0.79069375 0.5459843744186046 0.7842875 0.5464906255813954 0.7964249999999999 0.5611593744186046 0.797775 0.5722859372093023 0.7964249999999999 0.5720343744186047 0.7836125
2 0.575595311627907 0.817475 0.5558687488372093 0.8235458343750001 0.5432234372093023 0.8171375 0.5439812511627907 0.8313 0.557892188372093 0.8339979156249999 0.575595311627907 0.8299520843750001 0.575595311627907 0.817475
2 0.5237281255813954 0.8211625 0.5070375 0.823860415625 0.49160937441860464 0.8215 0.49160937441860464 0.8356625 0.5065312488372093 0.8373479156249999 0.5214531255813953 0.833639584375 0.5237281255813954 0.8211625
2 0.574845311627907 0.705775 0.5594187511627907 0.7077979156249999 0.5417156255813953 0.70645 0.5409562488372093 0.718252084375 0.5556249999999999 0.7192624999999999 0.574845311627907 0.716566665625 0.574845311627907 0.705775
2 0.5224218744186047 0.7093208343749999 0.5064890627906977 0.714379165625 0.48853281162790696 0.709658334375 0.48929062558139536 0.724158334375 0.5118 0.72516875 0.5216625 0.720110415625 0.5224218744186047 0.7093208343749999
2 0.47792343720930236 0.7060562499999999 0.4647734372093023 0.706729165625 0.4455515627906977 0.70470625 0.4455515627906977 0.718533334375 0.4576906255813954 0.71988125 0.478429688372093 0.718533334375 0.47792343720930236 0.7060562499999999
2 0.477067188372093 0.81778125 0.463157811627907 0.820141665625 0.44368437441860464 0.81744375 0.444695311627907 0.828570834375 0.45632968837209303 0.83295625 0.47555000000000003 0.8316062499999999 0.477067188372093 0.81778125