2 0.42996562558139534 0.804127084375 0.396282811627907 0.8003562499999999 0.39604062558139536 0.812222915625 0.40805312558139534 0.816095834375 0.429570311627907 0.8175020843749999 0.42996562558139534 0.804127084375
2 0.489704688372093 0.932479165625 0.472279688372093 0.9338875 0.45569531162790694 0.9297437499999999 0.4564390627906977 0.9460312500000001 0.4672640627906977 0.9472625000000001 0.48957343720930235 0.946733334375 0.489704688372093 0.932479165625
2 0.5640656255813953 0.81746875 0.5484890627906978 0.820108334375 0.5299625 0.815539584375 0.530404688372093 0.83330625 0.5432093744186046 0.8338354156250001 0.5643296883720931 0.8334833343750001 0.5640656255813953 0.81746875
6 0.42482031162790695 0.837004165625 0.3977687488372093 0.8340229156250001 0.3972312511627907 0.8463312500000001 0.405679688372093 0.849145834375 0.4245562511627907 0.850027084375 0.42482031162790695 0.837004165625
6 0.4863359372093023 0.898772915625 0.45982187441860467 0.897395834375 0.4599343744186047 0.910739584375 0.4697031255813953 0.9126770843750001 0.4863359372093023 0.9114437499999999 0.4863359372093023 0.898772915625
6 0.5330968744186046 0.852858334375 0.5331484372093023 0.8665687500000001 0.5602093744186046 0.866391665625 0.5606062511627907 0.8519625 0.5330968744186046 0.852858334375
0 0.5608687511627907 0.8758958343750001 0.5330968744186046 0.8764916656249999 0.5331484372093023 0.887158334375 0.546217188372093 0.88680625 0.5610015627906977 0.8869833343750001 0.5608687511627907 0.8758958343750001
0 0.46048125116279065 0.875170834375 0.4604125 0.88891875 0.48694531162790694 0.8878625 0.4874734372093023 0.8758958343750001 0.46048125116279065 0.875170834375
0 0.4236265627906977 0.8592645843750001 0.3964484372093023 0.857347915625 0.3961687511627907 0.870527084375 0.409104688372093 0.874222915625 0.4233625 0.8733437500000001 0.4236265627906977 0.8592645843750001
8 0.4223062511627907 0.884079165625 0.3948640627906977 0.881377084375 0.394320311627907 0.893229165625 0.40514531162790696 0.8963979156249999 0.4217781255813954 0.89586875 0.4223062511627907 0.884079165625
8 0.48732499999999995 0.852402084375 0.46081249999999996 0.8509666656249999 0.46066093720930235 0.8641937499999999 0.474917188372093 0.865072915625 0.4875890627906977 0.8645458343750001 0.48732499999999995 0.852402084375
8 0.532932811627907 0.899377084375 0.533142188372093 0.9133895843750001 0.560467188372093 0.913916665625 0.560995311627907 0.9014208343749999 0.532932811627907 0.899377084375
9 0.5645593744186046 0.93221875 0.5483234372093023 0.9345062499999999 0.5301265627906977 0.9315041656249999 0.5303703116279069 0.942075 0.546475 0.944714584375 0.5645593744186046 0.941897915625 0.5645593744186046 0.93221875
9 0.4576765627906977 0.8221395843750001 0.45763125116279074 0.8337520843749999 0.4911609372093024 0.8341041656250001 0.491425 0.8238958343749999 0.4576765627906977 0.8221395843750001
9 0.4244937488372093 0.925975 0.4244937488372093 0.916647915625 0.391167188372093 0.9136791656250001 0.39056874883720927 0.922104165625 0.3988843744186047 0.925095834375 0.41221718837209304 0.926327084375 0.4244937488372093 0.925975