2 0.4615281255813954 0.51994375 0.46182500000000004 0.5074708343750001 0.4457875 0.509847915625 0.428570311627907 0.50505625 0.42811718837209306 0.517566665625 0.4337609372093023 0.5205375 0.4484609372093023 0.522516665625 0.4615281255813954 0.51994375
2 0.5847140627906976 0.508558334375 0.5499687511627906 0.506777084375 0.5502656255813954 0.518258334375 0.5685296883720931 0.5202375 0.5848625 0.5184562500000001 0.5847140627906976 0.508558334375
2 0.5088359372093023 0.6277125 0.5103218744186047 0.6154375 0.49517500000000003 0.6176166656250001 0.47542656279069767 0.6122708343750001 0.476020311627907 0.622564584375 0.4840390627906977 0.626127084375 0.4988875 0.628504165625 0.5088359372093023 0.6277125
7 0.458504688372093 0.542483334375 0.4315625 0.540666665625 0.4316281255813954 0.5513895843750001 0.44692343720930233 0.553766665625 0.45895 0.553370834375 0.458504688372093 0.542483334375
7 0.5065406255813953 0.583225 0.480129688372093 0.5806916656250001 0.47970468837209307 0.5929854156250001 0.4939109372093023 0.595014584375 0.507042188372093 0.5950249999999999 0.5065406255813953 0.583225
7 0.5662312488372093 0.541239584375 0.5530062488372093 0.53734375 0.5530156255813954 0.551929165625 0.5800406255813954 0.553314584375 0.5797437511627908 0.5414375 0.5662312488372093 0.541239584375
2 0.57975 0.56505 0.5521312488372093 0.564060415625 0.552604688372093 0.5769333343749999 0.5718875 0.57855625 0.5794531255813953 0.577325 0.57975 0.56505
0 0.5072187488372093 0.5576749999999999 0.4793015627906977 0.556091665625 0.47959843720930234 0.568760415625 0.4899937511627907 0.56975 0.507367188372093 0.569947915625 0.5072187488372093 0.5576749999999999
0 0.4582015627906976 0.5650625 0.43076562558139536 0.562635415625 0.430879688372093 0.57595 0.4384515627906977 0.578522915625 0.4580531255813953 0.5781270843749999 0.4582015627906976 0.5650625
0 0.4564359372093023 0.59063125 0.43097968837209305 0.5890791656250001 0.43059843720930235 0.6021124999999999 0.4384687488372093 0.60270625 0.4565843744186046 0.6025083343750001 0.4564359372093023 0.59063125
8 0.5072062511627907 0.533529165625 0.4809234372093023 0.532341665625 0.48003281162790695 0.544614584375 0.48953593720930233 0.546 0.507057811627907 0.54540625 0.5072062511627907 0.533529165625
8 0.5794562488372094 0.59114375 0.5518375 0.590154165625 0.5521343744186046 0.6022291656250001 0.5652812488372093 0.6032124999999999 0.579604688372093 0.60203125 0.5794562488372094 0.59114375
9 0.512420311627907 0.50484375 0.49460156279069767 0.505239584375 0.47707968837209297 0.501083334375 0.477525 0.51395 0.49207656279069767 0.5151375 0.5122718744186047 0.5167208343749999 0.512420311627907 0.50484375
9 0.46014687441860463 0.628739584375 0.46014687441860463 0.619433334375 0.4468187488372093 0.620616665625 0.42553593720930233 0.6165812500000001 0.42536718837209303 0.6285708343749999 0.432729688372093 0.629585415625 0.4469125 0.6322687499999999 0.46014687441860463 0.628739584375
9 0.5829875 0.6290895843750001 0.5828390627906977 0.62018125 0.5675437511627907 0.620775 0.5481140627906976 0.6163062499999999 0.5485375 0.6292875 0.5608625 0.63225625 0.5749687511627907 0.632652084375 0.5829875 0.6290895843750001