0 0.46255312558139533 0.47188125000000003 0.461867188372093 0.458885415625 0.4349 0.461283334375 0.435645311627907 0.47554166562500005 0.443195311627907 0.47554166562500005 0.45843437441860463 0.472979165625 0.46255312558139533 0.47188125000000003
0 0.4630859372093023 0.48034375 0.43617812558139535 0.482172915625 0.43604062558139534 0.496083334375 0.44716093720930233 0.49516875000000005 0.4629484372093023 0.49205625 0.4630859372093023 0.48034375
0 0.520175 0.496452084375 0.520175 0.483275 0.5063093744186047 0.48638541562500004 0.49246249999999997 0.483297915625 0.49271718837209305 0.49681875 0.4997187511627907 0.498464584375 0.5131734372093023 0.49828124999999995 0.520175 0.496452084375
0 0.5197640627906976 0.50621875 0.493129688372093 0.505854165625 0.493129688372093 0.516285415625 0.5016421883720931 0.5183 0.5198999999999999 0.5173833343750001 0.5197640627906976 0.50621875
0 0.569554688372093 0.45339999999999997 0.5559625 0.45632708437499997 0.5423718744186047 0.45651041562500005 0.542782811627907 0.46968750000000004 0.5521187488372092 0.469870834375 0.5701031255813953 0.467675 0.569554688372093 0.45339999999999997
0 0.5703781255813953 0.48728958437500003 0.5698281255813954 0.47246458437500005 0.5556875 0.476675 0.5434968744186046 0.47688125000000003 0.5438812511627907 0.48966875 0.553354688372093 0.48948749999999996 0.5646109372093023 0.4889375 0.5703781255813953 0.48728958437500003
2 0.437292188372093 0.50504375 0.437567188372093 0.5173062500000001 0.4640625 0.5151104156249999 0.4632390627906977 0.50449375 0.437292188372093 0.50504375
2 0.43002968837209304 0.428485415625 0.43029687441860465 0.443164584375 0.4636562488372093 0.43822291562500004 0.4636562488372093 0.42522916562499996 0.43002968837209304 0.428485415625
2 0.5243859372093023 0.536608334375 0.507775 0.5395375 0.48903281162790696 0.53696875 0.48951562558139533 0.55253125 0.5061031255813954 0.552952084375 0.5241890627906977 0.552410415625 0.5243859372093023 0.536608334375
2 0.5704890627906977 0.494477084375 0.5587406255813954 0.49770833437500006 0.5439140627906976 0.49935625000000006 0.5446 0.513814584375 0.5562687488372093 0.5128999999999999 0.571645311627907 0.5105208343750001 0.5704890627906977 0.494477084375
2 0.573654688372093 0.420022915625 0.561967188372093 0.420877084375 0.5390406255813953 0.422158334375 0.5395890627906977 0.43643333437500004 0.5534562488372093 0.43643333437500004 0.5729500000000001 0.433139584375 0.573654688372093 0.420022915625
4 0.508782811627907 0.432652084375 0.48889062558139534 0.428360415625 0.48969999999999997 0.444547915625 0.5233343744186046 0.444364584375 0.5230609372093024 0.43246874999999996 0.508782811627907 0.432652084375
4 0.47045 0.5454416656250001 0.47045 0.533545834375 0.435482811627907 0.535091665625 0.43516718837209306 0.549652084375 0.4475234372093023 0.550566665625 0.4627625 0.5481874999999999 0.47045 0.5454416656250001
2 0.520070311627907 0.460685415625 0.4922890627906976 0.46198541562499995 0.4928875 0.47569375 0.5031843744186046 0.47569375 0.520207811627907 0.4749625 0.520070311627907 0.460685415625
4 0.570695311627907 0.541458334375 0.5764625 0.53725 0.5761875 0.526266665625 0.5543593744186046 0.5290125 0.541204688372093 0.5285895843749999 0.5415906255813954 0.544935415625 0.5520468744186047 0.544664584375 0.5611906255813953 0.543852084375 0.570695311627907 0.541458334375