0 0.48915 0.60538125 0.48888593720930235 0.618404165625 0.5158109372093023 0.618404165625 0.515282811627907 0.605733334375 0.48915 0.60538125
0 0.48959374883720935 0.629120834375 0.4903859372093023 0.6410875 0.5162546883720931 0.640383334375 0.5170468744186046 0.6298229156249999 0.48959374883720935 0.629120834375
0 0.488420311627907 0.650402084375 0.4889484372093023 0.6634249999999999 0.516929688372093 0.6634249999999999 0.5158734372093023 0.647235415625 0.488420311627907 0.650402084375
0 0.5588156255813953 0.656179165625 0.559079688372093 0.671666665625 0.58495 0.6702583343749999 0.5846859372093023 0.65653125 0.5588156255813953 0.656179165625
0 0.5584874999999999 0.6369 0.5590156255813954 0.652033334375 0.5869968744186047 0.650977084375 0.5854125 0.6361958343749999 0.5584874999999999 0.6369
0 0.5557890627906976 0.610964584375 0.5568437511627907 0.6278604156250001 0.5842984372093023 0.624339584375 0.5842984372093023 0.61166875 0.5557890627906976 0.610964584375
0 0.4048625 0.608008334375 0.40433437441860465 0.6224375 0.43257968837209304 0.6203270843750001 0.43257968837209304 0.605191665625 0.4048625 0.608008334375
0 0.40573437441860466 0.628891665625 0.40652499999999997 0.642264584375 0.43239531162790695 0.63839375 0.4321312511627907 0.62501875 0.40573437441860466 0.628891665625
0 0.4069359372093023 0.652616665625 0.4069359372093023 0.667752084375 0.43386250000000004 0.664583334375 0.4333343744186046 0.64839375 0.4069359372093023 0.652616665625
2 0.404095311627907 0.686127084375 0.40435937441860464 0.700908334375 0.43814843720930235 0.6998541656249999 0.43894062558139535 0.686479165625 0.404095311627907 0.686127084375
2 0.48636562558139534 0.685283334375 0.4868937511627907 0.700770834375 0.520682811627907 0.69830625 0.5209468744186047 0.686691665625 0.48636562558139534 0.685283334375
2 0.552942188372093 0.5753812500000001 0.5534687511627907 0.590866665625 0.586729688372093 0.589458334375 0.5875218744186047 0.573972915625 0.552942188372093 0.5753812500000001
7 0.48496249999999996 0.574522915625 0.48575312558139533 0.586841665625 0.520070311627907 0.5878979156249999 0.5190140627906977 0.574875 0.48496249999999996 0.574522915625
7 0.40107187441860465 0.579060415625 0.4005437488372093 0.59208125 0.43486093720930236 0.588914584375 0.435125 0.574483334375 0.40107187441860465 0.579060415625
7 0.557592188372093 0.6880499999999999 0.556892188372093 0.7020270843749999 0.5899546883720931 0.7009291656250001 0.5899546883720931 0.6882583343750001 0.557592188372093 0.6880499999999999