4 0.4906109372093023 0.558764584375 0.49194374883720926 0.546839584375 0.45937968837209303 0.54505625 0.4599875 0.5582583343749999 0.47025937441860466 0.55901875 0.4906109372093023 0.558764584375
4 0.547004688372093 0.674360415625 0.5474562511627906 0.6571979156250001 0.5165624999999999 0.65595625 0.5154140627906977 0.670745834375 0.5373015627906976 0.673758334375 0.547004688372093 0.674360415625
4 0.5980046883720931 0.56511875 0.598229688372093 0.553679165625 0.565692188372093 0.553366665625 0.5661875 0.567227084375 0.5894296883720931 0.56511875 0.5980046883720931 0.56511875
2 0.4867859372093023 0.573291665625 0.4632812511627907 0.570677084375 0.46205781162790693 0.5814583343749999 0.4867859372093023 0.583091665625 0.4867859372093023 0.573291665625
2 0.4867781255813953 0.668954165625 0.48702187441860467 0.65751875 0.47233124883720934 0.659479165625 0.45503906279069767 0.6558437500000001 0.45445781162790694 0.6660145843749999 0.4662109372093023 0.671241665625 0.4867781255813953 0.668954165625
0 0.48686250000000003 0.607266665625 0.4873515627906977 0.5974666656250001 0.460907811627907 0.596485415625 0.459929688372093 0.607920834375 0.4768234372093023 0.60988125 0.48686250000000003 0.607266665625
0 0.5460734372093023 0.6199104156249999 0.5470531255813953 0.6110895843749999 0.5297093744186047 0.6097 0.5207468744186047 0.607708334375 0.5206093744186047 0.6176229156249999 0.5262812511627907 0.62048125 0.5460734372093023 0.6199104156249999
2 0.545392188372093 0.6445000000000001 0.5463718744186047 0.632739584375 0.520454688372093 0.6304937500000001 0.5196843744186046 0.64319375 0.5341296883720931 0.6451541656249999 0.545392188372093 0.6445000000000001
2 0.5512093744186046 0.5472958343750001 0.5181593744186046 0.5467479156249999 0.518204688372093 0.558035415625 0.551007811627907 0.561258334375 0.5512093744186046 0.5472958343750001
2 0.5472015627906976 0.58506875 0.533717188372093 0.58560625 0.5218 0.582897915625 0.5208375000000001 0.594197915625 0.5472015627906976 0.596345834375 0.5472015627906976 0.58506875
2 0.5959156255813953 0.5817979156249999 0.5697281255813953 0.5815083343749999 0.570357811627907 0.589854165625 0.594104688372093 0.589585415625 0.5959156255813953 0.5817979156249999
2 0.5977609372093022 0.636277084375 0.5983640627906976 0.627145834375 0.5830687488372093 0.631175 0.5724031255813954 0.627683334375 0.5724031255813954 0.6378874999999999 0.5879 0.63815625 0.5977609372093022 0.636277084375
2 0.6004984372093024 0.6766 0.601504688372093 0.665054165625 0.5695062488372094 0.6655916656249999 0.5703125 0.6771375 0.5884234372093023 0.679285415625 0.6004984372093024 0.6766
0 0.5972359372093022 0.616085415625 0.596417188372093 0.604041665625 0.5843562511627907 0.605345834375 0.570670311627907 0.604539584375 0.5710734372093024 0.617697915625 0.5972359372093022 0.616085415625
2 0.48372187441860465 0.63185 0.48469999999999996 0.62335625 0.468295311627907 0.624008334375 0.46116718837209303 0.620547915625 0.45948124883720926 0.6311958343749999 0.46535781162790696 0.632502084375 0.48372187441860465 0.63185