2 0.5267953116279069 0.649904165625 0.5270218744186046 0.66344375 0.5599656255813954 0.663141665625 0.5599656255813954 0.649904165625 0.5267953116279069 0.649904165625
2 0.49694687441860463 0.770160415625 0.47559687441860465 0.773316665625 0.476725 0.79196875 0.5123781255813954 0.7841458343750001 0.5107984372093023 0.7679 0.49694687441860463 0.770160415625
0 0.47932343720930237 0.744404165625 0.4802265627906977 0.7603500000000001 0.5066265627906977 0.75433125 0.50595 0.741395834375 0.47932343720930237 0.744404165625
0 0.5309875 0.709072915625 0.5314390627906976 0.725920834375 0.5578406255813954 0.7262208343750001 0.5578406255813954 0.710275 0.5309875 0.709072915625
0 0.5310937488372093 0.68616875 0.5310937488372093 0.69910625 0.5588484372093023 0.7009125 0.557495311627907 0.6870729156250001 0.5310937488372093 0.68616875
0 0.40885937441860465 0.734129165625 0.40930937441860465 0.74766875 0.4357109372093023 0.7485708343749999 0.4352593744186046 0.733829165625 0.40885937441860465 0.734129165625
0 0.47742500000000004 0.72266875 0.47922968837209307 0.737110415625 0.504954688372093 0.732597915625 0.5047281255813953 0.720564584375 0.47742500000000004 0.72266875
8 0.47640156279069773 0.7029354156250001 0.477304688372093 0.717979165625 0.5028015627906977 0.711660415625 0.5028015627906977 0.69691875 0.47640156279069773 0.7029354156250001
8 0.40892968837209304 0.7552749999999999 0.4096062511627907 0.77061875 0.4360062488372093 0.77061875 0.4355562488372093 0.7552749999999999 0.40892968837209304 0.7552749999999999
8 0.5319890627906977 0.7358083343749999 0.5319890627906977 0.747239584375 0.5579375 0.745735415625 0.5574859372093023 0.736710415625 0.5319890627906977 0.7358083343749999
9 0.5284968744186047 0.760533334375 0.5289484372093023 0.775877084375 0.5623437488372093 0.774070834375 0.561892188372093 0.759629165625 0.5284968744186047 0.760533334375
9 0.46831562558139533 0.679133334375 0.46966875116279067 0.6914687500000001 0.5041937511627907 0.6854520843749999 0.5028390627906977 0.674320834375 0.46831562558139533 0.679133334375
9 0.40407031162790696 0.781602084375 0.4049718744186046 0.799354165625 0.4385937511627907 0.799654165625 0.43746562558139535 0.784310415625 0.40407031162790696 0.781602084375
2 0.406732811627907 0.6710812500000001 0.406732811627907 0.6876270843750001 0.4396781255813954 0.68883125 0.440129688372093 0.6737875 0.406732811627907 0.6710812500000001
0 0.4098437488372093 0.7060375 0.4098437488372093 0.720479165625 0.4360187511627907 0.72108125 0.4360187511627907 0.706639584375 0.4098437488372093 0.7060375