2 0.44911406279069765 0.764885415625 0.448317188372093 0.785547915625 0.4820609372093023 0.7866875 0.483782811627907 0.765241665625 0.44911406279069765 0.764885415625
2 0.5058531255813953 0.762004165625 0.506342188372093 0.7773 0.5404609372093023 0.778391665625 0.5400968744186047 0.763897915625 0.5058531255813953 0.762004165625
2 0.550107811627907 0.7445 0.550217188372093 0.761029165625 0.5843859372093023 0.759402084375 0.5861031255813954 0.7394708343749999 0.550107811627907 0.7445
2 0.44629687441860466 0.8743270843750001 0.44725156279069767 0.894845834375 0.48093281162790696 0.8961479156250001 0.48192968837209305 0.8792083343750001 0.44629687441860466 0.8743270843750001
2 0.5023812488372092 0.8586291656249999 0.503870311627907 0.878366665625 0.5372140627906977 0.8795666656250001 0.5387718744186046 0.862745834375 0.5023812488372092 0.8586291656249999
2 0.5525109372093023 0.852189584375 0.5529999999999999 0.8697625 0.5893640627906976 0.8687854156249999 0.5883718744186047 0.849720834375 0.5525109372093023 0.852189584375
7 0.5576359372093024 0.8223666656249999 0.558125 0.8383125 0.5861921883720931 0.836358334375 0.5859468744186046 0.8213895843750001 0.5576359372093024 0.8223666656249999
7 0.5067218744186047 0.7894125 0.508429688372093 0.8027541656249999 0.5346531255813953 0.8045145843749999 0.5341656255813954 0.790520834375 0.5067218744186047 0.7894125
7 0.451682811627907 0.798191665625 0.4506968744186047 0.8197125 0.4786562488372093 0.8190125 0.4796640627906977 0.80085625 0.451682811627907 0.798191665625
0 0.45134687441860466 0.82263125 0.45085781162790695 0.84215625 0.47941406279069765 0.84248125 0.478545311627907 0.822820834375 0.45134687441860466 0.82263125
0 0.44787812558139534 0.857766665625 0.44733281162790695 0.8737291656249999 0.4800937511627907 0.8746875 0.4800937511627907 0.8610208343749999 0.44787812558139534 0.857766665625
0 0.506842188372093 0.81256875 0.5079109372093024 0.825285415625 0.534025 0.827889584375 0.5345125 0.814222915625 0.506842188372093 0.81256875
0 0.5561312488372093 0.797714584375 0.5566203116279069 0.8139854156249999 0.5846859372093023 0.8126833343750001 0.585175 0.7970645843749999 0.5561312488372093 0.797714584375
0 0.5529999999999999 0.7694395843749999 0.5529999999999999 0.78310625 0.5859484372093023 0.7779 0.583995311627907 0.7629312500000001 0.5529999999999999 0.7694395843749999
0 0.5058890627906977 0.8373270843749999 0.5055078116279069 0.851064584375 0.5335718744186047 0.851770834375 0.5335718744186047 0.8405374999999999 0.5058890627906977 0.8373270843749999