9 0.5656031255813954 0.49152500000000005 0.5660234372093023 0.5078145843749999 0.6014109372093023 0.5080958343749999 0.6007781255813953 0.49265 0.5656031255813954 0.49152500000000005
9 0.43926562558139537 0.493852084375 0.4396875 0.510141665625 0.4738109372093023 0.510141665625 0.4738109372093023 0.49413125 0.43926562558139537 0.493852084375
9 0.5074375 0.5943229156250001 0.5068062488372093 0.611454165625 0.5400859372093023 0.609208334375 0.539875 0.595166665625 0.5074375 0.5943229156250001
3 0.44542499999999996 0.56755 0.44542499999999996 0.5844 0.47112187441860465 0.582995834375 0.471754688372093 0.5669875 0.44542499999999996 0.56755
3 0.5100250000000001 0.520575 0.5100250000000001 0.53461875 0.537829688372093 0.53461875 0.5371984372093024 0.522822915625 0.5100250000000001 0.520575
3 0.5682656255813954 0.563141665625 0.5682656255813954 0.5802729156249999 0.5954375 0.5802729156249999 0.5954375 0.5642645843749999 0.5682656255813954 0.563141665625
8 0.509575 0.570114584375 0.509575 0.5807875 0.5378 0.581629165625 0.5375890627906976 0.570677084375 0.509575 0.570114584375
8 0.5689281255813954 0.519177084375 0.5689281255813954 0.5340625 0.5956781255813953 0.534904165625 0.5958890627906978 0.5208625 0.5689281255813954 0.519177084375
8 0.4442265627906977 0.534891665625 0.4713984372093023 0.533485415625 0.4711875 0.522533334375 0.4449593744186046 0.5216000000000001 0.4442265627906977 0.534891665625
0 0.4446781255813953 0.546789584375 0.44594218837209304 0.559989584375 0.4716406255813953 0.559708334375 0.47142968837209304 0.546789584375 0.4446781255813953 0.546789584375
0 0.5103093744186047 0.5438208343750001 0.5107312511627907 0.556739584375 0.5381140627906977 0.5575812499999999 0.5379031255813953 0.5452250000000001 0.5103093744186047 0.5438208343750001
0 0.5675328116279069 0.541272915625 0.568375 0.5584041656250001 0.5942843744186047 0.559247915625 0.594704688372093 0.542958334375 0.5675328116279069 0.541272915625
2 0.5632109372093023 0.600664584375 0.565317188372093 0.615547915625 0.599229688372093 0.616110415625 0.6000734372093024 0.603752084375 0.5632109372093023 0.600664584375
2 0.5063812511627908 0.485420834375 0.5063812511627908 0.5005875 0.5407156255813954 0.500025 0.540504688372093 0.48682499999999995 0.5063812511627908 0.485420834375
2 0.44155937441860466 0.604627084375 0.44155937441860466 0.6195125 0.474629688372093 0.618108334375 0.4758921883720931 0.6021 0.44155937441860466 0.604627084375