0 0.5747125 0.49750625 0.5662640627906977 0.49781875 0.5662640627906977 0.5128375000000001 0.5934859372093023 0.5109604156249999 0.5958328116279069 0.49656666562499996 0.5747125 0.49750625
0 0.5655609372093023 0.5281687500000001 0.565795311627907 0.539120834375 0.5955984372093023 0.53786875 0.5955984372093023 0.5269166656250001 0.5655609372093023 0.5281687500000001
0 0.48976093720930236 0.484364584375 0.48999531162790694 0.49969583437500004 0.5186265627906976 0.500320834375 0.519095311627907 0.48686666562500003 0.48976093720930236 0.484364584375
0 0.4895265627906977 0.460270834375 0.4902312488372093 0.471847915625 0.5195640627906977 0.46934375 0.519095311627907 0.459645834375 0.4895265627906977 0.460270834375
0 0.4292156255813953 0.49062083437500004 0.4292156255813953 0.5084562499999999 0.45761093720930235 0.506579165625 0.45761093720930235 0.48874375 0.4292156255813953 0.49062083437500004
0 0.427807811627907 0.51721875 0.42874687441860465 0.5306729156250001 0.457845311627907 0.530045834375 0.45761093720930235 0.51878125 0.427807811627907 0.51721875
6 0.43015468837209303 0.462147915625 0.429920311627907 0.474664584375 0.4583156255813953 0.4740375 0.45855 0.46183541562499997 0.43015468837209303 0.462147915625
6 0.4247562488372093 0.54756875 0.4242875 0.5603979156250001 0.460192188372093 0.561022915625 0.45995781162790694 0.548508334375 0.4247562488372093 0.54756875
6 0.4911687488372093 0.516904165625 0.4907 0.530985415625 0.5183906255813954 0.528795834375 0.5179218744186046 0.516591665625 0.4911687488372093 0.516904165625
6 0.5629781255813954 0.5519499999999999 0.5629781255813954 0.565716665625 0.5984140627906976 0.563527084375 0.597945311627907 0.550697915625 0.5629781255813954 0.5519499999999999
6 0.565325 0.467779165625 0.5655609372093023 0.48123541562499994 0.5934859372093023 0.480608334375 0.5932515627906977 0.466529165625 0.565325 0.467779165625
6 0.4853031255813953 0.430545834375 0.4860062488372093 0.44274791562500004 0.5223812511627908 0.442122915625 0.5216765627906976 0.431797915625 0.4853031255813953 0.430545834375
2 0.48788437441860466 0.545379165625 0.48764843720930234 0.559770834375 0.522145311627907 0.559145834375 0.522145311627907 0.545064584375 0.48788437441860466 0.545379165625
2 0.5615031255813954 0.436425 0.5610140627906977 0.45174375 0.5974359372093023 0.45043958437500003 0.5967031255813953 0.437077084375 0.5615031255813954 0.436425
2 0.425832811627907 0.43251458437499996 0.4253437511627907 0.447833334375 0.46323281162790697 0.448810415625 0.4637218744186047 0.43251458437499996 0.425832811627907 0.43251458437499996