0 0.46318437441860466 0.505883334375 0.46350156279069765 0.518185415625 0.4892718744186047 0.518185415625 0.4905437488372093 0.505458334375 0.46318437441860466 0.505883334375
0 0.46272812558139537 0.526975 0.46272812558139537 0.540125 0.48913437441860463 0.5392750000000001 0.48945312558139537 0.526975 0.46272812558139537 0.526975
0 0.5203406255813954 0.49532291562499997 0.5206593744186047 0.508895834375 0.5467468744186047 0.512289584375 0.5477015627906977 0.501260415625 0.5203406255813954 0.49532291562499997
0 0.5217218744186046 0.47360208437500007 0.521404688372093 0.48675208437500006 0.5481281255813953 0.48802500000000004 0.5478109372093023 0.47657083437500003 0.5217218744186046 0.47360208437500007
0 0.5810015627906977 0.5216166656250001 0.581320311627907 0.535614584375 0.607407811627907 0.53349375 0.6077265627906977 0.5216166656250001 0.5810015627906977 0.5216166656250001
0 0.5955890627906977 0.545945834375 0.5812718744186047 0.545945834375 0.5819093744186047 0.558247915625 0.6086328116279069 0.558247915625 0.6079968744186046 0.544672915625 0.5955890627906977 0.545945834375
2 0.5786468744186046 0.578247915625 0.5786468744186046 0.590975 0.6126874999999999 0.589702084375 0.6120515627906976 0.576552084375 0.5786468744186046 0.578247915625
2 0.5527718744186046 0.45691875 0.5524531255813954 0.44673749999999995 0.5324109372093023 0.4471625 0.5196843744186046 0.43994999999999995 0.518729688372093 0.451829165625 0.5295468744186046 0.45649375000000003 0.541954688372093 0.457341665625 0.5527718744186046 0.45691875
2 0.45949843720930234 0.559741665625 0.45949843720930234 0.575435415625 0.49322187441860466 0.5750124999999999 0.49322187441860466 0.560164584375 0.45949843720930234 0.559741665625
6 0.460220311627907 0.44972500000000004 0.46085624883720927 0.46245 0.49426093720930236 0.462025 0.493625 0.450572915625 0.460220311627907 0.44972500000000004
6 0.46297812558139534 0.479660415625 0.4633484372093023 0.49250416562500005 0.48943749999999997 0.49292708437500005 0.48943749999999997 0.480202084375 0.46297812558139534 0.479660415625
6 0.5199140627906977 0.5231416656250001 0.520232811627907 0.535866665625 0.5456843744186046 0.537564584375 0.546320311627907 0.5252625 0.5199140627906977 0.5231416656250001
6 0.5488406255813953 0.55575 0.5338890627906977 0.554902084375 0.5154359372093024 0.550235415625 0.5151171883720931 0.5621125 0.527525 0.56593125 0.548204688372093 0.56593125 0.5488406255813953 0.55575
6 0.5761375 0.465585415625 0.5774109372093023 0.48170416562499996 0.611770311627907 0.479583334375 0.611770311627907 0.466858334375 0.5761375 0.465585415625
6 0.5808968744186046 0.49595625 0.5812156255813954 0.5099541656250001 0.6073031255813954 0.5099541656250001 0.6079390627906976 0.494258334375 0.5808968744186046 0.49595625