1 0.5289343744186046 0.513047915625 0.5116406255813953 0.512472915625 0.5109906255813953 0.52573125 0.5432031255813954 0.5277499999999999 0.5436359372093024 0.513047915625 0.5289343744186046 0.513047915625
1 0.39960937441860467 0.618958334375 0.39960937441860467 0.634235415625 0.429875 0.635389584375 0.430307811627907 0.6201125000000001 0.39960937441860467 0.618958334375
1 0.45732656279069767 0.620958334375 0.456245311627907 0.6371 0.4871593744186047 0.638252084375 0.4873765627906977 0.624129165625 0.45732656279069767 0.620958334375
0 0.4026984372093023 0.569779165625 0.4029140627906977 0.583039584375 0.4273437488372093 0.583039584375 0.42820781162790694 0.569491665625 0.4026984372093023 0.569779165625
0 0.45975937441860465 0.574391665625 0.460192188372093 0.585920834375 0.484404688372093 0.586785415625 0.48548593720930233 0.576120834375 0.45975937441860465 0.574391665625
0 0.515020311627907 0.5638062500000001 0.5154531255813953 0.576202084375 0.5407468744186046 0.575047915625 0.5403140627906977 0.562366665625 0.515020311627907 0.5638062500000001
5 0.5149328116279069 0.544775 0.5153640627906977 0.5542875 0.5395765627906977 0.554575 0.5393609372093023 0.546791665625 0.5149328116279069 0.544775
5 0.4606875 0.593354165625 0.4596062511627907 0.6037312499999999 0.4844687488372093 0.605460415625 0.4849 0.5953729156249999 0.4606875 0.593354165625
5 0.4024656255813953 0.59195 0.40225 0.6020375 0.4266781255813954 0.6011729156250001 0.4266781255813954 0.5907958343749999 0.4024656255813953 0.59195
6 0.42732656279069764 0.544797915625 0.41695 0.543933334375 0.40289843720930235 0.5401875 0.40354687441860465 0.556039584375 0.41695 0.556616665625 0.428192188372093 0.5548875 0.42732656279069764 0.544797915625
6 0.47545781162790696 0.546791665625 0.459892188372093 0.543910415625 0.459892188372093 0.557745834375 0.48540312558139537 0.55716875 0.48648437441860465 0.546791665625 0.47545781162790696 0.546791665625
6 0.5285890627906976 0.599064584375 0.5326968744186046 0.599064584375 0.5352906255813954 0.605116665625 0.5391812511627907 0.604539584375 0.540479688372093 0.5892625 0.5313984372093024 0.5886875 0.515617188372093 0.590991665625 0.515617188372093 0.605116665625 0.5190765627906977 0.604539584375 0.5227515627906977 0.599929165625 0.5285890627906976 0.599064584375
2 0.40036718837209306 0.5164479156249999 0.400582811627907 0.527689584375 0.43214687441860467 0.5265375 0.4312812488372093 0.5167375 0.40036718837209306 0.5164479156249999
2 0.4580562511627907 0.5205375 0.4578406255813953 0.5317791656249999 0.48983593720930235 0.5329312500000001 0.4904843744186046 0.520247915625 0.4580562511627907 0.5205375
2 0.5339109372093024 0.618425 0.5114281255813954 0.614102084375 0.5114281255813954 0.627072915625 0.5434234372093023 0.63053125 0.543207811627907 0.6181375 0.5339109372093024 0.618425