7 0.5343203116279069 0.649766665625 0.5338187511627908 0.6383687499999999 0.5197375 0.6390395843750001 0.5071656255813953 0.6383687499999999 0.5071656255813953 0.6504375 0.516217188372093 0.652114584375 0.5282859372093023 0.652114584375 0.5343203116279069 0.649766665625
7 0.5323109372093023 0.682620834375 0.5370890627906977 0.680610415625 0.5375906255813954 0.6668645843750001 0.5194875 0.6692125 0.5036484372093023 0.667535415625 0.5036484372093023 0.673904165625 0.5051562488372093 0.683291665625 0.5204937488372093 0.683291665625 0.5323109372093023 0.682620834375
7 0.598720311627907 0.661314584375 0.6045812511627907 0.660541665625 0.6038265627906977 0.6481375 0.5899984372093023 0.6494791656250001 0.5765156255813954 0.649029165625 0.5761687488372094 0.660877084375 0.5862015627906977 0.661314584375 0.5927593744186046 0.661314584375 0.598720311627907 0.661314584375
7 0.592692188372093 0.691333334375 0.6057671883720931 0.689991665625 0.6067734372093023 0.6842937499999999 0.6065218744186046 0.675577084375 0.5901781255813954 0.67859375 0.572829688372093 0.6769166656250001 0.5725781255813953 0.681945834375 0.5730812488372093 0.690327084375 0.5828875 0.691333334375 0.592692188372093 0.691333334375
0 0.6045640627906976 0.628679165625 0.590482811627907 0.628679165625 0.5759 0.6246562499999999 0.5756484372093024 0.6384000000000001 0.588842188372093 0.6405645843750001 0.6038093744186047 0.6404124999999999 0.6045640627906976 0.628679165625
0 0.5334812511627907 0.6283562500000001 0.5332296883720931 0.613941665625 0.5224171883720929 0.61729375 0.5060749999999999 0.617964584375 0.5060749999999999 0.627352084375 0.5138687488372093 0.629697915625 0.523675 0.6303687499999999 0.5334812511627907 0.6283562500000001
6 0.5349125 0.587829165625 0.5168468744186047 0.587845834375 0.5062484372093023 0.587158334375 0.5059968744186046 0.601572915625 0.5183171883720931 0.601908334375 0.5346609372093023 0.6012375 0.5349125 0.587829165625
6 0.603625 0.609395834375 0.6033734372093024 0.595316665625 0.5901765627906977 0.5961375 0.5762187488372092 0.595985415625 0.575967188372093 0.609060415625 0.58785 0.6094645843750001 0.594579688372093 0.6094645843750001 0.603625 0.609395834375
2 0.6005031255813953 0.577420834375 0.607795311627907 0.577085415625 0.607795311627907 0.565016665625 0.5962281255813953 0.56836875 0.583657811627907 0.56836875 0.5733484372093023 0.566020834375 0.5738515627906977 0.5787604156249999 0.5849140627906977 0.5794312500000001 0.5954750000000001 0.579095834375 0.6005031255813953 0.577420834375
0 0.4271484372093023 0.612885415625 0.42757812558139535 0.626641665625 0.45401406279069767 0.622629165625 0.45401406279069767 0.61030625 0.4271484372093023 0.612885415625
7 0.42582343720930227 0.5891708343750001 0.4256093744186047 0.6046458343750001 0.45225937441860464 0.60149375 0.45247499999999996 0.58573125 0.42582343720930227 0.5891708343750001
7 0.45457187441860464 0.571 0.4543562511627907 0.554379165625 0.436517188372093 0.5558125 0.4197531255813953 0.55753125 0.42039843720930237 0.574439584375 0.429854688372093 0.573579165625 0.4410312511627907 0.571572915625 0.45457187441860464 0.571
6 0.42686406279069766 0.638722915625 0.42750781162790696 0.652479165625 0.45501874883720933 0.651045834375 0.4539437488372093 0.634425 0.42686406279069766 0.638722915625
2 0.458870311627907 0.678533334375 0.458870311627907 0.663058334375 0.4244812511627907 0.6650645843749999 0.4244812511627907 0.68283125 0.4373765627906977 0.682545834375 0.44296562558139535 0.680827084375 0.458870311627907 0.678533334375
2 0.5381140627906977 0.5712312500000001 0.5377156255813953 0.558514584375 0.5212234372093023 0.5590437500000001 0.5033390627906977 0.5590437500000001 0.5033390627906977 0.5704374999999999 0.512479688372093 0.5717625 0.5244015627906977 0.5720270843749999 0.5381140627906977 0.5712312500000001