4 0.48159218837209306 0.578570834375 0.4681031255813954 0.579770834375 0.4501156255813954 0.578270834375 0.4501156255813954 0.5860645843750001 0.46742812558139535 0.586964584375 0.48159218837209306 0.5863645843749999 0.48159218837209306 0.578570834375
4 0.6108718744186047 0.58096875 0.579170311627907 0.58096875 0.578945311627907 0.5884625 0.596932811627907 0.587864584375 0.612670311627907 0.586964584375 0.6108718744186047 0.58096875
4 0.528582811627907 0.69908125 0.5092468744186046 0.696083334375 0.5090218744186046 0.7047770843750001 0.539825 0.705377084375 0.539825 0.697583334375 0.528582811627907 0.69908125
0 0.4534890627906977 0.63223125 0.4519140627906977 0.644222915625 0.477320311627907 0.643622915625 0.477545311627907 0.634329165625 0.4534890627906977 0.63223125
0 0.5366765627906978 0.640925 0.5238609372093023 0.640925 0.511945311627907 0.639125 0.511720311627907 0.650216665625 0.5236359372093023 0.651716665625 0.5362265627906977 0.64811875 0.5366765627906978 0.640925
0 0.584117188372093 0.636127084375 0.583667188372093 0.646620834375 0.6097468744186046 0.644520834375 0.6099718744186047 0.6358291656249999 0.584117188372093 0.636127084375
7 0.6106468744186045 0.6577124999999999 0.5998546883720931 0.6592104156249999 0.5908609372093023 0.6610104156250001 0.5847906255813954 0.6559125 0.5843421883720931 0.669702084375 0.5976062488372093 0.669702084375 0.6095234372093024 0.667004165625 0.6106468744186045 0.6577124999999999
7 0.527682811627907 0.617841665625 0.511945311627907 0.617541665625 0.511045311627907 0.626835415625 0.5369015627906977 0.6283333343749999 0.5371265627906977 0.618741665625 0.527682811627907 0.617841665625
7 0.477770311627907 0.667904165625 0.477995311627907 0.6562125 0.45258906279069766 0.655014584375 0.45258906279069766 0.667004165625 0.45820937441860465 0.667004165625 0.4622562488372093 0.667604165625 0.477770311627907 0.667904165625
2 0.4672031255813954 0.610347915625 0.4534890627906977 0.608247915625 0.4532640627906977 0.618441665625 0.478445311627907 0.618441665625 0.478220311627907 0.610647915625 0.4672031255813954 0.610347915625
2 0.464729688372093 0.697283334375 0.449217188372093 0.6930854156249999 0.447867188372093 0.704177084375 0.4800187488372093 0.705677084375 0.4804687488372093 0.693985415625 0.464729688372093 0.697283334375
2 0.5407234372093023 0.5779708343750001 0.527682811627907 0.578870834375 0.5074484372093023 0.58036875 0.5069984372093024 0.5884625 0.5240859372093023 0.5908625 0.5407234372093023 0.5890625 0.5407234372093023 0.5779708343750001
2 0.599179688372093 0.697283334375 0.582542188372093 0.697283334375 0.582317188372093 0.707775 0.6133453116279071 0.7050770843749999 0.6133453116279071 0.696083334375 0.599179688372093 0.697283334375
2 0.5378015627906977 0.662808334375 0.5258843744186047 0.66640625 0.511270311627907 0.664008334375 0.511720311627907 0.675397915625 0.5236359372093023 0.6742 0.5369015627906977 0.675997915625 0.5378015627906977 0.662808334375
2 0.5978312511627907 0.6121458343749999 0.583217188372093 0.611245834375 0.583217188372093 0.621439584375 0.6090734372093023 0.618741665625 0.6083984372093023 0.610945834375 0.5978312511627907 0.6121458343749999