2 0.44911406279069765 0.7437437499999999 0.448317188372093 0.7644062500000001 0.4820609372093023 0.765547915625 0.483782811627907 0.7441020843749999 0.44911406279069765 0.7437437499999999
2 0.5052281255813954 0.740308334375 0.5057156255813954 0.755602084375 0.5398359372093023 0.7566937499999999 0.5394718744186047 0.7422 0.5052281255813954 0.740308334375
2 0.5514156255813953 0.723766665625 0.551525 0.740295834375 0.5856937488372093 0.73866875 0.5874109372093024 0.718735415625 0.5514156255813953 0.723766665625
2 0.4477562511627907 0.8520749999999999 0.44871249999999996 0.872591665625 0.482392188372093 0.87389375 0.48338906279069765 0.85695625 0.4477562511627907 0.8520749999999999
2 0.5025890627906976 0.8374874999999999 0.504079688372093 0.857225 0.5374218744186047 0.8584250000000001 0.5389796883720931 0.8416062500000001 0.5025890627906976 0.8374874999999999
2 0.552720311627907 0.831047915625 0.553207811627907 0.848620834375 0.5895734372093023 0.847645834375 0.5885812511627907 0.82858125 0.552720311627907 0.831047915625
7 0.5568015627906976 0.799279165625 0.5572906255813954 0.8152250000000001 0.5853562488372094 0.813270834375 0.5851125 0.798302084375 0.5568015627906976 0.799279165625
7 0.5083906255813954 0.766602084375 0.5100984372093024 0.7799437499999999 0.5363218744186047 0.781704165625 0.5358343744186047 0.7677125 0.5083906255813954 0.766602084375
7 0.4529343744186047 0.77705 0.45194843720930233 0.798570834375 0.47990937441860465 0.7978708343750001 0.4809156255813954 0.779714584375 0.4529343744186047 0.77705
0 0.45197187441860465 0.79954375 0.4514843744186047 0.8190687499999999 0.4800390627906977 0.81939375 0.47917187441860465 0.799733334375 0.45197187441860465 0.79954375
0 0.44892031162790696 0.83384375 0.44837656279069765 0.849808334375 0.4811359372093023 0.850766665625 0.4811359372093023 0.837097915625 0.44892031162790696 0.83384375
0 0.5072593744186047 0.79115 0.5083281255813954 0.803866665625 0.534442188372093 0.806470834375 0.534929688372093 0.792804165625 0.5072593744186047 0.79115
0 0.5557140627906977 0.776852084375 0.5562031255813954 0.7931229156249999 0.5842687511627908 0.791820834375 0.584757811627907 0.776202084375 0.5557140627906977 0.776852084375
0 0.5545812511627908 0.7482125 0.5545812511627908 0.761879165625 0.5875281255813953 0.756672915625 0.5855765627906977 0.7417041656250001 0.5545812511627908 0.7482125
0 0.5073484372093023 0.8136833343750001 0.506967188372093 0.82741875 0.5350312511627907 0.828127084375 0.5350312511627907 0.81689375 0.5073484372093023 0.8136833343750001