2 0.506107811627907 0.666997915625 0.5066515627906977 0.65321875 0.4895187488372093 0.65575625 0.47238593720930233 0.65466875 0.472657811627907 0.668085415625 0.48190468837209305 0.668810415625 0.4944140627906977 0.667722915625 0.506107811627907 0.666997915625
2 0.5709875 0.674529165625 0.5709875 0.6582125 0.5560312511627907 0.662564584375 0.538354688372093 0.6560374999999999 0.5378093744186047 0.672716665625 0.549504688372093 0.6763416656250001 0.5620140627906977 0.67670625 0.5709875 0.674529165625
2 0.6320312511627907 0.6595125000000001 0.615170311627907 0.6595125000000001 0.5974937511627907 0.6595125000000001 0.5980374999999999 0.675829165625 0.6200656255813953 0.6769166656250001 0.6317593744186046 0.673654165625 0.6320312511627907 0.6595125000000001
2 0.6311156255813954 0.7361875 0.6050078116279071 0.7380020843749999 0.605279688372093 0.7525062499999999 0.6156140627906976 0.75323125 0.6316593744186048 0.7521416656250001 0.6311156255813954 0.7361875
2 0.6377109372093024 0.767764584375 0.6205781255813954 0.771029165625 0.602629688372093 0.767764584375 0.6020859372093024 0.78335625 0.6227531255813953 0.7840812500000001 0.6377109372093024 0.78154375 0.6377109372093024 0.767764584375
2 0.5711609372093023 0.786379165625 0.5714328116279069 0.7744125000000001 0.5532125 0.7776770843749999 0.5387984372093023 0.7726 0.5387984372093023 0.784566665625 0.5499484372093023 0.788191665625 0.567625 0.789279165625 0.5711609372093023 0.786379165625
2 0.5072937511627907 0.773272915625 0.5078375 0.76058125 0.49233750000000004 0.764933334375 0.47357187441860465 0.76058125 0.47411562558139536 0.7718229156249999 0.48472187441860465 0.773635415625 0.49424062558139537 0.774360415625 0.5072937511627907 0.773272915625
2 0.5053390627906976 0.73005625 0.4928281255813953 0.733320834375 0.47895937441860464 0.7282437500000001 0.4781437488372093 0.7460125 0.49010937441860464 0.7474624999999999 0.5047953116279069 0.74565 0.5053390627906976 0.73005625
2 0.5675781255813953 0.694589584375 0.555882811627907 0.696764584375 0.5414703116279069 0.694952084375 0.5411984372093023 0.70836875 0.5504437488372093 0.7098187499999999 0.5683937488372093 0.70909375 0.5675781255813953 0.694589584375
0 0.568079688372093 0.717502084375 0.5542109372093023 0.7211270843750001 0.5411562488372094 0.717502084375 0.541429688372093 0.7309187500000001 0.5542109372093023 0.73454375 0.5669921883720931 0.73381875 0.568079688372093 0.717502084375
0 0.5672343744186046 0.7419083343749999 0.550917188372093 0.745897915625 0.5414 0.743720834375 0.5411281255813953 0.756775 0.554725 0.759314584375 0.5677781255813954 0.756775 0.5672343744186046 0.7419083343749999
0 0.6298812511627906 0.7079770843750001 0.6171 0.712691665625 0.602957811627907 0.7116041656250001 0.602957811627907 0.725020834375 0.6173718744186046 0.724658334375 0.6304249999999999 0.7232062499999999 0.6298812511627906 0.7079770843750001
0 0.6285421883720931 0.688395834375 0.617120311627907 0.688395834375 0.602707811627907 0.688758334375 0.6024359372093023 0.703625 0.6146734372093023 0.7032625 0.6293578116279069 0.7021729156250001 0.6285421883720931 0.688395834375
0 0.5037843744186047 0.68038125 0.47767812558139533 0.68074375 0.47767812558139533 0.695610415625 0.4904593744186046 0.6966979156249999 0.5035125 0.693797915625 0.5037843744186047 0.68038125
0 0.505304688372093 0.7033583343750001 0.491707811627907 0.7051708343749999 0.4783812488372093 0.703720834375 0.4781093744186046 0.71605 0.49497031162790694 0.7178625000000001 0.5044890627906977 0.7167749999999999 0.505304688372093 0.7033583343750001