4 0.4142265627906977 0.593704165625 0.387825 0.592647915625 0.3874281255813954 0.601447915625 0.39640468837209303 0.60285625 0.4144890627906977 0.603560415625 0.4142265627906977 0.593704165625
4 0.4979609372093023 0.593970834375 0.47120937441860467 0.5939520843749999 0.4703718744186047 0.606114584375 0.4810640627906977 0.605939584375 0.497432811627907 0.60470625 0.4979609372093023 0.593970834375
4 0.5393515627906977 0.534347915625 0.5396156255813953 0.545610415625 0.5661484372093023 0.5459625 0.566017188372093 0.5361083343749999 0.5393515627906977 0.534347915625
0 0.5398078116279069 0.550570834375 0.5384593744186047 0.552370834375 0.5394718744186047 0.564960415625 0.565779688372093 0.5654104156249999 0.565442188372093 0.551920834375 0.5398078116279069 0.550570834375
0 0.5391343744186046 0.5759770843750001 0.5396406255813954 0.591039584375 0.565442188372093 0.595535415625 0.5659484372093023 0.58676875 0.5391343744186046 0.5759770843750001
0 0.4693687511627907 0.5502041656250001 0.47049687441860466 0.5622625 0.497142188372093 0.5615875 0.49747968837209305 0.548547915625 0.4693687511627907 0.5502041656250001
0 0.47042343720930235 0.5701625 0.4698156255813954 0.587666665625 0.4978093744186047 0.58676875 0.49662968837209304 0.5690062499999999 0.47042343720930235 0.5701625
0 0.388942188372093 0.544333334375 0.388267188372093 0.559622915625 0.416429688372093 0.561195834375 0.41693593720930233 0.544783334375 0.388942188372093 0.544333334375
0 0.3884062511627907 0.57185 0.388267188372093 0.585702084375 0.4154187511627907 0.5892999999999999 0.4154187511627907 0.573335415625 0.3884062511627907 0.57185
2 0.41862343720930234 0.61290625 0.38313593720930234 0.61064375 0.383882811627907 0.630216665625 0.3848937488372093 0.6360625 0.417104688372093 0.6367375 0.41862343720930234 0.61290625
2 0.5022687488372093 0.615154165625 0.46736093720930233 0.615604165625 0.4676984372093024 0.633589584375 0.480345311627907 0.634489584375 0.5014265627906977 0.634039584375 0.5022687488372093 0.615154165625
2 0.38798437441860467 0.511129165625 0.38759218837209297 0.528370834375 0.42081562558139535 0.533991665625 0.4221640627906977 0.513533334375 0.38798437441860467 0.511129165625
2 0.4994031255813954 0.513983334375 0.46451874883720934 0.51675 0.46499999999999997 0.528820834375 0.4746125 0.528145834375 0.5000765627906977 0.528820834375 0.4994031255813954 0.513983334375
2 0.535425 0.5066291656249999 0.5357624999999999 0.5273125000000001 0.5694906255813953 0.528660415625 0.5701656255813954 0.506854165625 0.535425 0.5066291656249999
2 0.53515 0.608395834375 0.5349187488372094 0.628483334375 0.5688171883720929 0.629833334375 0.5688171883720929 0.610272915625 0.53515 0.608395834375