7 0.5337234372093024 0.669108334375 0.5332218744186047 0.657710415625 0.5191406255813954 0.6583812499999999 0.5065687511627908 0.657710415625 0.5065687511627908 0.669779165625 0.515620311627907 0.6714562500000001 0.5276890627906977 0.6714562500000001 0.5337234372093024 0.669108334375
7 0.5315156255813953 0.7019624999999999 0.5362937511627907 0.699952084375 0.536795311627907 0.68620625 0.5186921883720931 0.688554165625 0.5028531255813954 0.6868770843750001 0.5028531255813954 0.693245834375 0.5043609372093023 0.702633334375 0.5196984372093023 0.702633334375 0.5315156255813953 0.7019624999999999
7 0.5982562511627907 0.680960415625 0.6037875 0.67961875 0.6030328116279069 0.667214584375 0.589204688372093 0.66855625 0.5757203116279069 0.668104165625 0.575375 0.679954165625 0.584175 0.6823020843750001 0.5907125 0.681966665625 0.5982562511627907 0.680960415625
7 0.5914984372093023 0.71120625 0.6045734372093023 0.709864584375 0.6055796883720931 0.7041666656250001 0.6053281255813954 0.69545 0.5889843744186046 0.698466665625 0.5716359372093023 0.696789584375 0.5713843744186047 0.7018187499999999 0.5718875 0.7102 0.5816937488372093 0.71120625 0.5914984372093023 0.71120625
0 0.6033718744186046 0.64643125 0.5892906255813953 0.64643125 0.574707811627907 0.642408334375 0.5744562511627906 0.656152084375 0.58765 0.658314584375 0.602617188372093 0.6581645843749999 0.6033718744186046 0.64643125
0 0.533282811627907 0.64849375 0.5330312488372093 0.634079165625 0.5222187511627907 0.63743125 0.5058765627906977 0.638102084375 0.5058765627906977 0.6474895843749999 0.513670311627907 0.6498354156249999 0.5234765627906977 0.6505062500000001 0.533282811627907 0.64849375
6 0.5335218744186047 0.60690625 0.5154562488372093 0.606922915625 0.504857811627907 0.6062354156249999 0.5046062488372093 0.62065 0.5169265627906977 0.620985415625 0.533270311627907 0.620314584375 0.5335218744186047 0.60690625
6 0.6034265627906977 0.6284708343750001 0.603175 0.614391665625 0.589345311627907 0.617072915625 0.576020311627907 0.615060415625 0.5757687511627907 0.628135415625 0.58765 0.628539584375 0.5943812488372093 0.628539584375 0.6034265627906977 0.6284708343750001
2 0.5997093744186046 0.597558334375 0.6070015627906977 0.597222915625 0.6070015627906977 0.585154165625 0.5954343744186047 0.58850625 0.5828640627906977 0.58850625 0.572554688372093 0.586158334375 0.573057811627907 0.598897915625 0.5841203116279069 0.59956875 0.5946812511627907 0.599233334375 0.5997093744186046 0.597558334375
2 0.530529688372093 0.592508334375 0.5373187511627907 0.590497915625 0.5363125 0.5764166656249999 0.523992188372093 0.580775 0.5144390627906977 0.580775 0.502370311627907 0.5764166656249999 0.5016156255813954 0.5901625 0.5131812488372093 0.592508334375 0.52525 0.59284375 0.530529688372093 0.592508334375
0 0.42598593720930233 0.633033334375 0.42641562558139534 0.6467875000000001 0.45285156279069766 0.642777084375 0.45285156279069766 0.630454165625 0.42598593720930233 0.633033334375
7 0.42512656279069766 0.6083875 0.42491093720930234 0.6238625 0.4515625 0.620710415625 0.4517781255813953 0.604947915625 0.42512656279069766 0.6083875
7 0.45457187441860464 0.591766665625 0.4543562511627907 0.575145834375 0.436517188372093 0.576579165625 0.4197531255813953 0.578297915625 0.42039843720930237 0.59520625 0.429854688372093 0.594345834375 0.4410312511627907 0.592339584375 0.45457187441860464 0.591766665625
6 0.4266312488372093 0.65825 0.427275 0.67200625 0.4547859372093023 0.670572915625 0.4537109372093023 0.653952084375 0.4266312488372093 0.65825
2 0.458870311627907 0.698370834375 0.458870311627907 0.682895834375 0.4244812511627907 0.684902084375 0.4244812511627907 0.7026687500000001 0.4373765627906977 0.702383334375 0.44296562558139535 0.7006625 0.458870311627907 0.698370834375