2 0.41309843720930234 0.46013958437499997 0.41153437441860463 0.44763541562500003 0.3776625 0.454583334375 0.38026718837209306 0.469866665625 0.3979859372093023 0.46013958437499997 0.41309843720930234 0.46013958437499997
2 0.4106062511627907 0.493166665625 0.41038749999999996 0.482027084375 0.38484218837209305 0.48932083437499996 0.3846593744186046 0.5002020843749999 0.393675 0.49580416562499996 0.4106062511627907 0.493166665625
0 0.4114859372093023 0.51866875 0.411267188372093 0.508410415625 0.400492188372093 0.50753125 0.385117188372093 0.509827084375 0.38641874883720934 0.52248125 0.39631406279069764 0.520429165625 0.4114859372093023 0.51866875
8 0.41258593720930237 0.529222915625 0.38703906279069766 0.532970834375 0.388617188372093 0.547104165625 0.4136859372093023 0.541827084375 0.41258593720930237 0.529222915625
9 0.41918281162790694 0.570554165625 0.41940312558139536 0.560002084375 0.3862156255813954 0.564758334375 0.38663906279069765 0.57260625 0.40137187441860467 0.57201875 0.41918281162790694 0.570554165625
9 0.48395 0.43426666562499994 0.48372968837209307 0.422247915625 0.4522859372093023 0.420489584375 0.4505265627906977 0.428989584375 0.46394062558139537 0.42987083437500007 0.48395 0.43426666562499994
2 0.47977187441860464 0.532760415625 0.4460906255813954 0.530702084375 0.44678906279069763 0.542433334375 0.478892188372093 0.546829165625 0.47977187441860464 0.532760415625
2 0.47757343720930234 0.49992916562499995 0.45103437441860467 0.49737708437499994 0.4514062488372093 0.50725625 0.4769140627906977 0.509895834375 0.47757343720930234 0.49992916562499995
0 0.4780125 0.47501249999999995 0.452132811627907 0.470277084375 0.4514062488372093 0.484979165625 0.47735312558139537 0.48732291562499996 0.4780125 0.47501249999999995
8 0.47845312558139536 0.451854165625 0.45268125116279073 0.449404165625 0.453604688372093 0.46123541562500003 0.4780125 0.465339584375 0.47845312558139536 0.451854165625
2 0.5869343744186046 0.41990416562500005 0.5533562511627906 0.421197915625 0.5542359372093023 0.43436250000000004 0.5875906255813954 0.433266665625 0.5869343744186046 0.41990416562500005
2 0.5844687488372093 0.456047915625 0.5582812488372093 0.455677084375 0.5580140627906977 0.468752084375 0.584304688372093 0.46743750000000006 0.5844687488372093 0.456047915625
0 0.5839765627906977 0.47860833437499994 0.557870311627907 0.479210415625 0.5576859372093024 0.49087500000000006 0.5839765627906977 0.49021875000000004 0.5839765627906977 0.47860833437499994
8 0.584632811627907 0.50246875 0.5581781255813953 0.50246875 0.5581781255813953 0.514079165625 0.584304688372093 0.515172915625 0.584632811627907 0.50246875
9 0.5877546883720931 0.543210415625 0.587920311627907 0.532916665625 0.5751031255813953 0.535983334375 0.554792188372093 0.532845834375 0.5553859372093023 0.54343125 0.5742812511627907 0.54343125 0.5877546883720931 0.543210415625